s1
0
 2013 04 20 22 22 47.267     2013 04 20 22 25 36.908     169.6
1
 2013 04 20 12 14 16.994     2013 04 20 12 17 18.000     181.0
2
 2013 04 20 00 20 14.050     2013 04 20 00 21 46.777      92.7
 2013 04 20 12 13  4.196     2013 04 20 12 16 46.266     222.1
3
 2013 04 20 20 49  8.414     2013 04 20 20 51 45.808     157.4
4
 2013 04 20 14 01 15.010     2013 04 20 14 03 50.815     155.8
 2013 04 20 20 35 29.390     2013 04 20 20 38  6.437     157.0
5
 2013 04 20 12 21 13.923     2013 04 20 12 21 33.480      19.6
 2013 04 20 22 17   .084     2013 04 20 22 20   .664     180.6
6
 2013 04 20 10 50 18.335     2013 04 20 10 53 43.689     205.4
 2013 04 20 19 02 27.005     2013 04 20 19 02 34.923       7.9
7
 2013 04 20 13 55 59.042     2013 04 20 13 58  6.103     127.1
 2013 04 20 22 14 34.163     2013 04 20 22 18   .575     206.4
8
 2013 04 20 10 47 21.078     2013 04 20 10 51  1.786     220.7
 2013 04 20 19 05 39.025     2013 04 20 19 08 48.372     189.3
9
 2013 04 20 10 49   .612     2013 04 20 10 49 36.404      35.8
 2013 04 20 19 03  3.956     2013 04 20 19 05 45.443     161.5
10
11
 2013 04 20 12 24 26.322     2013 04 20 12 28  3.426     217.1
12
 2013 04 20 13 58 30.514     2013 04 20 14 02 11.077     220.6
 2013 04 20 22 11 47.445     2013 04 20 22 14 57.992     190.5
13
 2013 04 20 12 14 31.385     2013 04 20 12 17  5.847     154.5
14
 2013 04 20 14 01 25.693     2013 04 20 14 04 22.309     176.6
 2013 04 20 20 36  7.420     2013 04 20 20 38 41.348     153.9
15
 2013 04 20 15 36 58.117     2013 04 20 15 40 16.342     198.2
 2013 04 20 22 10 26.856     2013 04 20 22 14 12.966     226.1
16
 2013 04 20 12 20 45.934     2013 04 20 12 23 24.364     158.4
17
18
 2013 04 20 12 28  2.260     2013 04 20 12 28 15.830      13.6
 2013 04 20 20 36 48.599     2013 04 20 20 40 20.516     211.9
19
20
 2013 04 20 13 55 49.306     2013 04 20 13 58 24.887     155.6
21
 2013 04 20 12 22 17.807     2013 04 20 12 25 16.395     178.6
 2013 04 20 20 39 35.791     2013 04 20 20 42 43.048     187.3
22
 2013 04 20 10 47 58.065     2013 04 20 10 51 33.248     215.2
 2013 04 20 19 05 44.849     2013 04 20 19 08 22.741     157.9
23
 2013 04 20 12 17 28.422     2013 04 20 12 20 21.314     172.9
 2013 04 20 22 17 57.891     2013 04 20 22 21 10.713     192.8
24
 2013 04 20 20 40 57.136     2013 04 20 20 43 54.517     177.4
25
26
 2013 04 20 12 25 27.846     2013 04 20 12 26  2.455      34.6
 2013 04 20 14 03 15.099     2013 04 20 14 03 49.222      34.1
 2013 04 20 18 59 22.910     2013 04 20 19 02 23.711     180.8
27
 2013 04 20 10 45 12.392     2013 04 20 10 48 57.266     224.9
28
 2013 04 20 14 01 52.941     2013 04 20 14 04 30.946     158.0
 2013 04 20 20 35 40.131     2013 04 20 20 38 22.672     162.5
29
 2013 04 20 12 25 16.892     2013 04 20 12 28 23.023     186.1
 2013 04 20 18 59 21.772     2013 04 20 18 59 24.690       2.9
30
 2013 04 20 10 38 47.635     2013 04 20 10 42 17.646     210.0
 2013 04 20 22 22 46.022     2013 04 20 22 26 19.974     214.0
31
 2013 04 20 14 00 55.884     2013 04 20 14 03 31.782     155.9
 2013 04 20 20 35 12.576     2013 04 20 20 38  1.848     169.3
32
33
 2013 04 20 00 22 12.385     2013 04 20 00 22 27.161      14.8
 2013 04 20 12 12 36.518     2013 04 20 12 15 27.419     170.9
34
 2013 04 20 10 45 14.035     2013 04 20 10 47 48.119     154.1
 2013 04 20 20 43  4.441     2013 04 20 20 46 34.897     210.5
35
 2013 04 20 10 41  2.507     2013 04 20 10 43 36.303     153.8
36
 2013 04 20 13 58 20.495     2013 04 20 14 01 16.894     176.4
 2013 04 20 22 13 50.195     2013 04 20 22 16 46.225     176.0
37
38
 2013 04 20 00 20 10.675     2013 04 20 00 22 43.031     152.4
39
 2013 04 20 12 23 34.216     2013 04 20 12 26 24.022     169.8
 2013 04 20 20 39 28.578     2013 04 20 20 42  6.191     157.6
40
 2013 04 20 20 40 24.980     2013 04 20 20 43 11.922     166.9
41
 2013 04 20 10 43 12.656     2013 04 20 10 46 49.296     216.6
 2013 04 20 20 45 16.386     2013 04 20 20 47 51.792     155.4
42
 2013 04 20 22 20 35.182     2013 04 20 22 23 36.975     181.8
43
 2013 04 20 00 19 16.876     2013 04 20 00 21 49.205     152.3
44
 2013 04 20 12 25 15.084     2013 04 20 12 28 25.640     190.6
45
46
 2013 04 20 20 41  3.236     2013 04 20 20 44 31.694     208.5
47
 2013 04 20 00 20  4.752     2013 04 20 00 23 35.694     210.9
48
 2013 04 20 10 46 31.388     2013 04 20 10 49  8.799     157.4
49
 2013 04 20 13 58 19.990     2013 04 20 14 00 56.147     156.2
 2013 04 20 22 13 13.104     2013 04 20 22 15 53.002     159.9
50
 2013 04 20 12 22 21.542     2013 04 20 12 24 56.653     155.1
 2013 04 20 20 38 51.830     2013 04 20 20 42 19.134     207.3
51
 2013 04 20 14 02 42.447     2013 04 20 14 05 50.948     188.5
 2013 04 20 18 57 56.455     2013 04 20 18 58 11.537      15.1
 2013 04 20 20 35 45.768     2013 04 20 20 36 18.802      33.0
52
 2013 04 20 13 58 36.974     2013 04 20 14 01 22.450     165.5
 2013 04 20 22 12 43.787     2013 04 20 22 15 39.210     175.4
53
54
 2013 04 20 12 14 11.682     2013 04 20 12 17 13.583     181.9
55
 2013 04 20 12 26 48.334     2013 04 20 12 29 29.299     161.0
 2013 04 20 19 00 40.998     2013 04 20 19 03 15.934     154.9
56
 2013 04 20 12 16   .317     2013 04 20 12 19  3.945     183.6
57
 2013 04 20 10 39  5.046     2013 04 20 10 41 43.077     158.0
 2013 04 20 22 23 20.843     2013 04 20 22 23 38.486      17.6
58
 2013 04 20 13 54 44.287     2013 04 20 13 57 27.476     163.2
59
60
 2013 04 20 13 59 27.679     2013 04 20 14 02 40.231     192.6
61
 2013 04 20 00 15 40.788     2013 04 20 00 19  9.393     208.6
 2013 04 20 13 53 41.296     2013 04 20 13 56 20.773     159.5
62
 2013 04 20 12 15 15.405     2013 04 20 12 17 49.453     154.0
63
 2013 04 20 10 44 41.496     2013 04 20 10 47 15.507     154.0
 2013 04 20 20 43 38.967     2013 04 20 20 46 33.542     174.6
64
 2013 04 20 15 36 27.396     2013 04 20 15 40 15.458     228.1
 2013 04 20 22 10 57.814     2013 04 20 22 14 16.165     198.4
65
 2013 04 20 20 47 58.825     2013 04 20 20 50 55.883     177.1
66
 2013 04 20 15 38 14.973     2013 04 20 15 41 36.379     201.4
 2013 04 20 20 33 42.945     2013 04 20 20 36 24.157     161.2
67
 2013 04 20 14 02 48.890     2013 04 20 14 06 37.903     229.0
 2013 04 20 18 58 42.483     2013 04 20 19 02 20.199     217.7
68
 2013 04 20 12 13 46.976     2013 04 20 12 13 58.744      11.8
69
 2013 04 20 10 42 21.419     2013 04 20 10 42 57.352      35.9
 2013 04 20 20 45 48.819     2013 04 20 20 48 20.650     151.8
70
 2013 04 20 13 55 33.052     2013 04 20 13 58 15.499     162.4
71
 2013 04 20 12 20 59.672     2013 04 20 12 21 28.564      28.9
72
 2013 04 20 12 19  7.761     2013 04 20 12 22 32.292     204.5
 2013 04 20 22 16 58.805     2013 04 20 22 19 48.342     169.5
73
 2013 04 20 14 03 43.819     2013 04 20 14 06 38.651     174.8
 2013 04 20 18 58 46.748     2013 04 20 19 01 31.700     165.0
74
 2013 04 20 12 27  9.416     2013 04 20 12 30 38.348     208.9
 2013 04 20 19 02  2.450     2013 04 20 19 04 47.291     164.8
75
 2013 04 20 12 20 18.860     2013 04 20 12 23 17.144     178.3
76
77
 2013 04 20 12 27 12.443     2013 04 20 12 29 49.400     157.0
 2013 04 20 19 00 52.379     2013 04 20 19 03 29.267     156.9
78
 2013 04 20 20 41  9.219     2013 04 20 20 44 27.740     198.5
79
 2013 04 20 12 24 32.938     2013 04 20 12 28 19.362     226.4
80
 2013 04 20 12 23  9.698     2013 04 20 12 25 46.479     156.8
 2013 04 20 20 38 50.811     2013 04 20 20 41 29.404     158.6
81
 2013 04 20 10 48 11.779     2013 04 20 10 51 29.490     197.7
 2013 04 20 19 03 32.619     2013 04 20 19 06 25.278     172.7
82
 2013 04 20 12 16 25.123     2013 04 20 12 18 59.907     154.8
83
 2013 04 20 00 17 45.120     2013 04 20 00 20 16.167     151.0
 2013 04 20 13 51 29.549     2013 04 20 13 53 14.761     105.2
84
 2013 04 20 12 15 10.902     2013 04 20 12 17 55.842     164.9
85
86
 2013 04 20 12 26 33.790     2013 04 20 12 30   .142     206.4
 2013 04 20 19 02   .889     2013 04 20 19 04 35.860     155.0
87
 2013 04 20 19 02 52.290     2013 04 20 19 05 26.880     154.6
88
89
 2013 04 20 00 18 49.637     2013 04 20 00 21 22.731     153.1
90
 2013 04 20 13 59 27.153     2013 04 20 14 00 29.520      62.4
 2013 04 20 22 11 54.561     2013 04 20 22 15 10.103     195.5
91
92
 2013 04 20 12 20 18.825     2013 04 20 12 23 57.720     218.9
93
 2013 04 20 10 44 55.567     2013 04 20 10 47 39.520     164.0
 2013 04 20 20 43 36.695     2013 04 20 20 47  5.882     209.2
94
 2013 04 20 12 18 46.498     2013 04 20 12 21 28.038     161.5
 2013 04 20 22 18 38.397     2013 04 20 22 21 24.438     166.0
95
 2013 04 20 13 57 54.315     2013 04 20 14 01 42.843     228.5
 2013 04 20 22 12  3.791     2013 04 20 22 14 43.076     159.3
96
 2013 04 20 10 40 11.007     2013 04 20 10 43 47.602     216.6
97
 2013 04 20 10 49  7.889     2013 04 20 10 52 35.838     207.9
 2013 04 20 19 03 20.928     2013 04 20 19 06   .990     160.1
98
 2013 04 20 22 15 21.265     2013 04 20 22 19  2.048     220.8
99
 2013 04 20 20 40 15.490     2013 04 20 20 43 20.965     185.5
100
 2013 04 20 12 17 42.514     2013 04 20 12 20 32.612     170.1
 2013 04 20 22 18  3.271     2013 04 20 22 21   .684     177.4
101
 2013 04 20 22 19 46.002     2013 04 20 22 22 56.504     190.5
102
 2013 04 20 12 17 42.238     2013 04 20 12 20 16.244     154.0
 2013 04 20 22 18 47.581     2013 04 20 22 21 36.107     168.5
103
104
 2013 04 20 20 41 56.549     2013 04 20 20 44 31.428     154.9
105
 2013 04 20 22 22 19.336     2013 04 20 22 25 51.229     211.9
106
 2013 04 20 20 49 47.448     2013 04 20 20 50 29.218      41.8
107
 2013 04 20 15 36 26.641     2013 04 20 15 39  4.366     157.7
 2013 04 20 22 10  5.800     2013 04 20 22 12 52.787     167.0
108
 2013 04 20 00 17 11.092     2013 04 20 00 19 55.583     164.5
 2013 04 20 13 52 14.859     2013 04 20 13 55 42.613     207.8
109
 2013 04 20 12 16 20.247     2013 04 20 12 18 57.716     157.5
110
 2013 04 20 14 01 22.028     2013 04 20 14 04 26.497     184.5
 2013 04 20 20 36 14.405     2013 04 20 20 38 48.246     153.8
111
 2013 04 20 13 58 22.397     2013 04 20 14 01 23.569     181.2
 2013 04 20 22 13 50.993     2013 04 20 22 16 52.620     181.6
112
 2013 04 20 14 01 13.705     2013 04 20 14 03 50.801     157.1
 2013 04 20 20 35 16.191     2013 04 20 20 37 52.871     156.7
113
 2013 04 20 12 20  6.650     2013 04 20 12 23 14.329     187.7
 2013 04 20 22 16 16.167     2013 04 20 22 16 50.264      34.1
114
 2013 04 20 15 38 22.578     2013 04 20 15 41  7.957     165.4
 2013 04 20 20 33 11.098     2013 04 20 20 35 49.622     158.5
115
 2013 04 20 20 41 27.754     2013 04 20 20 44 33.611     185.9
116
 2013 04 20 13 59 18.267     2013 04 20 14 01 53.716     155.4
 2013 04 20 22 12 39.391     2013 04 20 22 13 44.630      65.2
117
 2013 04 20 12 23 50.165     2013 04 20 12 26 30.499     160.3
 2013 04 20 20 39 10.767     2013 04 20 20 41 54.126     163.4
118
 2013 04 20 12 22 57.452     2013 04 20 12 25 32.831     155.4
 2013 04 20 20 38 53.978     2013 04 20 20 41 41.142     167.2
119
 2013 04 20 09 03 26.294     2013 04 20 09 05 59.418     153.1
 2013 04 20 20 50 21.118     2013 04 20 20 53 10.043     168.9
120
 2013 04 20 12 27 27.011     2013 04 20 12 30 44.386     197.4
 2013 04 20 19 01 50.031     2013 04 20 19 04 46.997     177.0
121
 2013 04 20 10 47 35.423     2013 04 20 10 50 52.493     197.1
 2013 04 20 19 03 15.776     2013 04 20 19 06 55.929     220.2
122
123
 2013 04 20 22 14 35.152     2013 04 20 22 16 14.588      99.4
124
 2013 04 20 14 03 11.251     2013 04 20 14 06   .880     169.6
 2013 04 20 18 58  9.802     2013 04 20 19 01 27.362     197.6
125
 2013 04 20 22 16  7.935     2013 04 20 22 19 45.092     217.2
126
 2013 04 20 13 55 18.165     2013 04 20 13 58 52.186     214.0
127
 2013 04 20 14 01  2.362     2013 04 20 14 03 53.418     171.1
 2013 04 20 20 34 53.064     2013 04 20 20 37 30.448     157.4
128
 2013 04 20 13 59 33.396     2013 04 20 14 02 41.715     188.3
129
 2013 04 20 10 42 44.197     2013 04 20 10 45 36.929     172.7
 2013 04 20 20 43 26.190     2013 04 20 20 46 59.967     213.8
130
131
 2013 04 20 10 43 28.940     2013 04 20 10 46  2.714     153.8
 2013 04 20 20 44 16.196     2013 04 20 20 46 55.141     158.9
132
 2013 04 20 12 18 20.856     2013 04 20 12 21 39.950     199.1
 2013 04 20 22 17 31.232     2013 04 20 22 20  3.197     152.0
133
 2013 04 20 14 00 47.613     2013 04 20 14 04 13.546     205.9
 2013 04 20 15 38 19.715     2013 04 20 15 38 24.059       4.3
 2013 04 20 20 34 25.890     2013 04 20 20 37  1.207     155.3
134
135
 2013 04 20 13 59  7.644     2013 04 20 14 02 27.959     200.3
136
 2013 04 20 10 48 55.584     2013 04 20 10 52  7.649     192.1
 2013 04 20 19 03 39.318     2013 04 20 19 06 12.584     153.3
137
 2013 04 20 20 37 16.204     2013 04 20 20 39 50.724     154.5
138
 2013 04 20 20 47 35.727     2013 04 20 20 50  6.112     150.4
139
 2013 04 20 22 15  4.960     2013 04 20 22 18 28.122     203.2
140
 2013 04 20 10 38 43.512     2013 04 20 10 41 23.766     160.3
 2013 04 20 22 23 42.621     2013 04 20 22 27 14.245     211.6
141
 2013 04 20 13 58  1.877     2013 04 20 14 00 53.480     171.6
 2013 04 20 22 12 52.995     2013 04 20 22 15 26.739     153.7
142
 2013 04 20 00 21  6.829     2013 04 20 00 23 37.175     150.3
143
 2013 04 20 10 46 30.315     2013 04 20 10 49 28.891     178.6
144
 2013 04 20 12 20  7.542     2013 04 20 12 23 22.953     195.4
145
 2013 04 20 12 20   .545     2013 04 20 12 22 40.201     159.7
146
 2013 04 20 22 15 45.005     2013 04 20 22 18 24.069     159.1
147
 2013 04 20 00 19 37.727     2013 04 20 00 22 28.030     170.3
148
 2013 04 20 12 23  7.184     2013 04 20 12 26 31.502     204.3
 2013 04 20 20 40   .259     2013 04 20 20 42 35.617     155.4
149
 2013 04 20 12 13 27.082     2013 04 20 12 16   .501     153.4
150
 2013 04 20 10 49 15.485     2013 04 20 10 50  6.651      51.2
151
 2013 04 20 22 15 35.197     2013 04 20 22 18  7.660     152.5
152
153
 2013 04 20 12 25  8.538     2013 04 20 12 27 49.679     161.1
154
155
 2013 04 20 13 59 23.918     2013 04 20 14 02 43.341     199.4
156
 2013 04 20 12 16 40.261     2013 04 20 12 17  8.289      28.0
 2013 04 20 22 20 20.166     2013 04 20 22 22 54.294     154.1
157
 2013 04 20 12 24 16.366     2013 04 20 12 26 53.568     157.2
 2013 04 20 20 38 26.828     2013 04 20 20 41 28.631     181.8
158
 2013 04 20 12 28 22.641     2013 04 20 12 32 10.895     228.3
 2013 04 20 17 24 15.924     2013 04 20 17 27 51.341     215.4
159
 2013 04 20 00 20 19.892     2013 04 20 00 23 10.803     170.9
160
161
 2013 04 20 10 38 14.617     2013 04 20 10 40 50.704     156.1
 2013 04 20 22 24 20.052     2013 04 20 22 27 21.828     181.8
162
163
 2013 04 20 15 37 10.362     2013 04 20 15 37 52.678      42.3
 2013 04 20 20 33 13.538     2013 04 20 20 36 56.990     223.5
164
 2013 04 20 20 46 32.428     2013 04 20 20 49  3.036     150.6
165
 2013 04 20 20 41 45.106     2013 04 20 20 45  4.246     199.1
166
 2013 04 20 13 59 27.251     2013 04 20 14 02  7.450     160.2
 2013 04 20 22 12  9.324     2013 04 20 22 12 25.381      16.1
167
 2013 04 20 12 22 34.401     2013 04 20 12 25 15.515     161.1
 2013 04 20 20 38 30.627     2013 04 20 20 41 42.822     192.2
168
 2013 04 20 12 15 26.987     2013 04 20 12 18 31.721     184.7
169
 2013 04 20 10 44 30.826     2013 04 20 10 47 47.218     196.4
 2013 04 20 20 44  5.323     2013 04 20 20 47 41.598     216.3
170
 2013 04 20 12 26 45.189     2013 04 20 12 29 22.317     157.1
 2013 04 20 19 00 48.086     2013 04 20 19 03 24.941     156.9
171
 2013 04 20 20 41  7.828     2013 04 20 20 44 29.796     202.0
172
 2013 04 20 10 44 59.862     2013 04 20 10 46 15.510      75.6
 2013 04 20 20 45 14.596     2013 04 20 20 46 22.754      68.2
173
 2013 04 20 10 40 35.256     2013 04 20 10 43 15.283     160.0
174
175
 2013 04 20 12 27 54.711     2013 04 20 12 30 56.328     181.6
 2013 04 20 19 01 26.697     2013 04 20 19 04 51.079     204.4
176
 2013 04 20 22 14 59.338     2013 04 20 22 17 36.614     157.3
177
 2013 04 20 00 21 52.161     2013 04 20 00 23 11.624      79.5
178
 2013 04 20 12 28 53.411     2013 04 20 12 32 14.297     200.9
 2013 04 20 17 24 24.381     2013 04 20 17 27 27.131     182.7
179
 2013 04 20 10 47 20.367     2013 04 20 10 48 18.199      57.8
 2013 04 20 20 42 16.536     2013 04 20 20 44 57.412     160.9
180
 2013 04 20 19 02 32.560     2013 04 20 19 06  7.565     215.0
181
 2013 04 20 13 57 10.733     2013 04 20 13 59 50.137     159.4
 2013 04 20 22 13  5.209     2013 04 20 22 16  7.459     182.3
182
 2013 04 20 13 58 28.931     2013 04 20 14 01 12.898     164.0
 2013 04 20 22 13 35.958     2013 04 20 22 16 31.674     175.7
183
 2013 04 20 22 24 32.118     2013 04 20 22 24 44.928      12.8
184
 2013 04 20 20 47 50.941     2013 04 20 20 50 28.820     157.9
185
186
 2013 04 20 00 18 47.415     2013 04 20 00 21 28.168     160.8
187
 2013 04 20 13 58 13.847     2013 04 20 14 01 48.799     215.0
 2013 04 20 22 12  4.798     2013 04 20 22 14 54.709     169.9
188
 2013 04 20 15 36 48.393     2013 04 20 15 39 29.318     160.9
 2013 04 20 20 31  8.184     2013 04 20 20 31 11.469       3.3
 2013 04 20 22 09 23.982     2013 04 20 22 12 41.852     197.9
189
 2013 04 20 12 22 34.002     2013 04 20 12 26  1.282     207.3
 2013 04 20 20 37 52.890     2013 04 20 20 40 47.704     174.8
190
 2013 04 20 00 19  3.252     2013 04 20 00 22  5.495     182.2
191
 2013 04 20 13 59 57.568     2013 04 20 14 02 35.917     158.3
 2013 04 20 20 38 18.504     2013 04 20 20 38 25.160       6.7
192
 2013 04 20 13 57 16.370     2013 04 20 14 00 42.895     206.5
 2013 04 20 22 12 25.005     2013 04 20 22 15  7.511     162.5
193
 2013 04 20 12 22 19.768     2013 04 20 12 25 42.899     203.1
 2013 04 20 20 37 49.366     2013 04 20 20 41  2.687     193.3
194
195
 2013 04 20 22 22 12.603     2013 04 20 22 24 43.336     150.7
196
 2013 04 20 12 28 45.191     2013 04 20 12 31 53.706     188.5
 2013 04 20 17 24  4.092     2013 04 20 17 27 18.265     194.2
197
 2013 04 20 22 20 28.628     2013 04 20 22 24  3.573     214.9
198
 2013 04 20 20 40 31.135     2013 04 20 20 43 44.217     193.1
199
 2013 04 20 15 36 24.040     2013 04 20 15 37 27.017      63.0
 2013 04 20 22 11  3.054     2013 04 20 22 14 22.182     199.1
200
 2013 04 20 10 42  7.719     2013 04 20 10 42 30.299      22.6
 2013 04 20 20 45 54.025     2013 04 20 20 48 29.596     155.6
201
 2013 04 20 10 44  1.439     2013 04 20 10 46 39.802     158.4
 2013 04 20 20 44 19.193     2013 04 20 20 46 52.896     153.7
202
 2013 04 20 12 18 18.235     2013 04 20 12 21 29.504     191.3
 2013 04 20 22 19 11.966     2013 04 20 22 21 58.104     166.1
203
 2013 04 20 13 59  7.179     2013 04 20 14 01 46.062     158.9
 2013 04 20 22 12 31.473     2013 04 20 22 16  3.794     212.3
204
205
 2013 04 20 10 44 24.334     2013 04 20 10 46 59.081     154.7
 2013 04 20 20 43 56.827     2013 04 20 20 46 39.450     162.6
206
 2013 04 20 12 13  9.088     2013 04 20 12 15 50.560     161.5
207
 2013 04 20 10 40  6.582     2013 04 20 10 42 39.799     153.2
208
 2013 04 20 10 44 21.511     2013 04 20 10 47 11.409     169.9
 2013 04 20 20 44 12.326     2013 04 20 20 47  8.979     176.7
209
 2013 04 20 10 40  9.252     2013 04 20 10 42 44.276     155.0
210
211
212
 2013 04 20 13 56 11.480     2013 04 20 13 58 46.098     154.6
213
214
 2013 04 20 20 47  8.929     2013 04 20 20 50  9.197     180.3
215
 2013 04 20 22 15  9.722     2013 04 20 22 18 41.288     211.6
216
 2013 04 20 13 58 24.291     2013 04 20 14 01 10.272     166.0
 2013 04 20 22 12 50.953     2013 04 20 22 15 35.012     164.1
217
 2013 04 20 13 57 50.031     2013 04 20 14 00 24.920     154.9
 2013 04 20 22 13 30.455     2013 04 20 22 16  3.826     153.4
218
 2013 04 20 12 14 48.426     2013 04 20 12 17 57.971     189.5
219
 2013 04 20 20 45 27.522     2013 04 20 20 48 59.557     212.0
220
 2013 04 20 00 16 27.522     2013 04 20 00 16 42.932      15.4
 2013 04 20 13 52 55.642     2013 04 20 13 53 44.555      48.9
221
 2013 04 20 12 25 59.286     2013 04 20 12 28 35.235     155.9
 2013 04 20 19 00 33.179     2013 04 20 19 03 58.833     205.7
222
 2013 04 20 09 04 21.800     2013 04 20 09 07 11.538     169.7
 2013 04 20 20 48 55.856     2013 04 20 20 52 32.145     216.3
223
 2013 04 20 10 44 59.871     2013 04 20 10 45 30.181      30.3
224
 2013 04 20 12 29  7.379     2013 04 20 12 31 48.600     161.2
 2013 04 20 17 23 54.261     2013 04 20 17 26 44.432     170.2
225
 2013 04 20 12 27 55.625     2013 04 20 12 30 37.159     161.5
 2013 04 20 19 01  7.092     2013 04 20 19 04 22.854     195.8
226
 2013 04 20 12 21 54.009     2013 04 20 12 24 41.975     168.0
227
 2013 04 20 10 47 52.901     2013 04 20 10 51  4.913     192.0
 2013 04 20 19 03 28.351     2013 04 20 19 06 45.716     197.4
228
 2013 04 20 10 38 10.516     2013 04 20 10 41 12.574     182.1
 2013 04 20 22 24 43.584     2013 04 20 22 25 18.032      34.4
229
 2013 04 20 12 15 30.606     2013 04 20 12 18 16.262     165.7
230
231
 2013 04 20 10 44 58.163     2013 04 20 10 46 12.157      74.0
232
 2013 04 20 10 38  6.426     2013 04 20 10 41 46.082     219.7
233
 2013 04 20 13 56 44.583     2013 04 20 13 59 25.015     160.4
 2013 04 20 22 13 34.732     2013 04 20 22 17  1.351     206.6
234
 2013 04 20 12 19 52.534     2013 04 20 12 23 26.976     214.4
 2013 04 20 22 16  5.084     2013 04 20 22 18  9.504     124.4
235
 2013 04 20 00 16 59.106     2013 04 20 00 19 46.391     167.3
 2013 04 20 13 52 27.813     2013 04 20 13 55 44.197     196.4
236
237
238
 2013 04 20 13 58 51.636     2013 04 20 14 01 52.324     180.7
 2013 04 20 22 12 12.227     2013 04 20 22 15 31.095     198.9
239
 2013 04 20 10 41 40.636     2013 04 20 10 45 22.881     222.2
240
 2013 04 20 22 22 42.590     2013 04 20 22 25 20.968     158.4
241
 2013 04 20 10 38 23.524     2013 04 20 10 41  6.783     163.3
 2013 04 20 22 24   .022     2013 04 20 22 27  7.063     187.0
242
 2013 04 20 10 44  7.067     2013 04 20 10 46 50.813     163.7
 2013 04 20 20 43 35.806     2013 04 20 20 46  7.100     151.3
243
 2013 04 20 12 21 36.650     2013 04 20 12 24 54.421     197.8
244
 2013 04 20 13 59 43.292     2013 04 20 14 02 22.385     159.1
245
 2013 04 20 10 44 13.869     2013 04 20 10 47 31.846     198.0
 2013 04 20 20 44 23.064     2013 04 20 20 47 39.002     195.9
246
247
 2013 04 20 10 41 22.460     2013 04 20 10 44 22.956     180.5
248
 2013 04 20 00 20   .834     2013 04 20 00 22 45.669     164.8
249
 2013 04 20 22 22 25.053     2013 04 20 22 25 55.131     210.1
250
 2013 04 20 12 25 12.146     2013 04 20 12 28 49.220     217.1
 2013 04 20 18 59 12.636     2013 04 20 19 02 48.292     215.7
251
 2013 04 20 12 24 44.709     2013 04 20 12 28 14.579     209.9
 2013 04 20 20 36 51.570     2013 04 20 20 36 58.806       7.2
252
 2013 04 20 12 17 50.658     2013 04 20 12 18  8.463      17.8
253
 2013 04 20 20 48 38.754     2013 04 20 20 51 17.200     158.4
254
 2013 04 20 12 28 35.161     2013 04 20 12 31 51.171     196.0
 2013 04 20 17 24   .420     2013 04 20 17 27 26.352     205.9
255
 2013 04 20 13 58 52.084     2013 04 20 14 01 33.279     161.2
 2013 04 20 22 12 39.669     2013 04 20 22 15 51.533     191.9
256
 2013 04 20 12 28 27.439     2013 04 20 12 31  7.666     160.2
 2013 04 20 17 23 11.538     2013 04 20 17 26 47.803     216.3
 2013 04 20 19 00 44.396     2013 04 20 19 00 59.971      15.6
257
258
 2013 04 20 10 47 36.744     2013 04 20 10 50 11.397     154.7
 2013 04 20 19 07 14.124     2013 04 20 19 08  1.286      47.2
259
 2013 04 20 15 36 55.148     2013 04 20 15 39 39.455     164.3
 2013 04 20 22 10  4.758     2013 04 20 22 13 26.728     202.0
260
 2013 04 20 10 40 25.381     2013 04 20 10 43  5.637     160.3
261
 2013 04 20 14 03  5.816     2013 04 20 14 06  5.940     180.1
 2013 04 20 18 58 15.432     2013 04 20 19 01 40.006     204.6
262
 2013 04 20 12 23 21.183     2013 04 20 12 27  9.978     228.8
 2013 04 20 20 40   .119     2013 04 20 20 42 57.903     177.8
263
 2013 04 20 20 45 11.482     2013 04 20 20 45 32.383      20.9
264
 2013 04 20 12 15 36.415     2013 04 20 12 16  9.384      33.0
265
 2013 04 20 09 02 56.466     2013 04 20 09 06 25.957     209.5
 2013 04 20 20 49 31.748     2013 04 20 20 52  1.833     150.1
266
 2013 04 20 13 58 19.927     2013 04 20 14 00 56.995     157.1
 2013 04 20 22 13 31.962     2013 04 20 22 16 14.519     162.6
267
268
 2013 04 20 13 55 55.044     2013 04 20 13 58 56.946     181.9
269
 2013 04 20 15 38   .815     2013 04 20 15 40 53.169     172.4
 2013 04 20 20 33  2.456     2013 04 20 20 35 56.319     173.9
270
271
 2013 04 20 14 03 33.399     2013 04 20 14 06 49.106     195.7
 2013 04 20 18 58 58.774     2013 04 20 19 01 50.498     171.7
272
273
 2013 04 20 12 19 59.559     2013 04 20 12 22 52.523     173.0
274
 2013 04 20 00 20 17.476     2013 04 20 00 22 50.557     153.1
275
 2013 04 20 20 46 58.530     2013 04 20 20 49 40.209     161.7
276
 2013 04 20 14 02 27.114     2013 04 20 14 03  1.563      34.4
 2013 04 20 22 10 59.438     2013 04 20 22 11 11.932      12.5
277
 2013 04 20 12 17 56.001     2013 04 20 12 20 31.853     155.9
 2013 04 20 22 18 54.585     2013 04 20 22 21 30.909     156.3
278
279
 2013 04 20 12 22 56.644     2013 04 20 12 26 22.942     206.3
 2013 04 20 20 37 58.276     2013 04 20 20 40 35.853     157.6
280
 2013 04 20 10 46 11.335     2013 04 20 10 49 28.022     196.7
281
 2013 04 20 14 02 21.306     2013 04 20 14 04 57.101     155.8
 2013 04 20 20 35 16.004     2013 04 20 20 38 28.413     192.4
282
 2013 04 20 20 48 17.329     2013 04 20 20 50 49.311     152.0
283
 2013 04 20 12 26 42.897     2013 04 20 12 29 50.207     187.3
 2013 04 20 19 01 47.159     2013 04 20 19 04 21.863     154.7
284
 2013 04 20 20 47 53.396     2013 04 20 20 50 36.577     163.2
285
 2013 04 20 12 24 56.686     2013 04 20 12 28 34.579     217.9
286
 2013 04 20 12 23 38.232     2013 04 20 12 27 21.075     222.8
 2013 04 20 20 39 45.950     2013 04 20 20 42 59.913     194.0
287
 2013 04 20 12 30 14.534     2013 04 20 12 30 13.905       -.6
 2013 04 20 14 04 12.115     2013 04 20 14 07 34.592     202.5
 2013 04 20 18 59 30.693     2013 04 20 19 02  5.295     154.6
288
 2013 04 20 12 27  3.084     2013 04 20 12 29 48.101     165.0
 2013 04 20 19 00 36.581     2013 04 20 19 03 12.378     155.8
289
 2013 04 20 12 24 36.844     2013 04 20 12 27 45.620     188.8
 2013 04 20 20 37 22.861     2013 04 20 20 41  5.068     222.2
290
 2013 04 20 14 01  5.554     2013 04 20 14 04 19.888     194.3
 2013 04 20 20 34 36.085     2013 04 20 20 37 10.597     154.5
291
 2013 04 20 10 47  2.267     2013 04 20 10 50 25.008     202.7
292
 2013 04 20 10 41 28.719     2013 04 20 10 44 33.777     185.1
293
 2013 04 20 10 45 21.241     2013 04 20 10 48 45.937     204.7
294
 2013 04 20 12 14  4.553     2013 04 20 12 17 49.113     224.6
295
 2013 04 20 12 17 17.829     2013 04 20 12 20 25.136     187.3
 2013 04 20 22 17 41.216     2013 04 20 22 21  5.615     204.4
296
 2013 04 20 20 48 26.941     2013 04 20 20 49 46.510      79.6
297
 2013 04 20 10 43 40.870     2013 04 20 10 46 15.644     154.8
 2013 04 20 20 44  3.145     2013 04 20 20 46 38.256     155.1
298
 2013 04 20 12 14 48.181     2013 04 20 12 17  6.023     137.8
299
 2013 04 20 22 21 21.912     2013 04 20 22 23 55.816     153.9
300
 2013 04 20 14 03 22.329     2013 04 20 14 06 33.811     191.5
 2013 04 20 18 58 44.323     2013 04 20 19 01 47.495     183.2
301
 2013 04 20 13 57 31.301     2013 04 20 14 01  3.972     212.7
 2013 04 20 22 12 21.852     2013 04 20 22 14 56.060     154.2
302
 2013 04 20 10 43 50.670     2013 04 20 10 47 14.476     203.8
 2013 04 20 20 44 45.298     2013 04 20 20 47 40.975     175.7
303
 2013 04 20 10 46  4.083     2013 04 20 10 47  3.426      59.3
 2013 04 20 20 42 40.056     2013 04 20 20 45 34.428     174.4
304
 2013 04 20 13 58 25.681     2013 04 20 14 01 13.850     168.2
 2013 04 20 22 13 41.625     2013 04 20 22 16 37.149     175.5
305
 2013 04 20 14 01  7.669     2013 04 20 14 03 50.485     162.8
 2013 04 20 20 35 45.312     2013 04 20 20 38 25.430     160.1
306
 2013 04 20 12 28 40.913     2013 04 20 12 32   .772     199.9
 2013 04 20 17 24 10.442     2013 04 20 17 27 28.102     197.7
307
 2013 04 20 20 41  2.854     2013 04 20 20 43 51.391     168.5
308
 2013 04 20 00 17 57.268     2013 04 20 00 20 40.437     163.2
309
 2013 04 20 12 16 39.851     2013 04 20 12 19 34.239     174.4
310
 2013 04 20 12 19 41.582     2013 04 20 12 22 38.163     176.6
 2013 04 20 22 16 55.799     2013 04 20 22 20 17.572     201.8
311
 2013 04 20 13 58  6.342     2013 04 20 14 00 44.541     158.2
 2013 04 20 22 13 12.430     2013 04 20 22 15 46.341     153.9
312
313
 2013 04 20 12 18 54.927     2013 04 20 12 22 29.372     214.4
 2013 04 20 22 18 35.327     2013 04 20 22 19 32.288      57.0
314
 2013 04 20 12 24 34.416     2013 04 20 12 27 16.141     161.7
 2013 04 20 20 38 38.197     2013 04 20 20 42 15.355     217.2
315
 2013 04 20 12 22 58.218     2013 04 20 12 25 33.357     155.1
 2013 04 20 20 38 55.743     2013 04 20 20 41 42.115     166.4
316
 2013 04 20 12 21 54.780     2013 04 20 12 23 34.461      99.7
 2013 04 20 20 40 18.582     2013 04 20 20 43 13.548     175.0
317
 2013 04 20 13 54 57.954     2013 04 20 13 57 49.499     171.5
318
319
 2013 04 20 10 39 33.801     2013 04 20 10 40 47.313      73.5
320
 2013 04 20 15 35 50.048     2013 04 20 15 39  5.254     195.2
 2013 04 20 22 10 51.081     2013 04 20 22 13 25.459     154.4
321
 2013 04 20 12 26 22.077     2013 04 20 12 28 58.658     156.6
 2013 04 20 19 00 38.185     2013 04 20 19 03 32.325     174.1
322
 2013 04 20 22 21 44.553     2013 04 20 22 22  9.385      24.8
323
 2013 04 20 22 11 37.509     2013 04 20 22 14 11.192     153.7
324
 2013 04 20 10 42 53.957     2013 04 20 10 46 16.960     203.0
 2013 04 20 20 43  1.381     2013 04 20 20 46 17.659     196.3
325
 2013 04 20 00 19 58.133     2013 04 20 00 23  3.748     185.6
326
 2013 04 20 14 03 58.425     2013 04 20 14 07 26.196     207.8
 2013 04 20 18 59 28.167     2013 04 20 19 02  4.096     155.9
327
 2013 04 20 13 55 32.961     2013 04 20 13 58  7.472     154.5
328
 2013 04 20 14 00 50.715     2013 04 20 14 03 36.993     166.3
 2013 04 20 20 35 41.826     2013 04 20 20 38 34.767     172.9
329
 2013 04 20 15 36 14.031     2013 04 20 15 39  6.512     172.5
 2013 04 20 22 10 30.137     2013 04 20 22 13 11.015     160.9
330
331
 2013 04 20 20 47 10.825     2013 04 20 20 49 47.758     156.9
332
 2013 04 20 12 26 16.169     2013 04 20 12 26 31.919      15.7
 2013 04 20 20 37 28.437     2013 04 20 20 40 17.867     169.4
333
 2013 04 20 10 46 50.625     2013 04 20 10 49 50.719     180.1
334
 2013 04 20 19 02 21.217     2013 04 20 19 05 51.406     210.2
335
336
 2013 04 20 09 04  4.948     2013 04 20 09 07 47.236     222.3
 2013 04 20 20 48 23.179     2013 04 20 20 51 40.872     197.7
337
 2013 04 20 10 46 38.428     2013 04 20 10 49 19.594     161.2
338
 2013 04 20 12 24 17.444     2013 04 20 12 25 16.870      59.4
339
 2013 04 20 12 17 39.855     2013 04 20 12 20 40.516     180.7
 2013 04 20 22 17 51.455     2013 04 20 22 20 50.996     179.5
340
 2013 04 20 12 28 29.079     2013 04 20 12 31  5.208     156.1
 2013 04 20 17 23   .002     2013 04 20 17 26 22.519     202.5
 2013 04 20 19 00 21.651     2013 04 20 19 00 25.145       3.5
341
 2013 04 20 22 21 26.614     2013 04 20 22 24 53.576     207.0
342
 2013 04 20 10 46 29.934     2013 04 20 10 46 39.634       9.7
 2013 04 20 20 42 23.804     2013 04 20 20 45 59.267     215.5
343
 2013 04 20 13 59 25.375     2013 04 20 14 02  4.156     158.8
 2013 04 20 22 12 14.339     2013 04 20 22 12 41.805      27.5
344
 2013 04 20 10 48 34.941     2013 04 20 10 51 10.712     155.8
 2013 04 20 19 04 42.248     2013 04 20 19 07 23.037     160.8
345
 2013 04 20 09 03 46.226     2013 04 20 09 06 24.486     158.3
 2013 04 20 20 49 48.717     2013 04 20 20 52 48.471     179.8
346
 2013 04 20 22 11 27.250     2013 04 20 22 14 59.291     212.0
347
 2013 04 20 20 46 15.250     2013 04 20 20 48 50.396     155.1
348
 2013 04 20 22 23 19.352     2013 04 20 22 26 23.625     184.3
349
 2013 04 20 10 39  7.267     2013 04 20 10 42 27.290     200.0
350
 2013 04 20 00 18 52.891     2013 04 20 00 21 48.043     175.2
351
 2013 04 20 22 25 40.628     2013 04 20 22 26 28.121      47.5
352
353
 2013 04 20 12 18 38.075     2013 04 20 12 21 23.583     165.5
 2013 04 20 22 18 47.684     2013 04 20 22 21 30.742     163.1
354
 2013 04 20 15 38  3.534     2013 04 20 15 41  9.272     185.7
 2013 04 20 20 33 19.006     2013 04 20 20 36  9.890     170.9
355
 2013 04 20 12 14 55.605     2013 04 20 12 17 50.596     175.0
356
357
 2013 04 20 10 47 41.832     2013 04 20 10 47 56.539      14.7
 2013 04 20 19 03  1.957     2013 04 20 19 06 12.875     190.9
358
 2013 04 20 12 25 36.962     2013 04 20 12 28 12.356     155.4
 2013 04 20 19 03 36.009     2013 04 20 19 04  7.670      31.7
359
 2013 04 20 12 19 20.217     2013 04 20 12 21 54.407     154.2
 2013 04 20 22 17 57.809     2013 04 20 22 21  4.387     186.6
360
 2013 04 20 12 23 14.198     2013 04 20 12 27   .021     225.8
 2013 04 20 20 40  4.202     2013 04 20 20 42 53.164     169.0
361
 2013 04 20 14 01 31.167     2013 04 20 14 04 58.021     206.9
 2013 04 20 15 39 13.568     2013 04 20 15 42 57.555     224.0
 2013 04 20 18 59 50.405     2013 04 20 18 59 55.497       5.1
 2013 04 20 20 34 21.853     2013 04 20 20 37 15.280     173.4
362
 2013 04 20 14 01 17.000     2013 04 20 14 01 40.557      23.6
 2013 04 20 22 11 58.028     2013 04 20 22 14 32.243     154.2
363
 2013 04 20 12 15 51.562     2013 04 20 12 18 33.458     161.9
364
 2013 04 20 12 21  7.320     2013 04 20 12 24 24.745     197.4
365
 2013 04 20 12 15 30.003     2013 04 20 12 19  8.424     218.4
366
 2013 04 20 12 25 37.879     2013 04 20 12 28 28.153     170.3
 2013 04 20 19 00 43.203     2013 04 20 19 01  4.092      20.9
367
 2013 04 20 13 58 31.639     2013 04 20 14 02 14.386     222.7
 2013 04 20 22 13 50.815     2013 04 20 22 14 58.749      67.9
368
 2013 04 20 10 44 22.273     2013 04 20 10 47 52.848     210.6
 2013 04 20 20 44 13.251     2013 04 20 20 47 53.753     220.5
369
 2013 04 20 12 24 35.788     2013 04 20 12 25 10.565      34.8
370
 2013 04 20 22 21 40.544     2013 04 20 22 24 11.600     151.1
371
 2013 04 20 09 04 59.605     2013 04 20 09 07 54.503     174.9
372
 2013 04 20 13 58 48.616     2013 04 20 14 01 23.731     155.1
 2013 04 20 22 13  2.092     2013 04 20 22 16 10.141     188.0
373
 2013 04 20 09 03 32.456     2013 04 20 09 07 10.855     218.4
 2013 04 20 20 48 58.449     2013 04 20 20 51 44.362     165.9
374
 2013 04 20 14 03 12.614     2013 04 20 14 05 58.604     166.0
 2013 04 20 18 58  6.791     2013 04 20 19 01 22.159     195.4
375
 2013 04 20 12 23  8.634     2013 04 20 12 25 43.976     155.3
 2013 04 20 20 38 56.503     2013 04 20 20 41 35.495     159.0
376
 2013 04 20 22 16 18.610     2013 04 20 22 19  6.295     167.7
377
378
 2013 04 20 13 58 36.170     2013 04 20 14 00 49.124     133.0
 2013 04 20 22 13 46.524     2013 04 20 22 13 56.054       9.5
379
 2013 04 20 20 47 15.285     2013 04 20 20 49 48.214     152.9
380
 2013 04 20 12 25 32.776     2013 04 20 12 28 35.567     182.8
 2013 04 20 19 00 54.983     2013 04 20 19 01 11.132      16.1
381
 2013 04 20 12 24 48.717     2013 04 20 12 25  1.520      12.8
382
 2013 04 20 22 15 38.404     2013 04 20 22 18 37.706     179.3
383
384
 2013 04 20 10 45 54.955     2013 04 20 10 48 45.678     170.7
385
 2013 04 20 13 57  7.772     2013 04 20 13 59 42.737     155.0
 2013 04 20 22 13 18.176     2013 04 20 22 16 23.521     185.3
386
 2013 04 20 14 00 39.636     2013 04 20 14 04 10.227     210.6
 2013 04 20 20 36 23.191     2013 04 20 20 39  9.948     166.8
387
 2013 04 20 22 11 36.278     2013 04 20 22 14 14.600     158.3
388
 2013 04 20 12 27 57.197     2013 04 20 12 30 35.244     158.0
 2013 04 20 17 22 19.493     2013 04 20 17 22 22.682       3.2
 2013 04 20 19 00 33.215     2013 04 20 19 03 54.446     201.2
389
 2013 04 20 12 17 21.942     2013 04 20 12 20 55.683     213.7
 2013 04 20 22 17 21.511     2013 04 20 22 20 35.181     193.7
390
 2013 04 20 00 17 49.181     2013 04 20 00 20 22.480     153.3
 2013 04 20 13 51 28.068     2013 04 20 13 52  5.885      37.8
391
 2013 04 20 12 28 44.131     2013 04 20 12 31 21.145     157.0
 2013 04 20 17 23 13.600     2013 04 20 17 26 15.088     181.5
392
 2013 04 20 22 16 11.517     2013 04 20 22 18 43.261     151.7
393
 2013 04 20 09 08 18.315     2013 04 20 09 08 54.149      35.8
394
 2013 04 20 12 18  6.073     2013 04 20 12 21 51.533     225.5
 2013 04 20 22 19 24.955     2013 04 20 22 22 25.449     180.5
395
 2013 04 20 10 48 53.219     2013 04 20 10 51 44.290     171.1
 2013 04 20 19 04   .182     2013 04 20 19 06 33.550     153.4
396
397
 2013 04 20 13 59 34.739     2013 04 20 14 02 10.716     156.0
398
 2013 04 20 14 01  1.569     2013 04 20 14 04 18.363     196.8
 2013 04 20 20 34 33.988     2013 04 20 20 37  8.358     154.4
399
 2013 04 20 12 21 41.827     2013 04 20 12 25 15.894     214.1
 2013 04 20 20 41  9.728     2013 04 20 20 41 26.661      16.9
400
401
 2013 04 20 14 00 50.787     2013 04 20 14 03 37.122     166.3
 2013 04 20 20 35 41.956     2013 04 20 20 38 34.805     172.8
402
 2013 04 20 00 21 17.353     2013 04 20 00 24  7.334     170.0
 2013 04 20 12 12 16.475     2013 04 20 12 15 43.972     207.5
403
 2013 04 20 12 26 44.660     2013 04 20 12 30  2.346     197.7
 2013 04 20 14 04 14.335     2013 04 20 14 04 26.658      12.3
 2013 04 20 19 00  5.804     2013 04 20 19 02 42.456     156.7
404
 2013 04 20 12 27  3.076     2013 04 20 12 30  7.751     184.7
 2013 04 20 19 00 14.682     2013 04 20 19 02 56.779     162.1
405
 2013 04 20 22 23 33.587     2013 04 20 22 26  5.999     152.4
406
 2013 04 20 10 42 40.832     2013 04 20 10 45 25.980     165.1
 2013 04 20 20 44 45.089     2013 04 20 20 47 50.112     185.0
407
 2013 04 20 13 59 19.737     2013 04 20 14 01 55.258     155.5
 2013 04 20 22 12 30.800     2013 04 20 22 13 36.437      65.6
408
 2013 04 20 10 45 13.926     2013 04 20 10 48 42.947     209.0
409
 2013 04 20 14 00 11.133     2013 04 20 14 03  8.524     177.4
 2013 04 20 20 35 25.839     2013 04 20 20 39  6.209     220.4
410
 2013 04 20 12 26 57.156     2013 04 20 12 30 18.814     201.7
 2013 04 20 14 04 33.496     2013 04 20 14 05 55.662      82.2
 2013 04 20 19 00   .514     2013 04 20 19 02 45.810     165.3
411
 2013 04 20 13 57 21.683     2013 04 20 14 00  9.640     168.0
 2013 04 20 22 12 56.850     2013 04 20 22 15 45.735     168.9
412
413
 2013 04 20 12 16 21.277     2013 04 20 12 19 31.950     190.7
414
 2013 04 20 13 57 47.476     2013 04 20 14 00 35.662     168.2
 2013 04 20 22 12 59.557     2013 04 20 22 15 33.419     153.9
415
 2013 04 20 12 13 46.908     2013 04 20 12 14  8.003      21.1
416
 2013 04 20 13 58 34.785     2013 04 20 14 01 19.055     164.3
 2013 04 20 22 13 31.946     2013 04 20 22 16 34.385     182.4
417
 2013 04 20 10 47 12.935     2013 04 20 10 47 40.713      27.8
 2013 04 20 19 05 57.249     2013 04 20 19 08 58.001     180.8
418
419
 2013 04 20 12 25 43.126     2013 04 20 12 28 18.766     155.6
 2013 04 20 19 00  9.911     2013 04 20 19 01 15.959      66.0
420
 2013 04 20 10 45   .109     2013 04 20 10 48 38.629     218.5
 2013 04 20 20 41 59.179     2013 04 20 20 45 12.338     193.2
421
 2013 04 20 14 00 46.979     2013 04 20 14 03 39.116     172.1
 2013 04 20 20 35 47.582     2013 04 20 20 38 42.182     174.6
422
423
 2013 04 20 20 48 24.327     2013 04 20 20 51 10.247     165.9
424
 2013 04 20 10 43  9.275     2013 04 20 10 46 54.587     225.3
 2013 04 20 20 45 20.340     2013 04 20 20 47 57.461     157.1
425
426
427
 2013 04 20 15 38  6.682     2013 04 20 15 40 54.665     168.0
 2013 04 20 20 33  2.411     2013 04 20 20 35 51.020     168.6
428
 2013 04 20 12 15 12.887     2013 04 20 12 18  1.774     168.9
429
 2013 04 20 12 15 21.475     2013 04 20 12 15 30.318       8.8
 2013 04 20 22 22 52.178     2013 04 20 22 24  6.266      74.1
430
 2013 04 20 12 28 17.414     2013 04 20 12 31 55.389     218.0
 2013 04 20 17 24   .382     2013 04 20 17 27 46.470     226.1
431
 2013 04 20 13 57 20.327     2013 04 20 14 00 27.892     187.6
 2013 04 20 22 12 38.870     2013 04 20 22 15 23.564     164.7
432
 2013 04 20 15 36 47.237     2013 04 20 15 39 55.983     188.7
 2013 04 20 22 10 28.809     2013 04 20 22 13 52.373     203.6
433
 2013 04 20 10 41 44.060     2013 04 20 10 44 18.954     154.9
434
 2013 04 20 15 38  6.664     2013 04 20 15 41  8.918     182.3
 2013 04 20 20 33 18.224     2013 04 20 20 36  6.764     168.5
435
 2013 04 20 20 48   .689     2013 04 20 20 51  4.776     184.1
436
437
438
 2013 04 20 12 24 49.538     2013 04 20 12 28 30.639     221.1
 2013 04 20 19 02 57.266     2013 04 20 19 02 59.989       2.7
439
 2013 04 20 22 21 43.689     2013 04 20 22 24 52.584     188.9
440
441
442
 2013 04 20 10 50 31.822     2013 04 20 10 54  6.262     214.4
 2013 04 20 17 24 33.166     2013 04 20 17 24 37.857       4.7
443
 2013 04 20 12 20 16.192     2013 04 20 12 23 41.735     205.5
444
 2013 04 20 13 58 19.354     2013 04 20 14 00 55.863     156.5
 2013 04 20 22 13 30.831     2013 04 20 22 16 12.571     161.7
445
446
 2013 04 20 13 57 36.074     2013 04 20 14 00 50.163     194.1
 2013 04 20 22 14 22.534     2013 04 20 22 16 56.078     153.5
447
 2013 04 20 00 20 34.016     2013 04 20 00 23 35.412     181.4
448
449
 2013 04 20 14 02 55.931     2013 04 20 14 03  2.329       6.4
 2013 04 20 22 10 58.764     2013 04 20 22 11 36.774      38.0
450
 2013 04 20 12 24 13.305     2013 04 20 12 26 49.345     156.0
 2013 04 20 20 38 47.077     2013 04 20 20 41 48.726     181.6
451
452
 2013 04 20 12 23 28.909     2013 04 20 12 26 23.606     174.7
 2013 04 20 20 38 22.829     2013 04 20 20 40 55.962     153.1
453
 2013 04 20 12 22  3.153     2013 04 20 12 25  3.768     180.6
 2013 04 20 20 37 53.523     2013 04 20 20 38 19.839      26.3
454
 2013 04 20 20 42  3.850     2013 04 20 20 44 41.466     157.6
455
 2013 04 20 12 27 17.698     2013 04 20 12 30  7.543     169.8
 2013 04 20 19 00 27.830     2013 04 20 19 03 13.764     165.9
456
 2013 04 20 00 18 51.203     2013 04 20 00 20 49.018     117.8
457
 2013 04 20 10 38 56.890     2013 04 20 10 39 20.380      23.5
458
 2013 04 20 12 28 27.567     2013 04 20 12 29 10.854      43.3
 2013 04 20 14 03   .077     2013 04 20 14 03 28.453      28.4
 2013 04 20 18 59  8.646     2013 04 20 19 02 26.601     198.0
459
 2013 04 20 09 04 33.949     2013 04 20 09 08  9.923     216.0
 2013 04 20 20 47 56.137     2013 04 20 20 48 42.478      46.3
460
 2013 04 20 10 44 25.653     2013 04 20 10 47  2.152     156.5
 2013 04 20 20 43 59.489     2013 04 20 20 46 45.667     166.2
461
462
 2013 04 20 13 55 10.233     2013 04 20 13 57 47.034     156.8
463
 2013 04 20 20 40 38.040     2013 04 20 20 43 41.565     183.5
464
 2013 04 20 12 29 10.252     2013 04 20 12 32 20.822     190.6
 2013 04 20 17 24 30.217     2013 04 20 17 27 18.445     168.2
465
 2013 04 20 14 02  1.899     2013 04 20 14 04 37.791     155.9
 2013 04 20 20 35 21.874     2013 04 20 20 38 12.622     170.7
466
 2013 04 20 15 38 46.413     2013 04 20 15 42   .955     194.5
 2013 04 20 20 33 54.280     2013 04 20 20 36 29.607     155.3
467
 2013 04 20 10 44 53.288     2013 04 20 10 48  7.029     193.7
 2013 04 20 20 43 40.267     2013 04 20 20 43 49.654       9.4
468
 2013 04 20 20 46 41.016     2013 04 20 20 49 18.193     157.2
469
 2013 04 20 14 01 10.680     2013 04 20 14 03 46.593     155.9
 2013 04 20 20 35 28.708     2013 04 20 20 38  7.908     159.2
470
 2013 04 20 10 45 21.661     2013 04 20 10 48 18.408     176.7
471
472
 2013 04 20 12 21 57.653     2013 04 20 12 24 39.564     161.9
 2013 04 20 20 42  9.644     2013 04 20 20 42 15.903       6.3
473
 2013 04 20 22 20 16.643     2013 04 20 22 22 56.361     159.7
474
 2013 04 20 12 25 12.283     2013 04 20 12 28 16.193     183.9
475
476
 2013 04 20 20 41 13.128     2013 04 20 20 43 48.706     155.6
477
 2013 04 20 12 14 38.886     2013 04 20 12 17 49.542     190.7
478
 2013 04 20 10 42 51.820     2013 04 20 10 46 12.432     200.6
 2013 04 20 20 45 19.227     2013 04 20 20 47 52.004     152.8
479
 2013 04 20 10 49 22.347     2013 04 20 10 52 11.608     169.3
 2013 04 20 19 03 53.728     2013 04 20 19 06 34.160     160.4
480
 2013 04 20 12 18 22.062     2013 04 20 12 21 28.277     186.2
 2013 04 20 22 17 42.663     2013 04 20 22 20 14.704     152.0
481
 2013 04 20 12 24 50.392     2013 04 20 12 27 55.891     185.5
482
483
 2013 04 20 15 38 19.125     2013 04 20 15 41 38.503     199.4
 2013 04 20 20 33 44.112     2013 04 20 20 36 23.314     159.2
484
 2013 04 20 15 38 31.106     2013 04 20 15 41 17.662     166.6
 2013 04 20 20 33 17.963     2013 04 20 20 35 53.717     155.8
485
 2013 04 20 12 29 28.815     2013 04 20 12 32 17.216     168.4
 2013 04 20 17 24 20.722     2013 04 20 17 26 58.465     157.7
486
 2013 04 20 00 19 36.519     2013 04 20 00 22 10.945     154.4
487
488
489
 2013 04 20 13 55 19.666     2013 04 20 13 58  1.519     161.9
490
 2013 04 20 10 46 33.943     2013 04 20 10 49 29.507     175.6
491
492
 2013 04 20 12 25   .317     2013 04 20 12 27 48.240     167.9
493
 2013 04 20 22 14 53.853     2013 04 20 22 18 15.575     201.7
494
 2013 04 20 13 58 11.204     2013 04 20 14 01 29.596     198.4
 2013 04 20 22 12 21.737     2013 04 20 22 15  4.348     162.6
495
 2013 04 20 12 18 59.148     2013 04 20 12 21 35.466     156.3
 2013 04 20 22 18  2.995     2013 04 20 22 20 44.628     161.6
496
 2013 04 20 12 27 27.625     2013 04 20 12 30  5.121     157.5
 2013 04 20 19 01 10.148     2013 04 20 19 03 54.578     164.4
497
 2013 04 20 10 41 46.919     2013 04 20 10 44 20.586     153.7
498
 2013 04 20 10 49 13.072     2013 04 20 10 51 49.237     156.2
 2013 04 20 19 04 38.896     2013 04 20 19 07 14.601     155.7
499
 2013 04 20 13 59 33.541     2013 04 20 14 02 47.814     194.3
500
501
 2013 04 20 12 18 45.154     2013 04 20 12 21 23.760     158.6
 2013 04 20 22 18 36.714     2013 04 20 22 21 18.987     162.3
502
 2013 04 20 15 36 28.964     2013 04 20 15 38   .357      91.4
 2013 04 20 22 10 58.980     2013 04 20 22 14 22.919     203.9
503
 2013 04 20 14 03 48.682     2013 04 20 14 06 52.859     184.2
 2013 04 20 18 59   .237     2013 04 20 19 01 41.747     161.5
504
 2013 04 20 14 02 31.818     2013 04 20 14 05  8.029     156.2
 2013 04 20 19 00 57.824     2013 04 20 19 01  9.012      11.2
 2013 04 20 20 35 16.343     2013 04 20 20 38 42.594     206.3
505
 2013 04 20 12 24 47.649     2013 04 20 12 27 32.732     165.1
 2013 04 20 20 37 43.990     2013 04 20 20 39 35.648     111.7
506
 2013 04 20 20 47 20.434     2013 04 20 20 50 26.970     186.5
507
 2013 04 20 10 48 33.975     2013 04 20 10 52  8.285     214.3
 2013 04 20 19 03 24.950     2013 04 20 19 05 59.346     154.4
508
 2013 04 20 14 00 11.847     2013 04 20 14 02 54.994     163.1
 2013 04 20 20 34 25.435     2013 04 20 20 38  3.667     218.2
509
 2013 04 20 10 46 48.481     2013 04 20 10 49 30.667     162.2
510
 2013 04 20 20 47 17.660     2013 04 20 20 49 51.498     153.8
511
 2013 04 20 20 37 17.953     2013 04 20 20 39 54.493     156.5
512
 2013 04 20 13 58  2.598     2013 04 20 14 01 36.725     214.1
 2013 04 20 22 12 11.913     2013 04 20 22 14 52.782     160.9
513
 2013 04 20 12 13 24.967     2013 04 20 12 14 44.824      79.9
514
 2013 04 20 22 23 25.913     2013 04 20 22 25 55.970     150.1
515
516
 2013 04 20 14 03 30.942     2013 04 20 14 06 28.975     178.0
 2013 04 20 18 58 39.063     2013 04 20 19 01 34.632     175.6
517
518
 2013 04 20 12 15 55.763     2013 04 20 12 19 21.719     206.0
519
 2013 04 20 13 57  4.311     2013 04 20 14 00 34.793     210.5
 2013 04 20 22 12 19.709     2013 04 20 22 15 11.010     171.3
520
521
 2013 04 20 13 57 38.131     2013 04 20 14 00 53.568     195.4
 2013 04 20 22 14 22.609     2013 04 20 22 16 57.018     154.4
522
 2013 04 20 10 44 50.980     2013 04 20 10 45 24.440      33.5
523
 2013 04 20 10 41 37.819     2013 04 20 10 44 14.544     156.7
524
 2013 04 20 10 39 17.538     2013 04 20 10 41 57.464     159.9
525
 2013 04 20 13 59   .727     2013 04 20 14 02 15.544     194.8
 2013 04 20 22 11 47.729     2013 04 20 22 15 27.011     219.3
526
 2013 04 20 10 47 45.686     2013 04 20 10 51 28.202     222.5
 2013 04 20 19 05 48.543     2013 04 20 19 08 31.539     163.0
527
 2013 04 20 13 58 35.753     2013 04 20 14 01 24.355     168.6
 2013 04 20 22 12 40.051     2013 04 20 22 15 35.121     175.1
528
 2013 04 20 10 37 41.850     2013 04 20 10 41 17.311     215.5
 2013 04 20 22 23 43.647     2013 04 20 22 26 18.325     154.7
529
 2013 04 20 10 43 28.038     2013 04 20 10 46 30.433     182.4
 2013 04 20 20 43 22.550     2013 04 20 20 46  7.514     165.0
530
 2013 04 20 22 23  3.509     2013 04 20 22 26 20.470     197.0
531
532
 2013 04 20 12 22  8.206     2013 04 20 12 22 11.624       3.4
 2013 04 20 22 16 55.319     2013 04 20 22 19 30.727     155.4
533
 2013 04 20 12 19 24.328     2013 04 20 12 22 52.298     208.0
534
 2013 04 20 22 23 30.794     2013 04 20 22 26  1.821     151.0
535
 2013 04 20 12 20 38.444     2013 04 20 12 23 33.709     175.3
536
 2013 04 20 09 04 24.273     2013 04 20 09 07 38.193     193.9
 2013 04 20 20 48 28.071     2013 04 20 20 52  6.497     218.4
537
 2013 04 20 22 22 13.728     2013 04 20 22 24 45.257     151.5
538
 2013 04 20 12 18 50.208     2013 04 20 12 21 26.165     156.0
 2013 04 20 22 18 29.089     2013 04 20 22 21 12.042     163.0
539
 2013 04 20 13 58 43.107     2013 04 20 14 01 24.995     161.9
 2013 04 20 22 12 45.351     2013 04 20 22 15 46.495     181.1
540
 2013 04 20 14 03 20.932     2013 04 20 14 04  5.163      44.2
 2013 04 20 15 37 59.847     2013 04 20 15 41 49.464     229.6
 2013 04 20 20 33 55.057     2013 04 20 20 36 42.980     167.9
541
 2013 04 20 10 45 37.279     2013 04 20 10 48 24.753     167.5
 2013 04 20 20 42 13.193     2013 04 20 20 43  2.919      49.7
542
 2013 04 20 22 20 25.392     2013 04 20 22 22 57.955     152.6
543
 2013 04 20 10 46 11.117     2013 04 20 10 49 42.847     211.7
544
 2013 04 20 14 03  3.892     2013 04 20 14 05 40.654     156.8
 2013 04 20 18 57 42.086     2013 04 20 19 01  2.823     200.7
545
 2013 04 20 13 57 49.119     2013 04 20 14 00 53.810     184.7
 2013 04 20 22 14 12.382     2013 04 20 22 16 48.443     156.1
546
 2013 04 20 10 44 13.461     2013 04 20 10 47 35.090     201.6
 2013 04 20 20 44 23.379     2013 04 20 20 47 42.534     199.2
547
 2013 04 20 14 02 21.348     2013 04 20 14 02 45.909      24.6
 2013 04 20 20 36 21.508     2013 04 20 20 36 38.798      17.3
548
549
 2013 04 20 14 04  1.885     2013 04 20 14 07  3.171     181.3
 2013 04 20 18 59  6.130     2013 04 20 19 01 42.137     156.0
550
 2013 04 20 12 26 21.087     2013 04 20 12 29   .561     159.5
 2013 04 20 19 01   .815     2013 04 20 19 03 57.646     176.8
551
 2013 04 20 10 45  8.375     2013 04 20 10 47 52.087     163.7
 2013 04 20 20 43 22.598     2013 04 20 20 44 51.182      88.6
552
 2013 04 20 12 17 12.978     2013 04 20 12 19 46.689     153.7
 2013 04 20 22 18 34.596     2013 04 20 22 21 58.852     204.3
553
 2013 04 20 13 53 57.835     2013 04 20 13 57   .261     182.4
554
 2013 04 20 12 26 52.265     2013 04 20 12 30  5.170     192.9
 2013 04 20 14 04 18.853     2013 04 20 14 04 21.500       2.6
 2013 04 20 19 00  8.983     2013 04 20 19 02 47.698     158.7
555
 2013 04 20 12 17 57.948     2013 04 20 12 21  2.358     184.4
 2013 04 20 22 17 48.509     2013 04 20 22 20 31.805     163.3
556
 2013 04 20 09 03  5.163     2013 04 20 09 06 49.474     224.3
 2013 04 20 20 49 14.051     2013 04 20 20 51 46.003     152.0
557
 2013 04 20 13 55 51.721     2013 04 20 13 59 17.259     205.5
558
 2013 04 20 12 13 34.990     2013 04 20 12 17  9.565     214.6
559
 2013 04 20 10 37 31.917     2013 04 20 10 40 43.737     191.8
 2013 04 20 22 24 11.486     2013 04 20 22 26 42.407     150.9
560
 2013 04 20 12 26 15.993     2013 04 20 12 29 33.464     197.5
 2013 04 20 19 00  1.386     2013 04 20 19 02 39.824     158.4
561
 2013 04 20 00 20 11.352     2013 04 20 00 22 51.366     160.0
562
 2013 04 20 00 20  8.695     2013 04 20 00 23 11.356     182.7
563
 2013 04 20 12 18 36.651     2013 04 20 12 21 18.221     161.6
 2013 04 20 22 18 45.877     2013 04 20 22 21 25.071     159.2
564
 2013 04 20 00 15 57.507     2013 04 20 00 17 56.371     118.9
 2013 04 20 13 53 29.534     2013 04 20 13 56 30.587     181.1
565
566
 2013 04 20 15 36 24.280     2013 04 20 15 40  9.604     225.3
 2013 04 20 22 10 58.424     2013 04 20 22 14 10.996     192.6
567
 2013 04 20 10 42 48.357     2013 04 20 10 46  8.082     199.7
 2013 04 20 20 43  2.617     2013 04 20 20 46 26.651     204.0
568
 2013 04 20 20 41 33.119     2013 04 20 20 44  5.523     152.4
569
 2013 04 20 12 27 54.888     2013 04 20 12 30 30.862     156.0
 2013 04 20 19 00 51.726     2013 04 20 19 04  5.579     193.9
570
 2013 04 20 13 57 12.370     2013 04 20 14 00 28.616     196.2
 2013 04 20 22 14 27.556     2013 04 20 22 17  2.502     154.9
571
 2013 04 20 14 01 44.506     2013 04 20 14 04 23.894     159.4
 2013 04 20 20 35 44.810     2013 04 20 20 38 22.530     157.7
572
 2013 04 20 10 44 23.273     2013 04 20 10 47 51.096     207.8
 2013 04 20 20 44 12.484     2013 04 20 20 47 51.287     218.8
573
 2013 04 20 00 21 29.899     2013 04 20 00 24   .038     150.1
 2013 04 20 12 11 33.524     2013 04 20 12 11 36.401       2.9
574
 2013 04 20 13 58 26.571     2013 04 20 14 01 42.113     195.5
 2013 04 20 22 13 52.060     2013 04 20 22 17 10.619     198.6
575
 2013 04 20 12 23 33.738     2013 04 20 12 26 18.650     164.9
 2013 04 20 20 38 33.822     2013 04 20 20 41  7.128     153.3
576
 2013 04 20 10 50 13.253     2013 04 20 10 53 27.695     194.4
 2013 04 20 19 02 44.261     2013 04 20 19 03 52.468      68.2
577
 2013 04 20 10 47 30.857     2013 04 20 10 50 47.862     197.0
 2013 04 20 19 03 13.001     2013 04 20 19 04  8.170      55.2
578
 2013 04 20 12 29 32.728     2013 04 20 12 32 23.795     171.1
 2013 04 20 17 24 26.419     2013 04 20 17 27  2.862     156.4
579
580
 2013 04 20 13 59 59.394     2013 04 20 14 02 35.538     156.1
 2013 04 20 20 38 26.389     2013 04 20 20 38 32.164       5.8
581
 2013 04 20 12 17 14.221     2013 04 20 12 20 33.626     199.4
 2013 04 20 22 17 30.327     2013 04 20 22 20 57.038     206.7
582
583
 2013 04 20 20 45  5.661     2013 04 20 20 45 57.478      51.8
584
 2013 04 20 22 21 52.772     2013 04 20 22 24 25.005     152.2
585
 2013 04 20 13 58 26.715     2013 04 20 14 01 19.767     173.1
 2013 04 20 22 13 43.933     2013 04 20 22 16 44.284     180.4
586
 2013 04 20 12 27 40.256     2013 04 20 12 30 22.340     162.1
 2013 04 20 19 00 31.980     2013 04 20 19 03 35.212     183.2
587
 2013 04 20 12 20 58.129     2013 04 20 12 23 41.276     163.1
588
 2013 04 20 10 43 25.309     2013 04 20 10 46 20.032     174.7
 2013 04 20 20 43 30.505     2013 04 20 20 46 18.095     167.6
589
 2013 04 20 14 03 19.919     2013 04 20 14 05 55.908     156.0
 2013 04 20 18 57 52.428     2013 04 20 19 00 49.740     177.3
590
591
592
 2013 04 20 12 14 31.125     2013 04 20 12 17 10.072     158.9
593
 2013 04 20 12 21 33.282     2013 04 20 12 22   .029      26.7
 2013 04 20 20 40 22.317     2013 04 20 20 43 31.931     189.6
594
 2013 04 20 14 03 26.845     2013 04 20 14 06  4.801     158.0
 2013 04 20 18 58  8.394     2013 04 20 19 01  4.550     176.2
595
 2013 04 20 12 19 48.367     2013 04 20 12 22 30.725     162.4
 2013 04 20 22 17 36.308     2013 04 20 22 17 56.401      20.1
596
 2013 04 20 10 43 23.336     2013 04 20 10 43 39.478      16.1
597
 2013 04 20 10 40 14.663     2013 04 20 10 43 24.009     189.3
598
599
 2013 04 20 12 14 45.203     2013 04 20 12 17 23.376     158.2
600
 2013 04 20 10 44 23.278     2013 04 20 10 44 26.522       3.2
601
 2013 04 20 20 41 49.865     2013 04 20 20 44 26.147     156.3
602
 2013 04 20 12 25 24.150     2013 04 20 12 26  5.701      41.6
 2013 04 20 14 03  9.828     2013 04 20 14 03 31.236      21.4
 2013 04 20 18 59 20.408     2013 04 20 19 02 26.161     185.8
603
 2013 04 20 22 15 49.834     2013 04 20 22 18 35.124     165.3
604
 2013 04 20 12 28 55.648     2013 04 20 12 32  2.535     186.9
 2013 04 20 17 24 13.208     2013 04 20 17 27 15.513     182.3
605
 2013 04 20 10 37 10.562     2013 04 20 10 40 50.061     219.5
 2013 04 20 22 23 57.665     2013 04 20 22 26 28.457     150.8
606
 2013 04 20 20 46 44.409     2013 04 20 20 47 14.255      29.8
607
 2013 04 20 12 17 43.875     2013 04 20 12 20 45.425     181.6
 2013 04 20 22 19 27.951     2013 04 20 22 21 59.072     151.1
608
 2013 04 20 22 16   .896     2013 04 20 22 18 58.350     177.5
609
 2013 04 20 12 26 27.349     2013 04 20 12 29 13.091     165.7
 2013 04 20 19 01 15.900     2013 04 20 19 04  4.584     168.7
610
 2013 04 20 14 01 20.737     2013 04 20 14 04  8.164     167.4
 2013 04 20 20 35 56.291     2013 04 20 20 38 30.654     154.4
611
 2013 04 20 00 15 31.901     2013 04 20 00 15 44.500      12.6
 2013 04 20 13 53 51.962     2013 04 20 13 56 44.597     172.6
612
 2013 04 20 22 23  3.601     2013 04 20 22 26 21.927     198.3
613
 2013 04 20 15 36 52.036     2013 04 20 15 39 42.548     170.5
 2013 04 20 20 31 11.987     2013 04 20 20 34 50.851     218.9
 2013 04 20 22 09  4.720     2013 04 20 22 12 37.318     212.6
614
 2013 04 20 12 15 38.070     2013 04 20 12 18 59.002     200.9
615
616
 2013 04 20 10 41 35.252     2013 04 20 10 44 30.556     175.3
617
 2013 04 20 15 35 30.082     2013 04 20 15 38 42.843     192.8
 2013 04 20 22 10 45.300     2013 04 20 22 13 22.249     156.9
618
619
 2013 04 20 00 20 46.126     2013 04 20 00 23 33.986     167.9
620
 2013 04 20 12 25 32.358     2013 04 20 12 28 14.831     162.5
 2013 04 20 18 59 47.152     2013 04 20 18 59 49.328       2.2
621
 2013 04 20 13 55 28.139     2013 04 20 13 58 49.225     201.1
622
 2013 04 20 12 14 21.198     2013 04 20 12 17 34.196     193.0
623
624
 2013 04 20 12 26 41.292     2013 04 20 12 30 23.737     222.4
 2013 04 20 14 04 33.233     2013 04 20 14 08  9.337     216.1
 2013 04 20 18 59 47.413     2013 04 20 19 02 30.164     162.8
625
 2013 04 20 10 39 15.574     2013 04 20 10 42 36.526     201.0
626
 2013 04 20 13 56  5.559     2013 04 20 13 59 12.825     187.3
627
 2013 04 20 12 23 15.600     2013 04 20 12 24 23.896      68.3
628
 2013 04 20 13 58 21.297     2013 04 20 14 00 59.566     158.3
 2013 04 20 22 13 33.671     2013 04 20 22 16 18.119     164.4
629
 2013 04 20 00 22 13.403     2013 04 20 00 25  8.557     175.2
 2013 04 20 12 12 17.519     2013 04 20 12 14 53.680     156.2
630
 2013 04 20 15 37 12.915     2013 04 20 15 39 48.746     155.8
 2013 04 20 20 31 44.052     2013 04 20 20 35 26.842     222.8
 2013 04 20 22 09 30.951     2013 04 20 22 13 18.259     227.3
631
 2013 04 20 22 20 58.939     2013 04 20 22 24 39.725     220.8
632
 2013 04 20 14 01 19.342     2013 04 20 14 04 55.280     215.9
 2013 04 20 20 36 37.388     2013 04 20 20 39 13.339     156.0
633
 2013 04 20 12 13 37.741     2013 04 20 12 16 26.425     168.7
634
 2013 04 20 12 29 25.918     2013 04 20 12 32 12.143     166.2
 2013 04 20 17 24 15.977     2013 04 20 17 26 54.846     158.9
635
 2013 04 20 12 24 54.021     2013 04 20 12 27 30.029     156.0
 2013 04 20 20 38 10.209     2013 04 20 20 38 41.623      31.4
636
 2013 04 20 14 02 19.507     2013 04 20 14 05 46.314     206.8
 2013 04 20 20 36  9.645     2013 04 20 20 39 44.384     214.7
637
 2013 04 20 12 20  2.886     2013 04 20 12 20 38.438      35.6
 2013 04 20 22 15 38.614     2013 04 20 22 15 54.193      15.6
638
639
640
 2013 04 20 10 48 27.545     2013 04 20 10 51 56.353     208.8
 2013 04 20 19 03 28.581     2013 04 20 19 06  6.260     157.7
641
 2013 04 20 14 02 15.353     2013 04 20 14 05 13.179     177.8
 2013 04 20 15 39 38.835     2013 04 20 15 40  7.127      28.3
 2013 04 20 18 56 34.442     2013 04 20 19 00 15.092     220.6
 2013 04 20 20 34 31.802     2013 04 20 20 37 58.267     206.5
642
 2013 04 20 12 20 20.129     2013 04 20 12 22 59.341     159.2
643
 2013 04 20 10 45   .535     2013 04 20 10 45 34.435      33.9
644
645
 2013 04 20 10 44 35.130     2013 04 20 10 47 23.243     168.1
 2013 04 20 20 43 58.951     2013 04 20 20 47  8.259     189.3
646
 2013 04 20 10 46 45.200     2013 04 20 10 50 20.779     215.6
647
 2013 04 20 20 48 35.753     2013 04 20 20 49 29.851      54.1
648
 2013 04 20 00 19 11.349     2013 04 20 00 22  4.246     172.9
649
 2013 04 20 13 59  9.665     2013 04 20 14 01 46.704     157.0
 2013 04 20 22 12 34.021     2013 04 20 22 16  9.933     215.9
650
 2013 04 20 10 50  9.263     2013 04 20 10 50 10.222       1.0
651
 2013 04 20 20 44 55.920     2013 04 20 20 45 58.343      62.4
652
 2013 04 20 12 15 16.820     2013 04 20 12 18 28.722     191.9
653
 2013 04 20 10 48 41.179     2013 04 20 10 51 16.010     154.8
 2013 04 20 19 04 35.300     2013 04 20 19 07 13.448     158.1
654
 2013 04 20 20 44 13.492     2013 04 20 20 44 42.425      28.9
655
 2013 04 20 20 40 55.747     2013 04 20 20 44 11.272     195.5
656
 2013 04 20 12 15 42.495     2013 04 20 12 18 25.198     162.7
657
 2013 04 20 13 59 18.607     2013 04 20 14 03  1.450     222.8
 2013 04 20 20 37 10.623     2013 04 20 20 37 25.176      14.6
658
659
 2013 04 20 12 27 15.085     2013 04 20 12 30 15.573     180.5
 2013 04 20 19 01 42.100     2013 04 20 19 04 22.892     160.8
660
 2013 04 20 14 00 52.898     2013 04 20 14 03 55.259     182.4
 2013 04 20 20 36  3.070     2013 04 20 20 38 48.499     165.4
661
 2013 04 20 00 21 19.895     2013 04 20 00 23 50.423     150.5
 2013 04 20 12 14 58.403     2013 04 20 12 15 36.010      37.6
662
 2013 04 20 12 23 30.176     2013 04 20 12 26  5.951     155.8
 2013 04 20 20 39  8.663     2013 04 20 20 41 41.501     152.8
663
 2013 04 20 10 50 29.559     2013 04 20 10 53 56.519     207.0
 2013 04 20 17 28 41.260     2013 04 20 17 28 40.632       -.6
664
 2013 04 20 20 41  4.514     2013 04 20 20 44 36.713     212.2
665
 2013 04 20 12 21 35.293     2013 04 20 12 24 11.820     156.5
666
 2013 04 20 19 02 20.547     2013 04 20 19 05 19.314     178.8
667
 2013 04 20 19 02 45.319     2013 04 20 19 05 25.745     160.4
668
 2013 04 20 12 25  4.177     2013 04 20 12 28 11.620     187.4
669
 2013 04 20 13 59 56.340     2013 04 20 14 02 57.751     181.4
 2013 04 20 20 38 54.164     2013 04 20 20 39 19.394      25.2
670
 2013 04 20 12 25  6.180     2013 04 20 12 28 41.984     215.8
 2013 04 20 18 59  7.227     2013 04 20 19 02 53.617     226.4
671
 2013 04 20 20 46 29.467     2013 04 20 20 49   .822     151.4
672
 2013 04 20 12 21 44.659     2013 04 20 12 24 42.003     177.3
 2013 04 20 20 42 30.795     2013 04 20 20 43 13.201      42.4
673
 2013 04 20 14 01 56.328     2013 04 20 14 05 13.838     197.5
 2013 04 20 20 36 17.432     2013 04 20 20 39 15.946     178.5
674
 2013 04 20 14 03 48.754     2013 04 20 14 06 43.156     174.4
 2013 04 20 18 58 50.087     2013 04 20 19 01 31.866     161.8
675
 2013 04 20 14 00  9.601     2013 04 20 14 03 43.937     214.3
 2013 04 20 20 36  5.703     2013 04 20 20 39 25.421     199.7
676
 2013 04 20 12 18  8.081     2013 04 20 12 19  5.846      57.8
677
 2013 04 20 10 40 56.313     2013 04 20 10 44 11.163     194.9
678
 2013 04 20 22 23 18.470     2013 04 20 22 26 54.609     216.1
679
 2013 04 20 22 21  9.482     2013 04 20 22 24  9.150     179.7
680
681
 2013 04 20 20 45 41.479     2013 04 20 20 49 16.431     215.0
682
 2013 04 20 10 53   .807     2013 04 20 10 53 45.197      44.4
 2013 04 20 19 02 23.578     2013 04 20 19 05 59.118     215.5
683
 2013 04 20 10 45 56.543     2013 04 20 10 46   .835       4.3
684
 2013 04 20 00 19 14.172     2013 04 20 00 21 54.903     160.7
685
 2013 04 20 20 41  5.589     2013 04 20 20 44 18.996     193.4
686
 2013 04 20 00 17 37.653     2013 04 20 00 20 43.154     185.5
687
 2013 04 20 12 24 23.946     2013 04 20 12 26 59.461     155.5
 2013 04 20 20 38 27.555     2013 04 20 20 41 39.021     191.5
688
689
 2013 04 20 10 38 29.421     2013 04 20 10 41  6.974     157.6
 2013 04 20 22 24  2.157     2013 04 20 22 27 18.612     196.5
690
 2013 04 20 12 22  5.491     2013 04 20 12 25  3.930     178.4
 2013 04 20 20 39 29.722     2013 04 20 20 42 53.499     203.8
691
 2013 04 20 12 17 14.744     2013 04 20 12 20 16.595     181.9
 2013 04 20 22 19 33.577     2013 04 20 22 22 17.733     164.2
692
693
 2013 04 20 10 52 17.029     2013 04 20 10 52 55.181      38.2
 2013 04 20 19 02 59.715     2013 04 20 19 05 39.155     159.4
694
 2013 04 20 10 51 51.485     2013 04 20 10 52 13.476      22.0
 2013 04 20 19 03  4.042     2013 04 20 19 05 45.107     161.1
695
 2013 04 20 20 41 19.746     2013 04 20 20 44  6.182     166.4
696
 2013 04 20 14 02 15.433     2013 04 20 14 04 52.054     156.6
 2013 04 20 20 35 27.489     2013 04 20 20 38 31.670     184.2
697
 2013 04 20 13 59 32.300     2013 04 20 14 00 54.168      81.9
 2013 04 20 20 39 43.533     2013 04 20 20 39 57.487      14.0
698
 2013 04 20 10 42 31.391     2013 04 20 10 46 17.505     226.1
 2013 04 20 20 42 39.501     2013 04 20 20 46 19.366     219.9
699
 2013 04 20 13 54 56.543     2013 04 20 13 58  3.390     186.8
