s2
0
 2013 04 20 10 37 21.413     2013 04 20 10 40  6.161     164.7
 2013 04 20 20 36 49.889     2013 04 20 20 39 35.400     165.5
1
 2013 04 20 12 17 52.015     2013 04 20 12 21 12.030     200.0
2
 2013 04 20 12 17 51.193     2013 04 20 12 21 20.061     208.9
 2013 04 20 18 56 29.962     2013 04 20 18 56 35.063       5.1
3
 2013 04 20 22 05  1.125     2013 04 20 22 07 48.669     167.5
4
5
 2013 04 20 10 34 41.515     2013 04 20 10 37 18.026     156.5
6
 2013 04 20 22 05   .823     2013 04 20 22 07 41.034     160.2
7
 2013 04 20 13 53  8.365     2013 04 20 13 55 49.566     161.2
 2013 04 20 20 28 23.351     2013 04 20 20 28 39.593      16.2
8
 2013 04 20 10 38 49.437     2013 04 20 10 42 27.653     218.2
9
 2013 04 20 12 07  7.010     2013 04 20 12 07 12.689       5.7
10
 2013 04 20 10 33 30.904     2013 04 20 10 33 47.400      16.5
 2013 04 20 22 17 20.655     2013 04 20 22 19 59.846     159.2
11
 2013 04 20 13 51 35.394     2013 04 20 13 54 36.897     181.5
 2013 04 20 22 07 16.947     2013 04 20 22 10 36.507     199.6
12
 2013 04 20 10 30 31.538     2013 04 20 10 33 26.972     175.4
 2013 04 20 22 17 59.057     2013 04 20 22 20 38.046     159.0
13
 2013 04 20 13 52  3.231     2013 04 20 13 54 50.664     167.4
 2013 04 20 22 05 57.759     2013 04 20 22 09 28.358     210.6
14
 2013 04 20 20 34 22.437     2013 04 20 20 37 51.790     209.4
15
 2013 04 20 22 15 15.741     2013 04 20 22 18 36.134     200.4
16
17
 2013 04 20 10 34 56.985     2013 04 20 10 37 31.409     154.4
18
 2013 04 20 13 48 38.571     2013 04 20 13 51 49.822     191.3
19
 2013 04 20 20 42 11.288     2013 04 20 20 45 27.448     196.2
20
 2013 04 20 15 31 57.341     2013 04 20 15 35  6.711     189.4
 2013 04 20 20 27 17.014     2013 04 20 20 29 56.147     159.1
21
22
 2013 04 20 22 15  4.936     2013 04 20 22 17 54.511     169.6
23
 2013 04 20 10 40 10.454     2013 04 20 10 42 50.661     160.2
24
 2013 04 20 12 06 32.518     2013 04 20 12 09  7.375     154.9
25
 2013 04 20 00 08 47.725     2013 04 20 00 10 28.642     100.9
 2013 04 20 13 45 47.003     2013 04 20 13 46 17.260      30.3
26
 2013 04 20 12 10 17.007     2013 04 20 12 12 52.504     155.5
 2013 04 20 22 12 31.130     2013 04 20 22 15 38.245     187.1
27
 2013 04 20 18 55 46.604     2013 04 20 18 59  8.604     202.0
28
29
 2013 04 20 00 12 58.321     2013 04 20 00 15 35.251     156.9
30
 2013 04 20 20 41 45.806     2013 04 20 20 44 23.555     157.7
31
32
33
 2013 04 20 13 51 44.278     2013 04 20 13 54 50.072     185.8
 2013 04 20 22 05 49.793     2013 04 20 22 09  2.797     193.0
34
 2013 04 20 12 16 50.857     2013 04 20 12 19 52.217     181.4
 2013 04 20 20 31 34.155     2013 04 20 20 34 25.235     171.1
35
 2013 04 20 22 05  4.076     2013 04 20 22 08  4.211     180.1
36
37
 2013 04 20 00 08 28.463     2013 04 20 00 10  6.620      98.2
 2013 04 20 13 46  8.544     2013 04 20 13 49 46.149     217.6
38
 2013 04 20 13 55  3.618     2013 04 20 13 57 53.204     169.6
 2013 04 20 20 28 20.497     2013 04 20 20 31 24.659     184.2
39
 2013 04 20 08 56 25.286     2013 04 20 09 00   .927     215.6
 2013 04 20 20 42 22.734     2013 04 20 20 45 22.296     179.6
40
 2013 04 20 13 53 29.573     2013 04 20 13 56 26.973     177.4
 2013 04 20 20 27 59.105     2013 04 20 20 31  5.753     186.6
41
 2013 04 20 12 14 11.337     2013 04 20 12 15  6.119      54.8
 2013 04 20 20 33 37.564     2013 04 20 20 37 19.718     222.2
42
 2013 04 20 22 09 15.475     2013 04 20 22 12 11.890     176.4
43
44
 2013 04 20 12 16 54.632     2013 04 20 12 19 34.775     160.1
 2013 04 20 20 32 32.619     2013 04 20 20 35 27.080     174.5
45
 2013 04 20 00 08 44.899     2013 04 20 00 11 41.785     176.9
 2013 04 20 13 45 52.837     2013 04 20 13 48 55.295     182.5
46
 2013 04 20 13 53 30.374     2013 04 20 13 56 13.276     162.9
 2013 04 20 20 28 10.104     2013 04 20 20 31 27.825     197.7
47
 2013 04 20 12 20  2.628     2013 04 20 12 22 47.851     165.2
 2013 04 20 18 54   .025     2013 04 20 18 56 40.517     160.5
48
 2013 04 20 10 42 13.807     2013 04 20 10 45 25.782     192.0
 2013 04 20 18 56 50.349     2013 04 20 18 59 42.138     171.8
49
 2013 04 20 12 15 33.384     2013 04 20 12 18 32.068     178.7
 2013 04 20 20 33 11.667     2013 04 20 20 36  1.155     169.5
50
 2013 04 20 15 29 33.704     2013 04 20 15 32 22.089     168.4
 2013 04 20 22 02 58.109     2013 04 20 22 05 56.979     178.9
51
 2013 04 20 10 34 43.569     2013 04 20 10 37 17.057     153.5
52
 2013 04 20 10 38 57.343     2013 04 20 10 42 13.918     196.6
53
 2013 04 20 10 35 16.268     2013 04 20 10 37 56.544     160.3
 2013 04 20 20 38  5.328     2013 04 20 20 41 35.398     210.1
54
 2013 04 20 12 13 43.612     2013 04 20 12 16 23.496     159.9
55
 2013 04 20 13 51 35.685     2013 04 20 13 54 12.932     157.2
 2013 04 20 22 06 39.822     2013 04 20 22 09 34.979     175.2
56
 2013 04 20 12 18 13.777     2013 04 20 12 22  1.035     227.3
 2013 04 20 18 54 51.874     2013 04 20 18 58 42.328     230.5
57
 2013 04 20 13 53 52.495     2013 04 20 13 56 29.416     156.9
 2013 04 20 20 28 45.139     2013 04 20 20 31 43.467     178.3
58
 2013 04 20 10 33 59.218     2013 04 20 10 36 33.616     154.4
59
 2013 04 20 12 18 15.868     2013 04 20 12 21 14.730     178.9
 2013 04 20 18 52 49.960     2013 04 20 18 52 53.461       3.5
60
 2013 04 20 12 19  9.089     2013 04 20 12 21 47.572     158.5
 2013 04 20 18 53 52.876     2013 04 20 18 56 58.576     185.7
61
 2013 04 20 13 47 52.190     2013 04 20 13 51 19.365     207.2
62
63
 2013 04 20 13 51 10.861     2013 04 20 13 53 46.831     156.0
 2013 04 20 22 06 58.732     2013 04 20 22 09 37.569     158.8
64
 2013 04 20 13 54 36.452     2013 04 20 13 57 20.740     164.3
 2013 04 20 20 28 35.624     2013 04 20 20 31 15.710     160.1
65
 2013 04 20 12 19 31.862     2013 04 20 12 22 42.046     190.2
 2013 04 20 18 55  9.067     2013 04 20 18 57 49.108     160.0
66
 2013 04 20 22 16  8.773     2013 04 20 22 19  5.306     176.5
67
 2013 04 20 00 13 39.221     2013 04 20 00 14  1.252      22.0
 2013 04 20 12 06  4.733     2013 04 20 12 08 37.993     153.3
68
69
 2013 04 20 12 17 18.869     2013 04 20 12 20 54.853     216.0
 2013 04 20 20 30 35.601     2013 04 20 20 34 16.117     220.5
70
 2013 04 20 13 49 23.711     2013 04 20 13 52 25.493     181.8
 2013 04 20 22 09 24.530     2013 04 20 22 09 58.077      33.5
71
 2013 04 20 10 38 20.705     2013 04 20 10 40 55.299     154.6
 2013 04 20 20 36 16.620     2013 04 20 20 36 56.833      40.2
72
 2013 04 20 12 15 43.642     2013 04 20 12 18 19.229     155.6
 2013 04 20 20 32 25.672     2013 04 20 20 35 23.889     178.2
73
 2013 04 20 00 05 43.416     2013 04 20 00 05 48.230       4.8
 2013 04 20 13 47 33.668     2013 04 20 13 50 52.379     198.7
 2013 04 20 23 44 18.013     2013 04 20 23 45  4.278      46.3
74
75
 2013 04 20 22 09  9.280     2013 04 20 22 12 12.868     183.6
76
 2013 04 20 22 14 31.023     2013 04 20 22 17 53.523     202.5
77
 2013 04 20 08 55 11.159     2013 04 20 08 58 37.488     206.3
 2013 04 20 20 43 17.834     2013 04 20 20 45 56.707     158.9
78
 2013 04 20 00 11  5.854     2013 04 20 00 13 41.265     155.4
79
 2013 04 20 00 11 36.652     2013 04 20 00 14 11.366     154.7
80
 2013 04 20 20 30 34.541     2013 04 20 20 33 23.485     168.9
81
82
 2013 04 20 10 34 39.566     2013 04 20 10 37 23.016     163.5
83
 2013 04 20 12 07 11.058     2013 04 20 12 09 52.362     161.3
84
 2013 04 20 22 08 51.852     2013 04 20 22 12 34.692     222.8
85
86
 2013 04 20 12 14  9.287     2013 04 20 12 14 28.978      19.7
 2013 04 20 22 10 37.216     2013 04 20 22 13 40.409     183.2
87
 2013 04 20 12 17 22.716     2013 04 20 12 20 56.398     213.7
88
 2013 04 20 10 36 19.670     2013 04 20 10 36 31.747      12.1
89
90
 2013 04 20 12 20 13.006     2013 04 20 12 22 51.716     158.7
 2013 04 20 18 54 12.565     2013 04 20 18 56 55.670     163.1
91
 2013 04 20 12 12 57.676     2013 04 20 12 14 15.858      78.2
92
 2013 04 20 13 47 43.451     2013 04 20 13 50 57.218     193.8
93
 2013 04 20 13 54  4.722     2013 04 20 13 57 13.138     188.4
 2013 04 20 20 28  9.062     2013 04 20 20 30 46.974     157.9
94
95
96
 2013 04 20 12 11  8.653     2013 04 20 12 14 22.490     193.8
 2013 04 20 22 11 14.957     2013 04 20 22 13 52.635     157.7
97
 2013 04 20 13 49 53.722     2013 04 20 13 52 29.106     155.4
 2013 04 20 22 06 51.838     2013 04 20 22 10 19.384     207.5
98
 2013 04 20 00 11 25.927     2013 04 20 00 14  1.270     155.3
99
 2013 04 20 00 12 47.040     2013 04 20 00 15 27.557     160.5
100
 2013 04 20 12 07 14.733     2013 04 20 12 09 51.842     157.1
101
102
 2013 04 20 13 50 20.033     2013 04 20 13 53 35.844     195.8
 2013 04 20 22 08  2.208     2013 04 20 22 10 39.181     157.0
103
 2013 04 20 10 33  7.633     2013 04 20 10 35 58.615     171.0
104
 2013 04 20 20 30 50.439     2013 04 20 20 33 28.407     158.0
105
 2013 04 20 10 35  1.336     2013 04 20 10 38  4.398     183.1
106
 2013 04 20 15 29  2.656     2013 04 20 15 31 49.053     166.4
 2013 04 20 22 03 56.711     2013 04 20 22 06 34.134     157.4
107
 2013 04 20 00 11 19.369     2013 04 20 00 14  8.537     169.2
108
 2013 04 20 12 09 29.771     2013 04 20 12 11 23.088     113.3
 2013 04 20 22 13 48.965     2013 04 20 22 16 36.804     167.8
109
 2013 04 20 13 56  1.047     2013 04 20 13 58 42.197     161.2
 2013 04 20 18 51  4.676     2013 04 20 18 54 37.808     213.1
 2013 04 20 20 28 36.548     2013 04 20 20 28 41.066       4.5
110
 2013 04 20 12 11  3.464     2013 04 20 12 13 42.203     158.7
 2013 04 20 22 11 57.862     2013 04 20 22 14 37.697     159.8
111
 2013 04 20 10 39 52.268     2013 04 20 10 42 40.040     167.8
112
 2013 04 20 00 13 47.200     2013 04 20 00 16 32.263     165.1
 2013 04 20 12 06 28.541     2013 04 20 12 07 45.418      76.9
113
 2013 04 20 12 15 23.800     2013 04 20 12 18 25.059     181.3
 2013 04 20 20 33 12.015     2013 04 20 20 36  8.610     176.6
114
 2013 04 20 20 42 23.211     2013 04 20 20 44 59.513     156.3
115
 2013 04 20 12 10 59.526     2013 04 20 12 13 34.148     154.6
 2013 04 20 22 12 10.830     2013 04 20 22 14 50.979     160.1
116
 2013 04 20 13 53 14.676     2013 04 20 13 56 12.960     178.3
 2013 04 20 20 28 56.198     2013 04 20 20 32 36.394     220.2
117
 2013 04 20 12 13  8.358     2013 04 20 12 15 43.493     155.1
118
 2013 04 20 12 08 31.731     2013 04 20 12 11 52.920     201.2
119
 2013 04 20 12 07 25.246     2013 04 20 12 09 58.956     153.7
120
 2013 04 20 10 36 38.239     2013 04 20 10 40 15.178     216.9
 2013 04 20 20 38 16.922     2013 04 20 20 41 27.089     190.2
121
 2013 04 20 12 12 29.076     2013 04 20 12 12 57.632      28.6
122
 2013 04 20 10 34 23.045     2013 04 20 10 36 57.314     154.3
123
 2013 04 20 20 33 57.575     2013 04 20 20 37 39.094     221.5
124
 2013 04 20 12 08  9.752     2013 04 20 12 10 47.825     158.1
125
 2013 04 20 13 53 26.146     2013 04 20 13 56 18.287     172.1
 2013 04 20 20 28 57.940     2013 04 20 20 32 24.301     206.4
126
 2013 04 20 00 12 54.709     2013 04 20 00 16 33.526     218.8
 2013 04 20 12 05 59.847     2013 04 20 12 09  9.180     189.3
127
 2013 04 20 12 21 39.340     2013 04 20 12 24 50.166     190.8
 2013 04 20 17 17 18.991     2013 04 20 17 20 37.641     198.6
128
 2013 04 20 13 54 31.695     2013 04 20 13 57 53.852     202.2
 2013 04 20 15 32 14.610     2013 04 20 15 36  9.626     235.0
 2013 04 20 20 27 55.876     2013 04 20 20 30 48.155     172.3
129
 2013 04 20 13 49  4.055     2013 04 20 13 49 54.407      50.4
 2013 04 20 22 08 22.202     2013 04 20 22 11 37.335     195.1
130
 2013 04 20 00 08 27.777     2013 04 20 00 11  8.758     161.0
 2013 04 20 13 45 57.326     2013 04 20 13 48 34.901     157.6
131
132
 2013 04 20 00 13  5.075     2013 04 20 00 14 44.308      99.2
 2013 04 20 12 06  7.621     2013 04 20 12 08 58.429     170.8
133
 2013 04 20 10 30 53.076     2013 04 20 10 33 48.671     175.6
 2013 04 20 22 17 41.427     2013 04 20 22 20 33.995     172.6
134
 2013 04 20 13 49 58.800     2013 04 20 13 52 37.136     158.3
 2013 04 20 22 06 38.904     2013 04 20 22 10  1.147     202.2
135
 2013 04 20 13 52 59.205     2013 04 20 13 55 36.254     157.0
136
 2013 04 20 12 14 28.575     2013 04 20 12 17  9.953     161.4
137
 2013 04 20 10 31 17.096     2013 04 20 10 34 27.266     190.2
 2013 04 20 22 17  3.113     2013 04 20 22 20 18.472     195.4
138
 2013 04 20 09 00 58.354     2013 04 20 09 01 10.089      11.7
 2013 04 20 20 41 15.649     2013 04 20 20 44 59.013     223.4
139
 2013 04 20 10 42 15.293     2013 04 20 10 45  6.558     171.3
 2013 04 20 18 57 12.927     2013 04 20 19 00   .247     167.3
140
 2013 04 20 12 19 57.745     2013 04 20 12 23 21.924     204.2
 2013 04 20 13 57 42.673     2013 04 20 14 01 34.619     231.9
 2013 04 20 18 53 19.831     2013 04 20 18 56 13.429     173.6
141
142
 2013 04 20 13 52  5.045     2013 04 20 13 54 52.829     167.8
 2013 04 20 22 06 44.027     2013 04 20 22 10 32.999     229.0
143
 2013 04 20 10 42 16.892     2013 04 20 10 42 17.597        .7
 2013 04 20 20 34 41.464     2013 04 20 20 38 27.089     225.6
144
 2013 04 20 10 37 53.916     2013 04 20 10 40 33.602     159.7
 2013 04 20 20 36 54.305     2013 04 20 20 40 33.830     219.5
145
 2013 04 20 12 14 26.639     2013 04 20 12 18  9.637     223.0
146
 2013 04 20 12 17 50.078     2013 04 20 12 20 46.839     176.8
 2013 04 20 20 30 50.300     2013 04 20 20 31 17.131      26.8
147
 2013 04 20 13 52 12.976     2013 04 20 13 55 36.347     203.4
 2013 04 20 22 05  4.026     2013 04 20 22 05 43.381      39.4
148
 2013 04 20 10 32  4.715     2013 04 20 10 34 41.506     156.8
149
 2013 04 20 15 29  6.445     2013 04 20 15 31 48.354     161.9
 2013 04 20 22 03 49.867     2013 04 20 22 06 27.404     157.5
150
 2013 04 20 15 31 32.097     2013 04 20 15 34 21.665     169.6
 2013 04 20 20 26 43.307     2013 04 20 20 29 24.536     161.2
151
 2013 04 20 20 41 47.547     2013 04 20 20 44 29.436     161.9
152
 2013 04 20 13 53 14.911     2013 04 20 13 54  7.539      52.6
 2013 04 20 20 30  1.702     2013 04 20 20 33  5.334     183.6
153
 2013 04 20 22 16  9.907     2013 04 20 22 18 48.655     158.7
154
155
 2013 04 20 12 18 57.016     2013 04 20 12 22 18.361     201.3
 2013 04 20 18 55  1.644     2013 04 20 18 58  6.048     184.4
156
 2013 04 20 12 14 18.368     2013 04 20 12 17 56.141     217.8
157
 2013 04 20 20 34 18.946     2013 04 20 20 37 59.994     221.0
158
 2013 04 20 13 55 18.203     2013 04 20 13 58 10.991     172.8
 2013 04 20 20 29 18.473     2013 04 20 20 32 32.640     194.2
159
 2013 04 20 12 15  1.068     2013 04 20 12 17 59.731     178.7
 2013 04 20 20 31 26.993     2013 04 20 20 35 16.330     229.3
160
 2013 04 20 10 36 44.251     2013 04 20 10 39 18.303     154.1
 2013 04 20 20 37 36.722     2013 04 20 20 40 11.677     155.0
161
162
163
164
165
 2013 04 20 15 29 36.583     2013 04 20 15 32 44.808     188.2
 2013 04 20 22 04 11.725     2013 04 20 22 07 13.974     182.2
166
 2013 04 20 22 13 28.465     2013 04 20 22 13 31.749       3.3
167
 2013 04 20 12 20   .387     2013 04 20 12 22 58.551     178.2
 2013 04 20 18 55  2.112     2013 04 20 18 57 41.056     158.9
168
169
 2013 04 20 00 09 21.899     2013 04 20 00 11 58.497     156.6
 2013 04 20 13 44 51.632     2013 04 20 13 47 56.526     184.9
170
 2013 04 20 10 39  7.209     2013 04 20 10 42 24.912     197.7
171
 2013 04 20 12 19  8.413     2013 04 20 12 19 11.645       3.2
 2013 04 20 20 30 47.334     2013 04 20 20 34  1.092     193.8
172
 2013 04 20 12 10 13.066     2013 04 20 12 12 48.771     155.7
 2013 04 20 22 12  3.220     2013 04 20 22 15 26.977     203.8
173
 2013 04 20 20 30 29.662     2013 04 20 20 33 19.672     170.0
174
 2013 04 20 10 38  4.933     2013 04 20 10 40 47.844     162.9
 2013 04 20 20 36 13.047     2013 04 20 20 39 43.110     210.1
175
 2013 04 20 15 30 11.720     2013 04 20 15 32 53.190     161.5
 2013 04 20 20 24 55.069     2013 04 20 20 28 38.498     223.4
 2013 04 20 22 02 51.608     2013 04 20 22 06 34.422     222.8
176
 2013 04 20 12 19 17.635     2013 04 20 12 21 58.770     161.1
 2013 04 20 18 53 53.575     2013 04 20 18 56 47.945     174.4
177
178
 2013 04 20 12 11 52.097     2013 04 20 12 15 19.951     207.9
 2013 04 20 22 12 10.299     2013 04 20 22 13 45.813      95.5
179
180
 2013 04 20 12 17 28.485     2013 04 20 12 20 53.620     205.1
 2013 04 20 20 30 37.988     2013 04 20 20 34 27.001     229.0
181
 2013 04 20 13 49 57.299     2013 04 20 13 53  6.955     189.7
 2013 04 20 22 06  5.357     2013 04 20 22 09 17.822     192.5
182
 2013 04 20 13 52 13.274     2013 04 20 13 52 49.069      35.8
183
 2013 04 20 12 16 21.561     2013 04 20 12 16 50.368      28.8
 2013 04 20 22 09 15.218     2013 04 20 22 10 40.232      85.0
184
 2013 04 20 10 43  6.888     2013 04 20 10 43 19.469      12.6
185
186
 2013 04 20 12 19 20.543     2013 04 20 12 22 56.542     216.0
 2013 04 20 13 57  8.668     2013 04 20 13 58 39.435      90.8
 2013 04 20 18 53 15.709     2013 04 20 18 55 53.628     157.9
187
 2013 04 20 12 09  3.553     2013 04 20 12 11 57.587     174.0
188
 2013 04 20 00 10 16.696     2013 04 20 00 12 59.586     162.9
189
190
 2013 04 20 22 13 52.745     2013 04 20 22 17 11.991     199.2
191
 2013 04 20 22 19 16.003     2013 04 20 22 20 11.582      55.6
192
 2013 04 20 13 48 54.284     2013 04 20 13 52 34.555     220.3
193
 2013 04 20 12 20 32.899     2013 04 20 12 23 25.995     173.1
 2013 04 20 17 15  9.087     2013 04 20 17 15  8.458       -.6
 2013 04 20 18 53 39.669     2013 04 20 18 56 50.701     191.0
194
 2013 04 20 22 13 48.916     2013 04 20 22 16 53.424     184.5
195
 2013 04 20 13 48  1.181     2013 04 20 13 51 19.853     198.7
196
 2013 04 20 20 35 48.653     2013 04 20 20 38 46.941     178.3
197
 2013 04 20 13 47 10.858     2013 04 20 13 48 28.839      78.0
198
 2013 04 20 13 53   .131     2013 04 20 13 55 36.780     156.6
 2013 04 20 20 32 11.541     2013 04 20 20 32 15.980       4.4
199
200
 2013 04 20 13 47 56.671     2013 04 20 13 50 47.583     170.9
201
 2013 04 20 13 51 55.645     2013 04 20 13 54 55.509     179.9
 2013 04 20 22 05 47.422     2013 04 20 22 09 12.705     205.3
202
203
 2013 04 20 12 19 19.589     2013 04 20 12 23  9.780     230.2
 2013 04 20 13 57 20.186     2013 04 20 14 00 59.574     219.4
 2013 04 20 18 53  6.856     2013 04 20 18 55 46.294     159.4
204
 2013 04 20 13 54  4.820     2013 04 20 13 57 45.367     220.5
 2013 04 20 20 30  7.276     2013 04 20 20 32 44.558     157.3
205
206
207
208
 2013 04 20 22 14 40.639     2013 04 20 22 18  6.142     205.5
209
 2013 04 20 08 56 26.294     2013 04 20 08 59 39.542     193.2
 2013 04 20 20 42 42.496     2013 04 20 20 45 41.365     178.9
210
 2013 04 20 10 38 52.462     2013 04 20 10 42 10.181     197.7
211
 2013 04 20 10 31   .807     2013 04 20 10 34 33.302     212.5
 2013 04 20 22 16 58.486     2013 04 20 22 19 58.934     180.4
212
 2013 04 20 13 55 51.766     2013 04 20 13 58 30.750     159.0
 2013 04 20 18 50 49.838     2013 04 20 18 54 33.836     224.0
 2013 04 20 20 28 37.975     2013 04 20 20 29 50.060      72.1
213
 2013 04 20 12 21  1.357     2013 04 20 12 21 23.684      22.3
 2013 04 20 20 30  6.515     2013 04 20 20 31 45.303      98.8
214
 2013 04 20 12 12 37.948     2013 04 20 12 13 55.160      77.2
 2013 04 20 22 10 43.011     2013 04 20 22 14 12.392     209.4
215
216
217
 2013 04 20 12 12 38.895     2013 04 20 12 15 14.612     155.7
 2013 04 20 22 11 12.585     2013 04 20 22 14 58.185     225.6
218
 2013 04 20 13 54  2.147     2013 04 20 13 57  3.892     181.7
 2013 04 20 20 29 33.328     2013 04 20 20 32 17.149     163.8
219
 2013 04 20 18 55 21.534     2013 04 20 18 56 35.030      73.5
220
 2013 04 20 12 13 13.655     2013 04 20 12 16 45.784     212.1
221
 2013 04 20 00 10 18.884     2013 04 20 00 13 22.804     183.9
222
 2013 04 20 22 18 10.864     2013 04 20 22 18 32.115      21.3
223
 2013 04 20 15 30 43.649     2013 04 20 15 34 30.019     226.4
 2013 04 20 20 26 55.810     2013 04 20 20 30 12.414     196.6
224
225
 2013 04 20 12 21 14.475     2013 04 20 12 24  2.020     167.5
 2013 04 20 13 58 38.105     2013 04 20 13 58 49.067      11.0
 2013 04 20 17 15 57.616     2013 04 20 17 19 15.409     197.8
 2013 04 20 18 53 23.052     2013 04 20 18 53 48.162      25.1
226
 2013 04 20 12 13  5.314     2013 04 20 12 15 53.467     168.2
227
 2013 04 20 13 47 40.330     2013 04 20 13 49 13.325      93.0
228
 2013 04 20 13 47 12.054     2013 04 20 13 47 21.476       9.4
229
 2013 04 20 00 07 41.817     2013 04 20 00 10 54.699     192.9
 2013 04 20 13 46 42.193     2013 04 20 13 49 16.562     154.4
230
 2013 04 20 10 38 44.057     2013 04 20 10 41 20.174     156.1
231
 2013 04 20 12 21 36.344     2013 04 20 12 25  4.873     208.5
 2013 04 20 17 17 32.641     2013 04 20 17 20 51.876     199.2
232
233
 2013 04 20 13 50 11.544     2013 04 20 13 52 50.929     159.4
 2013 04 20 22 07 17.881     2013 04 20 22 10 17.125     179.2
234
 2013 04 20 12 17 32.420     2013 04 20 12 20  9.233     156.8
 2013 04 20 20 31 43.781     2013 04 20 20 35 17.260     213.5
235
 2013 04 20 22 14  7.605     2013 04 20 22 17 13.562     186.0
236
 2013 04 20 13 56 15.106     2013 04 20 13 58 54.772     159.7
 2013 04 20 18 51 17.099     2013 04 20 18 54 30.805     193.7
237
 2013 04 20 20 34  2.675     2013 04 20 20 37 18.612     195.9
238
 2013 04 20 12 12 36.584     2013 04 20 12 15 13.268     156.7
 2013 04 20 22 11   .865     2013 04 20 22 14 30.722     209.9
239
 2013 04 20 12 09 29.268     2013 04 20 12 12  3.458     154.2
 2013 04 20 22 16 21.622     2013 04 20 22 16 27.842       6.2
240
 2013 04 20 00 10 10.108     2013 04 20 00 12 45.407     155.3
241
 2013 04 20 12 20 27.801     2013 04 20 12 24  4.004     216.2
 2013 04 20 18 55 18.423     2013 04 20 18 58 34.040     195.6
242
 2013 04 20 10 36  6.737     2013 04 20 10 39 43.744     217.0
 2013 04 20 20 36 25.052     2013 04 20 20 39 16.474     171.4
243
 2013 04 20 13 51 58.870     2013 04 20 13 54 56.814     177.9
 2013 04 20 22 05 47.024     2013 04 20 22 09 15.932     208.9
244
 2013 04 20 12 21 24.781     2013 04 20 12 24 56.427     211.6
 2013 04 20 17 17 22.732     2013 04 20 17 20 56.522     213.8
245
 2013 04 20 20 38 27.420     2013 04 20 20 41 56.936     209.5
246
 2013 04 20 12 21 43.136     2013 04 20 12 25  2.540     199.4
 2013 04 20 17 17 31.262     2013 04 20 17 20 44.010     192.7
247
 2013 04 20 12 21  1.065     2013 04 20 12 23 59.540     178.5
 2013 04 20 17 20 36.561     2013 04 20 17 20 37.249        .7
 2013 04 20 18 54 38.988     2013 04 20 18 58 20.674     221.7
248
 2013 04 20 12 16 19.752     2013 04 20 12 18 58.026     158.3
 2013 04 20 20 32 18.374     2013 04 20 20 34 55.262     156.9
249
 2013 04 20 13 51 41.188     2013 04 20 13 54 19.688     158.5
 2013 04 20 22 06 32.289     2013 04 20 22 09 32.943     180.7
250
 2013 04 20 00 12 18.244     2013 04 20 00 15 40.422     202.2
251
252
 2013 04 20 13 58  1.162     2013 04 20 13 58  7.939       6.8
 2013 04 20 15 32 13.889     2013 04 20 15 35 28.455     194.6
 2013 04 20 18 52 39.693     2013 04 20 18 52 49.264       9.6
 2013 04 20 20 27 25.513     2013 04 20 20 30 12.317     166.8
253
254
 2013 04 20 13 53 57.059     2013 04 20 13 56 39.579     162.5
 2013 04 20 20 28 28.629     2013 04 20 20 31 17.633     169.0
255
 2013 04 20 12 10 57.257     2013 04 20 12 14  2.666     185.4
 2013 04 20 22 12 58.195     2013 04 20 22 15 36.253     158.1
256
 2013 04 20 22 16 12.938     2013 04 20 22 18 51.314     158.4
257
 2013 04 20 15 29 39.072     2013 04 20 15 30 12.752      33.7
 2013 04 20 22 04 36.007     2013 04 20 22 08 13.463     217.5
258
259
 2013 04 20 12 13 46.657     2013 04 20 12 13 55.002       8.3
 2013 04 20 22 10 26.377     2013 04 20 22 14 15.577     229.2
260
 2013 04 20 22 15 10.947     2013 04 20 22 18 12.991     182.0
261
 2013 04 20 13 50 36.687     2013 04 20 13 53 26.126     169.4
 2013 04 20 22 06 34.260     2013 04 20 22 09 16.423     162.2
262
 2013 04 20 15 28 37.443     2013 04 20 15 31 34.221     176.8
 2013 04 20 22 04  2.492     2013 04 20 22 06 46.839     164.3
263
 2013 04 20 22 09 55.003     2013 04 20 22 13 14.265     199.3
264
 2013 04 20 20 39 31.588     2013 04 20 20 39 41.973      10.4
265
 2013 04 20 12 09 34.022     2013 04 20 12 12 34.355     180.3
266
 2013 04 20 12 06 30.783     2013 04 20 12 06 52.437      21.7
267
 2013 04 20 12 16  2.359     2013 04 20 12 17  4.447      62.1
268
 2013 04 20 10 41 58.793     2013 04 20 10 44 37.288     158.5
 2013 04 20 18 57 41.030     2013 04 20 19 00 18.586     157.6
269
 2013 04 20 22 13 23.167     2013 04 20 22 16 44.416     201.2
270
 2013 04 20 20 41 31.700     2013 04 20 20 44  6.359     154.7
271
 2013 04 20 12 08 58.848     2013 04 20 12 11 39.887     161.0
272
 2013 04 20 10 36 49.047     2013 04 20 10 39 28.898     159.9
 2013 04 20 20 37 15.998     2013 04 20 20 39 51.063     155.1
273
 2013 04 20 20 34 31.190     2013 04 20 20 37 59.832     208.6
274
 2013 04 20 08 56 39.634     2013 04 20 08 59 33.347     173.7
 2013 04 20 20 42 49.264     2013 04 20 20 46  1.531     192.3
275
 2013 04 20 00 09 53.580     2013 04 20 00 10  2.798       9.2
276
 2013 04 20 12 17 31.114     2013 04 20 12 20 41.549     190.4
 2013 04 20 20 30 51.892     2013 04 20 20 34 36.680     224.8
277
 2013 04 20 10 32 36.854     2013 04 20 10 35 34.379     177.5
278
279
 2013 04 20 13 55 37.139     2013 04 20 13 58 14.862     157.7
 2013 04 20 18 50 28.858     2013 04 20 18 50 47.299      18.4
 2013 04 20 20 28 42.394     2013 04 20 20 32 17.474     215.1
280
 2013 04 20 13 49 56.885     2013 04 20 13 52 58.080     181.2
 2013 04 20 22 06 11.153     2013 04 20 22 09 27.874     196.7
281
282
 2013 04 20 20 40 18.238     2013 04 20 20 40 38.689      20.5
283
 2013 04 20 13 52 33.577     2013 04 20 13 55 10.121     156.5
284
 2013 04 20 12 18 36.705     2013 04 20 12 21 32.603     175.9
 2013 04 20 18 53 10.701     2013 04 20 18 56 43.823     213.1
285
 2013 04 20 00 07 53.095     2013 04 20 00 10 51.859     178.8
 2013 04 20 13 46 29.314     2013 04 20 13 49  3.551     154.2
286
 2013 04 20 12 18 28.762     2013 04 20 12 21  6.732     158.0
 2013 04 20 18 57 27.141     2013 04 20 18 57 46.283      19.1
287
 2013 04 20 10 41 49.006     2013 04 20 10 44 27.012     158.0
 2013 04 20 18 57 44.461     2013 04 20 19 00 21.023     156.6
288
 2013 04 20 10 41 34.603     2013 04 20 10 45 10.997     216.4
 2013 04 20 18 56 45.253     2013 04 20 18 59 22.225     157.0
289
 2013 04 20 22 12 40.293     2013 04 20 22 12 57.984      17.7
290
 2013 04 20 13 49 40.969     2013 04 20 13 52 46.767     185.8
 2013 04 20 22 05 59.530     2013 04 20 22 09 36.354     216.8
291
 2013 04 20 00 13 57.076     2013 04 20 00 16 31.027     154.0
 2013 04 20 12 04 26.016     2013 04 20 12 07 53.489     207.5
292
 2013 04 20 00 13 53.413     2013 04 20 00 14 44.314      50.9
293
 2013 04 20 12 11 54.988     2013 04 20 12 15  1.215     186.2
 2013 04 20 22 12  8.663     2013 04 20 22 15 39.653     211.0
294
 2013 04 20 12 16 49.256     2013 04 20 12 20 30.911     221.7
 2013 04 20 20 30 54.802     2013 04 20 20 33 58.992     184.2
295
 2013 04 20 15 30  3.016     2013 04 20 15 32 41.719     158.7
 2013 04 20 22 03 26.148     2013 04 20 22 06 49.049     202.9
296
297
298
 2013 04 20 12 12 36.692     2013 04 20 12 13 41.648      65.0
 2013 04 20 22 09 40.029     2013 04 20 22 13 17.724     217.7
299
 2013 04 20 13 52 17.334     2013 04 20 13 54 59.808     162.5
 2013 04 20 22 06 28.081     2013 04 20 22 07 15.965      47.9
300
 2013 04 20 10 31 14.375     2013 04 20 10 33 49.401     155.0
 2013 04 20 22 18  1.595     2013 04 20 22 21 39.278     217.7
301
302
 2013 04 20 13 56 19.102     2013 04 20 13 59 42.946     203.8
 2013 04 20 18 52 11.356     2013 04 20 18 55 21.365     190.0
303
 2013 04 20 12 21  2.925     2013 04 20 12 23 44.647     161.7
 2013 04 20 17 19 51.298     2013 04 20 17 20 12.510      21.2
 2013 04 20 18 54 20.008     2013 04 20 18 57 55.830     215.8
304
305
 2013 04 20 10 37 46.456     2013 04 20 10 39 18.064      91.6
306
 2013 04 20 12 16  7.836     2013 04 20 12 16 15.755       7.9
 2013 04 20 20 33 39.273     2013 04 20 20 36 47.929     188.7
307
 2013 04 20 13 48 20.054     2013 04 20 13 51  6.642     166.6
308
 2013 04 20 00 09 30.134     2013 04 20 00 10  1.975      31.8
309
 2013 04 20 12 21 38.287     2013 04 20 12 24 22.077     163.8
 2013 04 20 17 16 47.288     2013 04 20 17 20  6.719     199.4
310
 2013 04 20 13 54 58.780     2013 04 20 13 58 40.741     222.0
 2013 04 20 20 29 56.694     2013 04 20 20 33 11.210     194.5
311
 2013 04 20 12 08 37.860     2013 04 20 12 11 57.176     199.3
312
 2013 04 20 12 08 35.601     2013 04 20 12 11 32.141     176.5
313
 2013 04 20 12 09  2.270     2013 04 20 12 11 35.712     153.4
314
 2013 04 20 12 20  9.726     2013 04 20 12 23  8.636     178.9
 2013 04 20 18 55  1.868     2013 04 20 18 57 45.137     163.3
315
 2013 04 20 12 20 33.317     2013 04 20 12 20 51.028      17.7
 2013 04 20 18 55 27.344     2013 04 20 18 59 11.823     224.5
316
 2013 04 20 13 47 43.191     2013 04 20 13 50 20.598     157.4
317
 2013 04 20 00 12 22.207     2013 04 20 00 15 17.373     175.2
318
319
 2013 04 20 12 20 56.246     2013 04 20 12 23 39.470     163.2
 2013 04 20 17 15 37.884     2013 04 20 17 19 27.910     230.0
 2013 04 20 18 53 43.675     2013 04 20 18 57 17.654     214.0
320
 2013 04 20 13 50   .480     2013 04 20 13 52 36.693     156.2
 2013 04 20 22 07  2.961     2013 04 20 22 10 19.037     196.1
321
322
 2013 04 20 12 10 26.340     2013 04 20 12 13 47.601     201.3
 2013 04 20 22 13 20.823     2013 04 20 22 15 55.475     154.7
323
 2013 04 20 00 12 25.216     2013 04 20 00 15  8.374     163.2
324
 2013 04 20 20 40 48.051     2013 04 20 20 44 27.499     219.4
325
 2013 04 20 22 08  7.186     2013 04 20 22 11 33.728     206.5
326
 2013 04 20 00 13 53.397     2013 04 20 00 17 24.972     211.6
 2013 04 20 12 05 45.733     2013 04 20 12 08 19.903     154.2
327
 2013 04 20 10 36  9.493     2013 04 20 10 38 46.370     156.9
 2013 04 20 20 38  1.192     2013 04 20 20 40 43.933     162.7
328
 2013 04 20 22 05 26.348     2013 04 20 22 08  4.524     158.2
329
 2013 04 20 13 55 58.578     2013 04 20 13 56  2.918       4.3
 2013 04 20 22 04 35.774     2013 04 20 22 05 55.349      79.6
330
 2013 04 20 20 30 32.019     2013 04 20 20 33 27.632     175.6
331
 2013 04 20 12 16 37.913     2013 04 20 12 20  9.682     211.8
 2013 04 20 20 31 11.431     2013 04 20 20 34  1.016     169.6
332
 2013 04 20 10 43 59.396     2013 04 20 10 44  6.342       6.9
 2013 04 20 18 55 57.210     2013 04 20 18 56 14.412      17.2
333
 2013 04 20 00 12 27.816     2013 04 20 00 15  6.938     159.1
334
 2013 04 20 22 13  6.376     2013 04 20 22 13 47.109      40.7
335
336
 2013 04 20 20 34 45.842     2013 04 20 20 38 22.161     216.3
337
 2013 04 20 12 13  7.191     2013 04 20 12 15 42.757     155.6
338
 2013 04 20 13 53 30.111     2013 04 20 13 54 27.874      57.8
 2013 04 20 22 05 40.092     2013 04 20 22 08 17.088     157.0
339
 2013 04 20 13 55 26.764     2013 04 20 13 58  4.470     157.7
 2013 04 20 20 28 48.658     2013 04 20 20 32  8.796     200.1
340
 2013 04 20 12 18  7.885     2013 04 20 12 20 58.313     170.4
341
 2013 04 20 00 09 17.886     2013 04 20 00 11 52.688     154.8
 2013 04 20 13 45  7.187     2013 04 20 13 48 14.870     187.7
342
 2013 04 20 12 16 21.021     2013 04 20 12 19 23.934     182.9
 2013 04 20 20 31 44.980     2013 04 20 20 34 21.842     156.9
343
 2013 04 20 10 31 55.148     2013 04 20 10 34 33.215     158.1
344
345
346
 2013 04 20 10 37 56.113     2013 04 20 10 41 18.399     202.3
 2013 04 20 20 35 37.722     2013 04 20 20 39   .388     202.7
347
 2013 04 20 18 56  3.551     2013 04 20 18 59  1.286     177.7
348
 2013 04 20 20 35 31.097     2013 04 20 20 38 29.343     178.2
349
 2013 04 20 22 14 22.700     2013 04 20 22 17  4.441     161.7
350
 2013 04 20 12 08 32.337     2013 04 20 12 11 56.212     203.9
351
 2013 04 20 10 38 19.872     2013 04 20 10 39 11.270      51.4
 2013 04 20 20 36  1.362     2013 04 20 20 39 49.530     228.2
352
 2013 04 20 18 58 28.215     2013 04 20 18 59 19.384      51.2
353
 2013 04 20 13 56 30.789     2013 04 20 13 59 29.346     178.6
 2013 04 20 18 51 57.885     2013 04 20 18 54 58.369     180.5
354
 2013 04 20 10 34  2.396     2013 04 20 10 37  1.214     178.8
355
 2013 04 20 15 31  4.886     2013 04 20 15 34 29.587     204.7
 2013 04 20 20 26 57.447     2013 04 20 20 29 55.340     177.9
356
 2013 04 20 13 52 30.565     2013 04 20 13 55  9.339     158.8
357
 2013 04 20 10 35  7.775     2013 04 20 10 37 50.924     163.1
 2013 04 20 20 38  9.045     2013 04 20 20 41 45.724     216.7
358
359
 2013 04 20 12 16  2.461     2013 04 20 12 18 47.057     164.6
 2013 04 20 20 32 57.468     2013 04 20 20 35 35.855     158.4
360
 2013 04 20 13 50 18.283     2013 04 20 13 53 37.714     199.4
 2013 04 20 22 08  4.909     2013 04 20 22 10 41.755     156.8
361
 2013 04 20 10 39  3.143     2013 04 20 10 41 38.912     155.8
362
 2013 04 20 20 41 11.135     2013 04 20 20 44 45.897     214.8
363
 2013 04 20 10 38  6.765     2013 04 20 10 41 33.673     206.9
364
 2013 04 20 10 35 23.732     2013 04 20 10 36 12.294      48.6
365
 2013 04 20 10 37  5.391     2013 04 20 10 40 23.264     197.9
 2013 04 20 20 37 50.475     2013 04 20 20 41 14.409     203.9
366
 2013 04 20 12 10 56.441     2013 04 20 12 14 36.273     219.8
 2013 04 20 22 13  5.671     2013 04 20 22 16  2.011     176.3
367
 2013 04 20 12 15 30.475     2013 04 20 12 16 12.674      42.2
 2013 04 20 22 09 54.195     2013 04 20 22 13  4.147     190.0
368
369
 2013 04 20 00 11 33.260     2013 04 20 00 14 51.106     197.8
370
 2013 04 20 10 42  5.964     2013 04 20 10 44 59.739     173.8
 2013 04 20 18 57 14.378     2013 04 20 18 59 56.227     161.8
371
 2013 04 20 10 30 59.147     2013 04 20 10 33 44.213     165.1
 2013 04 20 22 17 48.108     2013 04 20 22 20 47.143     179.0
372
 2013 04 20 10 40 44.594     2013 04 20 10 43 30.052     165.5
 2013 04 20 18 57 15.616     2013 04 20 19 00 44.183     208.6
373
 2013 04 20 10 41 44.606     2013 04 20 10 44 22.963     158.4
 2013 04 20 18 57 44.013     2013 04 20 19 00 21.032     157.0
374
 2013 04 20 00 12 20.974     2013 04 20 00 15  9.988     169.0
375
 2013 04 20 00 10 34.789     2013 04 20 00 13 23.912     169.1
376
377
378
 2013 04 20 12 21 49.390     2013 04 20 12 24 49.735     180.3
 2013 04 20 17 17 18.695     2013 04 20 17 20 26.559     187.9
379
 2013 04 20 22 09 25.350     2013 04 20 22 13  8.470     223.1
380
 2013 04 20 00 12 21.086     2013 04 20 00 15 11.418     170.3
381
382
 2013 04 20 10 30 52.275     2013 04 20 10 33 25.443     153.2
 2013 04 20 22 18 16.024     2013 04 20 22 21 16.765     180.7
383
384
 2013 04 20 12 11 59.155     2013 04 20 12 14 53.782     174.6
 2013 04 20 22 11  8.892     2013 04 20 22 13 56.864     168.0
385
 2013 04 20 00 12 43.906     2013 04 20 00 16 14.621     210.7
 2013 04 20 12 05 52.102     2013 04 20 12 09 21.914     209.8
386
 2013 04 20 12 21 50.057     2013 04 20 12 24 48.470     178.4
 2013 04 20 17 17 17.292     2013 04 20 17 20 24.504     187.2
387
 2013 04 20 10 34 13.221     2013 04 20 10 37 46.118     212.9
 2013 04 20 20 38 55.574     2013 04 20 20 39 27.088      31.5
388
 2013 04 20 22 08 47.640     2013 04 20 22 11 29.566     161.9
389
 2013 04 20 12 10 53.129     2013 04 20 12 14 20.491     207.4
 2013 04 20 22 13  7.067     2013 04 20 22 15 52.788     165.7
390
391
 2013 04 20 18 55 42.377     2013 04 20 18 59 14.002     211.6
392
 2013 04 20 12 12 30.666     2013 04 20 12 15 15.392     164.7
 2013 04 20 22 10 53.271     2013 04 20 22 14 12.494     199.2
393
 2013 04 20 10 31 28.463     2013 04 20 10 34 47.747     199.3
394
 2013 04 20 13 54 30.382     2013 04 20 13 57 13.299     162.9
 2013 04 20 20 29 17.331     2013 04 20 20 31 54.778     157.4
395
 2013 04 20 12 08 30.292     2013 04 20 12 11  8.447     158.2
396
 2013 04 20 13 50 28.030     2013 04 20 13 53 10.075     162.0
 2013 04 20 22 07 27.152     2013 04 20 22 10 10.674     163.5
397
 2013 04 20 12 08 31.306     2013 04 20 12 11  6.849     155.5
398
 2013 04 20 20 38  7.491     2013 04 20 20 39 21.158      73.7
399
 2013 04 20 20 40 10.190     2013 04 20 20 43 16.738     186.5
400
401
 2013 04 20 10 35 16.637     2013 04 20 10 35 29.982      13.3
 2013 04 20 20 39 20.341     2013 04 20 20 41 54.961     154.6
402
 2013 04 20 13 47 17.705     2013 04 20 13 50 41.686     204.0
403
404
 2013 04 20 12 16 48.591     2013 04 20 12 19 33.191     164.6
 2013 04 20 20 32 41.888     2013 04 20 20 35 34.105     172.2
405
 2013 04 20 12 19 44.120     2013 04 20 12 23 26.472     222.4
 2013 04 20 13 57 42.582     2013 04 20 14 01 18.382     215.8
 2013 04 20 17 18 34.474     2013 04 20 17 18 36.134       1.7
 2013 04 20 18 53  8.492     2013 04 20 18 55 59.579     171.1
406
407
 2013 04 20 13 52  3.283     2013 04 20 13 55 38.828     215.5
 2013 04 20 22 05   .506     2013 04 20 22 06 25.040      84.5
408
409
 2013 04 20 00 10  4.899     2013 04 20 00 12 40.570     155.7
 2013 04 20 13 44  8.015     2013 04 20 13 44 47.724      39.7
410
 2013 04 20 13 48  2.083     2013 04 20 13 51 30.360     208.3
411
 2013 04 20 10 30 29.648     2013 04 20 10 33 20.832     171.2
 2013 04 20 22 18  5.222     2013 04 20 22 20 43.559     158.3
412
 2013 04 20 10 39 29.167     2013 04 20 10 42 44.509     195.3
413
 2013 04 20 20 40 25.909     2013 04 20 20 43   .438     154.5
414
 2013 04 20 00 12 50.899     2013 04 20 00 14 12.760      81.9
 2013 04 20 12 06 10.314     2013 04 20 12 09 11.448     181.1
415
 2013 04 20 20 40 23.178     2013 04 20 20 44  5.978     222.8
416
 2013 04 20 15 29 43.706     2013 04 20 15 32 26.181     162.5
 2013 04 20 22 03  4.531     2013 04 20 22 06  9.853     185.3
417
418
 2013 04 20 00 10 14.485     2013 04 20 00 13 11.778     177.3
419
 2013 04 20 10 37 14.148     2013 04 20 10 40 19.887     185.7
 2013 04 20 20 37 41.430     2013 04 20 20 41  3.378     201.9
420
 2013 04 20 10 36 52.487     2013 04 20 10 36 53.584       1.1
 2013 04 20 20 37 56.121     2013 04 20 20 38 16.854      20.7
421
 2013 04 20 10 35 58.294     2013 04 20 10 39  9.109     190.8
 2013 04 20 20 36 45.316     2013 04 20 20 39 48.690     183.4
422
 2013 04 20 22 15 30.156     2013 04 20 22 18  8.495     158.3
423
 2013 04 20 13 48 17.125     2013 04 20 13 49 12.062      54.9
424
 2013 04 20 13 51  7.524     2013 04 20 13 54 38.608     211.1
 2013 04 20 22 07 47.268     2013 04 20 22 10 55.496     188.2
425
 2013 04 20 10 31  7.226     2013 04 20 10 33 41.988     154.8
 2013 04 20 22 18  9.297     2013 04 20 22 21 37.404     208.1
426
 2013 04 20 10 35   .783     2013 04 20 10 35 30.098      29.3
 2013 04 20 20 39 23.417     2013 04 20 20 42  1.244     157.8
427
 2013 04 20 00 13 38.939     2013 04 20 00 16 34.825     175.9
 2013 04 20 12 05 20.351     2013 04 20 12 08 26.470     186.1
428
 2013 04 20 12 15 39.625     2013 04 20 12 16 48.777      69.2
 2013 04 20 20 33 51.722     2013 04 20 20 36 29.899     158.2
429
 2013 04 20 13 51  5.439     2013 04 20 13 54 12.740     187.3
 2013 04 20 22 06 11.763     2013 04 20 22 08 51.615     159.9
430
 2013 04 20 22 14 42.626     2013 04 20 22 17 17.209     154.6
431
 2013 04 20 08 59 42.887     2013 04 20 09 00  9.616      26.7
 2013 04 20 20 42 15.830     2013 04 20 20 45  2.342     166.5
432
 2013 04 20 18 55 54.001     2013 04 20 18 59  2.852     188.9
433
 2013 04 20 10 35 32.246     2013 04 20 10 38 27.292     175.0
 2013 04 20 20 36 55.310     2013 04 20 20 40 31.829     216.5
434
 2013 04 20 22 13 13.803     2013 04 20 22 16 39.346     205.5
435
436
 2013 04 20 13 54 10.685     2013 04 20 13 57 21.659     191.0
 2013 04 20 20 29 45.247     2013 04 20 20 32 23.675     158.4
437
 2013 04 20 12 18 43.411     2013 04 20 12 22 31.939     228.5
 2013 04 20 18 55 17.966     2013 04 20 18 58 24.848     186.9
438
 2013 04 20 00 12 58.574     2013 04 20 00 15 47.053     168.5
 2013 04 20 12 08 50.213     2013 04 20 12 09 11.330      21.1
439
 2013 04 20 12 18 14.171     2013 04 20 12 21 29.699     195.5
 2013 04 20 18 58 17.335     2013 04 20 18 58 30.687      13.4
440
 2013 04 20 08 56  6.432     2013 04 20 08 59 13.571     187.1
 2013 04 20 20 43  5.832     2013 04 20 20 45 49.500     163.7
441
 2013 04 20 10 43 57.887     2013 04 20 10 44 28.312      30.4
 2013 04 20 18 56 16.908     2013 04 20 18 59 35.333     198.4
442
 2013 04 20 10 35 21.765     2013 04 20 10 37 56.830     155.1
 2013 04 20 20 37 51.530     2013 04 20 20 41 24.950     213.4
443
 2013 04 20 12 11 59.089     2013 04 20 12 12 45.614      46.5
444
 2013 04 20 20 35 31.942     2013 04 20 20 38 10.271     158.3
445
 2013 04 20 00 11 35.604     2013 04 20 00 14 40.329     184.7
446
 2013 04 20 12 09 36.153     2013 04 20 12 12 14.146     158.0
 2013 04 20 22 15  1.316     2013 04 20 22 16 24.022      82.7
447
 2013 04 20 12 21 21.827     2013 04 20 12 21 25.494       3.7
 2013 04 20 20 30  4.721     2013 04 20 20 33 56.287     231.6
448
 2013 04 20 13 54 22.176     2013 04 20 13 57 11.562     169.4
 2013 04 20 20 28 28.406     2013 04 20 20 31  6.116     157.7
449
 2013 04 20 00 09 16.896     2013 04 20 00 12 25.950     189.1
 2013 04 20 13 45 20.043     2013 04 20 13 46 18.639      58.6
450
 2013 04 20 12 12 50.219     2013 04 20 12 15 41.143     170.9
 2013 04 20 22 10 24.597     2013 04 20 22 14  9.017     224.4
451
 2013 04 20 10 35 36.256     2013 04 20 10 38 10.051     153.8
 2013 04 20 20 37 45.529     2013 04 20 20 41  5.714     200.2
452
 2013 04 20 12 14 54.796     2013 04 20 12 17 40.745     165.9
 2013 04 20 20 32 36.832     2013 04 20 20 36 25.920     229.1
453
 2013 04 20 15 30 29.489     2013 04 20 15 33 22.330     172.8
 2013 04 20 20 25 47.641     2013 04 20 20 29 32.506     224.9
 2013 04 20 22 03 29.140     2013 04 20 22 03 44.289      15.1
454
 2013 04 20 18 56  3.830     2013 04 20 18 59 14.909     191.1
455
 2013 04 20 10 33  9.957     2013 04 20 10 35 48.137     158.2
456
 2013 04 20 00 12 26.795     2013 04 20 00 15  1.280     154.5
457
 2013 04 20 15 28 48.376     2013 04 20 15 32  7.521     199.1
 2013 04 20 22 04 27.002     2013 04 20 22 07  4.332     157.3
458
 2013 04 20 00 12 33.386     2013 04 20 00 15 17.794     164.4
459
 2013 04 20 10 36 35.287     2013 04 20 10 39 10.860     155.6
 2013 04 20 20 37 51.074     2013 04 20 20 40 26.077     155.0
460
 2013 04 20 12 08 39.934     2013 04 20 12 09  7.826      27.9
 2013 04 20 22 13 56.899     2013 04 20 22 17 22.223     205.3
461
 2013 04 20 12 15 57.877     2013 04 20 12 18 53.155     175.3
 2013 04 20 20 33 10.153     2013 04 20 20 35 47.562     157.4
462
 2013 04 20 20 33 48.998     2013 04 20 20 34 30.252      41.3
463
 2013 04 20 10 38 14.563     2013 04 20 10 40 49.095     154.5
 2013 04 20 20 36 21.477     2013 04 20 20 38  2.856     101.4
464
 2013 04 20 12 19 16.727     2013 04 20 12 22  2.260     165.5
 2013 04 20 18 53 47.584     2013 04 20 18 56 39.925     172.3
465
 2013 04 20 20 34  8.832     2013 04 20 20 36 46.808     158.0
466
 2013 04 20 12 11 24.211     2013 04 20 12 14 42.364     198.2
 2013 04 20 22 12 39.746     2013 04 20 22 15 46.195     186.4
467
 2013 04 20 12 15 19.261     2013 04 20 12 18 41.951     202.7
 2013 04 20 20 31 21.529     2013 04 20 20 34 32.841     191.3
468
 2013 04 20 10 34 38.975     2013 04 20 10 37 29.247     170.3
 2013 04 20 20 41 52.039     2013 04 20 20 42 19.512      27.5
469
 2013 04 20 12 11  4.963     2013 04 20 12 11 36.215      31.3
 2013 04 20 22 12 56.211     2013 04 20 22 16 23.126     206.9
470
 2013 04 20 10 38  4.568     2013 04 20 10 41 15.445     190.9
 2013 04 20 20 35 40.486     2013 04 20 20 39 11.593     211.1
471
472
 2013 04 20 13 56   .085     2013 04 20 13 58 39.727     159.6
 2013 04 20 18 50 47.625     2013 04 20 18 54  5.070     197.4
473
 2013 04 20 22 15 27.953     2013 04 20 22 18 18.651     170.7
474
 2013 04 20 12 21 55.003     2013 04 20 12 24 33.538     158.5
 2013 04 20 17 16 53.700     2013 04 20 17 19 51.039     177.3
475
 2013 04 20 00 12 11.477     2013 04 20 00 14 46.214     154.7
476
 2013 04 20 00 11 28.810     2013 04 20 00 14 29.955     181.1
477
 2013 04 20 12 14 34.851     2013 04 20 12 17 28.203     173.4
 2013 04 20 20 36 37.281     2013 04 20 20 36 49.574      12.3
478
 2013 04 20 20 35   .303     2013 04 20 20 37 47.045     166.7
479
 2013 04 20 10 41 41.404     2013 04 20 10 44 46.241     184.8
 2013 04 20 18 57  9.984     2013 04 20 18 59 46.737     156.8
480
 2013 04 20 18 56  3.941     2013 04 20 18 58 59.382     175.4
481
 2013 04 20 10 38 30.940     2013 04 20 10 42  7.004     216.1
 2013 04 20 20 34 45.705     2013 04 20 20 34 50.743       5.0
482
483
 2013 04 20 13 53 57.289     2013 04 20 13 57 10.274     193.0
 2013 04 20 20 28  4.381     2013 04 20 20 30 43.129     158.7
484
 2013 04 20 12 13 49.649     2013 04 20 12 17 34.191     224.5
485
486
 2013 04 20 12 06 59.573     2013 04 20 12 10 31.010     211.4
487
 2013 04 20 22 15 25.797     2013 04 20 22 18 50.472     204.7
488
 2013 04 20 22 05  4.198     2013 04 20 22 08  5.618     181.4
489
 2013 04 20 12 18 42.306     2013 04 20 12 22 25.533     223.2
 2013 04 20 13 56 28.996     2013 04 20 13 56 49.101      20.1
 2013 04 20 18 52 59.849     2013 04 20 18 55 51.518     171.7
490
491
 2013 04 20 10 35 43.430     2013 04 20 10 39 15.202     211.8
 2013 04 20 20 36 26.583     2013 04 20 20 39 42.351     195.8
492
 2013 04 20 10 36 56.778     2013 04 20 10 40 23.042     206.3
 2013 04 20 20 37 58.980     2013 04 20 20 41 20.803     201.8
493
 2013 04 20 12 06 49.993     2013 04 20 12 09 59.804     189.8
494
 2013 04 20 00 08 31.905     2013 04 20 00 08 37.423       5.5
 2013 04 20 13 46   .138     2013 04 20 13 46 19.786      19.6
495
 2013 04 20 13 49  3.681     2013 04 20 13 51 40.481     156.8
496
 2013 04 20 22 08 31.815     2013 04 20 22 11 38.100     186.3
497
 2013 04 20 12 14 49.461     2013 04 20 12 17 29.163     159.7
 2013 04 20 20 35 51.180     2013 04 20 20 36 26.320      35.1
498
 2013 04 20 22 09  5.756     2013 04 20 22 09 21.249      15.5
499
 2013 04 20 15 29 45.201     2013 04 20 15 32 43.957     178.8
 2013 04 20 22 04  1.172     2013 04 20 22 07  9.142     188.0
500
 2013 04 20 12 17  2.101     2013 04 20 12 20 47.483     225.4
 2013 04 20 20 32 48.945     2013 04 20 20 33 34.892      45.9
501
502
503
 2013 04 20 00 13 17.001     2013 04 20 00 16 13.600     176.6
 2013 04 20 12 05 19.779     2013 04 20 12 08 49.652     209.9
504
 2013 04 20 13 49 50.993     2013 04 20 13 53 11.234     200.2
 2013 04 20 22 08  3.203     2013 04 20 22 10 54.739     171.5
505
 2013 04 20 12 07 51.020     2013 04 20 12 11 10.211     199.2
506
 2013 04 20 10 38 44.724     2013 04 20 10 39 15.377      30.7
507
 2013 04 20 12 20 13.176     2013 04 20 12 22 50.651     157.5
 2013 04 20 18 54 18.072     2013 04 20 18 57   .537     162.5
508
 2013 04 20 15 31  1.962     2013 04 20 15 33 40.824     158.9
 2013 04 20 20 26  1.646     2013 04 20 20 29   .888     179.2
509
 2013 04 20 22 13 36.144     2013 04 20 22 17  1.742     205.6
510
 2013 04 20 12 17 16.174     2013 04 20 12 20 12.627     176.5
 2013 04 20 20 32 27.696     2013 04 20 20 36  3.566     215.9
511
 2013 04 20 20 35 32.487     2013 04 20 20 38 15.655     163.2
512
 2013 04 20 13 53 52.758     2013 04 20 13 53 58.002       5.2
 2013 04 20 15 32  2.572     2013 04 20 15 35 29.698     207.1
 2013 04 20 20 27 33.726     2013 04 20 20 30 15.376     161.6
513
 2013 04 20 10 35 53.870     2013 04 20 10 39 34.994     221.1
 2013 04 20 20 38 52.742     2013 04 20 20 41 30.836     158.1
514
 2013 04 20 00 10 20.138     2013 04 20 00 13 37.099     197.0
515
 2013 04 20 12 12 50.459     2013 04 20 12 16   .302     189.8
516
 2013 04 20 12 15  6.545     2013 04 20 12 17 46.558     160.0
 2013 04 20 20 31 50.874     2013 04 20 20 35 39.589     228.7
517
 2013 04 20 12 18 57.097     2013 04 20 12 22 10.213     193.1
 2013 04 20 18 54 53.181     2013 04 20 18 58  1.529     188.3
518
 2013 04 20 10 32 58.806     2013 04 20 10 36 29.501     210.7
519
 2013 04 20 12 15  8.858     2013 04 20 12 18  8.155     179.3
 2013 04 20 20 31 31.168     2013 04 20 20 35  8.144     217.0
520
 2013 04 20 10 38 20.541     2013 04 20 10 39 56.228      95.7
521
 2013 04 20 13 50  6.988     2013 04 20 13 51  4.948      58.0
 2013 04 20 22 08 28.927     2013 04 20 22 11  5.604     156.7
522
 2013 04 20 00 12 48.699     2013 04 20 00 16 31.258     222.6
523
524
 2013 04 20 10 39  3.212     2013 04 20 10 41 45.296     162.1
525
 2013 04 20 12 15 19.228     2013 04 20 12 17 55.240     156.0
 2013 04 20 20 32 24.325     2013 04 20 20 35 50.230     205.9
526
 2013 04 20 12 21 36.102     2013 04 20 12 24 18.162     162.1
 2013 04 20 17 16 42.282     2013 04 20 17 20  3.643     201.4
527
528
 2013 04 20 20 35 14.820     2013 04 20 20 38 12.897     178.1
529
 2013 04 20 00 10 53.122     2013 04 20 00 14 14.546     201.4
530
 2013 04 20 00 12 50.537     2013 04 20 00 15 38.616     168.1
531
 2013 04 20 20 34 57.480     2013 04 20 20 37 54.439     177.0
532
533
534
 2013 04 20 13 50 52.412     2013 04 20 13 54  4.062     191.6
 2013 04 20 22 07 50.363     2013 04 20 22 10 33.523     163.2
535
 2013 04 20 20 30 28.764     2013 04 20 20 33 29.274     180.5
536
 2013 04 20 20 34 17.031     2013 04 20 20 36 59.084     162.1
537
 2013 04 20 22 05  5.762     2013 04 20 22 07 43.073     157.3
538
 2013 04 20 12 20 51.662     2013 04 20 12 23 34.603     162.9
 2013 04 20 17 15 32.393     2013 04 20 17 16 34.857      62.5
 2013 04 20 18 53 46.985     2013 04 20 18 57 13.966     207.0
539
 2013 04 20 20 41 35.286     2013 04 20 20 44 52.702     197.4
540
541
 2013 04 20 12 19 52.803     2013 04 20 12 23 44.279     231.5
 2013 04 20 18 55 38.901     2013 04 20 18 58 25.024     166.1
542
 2013 04 20 10 34 46.374     2013 04 20 10 35  1.365      15.0
 2013 04 20 22 16 34.664     2013 04 20 22 19 32.042     177.4
543
 2013 04 20 12 11   .818     2013 04 20 12 13 41.654     160.8
 2013 04 20 22 11 54.198     2013 04 20 22 14 35.688     161.5
544
 2013 04 20 13 57 25.295     2013 04 20 14 00 42.949     197.7
 2013 04 20 18 52 50.957     2013 04 20 18 55 30.929     160.0
545
 2013 04 20 13 53 45.788     2013 04 20 13 56 46.851     181.1
 2013 04 20 20 29 23.860     2013 04 20 20 32 21.417     177.6
546
 2013 04 20 13 53  9.051     2013 04 20 13 56  4.561     175.5
 2013 04 20 20 28 47.317     2013 04 20 20 32 38.314     231.0
547
 2013 04 20 00 13 16.598     2013 04 20 00 16 44.860     208.3
 2013 04 20 12 05 51.169     2013 04 20 12 08 48.503     177.3
548
 2013 04 20 15 30 20.648     2013 04 20 15 33 50.594     209.9
 2013 04 20 20 26 14.641     2013 04 20 20 30  7.256     232.6
549
 2013 04 20 12 10 59.027     2013 04 20 12 13 52.158     173.1
 2013 04 20 22 11 37.278     2013 04 20 22 14 20.310     163.0
550
 2013 04 20 22 04 57.185     2013 04 20 22 07 54.578     177.4
551
 2013 04 20 13 50 30.000     2013 04 20 13 54  9.477     219.5
 2013 04 20 22 08 12.620     2013 04 20 22 10 53.018     160.4
552
553
 2013 04 20 22 04 55.443     2013 04 20 22 08  5.101     189.7
554
 2013 04 20 00 11  4.785     2013 04 20 00 13 42.641     157.9
555
 2013 04 20 15 28 17.016     2013 04 20 15 28 18.442       1.4
 2013 04 20 22 05   .736     2013 04 20 22 07 39.127     158.4
556
 2013 04 20 22 12  9.873     2013 04 20 22 13   .363      50.5
557
 2013 04 20 12 15 26.388     2013 04 20 12 15 49.092      22.7
 2013 04 20 20 31  7.126     2013 04 20 20 33 58.290     171.2
558
 2013 04 20 13 53  8.812     2013 04 20 13 55 51.319     162.5
 2013 04 20 20 28 26.487     2013 04 20 20 28 51.015      24.5
559
 2013 04 20 12 15  5.078     2013 04 20 12 18 42.798     217.7
 2013 04 20 20 31  7.054     2013 04 20 20 34 29.354     202.3
560
 2013 04 20 00 08 57.457     2013 04 20 00 12 38.300     220.8
 2013 04 20 13 45 37.731     2013 04 20 13 45 59.397      21.7
561
 2013 04 20 13 51 46.423     2013 04 20 13 54 53.805     187.4
 2013 04 20 22 07  8.914     2013 04 20 22 10 49.685     220.8
562
 2013 04 20 13 48 13.839     2013 04 20 13 51  6.258     172.4
563
 2013 04 20 00 10 53.038     2013 04 20 00 14 27.936     214.9
564
 2013 04 20 10 33 38.686     2013 04 20 10 37 16.627     217.9
565
 2013 04 20 13 54 10.220     2013 04 20 13 56 58.098     167.9
 2013 04 20 20 29 19.977     2013 04 20 20 32  2.185     162.2
566
 2013 04 20 12 10 36.900     2013 04 20 12 11 43.532      66.6
 2013 04 20 22 13 22.735     2013 04 20 22 16 12.880     170.1
567
 2013 04 20 12 10  7.041     2013 04 20 12 13 43.085     216.0
 2013 04 20 22 10 55.536     2013 04 20 22 14 23.167     207.6
568
 2013 04 20 20 35 29.736     2013 04 20 20 38 45.065     195.3
569
 2013 04 20 20 30 24.534     2013 04 20 20 33 34.288     189.8
570
 2013 04 20 20 34 53.787     2013 04 20 20 37 37.935     164.1
571
572
 2013 04 20 10 35 58.584     2013 04 20 10 38 46.211     167.6
 2013 04 20 20 38 19.960     2013 04 20 20 41  1.363     161.4
573
 2013 04 20 10 31 10.491     2013 04 20 10 34 53.175     222.7
 2013 04 20 22 16 39.755     2013 04 20 22 19 50.858     191.1
574
 2013 04 20 12 20 36.821     2013 04 20 12 23 15.942     159.1
 2013 04 20 18 54 28.035     2013 04 20 18 57 28.847     180.8
575
 2013 04 20 20 34 42.418     2013 04 20 20 37 48.558     186.1
576
 2013 04 20 10 35 52.195     2013 04 20 10 39 24.055     211.9
 2013 04 20 20 36 27.881     2013 04 20 20 39 33.863     186.0
577
 2013 04 20 13 49 31.847     2013 04 20 13 52  9.292     157.4
 2013 04 20 22 06 52.964     2013 04 20 22 07 11.420      18.5
578
 2013 04 20 10 39 21.358     2013 04 20 10 42 27.950     186.6
579
 2013 04 20 13 50  7.166     2013 04 20 13 52 45.063     157.9
 2013 04 20 22 06 44.083     2013 04 20 22 09 55.442     191.4
580
 2013 04 20 10 33 47.694     2013 04 20 10 36 24.789     157.1
581
 2013 04 20 12 17 21.358     2013 04 20 12 18 25.667      64.3
582
 2013 04 20 15 29 48.620     2013 04 20 15 32 37.879     169.3
 2013 04 20 20 24 26.066     2013 04 20 20 24 47.949      21.9
 2013 04 20 22 02 49.957     2013 04 20 22 06  7.166     197.2
583
 2013 04 20 13 49 41.656     2013 04 20 13 52 42.582     180.9
 2013 04 20 22 07 39.578     2013 04 20 22 10 55.156     195.6
584
 2013 04 20 15 31 45.233     2013 04 20 15 35  6.953     201.7
 2013 04 20 20 27 23.133     2013 04 20 20 30  1.044     157.9
585
 2013 04 20 12 06 45.016     2013 04 20 12 09 55.613     190.6
586
 2013 04 20 12 12  9.701     2013 04 20 12 14 45.384     155.7
 2013 04 20 22 11 29.426     2013 04 20 22 14 29.339     179.9
587
 2013 04 20 12 16 46.898     2013 04 20 12 20 15.721     208.8
 2013 04 20 20 33  1.569     2013 04 20 20 36 25.411     203.8
588
 2013 04 20 15 29 16.026     2013 04 20 15 29 54.375      38.3
 2013 04 20 22 04 48.038     2013 04 20 22 07 53.527     185.5
589
 2013 04 20 20 34 11.804     2013 04 20 20 36 53.423     161.6
590
 2013 04 20 12 11 42.392     2013 04 20 12 15  4.220     201.8
 2013 04 20 22 10 52.958     2013 04 20 22 13 33.025     160.1
591
 2013 04 20 13 55 34.142     2013 04 20 13 58 53.477     199.3
 2013 04 20 18 55 24.898     2013 04 20 18 55 29.882       5.0
 2013 04 20 20 29 25.747     2013 04 20 20 33 18.778     233.0
592
 2013 04 20 12 10 48.909     2013 04 20 12 14  4.675     195.8
 2013 04 20 22 11 15.904     2013 04 20 22 14  4.074     168.2
593
 2013 04 20 20 34 54.614     2013 04 20 20 37 30.562     155.9
594
 2013 04 20 13 55 10.037     2013 04 20 13 57 52.133     162.1
 2013 04 20 20 29  9.175     2013 04 20 20 32  9.558     180.4
595
 2013 04 20 15 28 39.775     2013 04 20 15 31 59.027     199.3
 2013 04 20 22 04 25.238     2013 04 20 22 07  4.137     158.9
596
597
 2013 04 20 12 06 55.272     2013 04 20 12 08 59.600     124.3
598
 2013 04 20 10 33 22.751     2013 04 20 10 36  8.009     165.3
599
 2013 04 20 10 37 47.451     2013 04 20 10 41  7.920     200.5
 2013 04 20 20 35 48.118     2013 04 20 20 39   .189     192.1
600
 2013 04 20 12 17 50.476     2013 04 20 12 18  6.286      15.8
 2013 04 20 18 52 17.607     2013 04 20 18 56  4.730     227.1
601
602
 2013 04 20 12 20 26.596     2013 04 20 12 20 40.733      14.1
 2013 04 20 18 55 31.888     2013 04 20 18 59  6.711     214.8
603
 2013 04 20 10 32 50.341     2013 04 20 10 35 44.348     174.0
604
 2013 04 20 12 08 37.651     2013 04 20 12 11 11.241     153.6
605
 2013 04 20 12 07 34.169     2013 04 20 12 10 46.510     192.3
606
607
 2013 04 20 12 17 19.981     2013 04 20 12 20 23.224     183.2
 2013 04 20 20 31 10.391     2013 04 20 20 34 35.251     204.9
608
 2013 04 20 20 38 37.434     2013 04 20 20 38 42.989       5.6
609
 2013 04 20 00 11 21.741     2013 04 20 00 15  8.261     226.5
610
 2013 04 20 15 29 19.604     2013 04 20 15 32 25.878     186.3
 2013 04 20 22 04 15.895     2013 04 20 22 07  1.943     166.0
611
 2013 04 20 20 34  7.940     2013 04 20 20 36 48.285     160.3
612
 2013 04 20 12 18 29.131     2013 04 20 12 22 12.388     223.3
 2013 04 20 18 55  1.665     2013 04 20 18 58 30.760     209.1
613
 2013 04 20 12 12 16.634     2013 04 20 12 14 56.506     159.9
 2013 04 20 22 11 40.759     2013 04 20 22 15  5.637     204.9
614
 2013 04 20 12 14 25.429     2013 04 20 12 17 19.975     174.5
615
 2013 04 20 12 10 52.179     2013 04 20 12 12  7.377      75.2
616
617
 2013 04 20 13 56 14.067     2013 04 20 13 58 52.524     158.5
 2013 04 20 18 51  3.665     2013 04 20 18 54  8.278     184.6
618
 2013 04 20 12 07   .928     2013 04 20 12 10  9.319     188.4
619
 2013 04 20 00 06 10.711     2013 04 20 00 07 48.870      98.2
 2013 04 20 13 47 19.971     2013 04 20 13 50 27.619     187.6
 2013 04 20 23 44 44.805     2013 04 20 23 48 24.765     220.0
620
 2013 04 20 10 41 52.879     2013 04 20 10 44 53.598     180.7
 2013 04 20 18 57 11.456     2013 04 20 18 59 49.147     157.7
621
 2013 04 20 10 36 10.501     2013 04 20 10 37 31.731      81.2
 2013 04 20 20 38 42.037     2013 04 20 20 41 36.999     175.0
622
 2013 04 20 12 10 54.281     2013 04 20 12 11 16.404      22.1
 2013 04 20 22 13  6.719     2013 04 20 22 16 23.225     196.5
623
624
 2013 04 20 13 55 56.345     2013 04 20 13 59 12.787     196.4
 2013 04 20 18 51 39.371     2013 04 20 18 55 20.335     221.0
625
 2013 04 20 00 09 13.476     2013 04 20 00 12 28.571     195.1
 2013 04 20 13 45 23.351     2013 04 20 13 46 10.816      47.5
626
 2013 04 20 12 09 55.003     2013 04 20 12 13 31.201     216.2
 2013 04 20 22 13 38.196     2013 04 20 22 16 17.023     158.8
627
 2013 04 20 00 12 25.812     2013 04 20 00 15 16.247     170.4
628
 2013 04 20 12 07 31.091     2013 04 20 12 08 46.228      75.1
629
 2013 04 20 10 43 17.028     2013 04 20 10 43 40.786      23.8
630
 2013 04 20 10 31 11.795     2013 04 20 10 34 53.496     221.7
 2013 04 20 22 16 39.295     2013 04 20 22 19 51.651     192.4
631
 2013 04 20 12 07 57.824     2013 04 20 12 10 37.322     159.5
632
 2013 04 20 12 08 26.884     2013 04 20 12 11 41.770     194.9
633
 2013 04 20 12 21  3.757     2013 04 20 12 24  2.638     178.9
 2013 04 20 17 20 22.242     2013 04 20 17 20 36.651      14.4
 2013 04 20 18 54 37.524     2013 04 20 18 58 23.704     226.2
634
 2013 04 20 13 54 26.653     2013 04 20 13 57 38.526     191.9
 2013 04 20 15 31 58.246     2013 04 20 15 32  1.599       3.4
 2013 04 20 20 28  6.353     2013 04 20 20 30 50.314     164.0
635
 2013 04 20 22 08 51.097     2013 04 20 22 11 41.820     170.7
636
 2013 04 20 12 13 10.210     2013 04 20 12 15 45.360     155.2
637
 2013 04 20 12 16 38.771     2013 04 20 12 19 23.779     165.0
 2013 04 20 20 32 47.958     2013 04 20 20 35 32.758     164.8
638
 2013 04 20 10 42 15.601     2013 04 20 10 45 45.571     210.0
 2013 04 20 18 56 31.376     2013 04 20 18 59 31.269     179.9
639
 2013 04 20 12 19 55.920     2013 04 20 12 23 13.922     198.0
 2013 04 20 18 55 18.413     2013 04 20 18 57 58.516     160.1
640
 2013 04 20 12 17  5.478     2013 04 20 12 19 46.424     160.9
 2013 04 20 20 31 53.505     2013 04 20 20 34 52.871     179.4
641
 2013 04 20 13 51 45.629     2013 04 20 13 54 22.630     157.0
 2013 04 20 22 06 33.995     2013 04 20 22 09 39.698     185.7
642
 2013 04 20 13 56   .896     2013 04 20 13 58 54.978     174.1
 2013 04 20 18 51 21.482     2013 04 20 18 54 58.274     216.8
643
 2013 04 20 13 53 21.503     2013 04 20 13 57  1.242     219.7
 2013 04 20 20 29 46.701     2013 04 20 20 32 53.496     186.8
644
 2013 04 20 10 35 26.042     2013 04 20 10 38  4.329     158.3
 2013 04 20 20 38  2.772     2013 04 20 20 41 23.915     201.1
645
 2013 04 20 13 56  8.384     2013 04 20 13 58 47.879     159.5
 2013 04 20 18 50 56.385     2013 04 20 18 54  4.591     188.2
646
 2013 04 20 10 41  7.342     2013 04 20 10 44  2.551     175.2
 2013 04 20 18 57 15.396     2013 04 20 19 00 12.588     177.2
647
 2013 04 20 12 19  4.104     2013 04 20 12 21 58.345     174.2
 2013 04 20 18 53 32.840     2013 04 20 18 56 31.897     179.1
648
 2013 04 20 00 07  4.559     2013 04 20 00 10 18.593     194.0
 2013 04 20 13 46 51.739     2013 04 20 13 49 38.600     166.9
 2013 04 20 23 45 37.247     2013 04 20 23 48 41.477     184.2
649
 2013 04 20 22 14 10.687     2013 04 20 22 16 47.254     156.6
650
 2013 04 20 10 37 58.540     2013 04 20 10 38 10.743      12.2
651
 2013 04 20 10 30 59.447     2013 04 20 10 33 44.126     164.7
 2013 04 20 22 18 21.964     2013 04 20 22 21 59.458     217.5
652
 2013 04 20 20 39 44.726     2013 04 20 20 42 20.253     155.5
653
 2013 04 20 22 17  9.335     2013 04 20 22 20 14.497     185.2
654
 2013 04 20 22 16 51.039     2013 04 20 22 19 28.300     157.3
655
656
 2013 04 20 12 13 17.199     2013 04 20 12 15 54.782     157.6
657
 2013 04 20 13 51 27.938     2013 04 20 13 54 14.181     166.2
 2013 04 20 22 06 25.918     2013 04 20 22 09 15.466     169.5
658
 2013 04 20 00 09 47.625     2013 04 20 00 12 43.003     175.4
 2013 04 20 13 43 58.414     2013 04 20 13 47 29.698     211.3
659
 2013 04 20 10 40 30.021     2013 04 20 10 43  7.891     157.9
 2013 04 20 18 57 49.994     2013 04 20 19 01 34.876     224.9
660
 2013 04 20 12 16 28.695     2013 04 20 12 19 34.221     185.5
 2013 04 20 20 31 40.261     2013 04 20 20 34 18.932     158.7
661
 2013 04 20 13 55 12.104     2013 04 20 13 58  9.446     177.3
 2013 04 20 20 29 25.375     2013 04 20 20 32 34.007     188.6
662
 2013 04 20 10 31 26.187     2013 04 20 10 34   .466     154.3
 2013 04 20 22 17 36.997     2013 04 20 22 21 12.632     215.6
663
 2013 04 20 10 44 59.497     2013 04 20 10 45 44.407      44.9
 2013 04 20 18 56 22.834     2013 04 20 18 59  5.896     163.1
664
 2013 04 20 12 17 26.464     2013 04 20 12 20 34.442     188.0
 2013 04 20 20 30 59.057     2013 04 20 20 34 35.519     216.5
665
 2013 04 20 10 32 24.421     2013 04 20 10 35 15.837     171.4
666
 2013 04 20 12 09 15.355     2013 04 20 12 13  1.746     226.4
667
 2013 04 20 13 56 21.665     2013 04 20 13 59  7.640     166.0
 2013 04 20 18 51 34.026     2013 04 20 18 54 43.303     189.3
668
 2013 04 20 12 09 47.336     2013 04 20 12 12 37.116     169.8
 2013 04 20 22 12 55.273     2013 04 20 22 16 15.858     200.6
669
 2013 04 20 12 14 31.168     2013 04 20 12 17 21.225     170.1
670
 2013 04 20 12 16 29.514     2013 04 20 12 19 48.929     199.4
 2013 04 20 20 33 12.725     2013 04 20 20 36  8.904     176.2
671
 2013 04 20 22 16  2.911     2013 04 20 22 19  5.790     182.9
672
 2013 04 20 12 08 50.447     2013 04 20 12 12 18.837     208.4
 2013 04 20 22 13 26.106     2013 04 20 22 13 48.425      22.3
673
 2013 04 20 10 41 27.341     2013 04 20 10 45  6.044     218.7
 2013 04 20 18 56 44.833     2013 04 20 18 59 21.822     157.0
674
 2013 04 20 10 34 53.144     2013 04 20 10 37 42.163     169.0
 2013 04 20 20 38 15.082     2013 04 20 20 42  3.141     228.1
675
 2013 04 20 10 37  8.392     2013 04 20 10 39 57.396     169.0
 2013 04 20 20 36 52.850     2013 04 20 20 39 31.340     158.5
676
 2013 04 20 13 49 42.061     2013 04 20 13 52 43.270     181.2
 2013 04 20 22 07 40.106     2013 04 20 22 10 54.920     194.8
677
678
679
 2013 04 20 15 29 31.304     2013 04 20 15 32 31.077     179.8
 2013 04 20 22 04  7.587     2013 04 20 22 07  1.121     173.5
680
 2013 04 20 13 51 22.294     2013 04 20 13 55  6.294     224.0
 2013 04 20 22 07 36.509     2013 04 20 22 11 15.529     219.0
681
 2013 04 20 13 55 20.384     2013 04 20 13 58  7.265     166.9
 2013 04 20 20 29 11.226     2013 04 20 20 32 25.573     194.3
682
 2013 04 20 00 08 40.580     2013 04 20 00 11 31.297     170.7
 2013 04 20 13 45 54.762     2013 04 20 13 48 47.475     172.7
683
 2013 04 20 00 15 10.502     2013 04 20 00 16  6.747      56.2
684
 2013 04 20 12 17 52.577     2013 04 20 12 20 44.584     172.0
685
 2013 04 20 08 59 35.142     2013 04 20 08 59 44.862       9.7
 2013 04 20 20 42 32.490     2013 04 20 20 45  6.823     154.3
686
687
 2013 04 20 00 09 49.960     2013 04 20 00 13 12.152     202.2
688
 2013 04 20 12 08 22.069     2013 04 20 12 10 56.589     154.5
689
 2013 04 20 10 36  7.952     2013 04 20 10 38 59.144     171.2
 2013 04 20 20 37  5.826     2013 04 20 20 40  1.564     175.7
690
 2013 04 20 12 18 37.405     2013 04 20 12 21 15.984     158.6
 2013 04 20 18 53 25.568     2013 04 20 18 57 16.475     230.9
691
 2013 04 20 13 55 45.093     2013 04 20 13 58 34.246     169.2
 2013 04 20 15 33  9.860     2013 04 20 15 33 26.991      17.1
 2013 04 20 18 50 27.609     2013 04 20 18 53 47.581     200.0
 2013 04 20 20 27 56.900     2013 04 20 20 28 39.471      42.6
692
 2013 04 20 12 20 21.170     2013 04 20 12 23 29.228     188.1
 2013 04 20 13 57 55.455     2013 04 20 13 58 42.108      46.7
 2013 04 20 17 14 57.330     2013 04 20 17 15 19.988      22.7
 2013 04 20 18 53 26.719     2013 04 20 18 56 34.827     188.1
693
 2013 04 20 10 41 42.744     2013 04 20 10 41 43.683        .9
 2013 04 20 18 56 25.226     2013 04 20 18 59  7.705     162.5
694
 2013 04 20 12 20 54.108     2013 04 20 12 23 35.726     161.6
 2013 04 20 18 54 25.100     2013 04 20 18 57 48.048     202.9
695
 2013 04 20 12 12  2.665     2013 04 20 12 14 58.458     175.8
 2013 04 20 22 11  4.802     2013 04 20 22 13 55.501     170.7
696
 2013 04 20 10 34 37.976     2013 04 20 10 38  6.089     208.1
697
 2013 04 20 13 50 47.316     2013 04 20 13 53 36.453     169.1
 2013 04 20 22 07 36.012     2013 04 20 22 10 12.402     156.4
698
 2013 04 20 12 18 23.807     2013 04 20 12 21  6.787     163.0
 2013 04 20 18 56 46.697     2013 04 20 18 57 14.575      27.9
699
700
 2013 04 20 12 12 19.724     2013 04 20 12 14 54.752     155.0
 2013 04 20 22 11 31.592     2013 04 20 22 14 50.154     198.6
701
 2013 04 20 12 21 34.079     2013 04 20 12 24 14.190     160.1
 2013 04 20 17 16 36.665     2013 04 20 17 19 59.166     202.5
702
 2013 04 20 22 09  2.740     2013 04 20 22 10 21.513      78.8
703
704
 2013 04 20 10 39 50.495     2013 04 20 10 42 25.966     155.5
705
 2013 04 20 10 33 57.708     2013 04 20 10 36 59.688     182.0
706
 2013 04 20 13 53 43.698     2013 04 20 13 57 16.987     213.3
 2013 04 20 15 31 26.834     2013 04 20 15 31 54.607      27.8
 2013 04 20 20 27 49.385     2013 04 20 20 30 28.580     159.2
707
 2013 04 20 12 20 34.152     2013 04 20 12 23 46.783     192.6
 2013 04 20 18 55  3.406     2013 04 20 18 58 14.790     191.4
708
 2013 04 20 10 44 13.442     2013 04 20 10 44 48.543      35.1
 2013 04 20 18 56 25.847     2013 04 20 18 59 20.484     174.6
709
 2013 04 20 12 12 44.919     2013 04 20 12 12 59.829      14.9
710
 2013 04 20 13 50 50.939     2013 04 20 13 54 41.138     230.2
 2013 04 20 22 05 40.395     2013 04 20 22 08 21.097     160.7
711
 2013 04 20 13 48 49.745     2013 04 20 13 49 14.523      24.8
 2013 04 20 22 08 21.437     2013 04 20 22 11 50.203     208.8
712
 2013 04 20 22 13 55.464     2013 04 20 22 17  5.166     189.7
713
 2013 04 20 20 39 11.256     2013 04 20 20 42  7.495     176.2
714
 2013 04 20 12 13 21.532     2013 04 20 12 13 47.816      26.3
 2013 04 20 22 10 29.838     2013 04 20 22 10 50.158      20.3
715
716
 2013 04 20 12 16 41.258     2013 04 20 12 19 26.002     164.7
 2013 04 20 20 32 46.352     2013 04 20 20 35 32.743     166.4
717
 2013 04 20 12 17 36.635     2013 04 20 12 20 26.279     169.6
 2013 04 20 20 31 13.321     2013 04 20 20 34 56.126     222.8
718
 2013 04 20 12 15 26.468     2013 04 20 12 18 20.970     174.5
 2013 04 20 20 31 44.279     2013 04 20 20 34 58.906     194.6
719
 2013 04 20 10 34 42.826     2013 04 20 10 37 16.600     153.8
720
 2013 04 20 13 49 12.998     2013 04 20 13 52  1.757     168.8
 2013 04 20 22 11  2.439     2013 04 20 22 11 17.897      15.5
721
 2013 04 20 12 13 18.142     2013 04 20 12 15 53.298     155.2
722
 2013 04 20 12 15 59.192     2013 04 20 12 15 58.563       -.6
 2013 04 20 20 31  5.445     2013 04 20 20 33 42.438     157.0
723
 2013 04 20 12 15  3.021     2013 04 20 12 17 57.203     174.2
 2013 04 20 20 31 31.788     2013 04 20 20 35 20.318     228.5
724
 2013 04 20 12 14 24.240     2013 04 20 12 18  7.912     223.7
725
 2013 04 20 12 20 33.559     2013 04 20 12 20 51.789      18.2
 2013 04 20 18 55 27.143     2013 04 20 18 59 11.900     224.8
726
 2013 04 20 12 20 20.064     2013 04 20 12 23 23.017     183.0
 2013 04 20 13 57 48.730     2013 04 20 13 57 56.434       7.7
 2013 04 20 17 18 59.150     2013 04 20 17 19  7.604       8.5
 2013 04 20 18 53 33.003     2013 04 20 18 56 36.216     183.2
727
 2013 04 20 12 12 56.688     2013 04 20 12 16 15.101     198.4
 2013 04 20 22 09 47.203     2013 04 20 22 10 52.120      64.9
728
 2013 04 20 22 13  9.290     2013 04 20 22 15 18.288     129.0
729
 2013 04 20 00 11 22.270     2013 04 20 00 14  2.898     160.6
730
 2013 04 20 13 51 25.358     2013 04 20 13 54  7.719     162.4
 2013 04 20 22 06 33.731     2013 04 20 22 09 20.570     166.8
731
 2013 04 20 22 16  5.349     2013 04 20 22 18 41.248     155.9
732
 2013 04 20 13 48 39.816     2013 04 20 13 51 35.692     175.9
733
734
 2013 04 20 20 39 57.095     2013 04 20 20 43  9.050     192.0
735
 2013 04 20 12 08 10.012     2013 04 20 12 11 38.560     208.5
736
 2013 04 20 13 52 56.044     2013 04 20 13 55 32.535     156.5
737
 2013 04 20 22 04 47.810     2013 04 20 22 07 56.994     189.2
738
 2013 04 20 00 13 28.036     2013 04 20 00 17  3.436     215.4
 2013 04 20 12 05 54.931     2013 04 20 12 08 38.595     163.7
739
 2013 04 20 12 08 45.796     2013 04 20 12 12 27.575     221.8
 2013 04 20 22 13 37.926     2013 04 20 22 17 19.487     221.6
740
 2013 04 20 12 11  9.622     2013 04 20 12 13 53.163     163.5
 2013 04 20 22 11 48.149     2013 04 20 22 14 25.970     157.8
741
 2013 04 20 22 05 11.326     2013 04 20 22 08  6.675     175.3
742
 2013 04 20 13 52 32.313     2013 04 20 13 55 51.468     199.2
743
 2013 04 20 22 14 24.239     2013 04 20 22 16 59.659     155.4
744
 2013 04 20 15 30 45.047     2013 04 20 15 33 32.182     167.1
 2013 04 20 20 25 58.367     2013 04 20 20 29 20.979     202.6
745
746
 2013 04 20 13 50 23.357     2013 04 20 13 50 27.368       4.0
 2013 04 20 22 05 41.575     2013 04 20 22 08 19.457     157.9
747
 2013 04 20 12 12 34.824     2013 04 20 12 15 51.918     197.1
748
 2013 04 20 13 49 22.510     2013 04 20 13 52 10.024     167.5
 2013 04 20 22 10 15.136     2013 04 20 22 10 18.941       3.8
749
 2013 04 20 22 08   .560     2013 04 20 22 08 55.206      54.6
750
751
 2013 04 20 20 39 48.779     2013 04 20 20 40 40.628      51.8
752
 2013 04 20 12 14  1.530     2013 04 20 12 14  9.990       8.5
 2013 04 20 22 10 30.613     2013 04 20 22 13 59.391     208.8
753
754
 2013 04 20 13 52 24.684     2013 04 20 13 56  2.449     217.8
755
 2013 04 20 13 52 17.440     2013 04 20 13 55 45.923     208.5
 2013 04 20 22 04 53.875     2013 04 20 22 04 58.435       4.6
756
757
758
 2013 04 20 10 38 47.633     2013 04 20 10 42  8.023     200.4
759
 2013 04 20 00 09  6.609     2013 04 20 00 12 47.920     221.3
760
 2013 04 20 20 38 54.592     2013 04 20 20 42 24.592     210.0
761
 2013 04 20 10 36 57.666     2013 04 20 10 40 31.613     213.9
 2013 04 20 20 37 57.510     2013 04 20 20 41 28.306     210.8
762
 2013 04 20 22 17  2.026     2013 04 20 22 19 51.727     169.7
763
 2013 04 20 13 49 17.410     2013 04 20 13 51  2.981     105.6
 2013 04 20 22 08 20.282     2013 04 20 22 11 25.639     185.4
764
 2013 04 20 13 50 10.244     2013 04 20 13 52 49.115     158.9
 2013 04 20 22 06 43.016     2013 04 20 22 09 50.602     187.6
765
 2013 04 20 12 18 54.215     2013 04 20 12 21 43.867     169.7
 2013 04 20 18 54 22.143     2013 04 20 18 57 46.453     204.3
766
 2013 04 20 12 18  3.814     2013 04 20 12 21 25.665     201.9
767
 2013 04 20 22 15 23.465     2013 04 20 22 18 55.211     211.7
768
 2013 04 20 13 47 55.649     2013 04 20 13 50 31.091     155.4
769
 2013 04 20 12 19 26.584     2013 04 20 12 19 38.308      11.7
 2013 04 20 13 57 36.867     2013 04 20 14 01  1.248     204.4
 2013 04 20 18 52 59.111     2013 04 20 18 55 44.950     165.8
770
 2013 04 20 22 17 58.109     2013 04 20 22 18 32.638      34.5
771
 2013 04 20 10 33 47.173     2013 04 20 10 37 13.893     206.7
772
 2013 04 20 13 50  5.705     2013 04 20 13 50 15.923      10.2
 2013 04 20 22 08 34.585     2013 04 20 22 11 13.130     158.5
773
 2013 04 20 22 13 57.973     2013 04 20 22 17 29.132     211.2
774
 2013 04 20 20 41 39.465     2013 04 20 20 44 15.098     155.6
775
 2013 04 20 20 34 33.760     2013 04 20 20 37 34.485     180.7
776
 2013 04 20 12 07 12.953     2013 04 20 12 08 45.609      92.7
777
778
 2013 04 20 10 35 45.214     2013 04 20 10 38 22.099     156.9
 2013 04 20 20 37 26.643     2013 04 20 20 40 43.776     197.1
779
 2013 04 20 20 40  6.398     2013 04 20 20 43 18.781     192.4
780
 2013 04 20 20 34 46.729     2013 04 20 20 35 37.710      51.0
781
 2013 04 20 12 10 32.508     2013 04 20 12 10 58.293      25.8
782
 2013 04 20 12 12 33.309     2013 04 20 12 15 20.633     167.3
 2013 04 20 22 11 25.223     2013 04 20 22 12 19.008      53.8
783
 2013 04 20 00 09 42.061     2013 04 20 00 12 23.868     161.8
 2013 04 20 13 44 21.824     2013 04 20 13 47 47.262     205.4
784
785
786
 2013 04 20 12 16 21.145     2013 04 20 12 19 22.504     181.4
 2013 04 20 20 33  9.111     2013 04 20 20 35 50.184     161.1
787
 2013 04 20 13 47 24.033     2013 04 20 13 51 12.750     228.7
788
 2013 04 20 10 32 45.752     2013 04 20 10 35 30.569     164.8
789
 2013 04 20 13 53 29.018     2013 04 20 13 56 14.657     165.6
 2013 04 20 20 28  6.359     2013 04 20 20 31 23.338     197.0
790
 2013 04 20 10 33 29.385     2013 04 20 10 36 40.247     190.9
791
 2013 04 20 13 49 53.745     2013 04 20 13 52 35.698     162.0
 2013 04 20 22 07 16.585     2013 04 20 22 10 34.242     197.7
792
 2013 04 20 12 09 56.700     2013 04 20 12 10 14.929      18.2
 2013 04 20 22 13 51.231     2013 04 20 22 16 26.407     155.2
793
 2013 04 20 12 17 20.071     2013 04 20 12 20 27.792     187.7
 2013 04 20 20 31  5.055     2013 04 20 20 34 32.191     207.1
794
 2013 04 20 10 32 27.130     2013 04 20 10 35 14.835     167.7
795
 2013 04 20 10 36 54.846     2013 04 20 10 40 25.210     210.4
 2013 04 20 20 38   .728     2013 04 20 20 41 24.267     203.5
796
 2013 04 20 10 32 13.948     2013 04 20 10 35 57.358     223.4
797
 2013 04 20 22 17   .470     2013 04 20 22 20  5.413     184.9
798
 2013 04 20 12 09 20.905     2013 04 20 12 12 16.023     175.1
799
 2013 04 20 12 18 37.430     2013 04 20 12 18 38.560       1.1
 2013 04 20 20 33 44.779     2013 04 20 20 34 31.336      46.6
800
801
 2013 04 20 12 14 41.961     2013 04 20 12 17 18.174     156.2
802
 2013 04 20 13 52 27.099     2013 04 20 13 55 54.136     207.0
803
 2013 04 20 22 08 49.574     2013 04 20 22 11 52.103     182.5
804
805
 2013 04 20 15 28 32.851     2013 04 20 15 31 53.510     200.7
 2013 04 20 22 04 24.196     2013 04 20 22 07  5.661     161.5
806
 2013 04 20 13 56 58.299     2013 04 20 13 57  2.958       4.7
 2013 04 20 15 30 57.719     2013 04 20 15 34 43.779     226.1
 2013 04 20 20 27  9.654     2013 04 20 20 30 10.713     181.1
807
 2013 04 20 12 07  5.256     2013 04 20 12 10 35.382     210.1
808
 2013 04 20 13 47 59.730     2013 04 20 13 51 48.329     228.6
809
 2013 04 20 13 55 47.988     2013 04 20 13 58 27.058     159.1
 2013 04 20 18 50 45.568     2013 04 20 18 54 35.339     229.8
 2013 04 20 20 28 40.898     2013 04 20 20 32 32.995     232.1
810
 2013 04 20 12 12 47.197     2013 04 20 12 15 31.321     164.1
 2013 04 20 22 11  8.439     2013 04 20 22 11 12.434       4.0
811
 2013 04 20 10 32 37.246     2013 04 20 10 35 10.585     153.3
812
 2013 04 20 13 49  1.062     2013 04 20 13 52 26.768     205.7
 2013 04 20 22 07 46.358     2013 04 20 22 11 37.341     231.0
813
 2013 04 20 10 39  8.369     2013 04 20 10 42 27.169     198.8
814
 2013 04 20 00 11  3.445     2013 04 20 00 14 22.571     199.1
815
 2013 04 20 12 07 18.068     2013 04 20 12 10  4.373     166.3
816
817
 2013 04 20 10 37 54.308     2013 04 20 10 40 29.009     154.7
 2013 04 20 20 36 41.201     2013 04 20 20 40  3.926     202.7
818
 2013 04 20 12 10 51.518     2013 04 20 12 14 13.489     202.0
 2013 04 20 22 11 10.578     2013 04 20 22 13 56.218     165.6
819
 2013 04 20 10 35 32.219     2013 04 20 10 38  8.646     156.4
 2013 04 20 20 37 24.922     2013 04 20 20 40 58.117     213.2
820
 2013 04 20 00 14 11.160     2013 04 20 00 16 58.263     167.1
 2013 04 20 12 05  7.724     2013 04 20 12 07 54.548     166.8
821
 2013 04 20 10 37  9.592     2013 04 20 10 38 20.478      70.9
822
 2013 04 20 12 18  8.459     2013 04 20 12 21 24.236     195.8
 2013 04 20 18 52 38.740     2013 04 20 18 53 12.734      34.0
823
 2013 04 20 22 09  9.320     2013 04 20 22 12 34.815     205.5
824
 2013 04 20 12 16 45.632     2013 04 20 12 17 20.318      34.7
 2013 04 20 20 33  5.510     2013 04 20 20 34 29.556      84.0
825
 2013 04 20 10 46 36.721     2013 04 20 10 47  2.068      25.3
 2013 04 20 17 21 28.909     2013 04 20 17 21 36.459       7.5
 2013 04 20 18 55 19.745     2013 04 20 18 55 20.928       1.2
826
 2013 04 20 10 35 59.569     2013 04 20 10 39 26.037     206.5
 2013 04 20 20 36 32.682     2013 04 20 20 39 32.253     179.6
827
 2013 04 20 22 15 17.541     2013 04 20 22 18  6.687     169.1
828
 2013 04 20 22 05 26.962     2013 04 20 22 08  4.044     157.1
829
 2013 04 20 13 50 32.183     2013 04 20 13 50 45.464      13.3
 2013 04 20 22 05 41.486     2013 04 20 22 08 18.407     156.9
830
 2013 04 20 12 21 41.563     2013 04 20 12 24 23.866     162.3
 2013 04 20 17 16 48.452     2013 04 20 17 20  3.207     194.8
831
832
 2013 04 20 10 36 21.194     2013 04 20 10 39 42.609     201.4
 2013 04 20 20 38 30.134     2013 04 20 20 41 14.119     164.0
833
 2013 04 20 00 12  8.577     2013 04 20 00 14 55.052     166.5
834
 2013 04 20 20 41 15.548     2013 04 20 20 43 53.662     158.1
835
 2013 04 20 10 40 11.722     2013 04 20 10 43 29.254     197.5
 2013 04 20 18 58 39.828     2013 04 20 19 02  9.855     210.0
836
 2013 04 20 12 17 32.414     2013 04 20 12 20  9.821     157.4
 2013 04 20 20 31 56.773     2013 04 20 20 35 34.832     218.1
837
 2013 04 20 10 38 24.037     2013 04 20 10 41 30.243     186.2
838
 2013 04 20 10 31   .894     2013 04 20 10 34 34.156     213.3
839
 2013 04 20 15 30 43.208     2013 04 20 15 33 28.742     165.5
 2013 04 20 20 25 54.235     2013 04 20 20 29 18.823     204.6
840
 2013 04 20 12 15 51.322     2013 04 20 12 18 36.388     165.1
 2013 04 20 20 32 57.606     2013 04 20 20 35 41.180     163.6
841
 2013 04 20 10 32 10.197     2013 04 20 10 34 48.450     158.3
842
 2013 04 20 12 10  4.741     2013 04 20 12 12 39.576     154.8
 2013 04 20 22 12 26.452     2013 04 20 22 15 49.295     202.8
843
 2013 04 20 13 50 16.980     2013 04 20 13 53  1.467     164.5
 2013 04 20 22 06 35.987     2013 04 20 22 09 35.004     179.0
844
 2013 04 20 10 34 47.237     2013 04 20 10 38 31.646     224.4
 2013 04 20 20 39 11.881     2013 04 20 20 42  9.422     177.5
845
 2013 04 20 00 07 33.101     2013 04 20 00 11 19.774     226.7
 2013 04 20 13 46 58.145     2013 04 20 13 49 37.848     159.7
846
 2013 04 20 12 10 54.276     2013 04 20 12 14 29.203     214.9
 2013 04 20 22 11   .032     2013 04 20 22 13 42.527     162.5
847
 2013 04 20 20 41 12.603     2013 04 20 20 44 32.198     199.6
848
 2013 04 20 13 53 28.952     2013 04 20 13 55  7.051      98.1
 2013 04 20 20 30  5.036     2013 04 20 20 32 57.134     172.1
849
 2013 04 20 20 33 53.721     2013 04 20 20 36 43.793     170.1
850
 2013 04 20 12 16 46.989     2013 04 20 12 20 27.878     220.9
 2013 04 20 20 30 57.152     2013 04 20 20 33 58.554     181.4
851
 2013 04 20 13 53 40.892     2013 04 20 13 56 20.511     159.6
 2013 04 20 20 28 47.874     2013 04 20 20 31 59.602     191.7
852
853
 2013 04 20 15 30 58.203     2013 04 20 15 33 41.291     163.1
 2013 04 20 20 26  6.267     2013 04 20 20 29 12.134     185.9
854
 2013 04 20 10 44  7.235     2013 04 20 10 44 25.887      18.7
 2013 04 20 18 56 12.460     2013 04 20 18 59 37.082     204.6
855
 2013 04 20 13 51 41.281     2013 04 20 13 54 53.887     192.6
 2013 04 20 22 05 44.575     2013 04 20 22 08 56.857     192.3
856
 2013 04 20 10 44 20.242     2013 04 20 10 44 57.279      37.0
 2013 04 20 18 56 28.303     2013 04 20 18 59 15.415     167.1
857
 2013 04 20 13 54  2.367     2013 04 20 13 56 39.579     157.2
 2013 04 20 20 28 43.641     2013 04 20 20 31 31.978     168.3
858
 2013 04 20 15 28 15.323     2013 04 20 15 31 56.069     220.7
 2013 04 20 22 04 33.760     2013 04 20 22 07 20.850     167.1
859
860
 2013 04 20 20 34 30.441     2013 04 20 20 38 20.275     229.8
861
 2013 04 20 15 30 55.801     2013 04 20 15 34   .487     184.7
 2013 04 20 20 26 29.449     2013 04 20 20 29 39.323     189.9
862
 2013 04 20 12 15 49.937     2013 04 20 12 18 34.704     164.8
 2013 04 20 20 32 56.970     2013 04 20 20 35 41.582     164.6
863
 2013 04 20 10 33  7.909     2013 04 20 10 36  4.684     176.8
864
 2013 04 20 22 08 52.595     2013 04 20 22 09 13.381      20.8
865
 2013 04 20 22 07 40.468     2013 04 20 22 08 11.131      30.7
866
 2013 04 20 10 36 18.721     2013 04 20 10 36 50.474      31.8
 2013 04 20 20 36 15.380     2013 04 20 20 38 57.072     161.7
867
 2013 04 20 00 12 26.476     2013 04 20 00 15 27.799     181.3
868
 2013 04 20 12 16 48.231     2013 04 20 12 17 29.433      41.2
 2013 04 20 20 33  2.962     2013 04 20 20 34 10.909      67.9
869
 2013 04 20 12 08 57.941     2013 04 20 12 11 35.531     157.6
870
 2013 04 20 12 10 21.057     2013 04 20 12 13  2.741     161.7
 2013 04 20 22 11 50.916     2013 04 20 22 15  7.991     197.1
871
 2013 04 20 08 56 20.667     2013 04 20 08 56 33.658      13.0
 2013 04 20 20 42 15.977     2013 04 20 20 45 12.759     176.8
872
 2013 04 20 13 49 55.791     2013 04 20 13 50 42.654      46.9
 2013 04 20 22 08 32.415     2013 04 20 22 11  8.588     156.2
873
 2013 04 20 12 21 17.648     2013 04 20 12 24 25.132     187.5
 2013 04 20 17 16 51.026     2013 04 20 17 20 40.046     229.0
 2013 04 20 18 54 33.141     2013 04 20 18 54 37.244       4.1
874
 2013 04 20 13 54 39.169     2013 04 20 13 58  5.059     205.9
 2013 04 20 15 32 27.109     2013 04 20 15 36 12.650     225.5
 2013 04 20 18 49 16.225     2013 04 20 18 49 37.439      21.2
 2013 04 20 20 27 49.701     2013 04 20 20 30 51.527     181.8
875
 2013 04 20 12 19  5.414     2013 04 20 12 21 56.107     170.7
 2013 04 20 18 53 36.099     2013 04 20 18 56 36.180     180.1
876
 2013 04 20 22 12 52.417     2013 04 20 22 14  2.122      69.7
877
 2013 04 20 10 32 46.804     2013 04 20 10 35 35.679     168.9
878
 2013 04 20 22 17 44.401     2013 04 20 22 18  5.779      21.4
879
880
 2013 04 20 12 08 36.174     2013 04 20 12 11 55.274     199.1
881
 2013 04 20 12 21  3.287     2013 04 20 12 23 48.621     165.3
 2013 04 20 17 15 45.695     2013 04 20 17 19 21.595     215.9
 2013 04 20 18 53 34.913     2013 04 20 18 57 22.070     227.2
882
883
884
 2013 04 20 20 40 19.199     2013 04 20 20 43 59.583     220.4
885
 2013 04 20 22 08 47.109     2013 04 20 22 11 25.667     158.6
886
 2013 04 20 18 56  6.727     2013 04 20 18 59 23.146     196.4
887
 2013 04 20 20 44 15.565     2013 04 20 20 44 35.311      19.7
888
 2013 04 20 12 09 33.055     2013 04 20 12 12 13.720     160.7
 2013 04 20 22 12 35.698     2013 04 20 22 12 39.319       3.6
889
 2013 04 20 20 40  6.243     2013 04 20 20 42 44.156     157.9
890
 2013 04 20 12 14 36.690     2013 04 20 12 17 50.926     194.2
891
 2013 04 20 20 38 51.050     2013 04 20 20 42   .050     189.0
892
 2013 04 20 22 08 19.506     2013 04 20 22 08 41.923      22.4
893
 2013 04 20 22 09 35.995     2013 04 20 22 12 22.769     166.8
894
 2013 04 20 20 39 26.545     2013 04 20 20 43 12.251     225.7
895
 2013 04 20 12 19 53.151     2013 04 20 12 22 46.631     173.5
 2013 04 20 18 54 57.055     2013 04 20 18 57 34.435     157.4
896
 2013 04 20 13 51 14.099     2013 04 20 13 53 54.264     160.2
 2013 04 20 22 06 43.190     2013 04 20 22 09 23.188     160.0
897
 2013 04 20 20 39 43.327     2013 04 20 20 43  5.995     202.7
898
 2013 04 20 20 40  3.786     2013 04 20 20 42 46.363     162.6
899
 2013 04 20 22 14 38.580     2013 04 20 22 18 25.192     226.6
900
 2013 04 20 12 19  9.646     2013 04 20 12 22 37.408     207.8
 2013 04 20 13 56 47.489     2013 04 20 13 56 48.451       1.0
 2013 04 20 18 53 18.124     2013 04 20 18 55 58.311     160.2
901
 2013 04 20 12 16  4.010     2013 04 20 12 19  1.787     177.8
 2013 04 20 20 31 51.428     2013 04 20 20 34 31.590     160.2
902
 2013 04 20 13 47 55.117     2013 04 20 13 50 58.909     183.8
903
 2013 04 20 22 10  5.366     2013 04 20 22 12 50.715     165.3
904
 2013 04 20 10 41 34.105     2013 04 20 10 42 27.594      53.5
905
 2013 04 20 00 07 43.239     2013 04 20 00 10 43.728     180.5
 2013 04 20 13 46 34.198     2013 04 20 13 49  8.971     154.8
906
 2013 04 20 12 12  5.575     2013 04 20 12 12 39.695      34.1
907
 2013 04 20 12 06  5.976     2013 04 20 12 08 51.899     165.9
908
 2013 04 20 10 41 32.974     2013 04 20 10 44 24.982     172.0
 2013 04 20 18 57 23.298     2013 04 20 19 00  2.862     159.6
909
 2013 04 20 22 16 40.577     2013 04 20 22 19 14.576     154.0
910
 2013 04 20 13 53  1.493     2013 04 20 13 56 28.924     207.4
 2013 04 20 20 27 27.574     2013 04 20 20 30 46.719     199.1
911
 2013 04 20 12 07 45.761     2013 04 20 12 11  4.617     198.9
912
913
 2013 04 20 10 33 27.260     2013 04 20 10 36 51.271     204.0
914
 2013 04 20 12 09 46.900     2013 04 20 12 13 28.556     221.7
 2013 04 20 22 13 42.868     2013 04 20 22 16 23.433     160.6
915
 2013 04 20 12 15 55.166     2013 04 20 12 18 51.351     176.2
 2013 04 20 20 33 11.176     2013 04 20 20 35 49.165     158.0
916
 2013 04 20 13 55 40.494     2013 04 20 13 59  7.885     207.4
 2013 04 20 18 51 30.834     2013 04 20 18 51 48.271      17.4
 2013 04 20 20 29 24.741     2013 04 20 20 29 46.726      22.0
917
 2013 04 20 10 30 39.777     2013 04 20 10 34  5.659     205.9
 2013 04 20 22 17 23.009     2013 04 20 22 20  6.789     163.8
918
 2013 04 20 10 40 37.156     2013 04 20 10 43 48.330     191.2
 2013 04 20 18 56 50.286     2013 04 20 19 00 17.673     207.4
919
 2013 04 20 12 19 44.525     2013 04 20 12 22 35.131     170.6
 2013 04 20 18 53 52.519     2013 04 20 18 56 30.157     157.6
920
 2013 04 20 12 11  2.319     2013 04 20 12 14 32.575     210.3
 2013 04 20 22 11  2.417     2013 04 20 22 13 41.442     159.0
921
 2013 04 20 10 36 53.960     2013 04 20 10 40 24.814     210.9
 2013 04 20 20 36 18.801     2013 04 20 20 38 54.818     156.0
922
 2013 04 20 13 47 55.859     2013 04 20 13 50 32.625     156.8
923
 2013 04 20 22 14 25.415     2013 04 20 22 18  4.658     219.2
924
 2013 04 20 12 14 13.426     2013 04 20 12 14 23.446      10.0
925
 2013 04 20 00 08 41.504     2013 04 20 00 12 13.093     211.6
 2013 04 20 13 45 57.035     2013 04 20 13 49 31.026     214.0
926
 2013 04 20 15 29 37.430     2013 04 20 15 32 30.795     173.4
 2013 04 20 22 03 59.861     2013 04 20 22 06 57.010     177.1
927
 2013 04 20 13 48 26.762     2013 04 20 13 51 10.360     163.6
928
 2013 04 20 10 35 47.548     2013 04 20 10 37 25.749      98.2
 2013 04 20 20 38 58.718     2013 04 20 20 41 37.191     158.5
929
 2013 04 20 13 48 12.193     2013 04 20 13 48 29.435      17.2
930
 2013 04 20 20 35  6.400     2013 04 20 20 38  1.861     175.5
931
932
 2013 04 20 10 36  7.638     2013 04 20 10 39 19.144     191.5
 2013 04 20 20 36 45.378     2013 04 20 20 39 39.803     174.4
933
 2013 04 20 12 12 31.719     2013 04 20 12 15  8.174     156.5
 2013 04 20 22 11 21.620     2013 04 20 22 14 59.403     217.8
934
 2013 04 20 10 31 42.553     2013 04 20 10 34 35.211     172.7
 2013 04 20 22 16 53.125     2013 04 20 22 19 15.392     142.3
935
 2013 04 20 13 51 49.691     2013 04 20 13 55 13.650     204.0
 2013 04 20 22 05 25.386     2013 04 20 22 08 54.331     208.9
936
937
 2013 04 20 22 14 12.913     2013 04 20 22 17  1.877     169.0
938
 2013 04 20 00 11 24.385     2013 04 20 00 14 56.302     211.9
939
 2013 04 20 10 39 37.217     2013 04 20 10 42 13.040     155.8
940
 2013 04 20 20 39 36.162     2013 04 20 20 42 57.196     201.0
941
 2013 04 20 13 53 50.753     2013 04 20 13 56 38.843     168.1
 2013 04 20 20 28 19.105     2013 04 20 20 31 10.162     171.1
942
 2013 04 20 13 53 26.127     2013 04 20 13 56 48.292     202.2
 2013 04 20 20 29 32.910     2013 04 20 20 32 43.108     190.2
943
 2013 04 20 20 39 53.571     2013 04 20 20 42 47.040     173.5
944
 2013 04 20 00 13 56.473     2013 04 20 00 16 52.361     175.9
 2013 04 20 12 05 19.569     2013 04 20 12 08  9.906     170.3
945
 2013 04 20 13 53 46.483     2013 04 20 13 57 17.960     211.5
 2013 04 20 15 31 28.492     2013 04 20 15 31 52.568      24.1
 2013 04 20 20 27 51.048     2013 04 20 20 30 29.787     158.7
946
 2013 04 20 13 55 48.155     2013 04 20 13 58 35.071     166.9
 2013 04 20 18 50 57.838     2013 04 20 18 54 52.530     234.7
 2013 04 20 20 28 54.275     2013 04 20 20 30 26.735      92.5
947
 2013 04 20 13 48 36.978     2013 04 20 13 50 50.611     133.6
 2013 04 20 22 11 26.230     2013 04 20 22 12  2.457      36.2
948
 2013 04 20 13 54 49.937     2013 04 20 13 57 31.540     161.6
 2013 04 20 20 29 14.262     2013 04 20 20 31 57.654     163.4
949
 2013 04 20 10 42 24.333     2013 04 20 10 45 33.703     189.4
 2013 04 20 18 56 46.160     2013 04 20 18 59 47.231     181.1
950
 2013 04 20 12 17 15.592     2013 04 20 12 19 55.367     159.8
 2013 04 20 20 32 16.284     2013 04 20 20 35 34.087     197.8
951
 2013 04 20 00 13 46.768     2013 04 20 00 16 28.148     161.4
 2013 04 20 12 06 27.395     2013 04 20 12 07 50.731      83.3
952
 2013 04 20 20 34 40.541     2013 04 20 20 37 28.474     167.9
953
 2013 04 20 00 09 51.589     2013 04 20 00 12 38.997     167.4
954
 2013 04 20 12 05 55.291     2013 04 20 12 08 43.072     167.8
955
 2013 04 20 22 08 57.997     2013 04 20 22 11 34.631     156.6
956
 2013 04 20 15 30  4.905     2013 04 20 15 32 44.479     159.6
 2013 04 20 20 24 47.887     2013 04 20 20 25 41.472      53.6
 2013 04 20 22 03  1.119     2013 04 20 22 06 31.337     210.2
957
 2013 04 20 22 13 54.228     2013 04 20 22 14 56.186      62.0
958
 2013 04 20 12 11 37.119     2013 04 20 12 14 11.325     154.2
 2013 04 20 22 12   .632     2013 04 20 22 14 39.396     158.8
959
 2013 04 20 12 07 14.152     2013 04 20 12 10 32.239     198.1
960
 2013 04 20 13 51 13.805     2013 04 20 13 53 52.777     159.0
 2013 04 20 22 06 45.998     2013 04 20 22 09 25.804     159.8
961
962
 2013 04 20 12 17  5.675     2013 04 20 12 19 56.453     170.8
 2013 04 20 20 32 34.120     2013 04 20 20 35 50.018     195.9
963
 2013 04 20 13 48 36.431     2013 04 20 13 49 20.423      44.0
 2013 04 20 22 08  8.746     2013 04 20 22 08 32.761      24.0
964
 2013 04 20 13 52  3.504     2013 04 20 13 54 41.415     157.9
 2013 04 20 22 06 35.140     2013 04 20 22 10  9.431     214.3
965
 2013 04 20 12 13 32.927     2013 04 20 12 17 15.656     222.7
966
 2013 04 20 12 09 40.659     2013 04 20 12 13 19.299     218.6
 2013 04 20 22 14 10.535     2013 04 20 22 14 49.723      39.2
967
 2013 04 20 12 17  8.954     2013 04 20 12 19 52.337     163.4
 2013 04 20 20 31 46.467     2013 04 20 20 34 50.077     183.6
968
 2013 04 20 12 07  2.476     2013 04 20 12 09 57.547     175.1
969
 2013 04 20 22 04 50.397     2013 04 20 22 08 21.352     211.0
970
 2013 04 20 15 31 22.847     2013 04 20 15 34  3.817     161.0
 2013 04 20 20 26 23.704     2013 04 20 20 29  8.273     164.6
971
 2013 04 20 12 12 40.856     2013 04 20 12 15 15.335     154.5
 2013 04 20 22 11  5.193     2013 04 20 22 14 46.678     221.5
972
 2013 04 20 10 33 45.705     2013 04 20 10 34  8.977      23.3
 2013 04 20 22 17 13.298     2013 04 20 22 19 47.227     153.9
973
 2013 04 20 00 07 46.985     2013 04 20 00 11 28.582     221.6
 2013 04 20 13 46 47.620     2013 04 20 13 49 33.060     165.4
974
 2013 04 20 12 18 39.323     2013 04 20 12 22 24.333     225.0
 2013 04 20 13 56 27.048     2013 04 20 13 56 49.679      22.6
 2013 04 20 18 52 57.619     2013 04 20 18 55 51.005     173.4
975
 2013 04 20 10 37 19.741     2013 04 20 10 40 10.064     170.3
 2013 04 20 20 36 43.739     2013 04 20 20 39 28.026     164.3
976
 2013 04 20 12 14 33.720     2013 04 20 12 17 13.751     160.0
977
 2013 04 20 22 15 32.711     2013 04 20 22 18 47.757     195.0
978
 2013 04 20 10 35 40.198     2013 04 20 10 38 17.753     157.6
 2013 04 20 20 37 23.801     2013 04 20 20 40 47.509     203.7
979
 2013 04 20 12 13 18.521     2013 04 20 12 16 12.253     173.7
980
 2013 04 20 12 16 24.543     2013 04 20 12 19  1.532     157.0
 2013 04 20 20 32 39.471     2013 04 20 20 35 16.079     156.6
981
 2013 04 20 10 34 39.505     2013 04 20 10 38  3.763     204.3
982
 2013 04 20 10 41 40.929     2013 04 20 10 44 17.031     156.1
 2013 04 20 18 58  3.085     2013 04 20 19 00 40.264     157.2
983
 2013 04 20 20 34 46.812     2013 04 20 20 37 39.753     172.9
984
 2013 04 20 13 52 33.531     2013 04 20 13 56  9.778     216.2
 2013 04 20 20 27  1.483     2013 04 20 20 30 55.093     233.6
985
 2013 04 20 22 14 52.284     2013 04 20 22 17 40.211     167.9
986
 2013 04 20 10 31 18.569     2013 04 20 10 33 52.883     154.3
 2013 04 20 22 17 56.048     2013 04 20 22 21 36.935     220.9
987
 2013 04 20 13 56 19.442     2013 04 20 13 58 57.180     157.7
 2013 04 20 18 51 15.577     2013 04 20 18 54 20.929     185.4
988
 2013 04 20 10 38 37.633     2013 04 20 10 41 13.228     155.6
989
990
 2013 04 20 15 29 41.922     2013 04 20 15 33  2.049     200.1
 2013 04 20 22 04 16.162     2013 04 20 22 07 30.590     194.4
991
 2013 04 20 12 11 15.003     2013 04 20 12 14 51.078     216.1
 2013 04 20 22 10 54.208     2013 04 20 22 13 29.732     155.5
992
 2013 04 20 12 19 21.748     2013 04 20 12 21 58.764     157.0
 2013 04 20 18 54  7.179     2013 04 20 18 57  1.187     174.0
993
 2013 04 20 22 16 24.139     2013 04 20 22 19 37.802     193.7
994
 2013 04 20 12 05 35.957     2013 04 20 12 05 59.085      23.1
995
 2013 04 20 00 14  2.642     2013 04 20 00 15 45.456     102.8
 2013 04 20 12 05 46.947     2013 04 20 12 08 21.698     154.8
996
 2013 04 20 10 36 15.114     2013 04 20 10 36 46.120      31.0
997
 2013 04 20 12 20 10.468     2013 04 20 12 22 47.694     157.2
 2013 04 20 18 54 20.350     2013 04 20 18 57  1.293     160.9
998
 2013 04 20 10 39 38.048     2013 04 20 10 42 57.740     199.7
999
 2013 04 20 13 50 15.903     2013 04 20 13 53 57.918     222.0
 2013 04 20 22 05 51.030     2013 04 20 22 08 34.534     163.5
