0 7.2563 100.8085 1 18 5
2  45.0 45.0 0.00
1 8.5551 89.8767 4 19 7
2  45.0 45.0 0.00
2 9.7649 82.3751 10 16 7
2  45.0 45.0 0.00
3 5.3915 126.6887 6 17 5
2  45.0 45.0 0.00
4 47.5363 94.0531 5 26 8
2  45.0 45.0 0.00
5 25.3582 89.5569 9 17 6
2  45.0 45.0 0.00
6 46.0875 132.1435 7 28 6
2  45.0 45.0 0.00
7 31.4046 83.3539 3 22 6
2  45.0 45.0 0.00
8 32.2962 131.5350 9 18 5
2  45.0 45.0 0.00
9 43.6561 127.6957 10 27 6
2  45.0 45.0 0.00
10 4.2794 96.5239 8 21 6
2  45.0 45.0 0.00
11 39.7120 115.0526 2 24 6
2  45.0 45.0 0.00
12 44.7577 81.7079 9 29 8
2  45.0 45.0 0.00
13 10.4787 87.1937 2 27 6
2  45.0 45.0 0.00
14 46.7633 97.3842 10 27 6
2  45.0 45.0 0.00
15 48.7572 79.7232 9 25 8
2  45.0 45.0 0.00
16 29.7785 100.7575 1 27 7
2  45.0 45.0 0.00
17 26.4843 105.0917 7 23 5
2  45.0 45.0 0.00
18 46.3608 105.5055 5 18 7
2  45.0 45.0 0.00
19 25.0396 132.1145 10 22 9
2  45.0 45.0 0.00
20 31.8280 77.7308 8 23 6
2  45.0 45.0 0.00
21 33.9593 106.2898 9 16 7
2  45.0 45.0 0.00
22 34.1094 132.8786 3 28 6
2  45.0 45.0 0.00
23 21.6265 91.2969 4 21 5
2  45.0 45.0 0.00
24 33.7356 114.6620 7 26 8
2  45.0 45.0 0.00
25 19.6754 84.9047 1 20 6
2  45.0 45.0 0.00
26 49.4951 110.2372 5 26 9
2  45.0 45.0 0.00
27 25.8361 126.5439 5 22 8
2  45.0 45.0 0.00
28 48.7428 97.1840 1 15 9
2  45.0 45.0 0.00
29 46.4620 110.3152 9 29 5
2  45.0 45.0 0.00
30 9.7922 106.8528 7 21 6
2  45.0 45.0 0.00
31 47.1096 92.3297 2 27 6
2  45.0 45.0 0.00
32 24.0387 86.0812 6 27 5
2  45.0 45.0 0.00
33 3.0784 86.4312 4 29 8
2  45.0 45.0 0.00
34 27.0065 121.2606 9 26 5
2  45.0 45.0 0.00
35 13.5823 112.9964 8 28 9
2  45.0 45.0 0.00
36 38.5794 86.6310 3 17 8
2  45.0 45.0 0.00
37 21.2844 86.1245 3 22 9
2  45.0 45.0 0.00
38 9.7280 77.9694 6 18 5
2  45.0 45.0 0.00
39 37.8417 109.1251 7 29 7
2  45.0 45.0 0.00
40 35.2694 112.5466 9 18 6
2  45.0 45.0 0.00
41 19.5750 121.9059 2 20 7
2  45.0 45.0 0.00
42 13.7793 96.5823 10 28 5
2  45.0 45.0 0.00
43 12.6795 76.4039 9 16 9
2  45.0 45.0 0.00
44 42.1413 116.0358 10 17 5
2  45.0 45.0 0.00
45 22.8654 106.2488 8 24 7
2  45.0 45.0 0.00
46 33.4780 116.8606 1 21 5
2  45.0 45.0 0.00
47 5.6239 74.5373 6 27 7
2  45.0 45.0 0.00
48 30.5295 125.0659 10 29 9
2  45.0 45.0 0.00
49 40.0762 83.4186 4 18 6
2  45.0 45.0 0.00
50 35.0052 103.9717 5 16 7
2  45.0 45.0 0.00
51 49.4062 103.8459 1 15 7
2  45.0 45.0 0.00
52 41.8677 83.4399 8 28 7
2  45.0 45.0 0.00
53 27.2288 131.3729 4 28 7
2  45.0 45.0 0.00
54 11.3984 85.1666 8 22 9
2  45.0 45.0 0.00
55 48.7531 116.9095 5 18 9
2  45.0 45.0 0.00
56 14.1832 93.0657 10 20 5
2  45.0 45.0 0.00
57 7.6682 109.0690 5 27 9
2  45.0 45.0 0.00
58 29.9189 73.5293 7 19 9
2  45.0 45.0 0.00
59 21.8296 129.9883 2 22 7
2  45.0 45.0 0.00
60 41.4321 91.3700 9 26 7
2  45.0 45.0 0.00
61 24.8663 73.5883 3 19 5
2  45.0 45.0 0.00
62 12.8150 88.5579 2 18 7
2  45.0 45.0 0.00
63 25.1463 120.3163 6 28 5
2  45.0 45.0 0.00
64 47.1713 79.5270 3 28 9
2  45.0 45.0 0.00
65 10.9573 128.3521 3 24 8
2  45.0 45.0 0.00
66 51.2628 86.0791 1 25 9
2  45.0 45.0 0.00
67 48.8749 107.2387 3 28 8
2  45.0 45.0 0.00
68 7.1779 92.3261 10 25 9
2  45.0 45.0 0.00
69 16.9540 121.4479 5 25 6
2  45.0 45.0 0.00
70 32.3994 75.4343 8 21 6
2  45.0 45.0 0.00
71 35.9929 97.2718 1 29 5
2  45.0 45.0 0.00
72 28.7395 93.6776 1 24 5
2  45.0 45.0 0.00
73 51.9157 107.6012 2 19 6
2  45.0 45.0 0.00
74 46.6140 124.5454 6 17 5
2  45.0 45.0 0.00
75 31.0662 96.9055 2 16 6
2  45.0 45.0 0.00
76 20.5841 86.4343 10 20 9
2  45.0 45.0 0.00
77 49.2343 118.9781 5 20 9
2  45.0 45.0 0.00
78 28.6484 109.9828 6 26 8
2  45.0 45.0 0.00
79 39.9466 115.9778 5 23 8
2  45.0 45.0 0.00
80 38.1196 105.2086 5 20 8
2  45.0 45.0 0.00
81 39.4449 126.0241 9 20 6
2  45.0 45.0 0.00
82 16.0717 91.4759 5 23 6
2  45.0 45.0 0.00
83 17.5442 73.3625 8 25 8
2  45.0 45.0 0.00
84 13.6007 87.4960 3 20 8
2  45.0 45.0 0.00
85 15.7950 80.4400 1 22 8
2  45.0 45.0 0.00
86 45.2514 121.9649 5 22 9
2  45.0 45.0 0.00
87 43.7436 126.0057 3 24 5
2  45.0 45.0 0.00
88 5.0475 97.2790 8 16 7
2  45.0 45.0 0.00
89 13.2518 74.2909 4 22 9
2  45.0 45.0 0.00
90 39.6445 75.9451 2 28 6
2  45.0 45.0 0.00
91 26.0397 84.7324 3 23 8
2  45.0 45.0 0.00
92 33.2449 95.9272 7 25 9
2  45.0 45.0 0.00
93 25.2676 122.2498 6 25 9
2  45.0 45.0 0.00
94 23.3728 96.8154 10 23 9
2  45.0 45.0 0.00
95 43.3681 79.7761 3 27 7
2  45.0 45.0 0.00
96 14.7193 109.0577 9 23 7
2  45.0 45.0 0.00
97 42.7972 128.4410 7 17 8
2  45.0 45.0 0.00
98 33.9666 93.2504 9 29 7
2  45.0 45.0 0.00
99 35.9415 113.5422 2 19 9
2  45.0 45.0 0.00
100 22.2104 91.8547 9 23 9
2  45.0 45.0 0.00
101 19.7984 100.4861 8 28 5
2  45.0 45.0 0.00
102 20.3929 93.6199 5 15 8
2  45.0 45.0 0.00
103 3.1968 120.4135 4 18 5
2  45.0 45.0 0.00
104 29.0668 113.3418 8 16 5
2  45.0 45.0 0.00
105 6.4975 98.9872 4 16 9
2  45.0 45.0 0.00
106 9.5830 120.3113 6 29 8
2  45.0 45.0 0.00
107 49.0070 73.5997 5 24 8
2  45.0 45.0 0.00
108 19.8921 73.8033 4 15 5
2  45.0 45.0 0.00
109 16.7833 90.0383 5 17 5
2  45.0 45.0 0.00
110 46.4303 97.7809 2 17 5
2  45.0 45.0 0.00
111 38.5922 87.0869 4 22 8
2  45.0 45.0 0.00
112 48.1423 93.2129 7 15 7
2  45.0 45.0 0.00
113 30.9669 96.1734 4 21 6
2  45.0 45.0 0.00
114 52.6970 83.6454 5 23 9
2  45.0 45.0 0.00
115 28.3974 110.9573 5 28 8
2  45.0 45.0 0.00
116 42.2989 87.1308 1 15 8
2  45.0 45.0 0.00
117 38.9322 108.9447 8 27 6
2  45.0 45.0 0.00
118 37.2679 104.9149 8 29 5
2  45.0 45.0 0.00
119 3.0480 131.8154 5 22 9
2  45.0 45.0 0.00
120 47.4722 124.9607 10 28 8
2  45.0 45.0 0.00
121 37.5591 124.4557 2 20 8
2  45.0 45.0 0.00
122 6.9612 92.8419 9 27 8
2  45.0 45.0 0.00
123 36.3667 91.8007 10 18 9
2  45.0 45.0 0.00
124 51.0129 104.4517 7 16 7
2  45.0 45.0 0.00
125 26.1013 86.9452 8 23 6
2  45.0 45.0 0.00
126 29.3846 80.8315 5 15 8
2  45.0 45.0 0.00
127 48.9983 91.5516 2 20 8
2  45.0 45.0 0.00
128 46.0525 85.6777 1 18 7
2  45.0 45.0 0.00
129 20.7330 114.7234 8 19 5
2  45.0 45.0 0.00
130 37.3807 116.4768 8 25 6
2  45.0 45.0 0.00
131 21.2624 117.8892 10 21 9
2  45.0 45.0 0.00
132 25.9381 92.2241 7 15 5
2  45.0 45.0 0.00
133 50.4350 89.8735 3 16 7
2  45.0 45.0 0.00
134 20.9070 129.1333 10 23 9
2  45.0 45.0 0.00
135 40.4482 90.7844 8 24 8
2  45.0 45.0 0.00
136 41.3317 128.1753 5 21 8
2  45.0 45.0 0.00
137 43.1539 100.8159 8 26 8
2  45.0 45.0 0.00
138 11.5906 125.2656 8 22 5
2  45.0 45.0 0.00
139 30.0324 84.6821 6 15 5
2  45.0 45.0 0.00
140 6.6717 108.3060 8 27 5
2  45.0 45.0 0.00
141 40.6030 81.4234 5 27 7
2  45.0 45.0 0.00
142 6.4421 79.1720 3 24 7
2  45.0 45.0 0.00
143 29.9586 126.9025 9 21 7
2  45.0 45.0 0.00
144 27.2551 102.0544 5 19 8
2  45.0 45.0 0.00
145 27.3524 99.2157 9 23 6
2  45.0 45.0 0.00
146 30.7131 87.5583 3 22 5
2  45.0 45.0 0.00
147 11.9101 78.5646 4 19 6
2  45.0 45.0 0.00
148 36.1345 110.2330 1 19 7
2  45.0 45.0 0.00
149 6.4473 86.0422 8 15 5
2  45.0 45.0 0.00
150 35.1136 120.1700 1 24 8
2  45.0 45.0 0.00
151 32.4598 88.5587 3 16 6
2  45.0 45.0 0.00
152 18.7566 108.0127 10 23 6
2  45.0 45.0 0.00
153 44.3102 110.8190 7 24 5
2  45.0 45.0 0.00
154 25.3215 109.5051 7 18 6
2  45.0 45.0 0.00
155 46.2276 84.9201 9 26 9
2  45.0 45.0 0.00
156 16.4839 97.3329 8 21 6
2  45.0 45.0 0.00
157 41.4048 108.4174 6 26 8
2  45.0 45.0 0.00
158 48.9445 131.2566 8 29 6
2  45.0 45.0 0.00
159 6.9572 75.9309 8 29 9
2  45.0 45.0 0.00
160 24.9315 108.5728 9 28 7
2  45.0 45.0 0.00
161 4.6927 107.8420 6 19 9
2  45.0 45.0 0.00
162 22.5263 103.3155 5 16 7
2  45.0 45.0 0.00
163 48.4792 83.6003 7 19 8
2  45.0 45.0 0.00
164 14.7957 123.0246 9 27 6
2  45.0 45.0 0.00
165 26.7743 111.3547 8 28 8
2  45.0 45.0 0.00
166 43.7851 86.4453 8 27 5
2  45.0 45.0 0.00
167 36.8399 103.1757 4 29 8
2  45.0 45.0 0.00
168 12.3698 92.1294 6 29 6
2  45.0 45.0 0.00
169 23.6816 123.5258 4 20 8
2  45.0 45.0 0.00
170 48.1236 117.1082 8 18 5
2  45.0 45.0 0.00
171 33.2443 116.6549 7 22 8
2  45.0 45.0 0.00
172 22.7305 112.6212 1 23 5
2  45.0 45.0 0.00
173 11.3219 113.6660 6 15 6
2  45.0 45.0 0.00
174 23.3328 86.2337 10 24 6
2  45.0 45.0 0.00
175 48.8545 125.7447 7 22 5
2  45.0 45.0 0.00
176 34.6695 87.9111 4 19 9
2  45.0 45.0 0.00
177 7.0283 73.1408 9 26 7
2  45.0 45.0 0.00
178 50.4608 131.7867 7 19 7
2  45.0 45.0 0.00
179 29.3521 116.3698 2 28 8
2  45.0 45.0 0.00
180 39.7932 122.2184 2 16 8
2  45.0 45.0 0.00
181 37.0955 79.7492 4 29 6
2  45.0 45.0 0.00
182 39.2904 85.9591 8 22 6
2  45.0 45.0 0.00
183 10.3046 95.6118 5 25 6
2  45.0 45.0 0.00
184 11.2046 126.7858 6 23 7
2  45.0 45.0 0.00
185 24.3439 129.0939 1 15 5
2  45.0 45.0 0.00
186 12.7130 73.6839 2 26 9
2  45.0 45.0 0.00
187 43.6542 80.9515 7 24 7
2  45.0 45.0 0.00
188 51.4040 73.5486 2 21 8
2  45.0 45.0 0.00
189 39.6616 101.6401 10 29 5
2  45.0 45.0 0.00
190 10.5089 73.3890 10 24 6
2  45.0 45.0 0.00
191 44.9717 88.3358 1 23 8
2  45.0 45.0 0.00
192 40.3505 78.3673 10 28 5
2  45.0 45.0 0.00
193 38.7204 101.0980 6 25 8
2  45.0 45.0 0.00
194 3.6783 118.5256 7 18 5
2  45.0 45.0 0.00
195 10.7474 101.0941 6 27 8
2  45.0 45.0 0.00
196 50.4771 130.1798 3 28 5
2  45.0 45.0 0.00
197 12.3888 95.6950 1 22 9
2  45.0 45.0 0.00
198 30.8744 108.5467 8 29 7
2  45.0 45.0 0.00
199 46.9312 79.8875 5 18 5
2  45.0 45.0 0.00
200 16.2466 121.1964 3 19 7
2  45.0 45.0 0.00
201 22.5709 119.8373 10 23 8
2  45.0 45.0 0.00
202 21.5600 97.9045 9 29 6
2  45.0 45.0 0.00
203 42.7007 85.4794 1 26 5
2  45.0 45.0 0.00
204 19.8080 131.5183 4 28 9
2  45.0 45.0 0.00
205 24.0561 120.0274 1 25 8
2  45.0 45.0 0.00
206 5.0078 86.6325 7 24 6
2  45.0 45.0 0.00
207 10.3135 111.6421 1 20 5
2  45.0 45.0 0.00
208 23.3578 121.5452 7 26 9
2  45.0 45.0 0.00
209 10.1206 112.3155 5 24 7
2  45.0 45.0 0.00
210 36.5317 93.1417 7 16 9
2  45.0 45.0 0.00
211 17.4813 128.7613 10 21 7
2  45.0 45.0 0.00
212 33.3814 77.9771 6 28 5
2  45.0 45.0 0.00
213 10.1995 118.6068 9 23 6
2  45.0 45.0 0.00
214 10.4990 122.3875 9 24 7
2  45.0 45.0 0.00
215 29.3536 84.7515 10 29 7
2  45.0 45.0 0.00
216 41.2931 82.7758 10 17 5
2  45.0 45.0 0.00
217 38.2230 82.4535 10 27 7
2  45.0 45.0 0.00
218 13.8458 85.9975 8 29 7
2  45.0 45.0 0.00
219 19.2101 125.8227 1 25 5
2  45.0 45.0 0.00
220 22.1150 76.7416 3 19 8
2  45.0 45.0 0.00
221 45.3754 115.1091 5 22 9
2  45.0 45.0 0.00
222 7.6884 131.9376 4 29 7
2  45.0 45.0 0.00
223 25.2349 127.0439 8 28 5
2  45.0 45.0 0.00
224 52.3216 129.3914 2 17 7
2  45.0 45.0 0.00
225 49.6677 123.8428 7 15 7
2  45.0 45.0 0.00
226 35.3347 101.0465 7 27 5
2  45.0 45.0 0.00
227 38.1752 125.3255 6 22 7
2  45.0 45.0 0.00
228 3.1321 111.0947 2 28 5
2  45.0 45.0 0.00
229 14.7311 88.0348 7 22 9
2  45.0 45.0 0.00
230 24.1735 130.7562 6 25 9
2  45.0 45.0 0.00
231 25.1222 126.4780 3 25 9
2  45.0 45.0 0.00
232 3.0064 112.8552 6 29 6
2  45.0 45.0 0.00
233 34.3163 80.7375 8 26 9
2  45.0 45.0 0.00
234 31.6303 95.0491 1 20 9
2  45.0 45.0 0.00
235 20.5760 73.6363 2 17 9
2  45.0 45.0 0.00
236 37.1387 93.1410 5 18 9
2  45.0 45.0 0.00
237 37.2045 120.8901 2 28 9
2  45.0 45.0 0.00
238 43.6102 83.6086 2 23 9
2  45.0 45.0 0.00
239 19.9195 111.5513 2 24 6
2  45.0 45.0 0.00
240 8.2832 101.1822 1 24 8
2  45.0 45.0 0.00
241 5.7992 107.5733 10 26 9
2  45.0 45.0 0.00
242 24.5919 117.8022 10 26 7
2  45.0 45.0 0.00
243 36.2223 99.3970 9 15 5
2  45.0 45.0 0.00
244 44.4079 87.4406 1 28 8
2  45.0 45.0 0.00
245 22.7899 123.0191 3 21 8
2  45.0 45.0 0.00
246 38.4499 94.1720 8 28 9
2  45.0 45.0 0.00
247 13.6536 116.5162 4 22 9
2  45.0 45.0 0.00
248 8.3934 75.6197 2 15 9
2  45.0 45.0 0.00
249 6.2749 99.1832 7 29 5
2  45.0 45.0 0.00
250 47.9220 109.5004 5 23 6
2  45.0 45.0 0.00
251 46.2494 108.0536 2 27 7
2  45.0 45.0 0.00
252 14.1166 83.5030 7 29 5
2  45.0 45.0 0.00
253 6.9486 125.7933 3 26 6
2  45.0 45.0 0.00
254 49.9588 129.9618 7 16 9
2  45.0 45.0 0.00
255 42.2248 84.4853 10 28 5
2  45.0 45.0 0.00
256 50.9705 126.0576 3 19 6
2  45.0 45.0 0.00
257 8.0328 119.2366 9 24 8
2  45.0 45.0 0.00
258 34.4422 126.7488 5 15 6
2  45.0 45.0 0.00
259 49.6409 76.5802 10 29 8
2  45.0 45.0 0.00
260 12.2805 111.1873 7 25 7
2  45.0 45.0 0.00
261 50.4538 104.9757 6 24 6
2  45.0 45.0 0.00
262 36.6783 112.3544 5 26 6
2  45.0 45.0 0.00
263 19.9019 126.7404 7 25 5
2  45.0 45.0 0.00
264 18.4180 86.5757 2 15 9
2  45.0 45.0 0.00
265 5.1681 128.5092 1 25 5
2  45.0 45.0 0.00
266 39.2413 84.6132 1 18 7
2  45.0 45.0 0.00
267 19.1478 85.6082 1 27 8
2  45.0 45.0 0.00
268 31.3864 80.4279 10 20 6
2  45.0 45.0 0.00
269 51.6469 82.5297 8 26 8
2  45.0 45.0 0.00
270 4.8573 94.9835 6 27 7
2  45.0 45.0 0.00
271 50.9675 108.4479 4 27 7
2  45.0 45.0 0.00
272 4.1961 121.7583 5 24 6
2  45.0 45.0 0.00
273 27.0006 100.3294 7 18 6
2  45.0 45.0 0.00
274 9.3951 78.2653 4 29 6
2  45.0 45.0 0.00
275 12.2281 122.7458 6 25 5
2  45.0 45.0 0.00
276 47.2266 82.9285 1 15 7
2  45.0 45.0 0.00
277 20.9217 94.4723 10 24 5
2  45.0 45.0 0.00
278 39.6079 95.0137 1 20 6
2  45.0 45.0 0.00
279 40.7545 102.6833 10 17 8
2  45.0 45.0 0.00
280 28.8724 127.2879 3 22 6
2  45.0 45.0 0.00
281 50.4695 98.3919 5 24 5
2  45.0 45.0 0.00
282 9.5126 126.8621 2 26 7
2  45.0 45.0 0.00
283 45.9224 121.1943 7 17 6
2  45.0 45.0 0.00
284 9.1070 124.2633 4 16 5
2  45.0 45.0 0.00
285 41.0503 116.7881 6 25 6
2  45.0 45.0 0.00
286 37.4921 112.8694 9 15 8
2  45.0 45.0 0.00
287 51.9867 112.2458 6 24 9
2  45.0 45.0 0.00
288 49.7618 117.6552 1 23 5
2  45.0 45.0 0.00
289 44.7228 108.0307 10 29 8
2  45.0 45.0 0.00
290 50.5926 91.2224 1 28 6
2  45.0 45.0 0.00
291 36.1530 122.9542 2 19 9
2  45.0 45.0 0.00
292 13.9794 116.9692 7 19 6
2  45.0 45.0 0.00
293 26.2882 125.8164 5 15 9
2  45.0 45.0 0.00
294 13.2176 84.0070 7 18 6
2  45.0 45.0 0.00
295 21.8943 90.5042 4 15 6
2  45.0 45.0 0.00
296 11.8581 119.3953 8 15 6
2  45.0 45.0 0.00
297 22.3067 117.7408 9 24 8
2  45.0 45.0 0.00
298 10.3582 93.0481 9 27 6
2  45.0 45.0 0.00
299 13.1208 99.1895 9 19 8
2  45.0 45.0 0.00
300 50.7092 107.2168 5 16 5
2  45.0 45.0 0.00
301 41.4201 78.9391 9 25 9
2  45.0 45.0 0.00
302 21.5662 122.5330 8 15 5
2  45.0 45.0 0.00
303 25.3167 113.9515 6 15 6
2  45.0 45.0 0.00
304 39.0042 86.2034 1 21 5
2  45.0 45.0 0.00
305 46.5108 94.8491 5 28 6
2  45.0 45.0 0.00
306 50.0697 130.7056 2 20 9
2  45.0 45.0 0.00
307 33.3441 114.2205 9 15 6
2  45.0 45.0 0.00
308 17.3575 75.1176 1 25 9
2  45.0 45.0 0.00
309 19.0807 89.7377 5 26 8
2  45.0 45.0 0.00
310 28.9946 95.6101 4 29 7
2  45.0 45.0 0.00
311 39.7063 82.4576 8 16 7
2  45.0 45.0 0.00
312 23.2124 84.3876 10 19 8
2  45.0 45.0 0.00
313 23.4781 100.4193 9 18 6
2  45.0 45.0 0.00
314 40.9663 111.3587 10 24 6
2  45.0 45.0 0.00
315 37.2395 105.0300 8 24 7
2  45.0 45.0 0.00
316 32.5627 108.4407 2 16 5
2  45.0 45.0 0.00
317 31.2279 73.6324 7 26 5
2  45.0 45.0 0.00
318 25.4628 109.1808 1 22 7
2  45.0 45.0 0.00
319 7.8679 115.9329 7 28 9
2  45.0 45.0 0.00
320 46.2313 74.6625 1 22 9
2  45.0 45.0 0.00
321 47.0290 115.7128 7 24 9
2  45.0 45.0 0.00
322 13.0146 106.3121 1 23 6
2  45.0 45.0 0.00
323 43.6785 76.7517 4 19 5
2  45.0 45.0 0.00
324 22.9512 114.1762 3 17 5
2  45.0 45.0 0.00
325 10.8156 80.0408 5 18 8
2  45.0 45.0 0.00
326 51.4621 111.4480 7 24 7
2  45.0 45.0 0.00
327 31.1773 76.7529 3 18 7
2  45.0 45.0 0.00
328 45.6339 94.1533 8 28 5
2  45.0 45.0 0.00
329 47.7027 74.4726 9 17 5
2  45.0 45.0 0.00
330 4.7415 97.8996 9 26 8
2  45.0 45.0 0.00
331 11.9178 123.3756 7 20 7
2  45.0 45.0 0.00
332 41.1617 100.5061 5 15 5
2  45.0 45.0 0.00
333 30.9746 127.8229 1 17 5
2  45.0 45.0 0.00
334 40.5510 121.6282 9 28 6
2  45.0 45.0 0.00
335 5.3234 118.5956 5 17 6
2  45.0 45.0 0.00
336 9.5884 130.1443 6 18 8
2  45.0 45.0 0.00
337 30.7125 125.8024 7 29 8
2  45.0 45.0 0.00
338 39.1976 115.8044 2 27 9
2  45.0 45.0 0.00
339 22.7122 91.3921 1 26 9
2  45.0 45.0 0.00
340 52.0169 124.8663 4 16 5
2  45.0 45.0 0.00
341 14.2180 104.2903 2 21 6
2  45.0 45.0 0.00
342 23.9215 112.5175 7 15 9
2  45.0 45.0 0.00
343 43.5414 86.4742 4 19 7
2  45.0 45.0 0.00
344 36.9726 129.9063 6 21 9
2  45.0 45.0 0.00
345 4.8807 131.5692 2 29 6
2  45.0 45.0 0.00
346 39.9967 74.3111 1 18 5
2  45.0 45.0 0.00
347 16.3665 123.6937 6 15 8
2  45.0 45.0 0.00
348 4.6372 101.2734 4 25 5
2  45.0 45.0 0.00
349 6.2664 113.6313 8 29 8
2  45.0 45.0 0.00
350 11.4836 73.2867 3 17 6
2  45.0 45.0 0.00
351 4.5950 99.0734 7 17 5
2  45.0 45.0 0.00
352 15.4103 107.7563 1 16 6
2  45.0 45.0 0.00
353 22.8289 96.8832 10 15 6
2  45.0 45.0 0.00
354 51.2966 83.9137 1 25 5
2  45.0 45.0 0.00
355 13.4115 86.6391 5 20 6
2  45.0 45.0 0.00
356 21.0213 132.7701 1 19 5
2  45.0 45.0 0.00
357 39.7578 124.0458 9 28 6
2  45.0 45.0 0.00
358 44.6387 113.4145 6 29 7
2  45.0 45.0 0.00
359 25.6736 96.8348 2 22 5
2  45.0 45.0 0.00
360 36.3637 111.8393 4 25 7
2  45.0 45.0 0.00
361 52.3889 92.8363 3 15 9
2  45.0 45.0 0.00
362 43.2291 78.5936 5 29 5
2  45.0 45.0 0.00
363 15.6020 88.8549 8 29 6
2  45.0 45.0 0.00
364 30.2907 104.5226 2 24 8
2  45.0 45.0 0.00
365 17.6179 86.5585 3 16 5
2  45.0 45.0 0.00
366 43.5491 115.7527 1 17 9
2  45.0 45.0 0.00
367 38.6552 90.2466 4 26 9
2  45.0 45.0 0.00
368 23.2276 123.9847 9 29 9
2  45.0 45.0 0.00
369 39.9773 117.1380 8 28 9
2  45.0 45.0 0.00
370 12.4612 100.1103 9 17 5
2  45.0 45.0 0.00
371 10.0949 132.8014 8 29 6
2  45.0 45.0 0.00
372 41.0902 85.2969 10 29 9
2  45.0 45.0 0.00
373 7.6019 129.3228 7 15 8
2  45.0 45.0 0.00
374 51.2298 104.1833 1 15 7
2  45.0 45.0 0.00
375 37.8034 105.4505 8 25 9
2  45.0 45.0 0.00
376 30.8362 92.0620 5 19 5
2  45.0 45.0 0.00
377 20.9572 105.1591 9 17 5
2  45.0 45.0 0.00
378 38.8207 90.9285 3 20 9
2  45.0 45.0 0.00
379 12.9801 125.2050 2 17 6
2  45.0 45.0 0.00
380 43.0416 116.4904 7 18 9
2  45.0 45.0 0.00
381 36.4750 96.6795 10 25 6
2  45.0 45.0 0.00
382 33.0528 91.3843 1 15 9
2  45.0 45.0 0.00
383 25.2052 127.5502 4 27 9
2  45.0 45.0 0.00
384 30.8026 121.2661 3 27 7
2  45.0 45.0 0.00
385 36.2894 80.3052 3 16 6
2  45.0 45.0 0.00
386 44.2993 96.8896 6 20 6
2  45.0 45.0 0.00
387 44.5942 78.1142 7 22 5
2  45.0 45.0 0.00
388 51.2243 122.0367 2 28 5
2  45.0 45.0 0.00
389 23.5005 90.0205 7 23 7
2  45.0 45.0 0.00
390 17.5216 73.9062 7 17 5
2  45.0 45.0 0.00
391 52.8199 125.8463 1 26 7
2  45.0 45.0 0.00
392 30.3874 89.6633 3 20 8
2  45.0 45.0 0.00
393 13.1448 131.1134 3 25 5
2  45.0 45.0 0.00
394 20.9433 99.2641 6 24 8
2  45.0 45.0 0.00
395 39.9387 128.7017 3 26 9
2  45.0 45.0 0.00
396 22.1057 108.1568 9 23 8
2  45.0 45.0 0.00
397 43.5441 87.4163 3 18 6
2  45.0 45.0 0.00
398 50.5556 90.9190 7 29 9
2  45.0 45.0 0.00
399 37.3383 99.2724 7 17 9
2  45.0 45.0 0.00
400 25.0726 108.2495 5 20 9
2  45.0 45.0 0.00
401 45.6348 94.1637 4 20 9
2  45.0 45.0 0.00
402 6.4017 81.3449 4 29 8
2  45.0 45.0 0.00
403 51.0900 115.5862 9 25 7
2  45.0 45.0 0.00
404 51.1312 117.0633 5 22 7
2  45.0 45.0 0.00
405 6.0108 103.0912 7 26 5
2  45.0 45.0 0.00
406 18.0450 117.8841 6 28 6
2  45.0 45.0 0.00
407 42.7311 86.7246 5 23 6
2  45.0 45.0 0.00
408 25.9077 125.7770 5 21 9
2  45.0 45.0 0.00
409 43.6016 92.7436 7 19 5
2  45.0 45.0 0.00
410 51.8498 116.3991 7 26 7
2  45.0 45.0 0.00
411 38.3532 79.7058 5 27 6
2  45.0 45.0 0.00
412 20.5589 110.0004 3 18 6
2  45.0 45.0 0.00
413 18.9983 88.6842 1 23 6
2  45.0 45.0 0.00
414 39.6528 80.8858 1 20 5
2  45.0 45.0 0.00
415 7.1504 92.1773 10 24 9
2  45.0 45.0 0.00
416 39.5578 86.2848 8 25 7
2  45.0 45.0 0.00
417 31.8791 132.4935 7 21 9
2  45.0 45.0 0.00
418 37.1430 94.7787 8 17 5
2  45.0 45.0 0.00
419 45.0740 113.5827 1 17 9
2  45.0 45.0 0.00
420 30.5314 118.0288 3 15 9
2  45.0 45.0 0.00
421 45.2783 94.4817 10 26 7
2  45.0 45.0 0.00
422 22.3722 102.8058 4 29 7
2  45.0 45.0 0.00
423 9.4882 128.3657 6 25 8
2  45.0 45.0 0.00
424 19.4204 122.2153 5 24 7
2  45.0 45.0 0.00
425 21.5039 129.0662 5 19 9
2  45.0 45.0 0.00
426 23.3315 80.6049 2 27 7
2  45.0 45.0 0.00
427 52.0339 82.5853 3 26 7
2  45.0 45.0 0.00
428 13.9777 87.3721 8 29 7
2  45.0 45.0 0.00
429 12.3048 95.1713 4 24 7
2  45.0 45.0 0.00
430 48.9359 130.1528 10 23 6
2  45.0 45.0 0.00
431 39.5187 78.9730 10 23 7
2  45.0 45.0 0.00
432 48.5565 78.1982 6 27 6
2  45.0 45.0 0.00
433 16.0348 114.0202 10 21 6
2  45.0 45.0 0.00
434 51.5005 83.8867 6 17 9
2  45.0 45.0 0.00
435 7.4436 123.7784 3 16 5
2  45.0 45.0 0.00
436 3.0279 92.3536 3 25 9
2  45.0 45.0 0.00
437 25.7041 105.1153 3 22 8
2  45.0 45.0 0.00
438 47.0563 108.1570 6 17 9
2  45.0 45.0 0.00
439 9.6459 98.4327 9 24 7
2  45.0 45.0 0.00
440 28.1213 129.9526 1 19 5
2  45.0 45.0 0.00
441 39.8637 118.7900 10 26 5
2  45.0 45.0 0.00
442 47.2034 132.7553 9 21 6
2  45.0 45.0 0.00
443 32.4284 96.0958 6 27 5
2  45.0 45.0 0.00
444 39.2720 84.4743 6 27 9
2  45.0 45.0 0.00
445 22.2029 132.1619 7 18 9
2  45.0 45.0 0.00
446 36.2497 85.7025 2 22 5
2  45.0 45.0 0.00
447 5.5674 76.0119 8 25 5
2  45.0 45.0 0.00
448 37.5458 119.2117 5 21 8
2  45.0 45.0 0.00
449 47.2602 82.4108 7 28 6
2  45.0 45.0 0.00
450 40.3993 109.3739 3 22 5
2  45.0 45.0 0.00
451 18.5594 80.8772 4 21 6
2  45.0 45.0 0.00
452 40.5622 105.0015 6 27 9
2  45.0 45.0 0.00
453 36.6180 100.9522 3 20 8
2  45.0 45.0 0.00
454 29.9185 115.5625 6 26 8
2  45.0 45.0 0.00
455 50.7623 118.4670 9 16 5
2  45.0 45.0 0.00
456 14.3606 79.9556 8 27 8
2  45.0 45.0 0.00
457 5.9381 115.4399 4 22 8
2  45.0 45.0 0.00
458 49.0030 109.1273 5 19 7
2  45.0 45.0 0.00
459 10.8779 131.0649 8 22 7
2  45.0 45.0 0.00
460 23.9667 120.3995 10 18 9
2  45.0 45.0 0.00
461 4.9306 122.0947 8 27 6
2  45.0 45.0 0.00
462 30.6702 75.0322 5 18 7
2  45.0 45.0 0.00
463 34.7659 114.3281 4 16 7
2  45.0 45.0 0.00
464 51.2513 132.3853 2 24 6
2  45.0 45.0 0.00
465 49.8124 96.8537 7 20 9
2  45.0 45.0 0.00
466 52.3748 88.2720 7 23 6
2  45.0 45.0 0.00
467 24.8610 124.1777 4 29 9
2  45.0 45.0 0.00
468 15.0258 124.6793 4 18 6
2  45.0 45.0 0.00
469 47.3096 93.8300 9 25 5
2  45.0 45.0 0.00
470 26.4378 124.1601 1 29 6
2  45.0 45.0 0.00
471 24.4790 80.7020 10 15 6
2  45.0 45.0 0.00
472 35.0526 101.5380 9 28 7
2  45.0 45.0 0.00
473 17.9435 99.4039 5 15 6
2  45.0 45.0 0.00
474 42.1178 115.3915 10 17 6
2  45.0 45.0 0.00
475 8.1853 117.3312 10 20 6
2  45.0 45.0 0.00
476 32.4541 113.3373 8 18 9
2  45.0 45.0 0.00
477 9.7414 91.0421 3 18 6
2  45.0 45.0 0.00
478 18.4426 120.4094 10 25 5
2  45.0 45.0 0.00
479 41.2441 130.1838 8 25 9
2  45.0 45.0 0.00
480 25.3063 92.5919 6 22 5
2  45.0 45.0 0.00
481 41.1116 114.2844 4 26 7
2  45.0 45.0 0.00
482 37.5363 119.2124 9 25 7
2  45.0 45.0 0.00
483 51.4382 86.2791 3 15 6
2  45.0 45.0 0.00
484 52.9085 84.5048 3 26 6
2  45.0 45.0 0.00
485 52.6099 132.0169 7 15 7
2  45.0 45.0 0.00
486 10.5321 75.5198 2 22 8
2  45.0 45.0 0.00
487 16.1275 83.5411 3 16 7
2  45.0 45.0 0.00
488 25.3377 106.2471 5 27 6
2  45.0 45.0 0.00
489 29.9323 77.4361 3 17 9
2  45.0 45.0 0.00
490 30.1782 126.8359 8 20 8
2  45.0 45.0 0.00
491 15.7189 105.7865 6 17 7
2  45.0 45.0 0.00
492 41.9308 113.4001 4 18 6
2  45.0 45.0 0.00
493 35.4365 91.0742 8 28 6
2  45.0 45.0 0.00
494 42.6539 81.1265 10 22 9
2  45.0 45.0 0.00
495 25.2025 95.2779 9 21 5
2  45.0 45.0 0.00
496 48.9132 121.2012 1 16 8
2  45.0 45.0 0.00
497 15.6688 114.8065 7 27 6
2  45.0 45.0 0.00
498 38.8054 131.7679 1 22 6
2  45.0 45.0 0.00
499 41.6710 91.8199 7 23 8
2  45.0 45.0 0.00
500 14.8705 81.9754 6 28 9
2  45.0 45.0 0.00
501 23.4061 96.4591 10 21 8
2  45.0 45.0 0.00
502 47.1540 80.0094 2 17 7
2  45.0 45.0 0.00
503 51.7631 108.8141 4 22 8
2  45.0 45.0 0.00
504 50.5977 99.5209 5 25 6
2  45.0 45.0 0.00
505 43.6806 109.4201 3 19 6
2  45.0 45.0 0.00
506 9.5193 122.5595 1 27 7
2  45.0 45.0 0.00
507 41.4337 126.7085 9 16 9
2  45.0 45.0 0.00
508 46.1196 88.7806 3 16 5
2  45.0 45.0 0.00
509 32.9643 123.7638 2 15 9
2  45.0 45.0 0.00
510 11.8259 123.8188 7 28 5
2  45.0 45.0 0.00
511 42.7697 100.6350 7 24 8
2  45.0 45.0 0.00
512 43.0560 80.4089 2 17 8
2  45.0 45.0 0.00
513 5.8544 90.8949 10 24 8
2  45.0 45.0 0.00
514 7.0060 103.5865 7 24 7
2  45.0 45.0 0.00
515 37.4473 94.5911 7 23 5
2  45.0 45.0 0.00
516 51.3775 106.8183 7 21 7
2  45.0 45.0 0.00
517 17.1703 129.7996 9 25 9
2  45.0 45.0 0.00
518 18.4046 87.5658 1 19 8
2  45.0 45.0 0.00
519 39.9455 77.7481 4 20 5
2  45.0 45.0 0.00
520 18.0518 84.1988 1 20 6
2  45.0 45.0 0.00
521 36.3371 85.8873 7 21 7
2  45.0 45.0 0.00
522 24.7771 126.6657 10 22 5
2  45.0 45.0 0.00
523 14.8741 115.1368 2 24 9
2  45.0 45.0 0.00
524 8.5214 109.2798 7 27 8
2  45.0 45.0 0.00
525 44.8679 83.7438 4 28 5
2  45.0 45.0 0.00
526 33.4905 132.7287 9 21 5
2  45.0 45.0 0.00
527 42.0451 83.2242 4 17 9
2  45.0 45.0 0.00
528 6.4309 104.9355 3 17 9
2  45.0 45.0 0.00
529 23.6832 115.7850 7 18 7
2  45.0 45.0 0.00
530 4.8315 100.5311 2 22 7
2  45.0 45.0 0.00
531 37.8187 94.8603 10 26 9
2  45.0 45.0 0.00
532 27.3839 90.4852 8 20 8
2  45.0 45.0 0.00
533 25.0032 101.1415 4 22 8
2  45.0 45.0 0.00
534 6.3540 103.2144 4 24 8
2  45.0 45.0 0.00
535 31.9085 97.7443 7 28 5
2  45.0 45.0 0.00
536 9.2137 131.2697 10 20 9
2  45.0 45.0 0.00
537 10.5479 100.9684 9 29 5
2  45.0 45.0 0.00
538 23.8282 96.2645 7 19 5
2  45.0 45.0 0.00
539 41.8599 83.9717 8 23 7
2  45.0 45.0 0.00
540 50.2319 86.8029 2 21 5
2  45.0 45.0 0.00
541 29.6528 120.7586 1 28 9
2  45.0 45.0 0.00
542 17.1985 98.8721 4 26 5
2  45.0 45.0 0.00
543 28.8258 128.1257 7 21 8
2  45.0 45.0 0.00
544 51.6962 102.1405 2 21 5
2  45.0 45.0 0.00
545 36.9669 85.6990 10 22 9
2  45.0 45.0 0.00
546 22.7654 123.2032 9 20 9
2  45.0 45.0 0.00
547 47.7113 106.2099 10 17 9
2  45.0 45.0 0.00
548 20.7491 106.3497 4 17 8
2  45.0 45.0 0.00
549 52.2681 109.6986 4 19 7
2  45.0 45.0 0.00
550 45.9218 117.1617 3 27 6
2  45.0 45.0 0.00
551 25.9481 122.6823 2 18 6
2  45.0 45.0 0.00
552 19.0703 92.3013 5 15 9
2  45.0 45.0 0.00
553 25.3625 75.9469 10 29 5
2  45.0 45.0 0.00
554 51.1509 116.1757 8 24 7
2  45.0 45.0 0.00
555 23.9048 91.8582 9 25 9
2  45.0 45.0 0.00
556 6.3847 128.4676 10 28 8
2  45.0 45.0 0.00
557 35.9640 74.7691 10 15 8
2  45.0 45.0 0.00
558 6.3094 90.3929 5 29 6
2  45.0 45.0 0.00
559 4.6646 105.1724 10 18 8
2  45.0 45.0 0.00
560 49.8123 113.6897 10 18 8
2  45.0 45.0 0.00
561 9.9421 78.7837 3 20 7
2  45.0 45.0 0.00
562 10.2330 80.1759 8 21 6
2  45.0 45.0 0.00
563 22.8473 96.4862 4 20 9
2  45.0 45.0 0.00
564 23.8882 74.8547 4 19 7
2  45.0 45.0 0.00
565 36.6568 116.9962 7 18 7
2  45.0 45.0 0.00
566 47.0945 79.1216 8 15 9
2  45.0 45.0 0.00
567 22.4767 114.0756 1 17 7
2  45.0 45.0 0.00
568 31.1442 113.5379 9 22 9
2  45.0 45.0 0.00
569 50.3295 122.6851 4 26 5
2  45.0 45.0 0.00
570 35.0929 84.7276 6 18 6
2  45.0 45.0 0.00
571 48.2668 96.8363 5 25 5
2  45.0 45.0 0.00
572 23.2786 123.8764 6 28 8
2  45.0 45.0 0.00
573 5.1316 79.7550 9 23 5
2  45.0 45.0 0.00
574 38.6176 88.2938 10 28 5
2  45.0 45.0 0.00
575 40.1066 105.6645 8 21 5
2  45.0 45.0 0.00
576 45.2525 132.0700 8 18 9
2  45.0 45.0 0.00
577 37.3215 124.2641 2 24 7
2  45.0 45.0 0.00
578 52.6131 132.6160 2 15 9
2  45.0 45.0 0.00
579 38.7472 119.8899 5 26 9
2  45.0 45.0 0.00
580 44.7004 88.7879 4 23 5
2  45.0 45.0 0.00
581 22.3480 90.0875 9 17 7
2  45.0 45.0 0.00
582 21.0463 132.8229 8 22 6
2  45.0 45.0 0.00
583 24.0536 111.5399 8 15 7
2  45.0 45.0 0.00
584 12.4115 101.4477 3 17 5
2  45.0 45.0 0.00
585 38.9376 86.6760 10 15 8
2  45.0 45.0 0.00
586 51.0317 120.4428 1 21 9
2  45.0 45.0 0.00
587 32.0959 99.0544 10 16 9
2  45.0 45.0 0.00
588 23.0819 115.9496 8 15 8
2  45.0 45.0 0.00
589 52.7607 102.8615 8 24 5
2  45.0 45.0 0.00
590 6.6307 118.0221 1 17 8
2  45.0 45.0 0.00
591 20.9940 79.4687 2 22 5
2  45.0 45.0 0.00
592 10.9514 86.7121 2 22 7
2  45.0 45.0 0.00
593 31.5107 108.2473 8 24 7
2  45.0 45.0 0.00
594 52.3416 104.2464 2 15 9
2  45.0 45.0 0.00
595 26.6202 99.0552 9 22 6
2  45.0 45.0 0.00
596 14.0530 107.3802 10 28 8
2  45.0 45.0 0.00
597 13.5133 109.7676 10 24 8
2  45.0 45.0 0.00
598 26.7053 129.9270 6 15 9
2  45.0 45.0 0.00
599 11.6552 87.1761 7 22 9
2  45.0 45.0 0.00
600 23.3879 126.1428 3 17 9
2  45.0 45.0 0.00
601 30.5920 114.8726 1 20 9
2  45.0 45.0 0.00
602 49.2813 110.0227 7 17 5
2  45.0 45.0 0.00
603 32.3012 90.7646 10 27 7
2  45.0 45.0 0.00
604 50.8710 130.8930 6 27 9
2  45.0 45.0 0.00
605 4.9024 104.0040 7 18 5
2  45.0 45.0 0.00
606 14.8068 129.2753 7 24 5
2  45.0 45.0 0.00
607 19.7674 96.1941 6 29 7
2  45.0 45.0 0.00
608 28.6195 87.4344 5 24 5
2  45.0 45.0 0.00
609 45.8531 118.3211 7 27 9
2  45.0 45.0 0.00
610 46.8513 96.2061 1 29 6
2  45.0 45.0 0.00
611 25.1438 75.0841 3 18 6
2  45.0 45.0 0.00
612 4.7553 100.5047 1 17 6
2  45.0 45.0 0.00
613 52.3853 73.3832 5 16 7
2  45.0 45.0 0.00
614 12.9728 93.3234 7 18 5
2  45.0 45.0 0.00
615 38.8424 92.6419 1 26 6
2  45.0 45.0 0.00
616 17.1348 112.5333 9 20 5
2  45.0 45.0 0.00
617 45.4683 73.1626 8 19 9
2  45.0 45.0 0.00
618 18.0306 80.4981 2 24 7
2  45.0 45.0 0.00
619 5.6990 76.7805 4 19 8
2  45.0 45.0 0.00
620 45.5337 112.0826 7 19 6
2  45.0 45.0 0.00
621 29.9152 80.5121 9 27 6
2  45.0 45.0 0.00
622 8.7756 90.6542 6 29 7
2  45.0 45.0 0.00
623 21.8109 78.2453 8 15 8
2  45.0 45.0 0.00
624 52.2498 115.0997 6 18 7
2  45.0 45.0 0.00
625 6.7244 113.9131 4 25 8
2  45.0 45.0 0.00
626 35.6920 75.7619 1 15 8
2  45.0 45.0 0.00
627 34.5660 96.0209 10 16 6
2  45.0 45.0 0.00
628 39.2083 84.8822 3 15 6
2  45.0 45.0 0.00
629 3.3187 83.2105 1 17 9
2  45.0 45.0 0.00
630 51.3279 76.3046 1 25 5
2  45.0 45.0 0.00
631 10.4507 96.5027 7 27 9
2  45.0 45.0 0.00
632 45.8209 99.8493 8 16 6
2  45.0 45.0 0.00
633 6.4740 87.9897 9 19 7
2  45.0 45.0 0.00
634 52.6268 131.5421 1 24 6
2  45.0 45.0 0.00
635 42.3480 111.4648 9 29 7
2  45.0 45.0 0.00
636 48.2156 103.4822 4 27 8
2  45.0 45.0 0.00
637 32.9381 95.1429 1 28 5
2  45.0 45.0 0.00
638 14.9804 107.2254 9 17 7
2  45.0 45.0 0.00
639 16.8339 80.7054 4 27 7
2  45.0 45.0 0.00
640 40.8273 126.5117 10 24 8
2  45.0 45.0 0.00
641 52.5429 96.4728 1 19 6
2  45.0 45.0 0.00
642 28.3967 99.8835 9 20 8
2  45.0 45.0 0.00
643 20.4191 110.9350 9 20 5
2  45.0 45.0 0.00
644 38.0216 93.1895 3 18 8
2  45.0 45.0 0.00
645 24.1056 121.8795 9 16 5
2  45.0 45.0 0.00
646 35.9268 122.0101 6 22 7
2  45.0 45.0 0.00
647 3.6225 124.0194 6 15 8
2  45.0 45.0 0.00
648 13.3775 77.9726 1 24 5
2  45.0 45.0 0.00
649 42.5774 85.8366 4 22 8
2  45.0 45.0 0.00
650 35.2214 119.4768 1 24 5
2  45.0 45.0 0.00
651 24.0027 111.6818 3 29 9
2  45.0 45.0 0.00
652 11.8100 92.2204 7 18 8
2  45.0 45.0 0.00
653 37.5549 129.7573 2 27 5
2  45.0 45.0 0.00
654 27.9029 108.3653 9 24 5
2  45.0 45.0 0.00
655 33.8777 115.8021 1 16 6
2  45.0 45.0 0.00
656 13.4085 91.1244 1 19 5
2  45.0 45.0 0.00
657 47.1961 84.2606 10 20 6
2  45.0 45.0 0.00
658 21.3877 126.4544 2 16 5
2  45.0 45.0 0.00
659 47.3605 122.8240 9 28 9
2  45.0 45.0 0.00
660 45.2797 95.7127 7 21 9
2  45.0 45.0 0.00
661 5.7503 79.5931 6 22 5
2  45.0 45.0 0.00
662 38.3343 107.2186 7 23 9
2  45.0 45.0 0.00
663 46.7063 132.7414 4 18 9
2  45.0 45.0 0.00
664 28.1710 109.5825 4 23 9
2  45.0 45.0 0.00
665 33.3576 101.1132 5 23 6
2  45.0 45.0 0.00
666 42.3577 121.9770 2 16 8
2  45.0 45.0 0.00
667 44.4813 126.5364 3 21 7
2  45.0 45.0 0.00
668 41.7018 115.1927 9 18 8
2  45.0 45.0 0.00
669 42.8722 92.1931 5 18 8
2  45.0 45.0 0.00
670 47.5760 109.1729 1 16 8
2  45.0 45.0 0.00
671 14.7943 122.7379 2 21 7
2  45.0 45.0 0.00
672 32.3226 104.7778 10 18 9
2  45.0 45.0 0.00
673 47.5201 101.1321 9 27 8
2  45.0 45.0 0.00
674 52.0927 107.9769 6 25 9
2  45.0 45.0 0.00
675 43.0104 95.2700 6 28 7
2  45.0 45.0 0.00
676 17.3633 85.6442 7 28 6
2  45.0 45.0 0.00
677 12.2136 116.5291 3 21 8
2  45.0 45.0 0.00
678 3.0331 100.5784 10 29 8
2  45.0 45.0 0.00
679 15.2204 102.3548 3 19 9
2  45.0 45.0 0.00
680 19.4288 104.1068 6 24 5
2  45.0 45.0 0.00
681 18.4287 126.3787 1 17 5
2  45.0 45.0 0.00
682 46.2359 129.8497 4 28 8
2  45.0 45.0 0.00
683 21.7858 111.2444 7 29 8
2  45.0 45.0 0.00
684 11.2459 74.4674 7 17 8
2  45.0 45.0 0.00
685 29.1107 109.9331 6 16 8
2  45.0 45.0 0.00
686 18.5481 75.9639 3 15 5
2  45.0 45.0 0.00
687 41.4410 109.1596 4 26 6
2  45.0 45.0 0.00
688 17.7314 107.5737 10 19 6
2  45.0 45.0 0.00
689 5.6583 108.1143 2 17 9
2  45.0 45.0 0.00
690 33.3500 105.7429 10 25 5
2  45.0 45.0 0.00
691 18.2060 95.2725 4 29 7
2  45.0 45.0 0.00
692 37.6511 120.2297 5 22 9
2  45.0 45.0 0.00
693 43.7660 127.2149 1 27 7
2  45.0 45.0 0.00
694 41.6527 124.9843 9 25 8
2  45.0 45.0 0.00
695 32.4345 114.7120 4 27 7
2  45.0 45.0 0.00
696 49.8487 98.4629 6 16 8
2  45.0 45.0 0.00
697 41.2623 94.2991 7 27 8
2  45.0 45.0 0.00
698 22.8806 113.0140 1 18 8
2  45.0 45.0 0.00
699 28.3733 78.4132 3 22 6
2  45.0 45.0 0.00
