s1
0
 2013 04 20 14 02 33.208     2013 04 20 14 05  9.349     156.1
 2013 04 20 19 00 47.465     2013 04 20 19 01  7.897      20.4
 2013 04 20 20 35 14.993     2013 04 20 20 38 43.336     208.3
1
 2013 04 20 12 13 37.015     2013 04 20 12 13 57.763      20.7
2
 2013 04 20 10 48 37.683     2013 04 20 10 51 50.474     192.8
 2013 04 20 19 03 40.613     2013 04 20 19 06 16.358     155.7
3
 2013 04 20 12 17 51.128     2013 04 20 12 18 47.358      56.2
 2013 04 20 22 17 14.366     2013 04 20 22 19 57.149     162.8
4
 2013 04 20 12 25 31.243     2013 04 20 12 28 40.197     189.0
 2013 04 20 19 01   .967     2013 04 20 19 01 26.971      26.0
5
 2013 04 20 20 40 29.141     2013 04 20 20 43 20.559     171.4
6
 2013 04 20 00 19 35.098     2013 04 20 00 22 24.854     169.8
7
 2013 04 20 20 46 50.880     2013 04 20 20 50 23.930     213.1
8
 2013 04 20 22 21 33.714     2013 04 20 22 24 43.944     190.2
9
 2013 04 20 13 56 50.404     2013 04 20 13 57 19.084      28.7
 2013 04 20 22 14 59.326     2013 04 20 22 17 31.865     152.5
10
 2013 04 20 09 02 57.424     2013 04 20 09 06 22.172     204.7
 2013 04 20 20 49 35.396     2013 04 20 20 52  5.518     150.1
11
 2013 04 20 10 41 23.468     2013 04 20 10 43 59.543     156.1
12
 2013 04 20 10 46  6.104     2013 04 20 10 46 26.018      19.9
 2013 04 20 20 45  7.646     2013 04 20 20 46 13.642      66.0
13
 2013 04 20 12 22 36.652     2013 04 20 12 25 50.326     193.7
 2013 04 20 20 38  2.105     2013 04 20 20 40 59.426     177.3
14
 2013 04 20 12 24 42.238     2013 04 20 12 24 45.680       3.4
15
16
17
 2013 04 20 22 21 47.187     2013 04 20 22 24 42.194     175.0
18
 2013 04 20 10 44 57.574     2013 04 20 10 48 19.292     201.7
19
 2013 04 20 13 54 35.047     2013 04 20 13 57 27.830     172.8
20
 2013 04 20 09 04 27.541     2013 04 20 09 07 46.680     199.1
 2013 04 20 20 48 19.312     2013 04 20 20 50  4.994     105.7
21
 2013 04 20 10 47 58.853     2013 04 20 10 50 35.062     156.2
 2013 04 20 19 04  9.571     2013 04 20 19 07 32.755     203.2
22
 2013 04 20 14 03 42.931     2013 04 20 14 06 22.935     160.0
 2013 04 20 18 58 26.323     2013 04 20 19 01 10.406     164.1
23
 2013 04 20 10 45 57.820     2013 04 20 10 46 49.853      52.0
24
 2013 04 20 22 21 17.647     2013 04 20 22 23 48.006     150.4
25
 2013 04 20 10 48 57.395     2013 04 20 10 52 29.157     211.8
 2013 04 20 19 03 22.115     2013 04 20 19 05 57.715     155.6
26
 2013 04 20 22 20  2.525     2013 04 20 22 23 12.161     189.6
27
 2013 04 20 12 19 29.497     2013 04 20 12 19 36.080       6.6
28
 2013 04 20 10 42  7.794     2013 04 20 10 44 48.341     160.5
29
 2013 04 20 10 50 21.065     2013 04 20 10 50 55.733      34.7
 2013 04 20 17 24 21.726     2013 04 20 17 24 30.806       9.1
30
 2013 04 20 13 55 23.919     2013 04 20 13 57 58.377     154.5
31
 2013 04 20 13 58   .924     2013 04 20 14 01 17.245     196.3
 2013 04 20 22 14 11.600     2013 04 20 22 17  1.033     169.4
32
 2013 04 20 12 22 16.059     2013 04 20 12 22 17.931       1.9
 2013 04 20 20 37 31.551     2013 04 20 20 40 33.703     182.2
33
 2013 04 20 12 20 13.100     2013 04 20 12 22 52.225     159.1
 2013 04 20 22 16 44.138     2013 04 20 22 16 48.078       3.9
34
 2013 04 20 15 38 57.799     2013 04 20 15 42 12.801     195.0
 2013 04 20 20 33 57.994     2013 04 20 20 36 37.146     159.2
35
 2013 04 20 10 45 57.342     2013 04 20 10 48 32.760     155.4
36
 2013 04 20 12 25 52.736     2013 04 20 12 29 36.052     223.3
 2013 04 20 19 01 54.973     2013 04 20 19 04 55.337     180.4
37
 2013 04 20 22 20 30.952     2013 04 20 22 23  3.510     152.6
38
 2013 04 20 10 40 36.394     2013 04 20 10 43 27.269     170.9
39
 2013 04 20 12 26 28.964     2013 04 20 12 29 51.573     202.6
 2013 04 20 19 01 56.287     2013 04 20 19 04 33.698     157.4
40
 2013 04 20 12 19 13.014     2013 04 20 12 22  3.770     170.8
 2013 04 20 22 17 29.625     2013 04 20 22 20 20.058     170.4
41
42
 2013 04 20 12 26  1.409     2013 04 20 12 28 38.390     157.0
 2013 04 20 19 00 21.548     2013 04 20 19 03 40.555     199.0
43
 2013 04 20 12 28 11.021     2013 04 20 12 30 48.441     157.4
 2013 04 20 17 22 46.778     2013 04 20 17 23  4.779      18.0
 2013 04 20 19 00 49.156     2013 04 20 19 04 26.160     217.0
44
 2013 04 20 20 48 21.722     2013 04 20 20 50 52.382     150.7
45
 2013 04 20 12 20 11.794     2013 04 20 12 20 15.217       3.4
46
 2013 04 20 13 57 53.985     2013 04 20 14 00 33.713     159.7
 2013 04 20 22 13 11.712     2013 04 20 22 15 44.742     153.0
47
 2013 04 20 13 53 53.978     2013 04 20 13 56 51.623     177.6
48
 2013 04 20 10 42 22.004     2013 04 20 10 44 56.462     154.5
 2013 04 20 20 47 24.647     2013 04 20 20 47 52.917      28.3
49
 2013 04 20 12 20  5.841     2013 04 20 12 22 46.682     160.8
 2013 04 20 22 16 49.718     2013 04 20 22 17 30.029      40.3
50
 2013 04 20 14 03 55.929     2013 04 20 14 06 49.948     174.0
 2013 04 20 18 58 54.708     2013 04 20 19 01 32.873     158.2
51
 2013 04 20 12 21  4.286     2013 04 20 12 23 53.661     169.4
52
 2013 04 20 00 21 27.248     2013 04 20 00 24   .262     153.0
 2013 04 20 12 11 46.642     2013 04 20 12 15 29.942     223.3
53
54
 2013 04 20 12 27 31.626     2013 04 20 12 30 16.033     164.4
 2013 04 20 19 01 21.809     2013 04 20 19 04 11.005     169.2
55
 2013 04 20 10 44 26.253     2013 04 20 10 45 22.443      56.2
56
 2013 04 20 14 00 36.908     2013 04 20 14 04 20.081     223.2
 2013 04 20 15 38 23.006     2013 04 20 15 40  4.893     101.9
 2013 04 20 20 34 14.390     2013 04 20 20 36 49.892     155.5
57
 2013 04 20 22 22 37.636     2013 04 20 22 25  7.751     150.1
58
59
 2013 04 20 10 40 52.159     2013 04 20 10 43 54.540     182.4
60
 2013 04 20 22 21 49.311     2013 04 20 22 24 27.052     157.7
61
 2013 04 20 20 49 49.276     2013 04 20 20 50  2.076      12.8
62
 2013 04 20 13 57 52.318     2013 04 20 14 00 31.612     159.3
 2013 04 20 22 13 12.758     2013 04 20 22 15 46.004     153.2
63
 2013 04 20 12 25  9.274     2013 04 20 12 28  1.495     172.2
64
 2013 04 20 22 20 35.310     2013 04 20 22 23 22.998     167.7
65
 2013 04 20 22 16 35.517     2013 04 20 22 19  7.491     152.0
66
 2013 04 20 13 57 27.260     2013 04 20 14 00  6.331     159.1
 2013 04 20 22 13 11.266     2013 04 20 22 15 57.044     165.8
67
 2013 04 20 12 18 18.720     2013 04 20 12 21 54.843     216.1
 2013 04 20 22 17 17.669     2013 04 20 22 19 49.529     151.9
68
69
 2013 04 20 14 01 17.698     2013 04 20 14 04 19.042     181.3
 2013 04 20 20 36 10.948     2013 04 20 20 38 44.924     154.0
70
 2013 04 20 10 44 51.023     2013 04 20 10 47 44.377     173.4
 2013 04 20 20 42 53.459     2013 04 20 20 45 49.403     175.9
71
 2013 04 20 12 25  1.679     2013 04 20 12 27 37.273     155.6
72
 2013 04 20 14 01 20.473     2013 04 20 14 04 30.587     190.1
 2013 04 20 20 36 19.059     2013 04 20 20 38 52.923     153.9
73
 2013 04 20 13 56 28.394     2013 04 20 14 00  2.258     213.9
 2013 04 20 22 14 33.271     2013 04 20 22 17 34.042     180.8
74
 2013 04 20 22 16 36.615     2013 04 20 22 19 37.615     181.0
75
 2013 04 20 22 23 13.476     2013 04 20 22 26 31.858     198.4
76
 2013 04 20 10 39 55.713     2013 04 20 10 40 40.045      44.3
77
 2013 04 20 14 01 45.259     2013 04 20 14 04 23.647     158.4
 2013 04 20 20 35 15.307     2013 04 20 20 37 55.284     160.0
78
 2013 04 20 10 52 59.313     2013 04 20 10 53  8.640       9.3
 2013 04 20 19 02 50.295     2013 04 20 19 05 35.433     165.1
79
 2013 04 20 12 26 50.758     2013 04 20 12 29 50.632     179.9
 2013 04 20 19 00 20.395     2013 04 20 19 02 55.530     155.1
80
81
 2013 04 20 00 18 50.196     2013 04 20 00 22 13.165     203.0
82
 2013 04 20 00 17 14.142     2013 04 20 00 18 15.313      61.2
83
 2013 04 20 10 39 10.252     2013 04 20 10 42 14.858     184.6
 2013 04 20 22 22 44.024     2013 04 20 22 23   .433      16.4
84
 2013 04 20 12 16  4.228     2013 04 20 12 19 25.740     201.5
 2013 04 20 22 19 42.942     2013 04 20 22 19 59.439      16.5
85
 2013 04 20 12 20 59.349     2013 04 20 12 23 34.379     155.0
86
 2013 04 20 12 15 58.998     2013 04 20 12 19 15.835     196.8
87
88
 2013 04 20 20 37 12.989     2013 04 20 20 39 57.946     165.0
89
 2013 04 20 13 59 12.019     2013 04 20 14 02 32.606     200.6
90
91
92
 2013 04 20 12 22 53.813     2013 04 20 12 23  3.491       9.7
 2013 04 20 20 37 39.316     2013 04 20 20 40 13.779     154.5
93
 2013 04 20 10 39 24.190     2013 04 20 10 42 13.076     168.9
94
 2013 04 20 10 43 31.578     2013 04 20 10 46 22.315     170.7
 2013 04 20 20 44 46.281     2013 04 20 20 47 17.077     150.8
95
 2013 04 20 10 50 31.532     2013 04 20 10 51 27.114      55.6
 2013 04 20 19 02 54.162     2013 04 20 19 06 19.787     205.6
96
 2013 04 20 10 42  6.169     2013 04 20 10 44 47.965     161.8
 2013 04 20 20 47 43.491     2013 04 20 20 48 25.968      42.5
97
 2013 04 20 09 04 11.875     2013 04 20 09 06 58.470     166.6
 2013 04 20 20 49 10.624     2013 04 20 20 52 35.239     204.6
98
 2013 04 20 10 52 48.113     2013 04 20 10 52 55.985       7.9
 2013 04 20 19 02 56.320     2013 04 20 19 05 33.362     157.0
99
 2013 04 20 12 16 54.327     2013 04 20 12 19 58.389     184.1
 2013 04 20 22 21   .654     2013 04 20 22 21 34.991      34.3
100
101
 2013 04 20 12 20  7.542     2013 04 20 12 23 32.876     205.3
 2013 04 20 22 15 56.979     2013 04 20 22 16 13.472      16.5
102
 2013 04 20 12 20 14.855     2013 04 20 12 23 22.826     188.0
103
104
 2013 04 20 12 13 38.975     2013 04 20 12 16 20.149     161.2
105
 2013 04 20 12 18 54.319     2013 04 20 12 21 42.580     168.3
 2013 04 20 22 17 46.839     2013 04 20 22 20 24.069     157.2
106
 2013 04 20 10 44 31.519     2013 04 20 10 47  8.084     156.6
 2013 04 20 20 43 34.209     2013 04 20 20 46 15.883     161.7
107
 2013 04 20 14 00 18.349     2013 04 20 14 03 35.142     196.8
 2013 04 20 20 34 15.595     2013 04 20 20 37 15.719     180.1
108
 2013 04 20 13 57 20.568     2013 04 20 14 00  3.976     163.4
 2013 04 20 22 13  2.246     2013 04 20 22 15 53.250     171.0
109
 2013 04 20 20 45 19.676     2013 04 20 20 48 30.388     190.7
110
 2013 04 20 20 40 44.599     2013 04 20 20 43 56.948     192.3
111
 2013 04 20 15 36 47.837     2013 04 20 15 37 57.653      69.8
 2013 04 20 22 10 47.780     2013 04 20 22 11 41.382      53.6
112
 2013 04 20 22 20 59.058     2013 04 20 22 23 34.636     155.6
113
 2013 04 20 10 49 20.547     2013 04 20 10 51 56.683     156.1
 2013 04 20 19 04 35.450     2013 04 20 19 07 14.981     159.5
114
 2013 04 20 12 25 16.454     2013 04 20 12 27 54.255     157.8
115
 2013 04 20 14 01 54.387     2013 04 20 14 05  5.810     191.4
 2013 04 20 15 39 27.138     2013 04 20 15 41 14.382     107.2
 2013 04 20 18 56 11.894     2013 04 20 18 57 15.752      63.9
 2013 04 20 20 34 27.078     2013 04 20 20 37 36.318     189.2
116
 2013 04 20 12 20 35.234     2013 04 20 12 23 53.443     198.2
117
 2013 04 20 12 25 11.280     2013 04 20 12 28  1.192     169.9
118
 2013 04 20 12 23 28.989     2013 04 20 12 26 38.805     189.8
 2013 04 20 20 38  7.799     2013 04 20 20 40 41.929     154.1
119
 2013 04 20 20 46 12.443     2013 04 20 20 49 29.519     197.1
120
121
 2013 04 20 12 26 19.890     2013 04 20 12 28 56.031     156.1
 2013 04 20 19 00 38.398     2013 04 20 19 03 35.336     176.9
122
 2013 04 20 12 20 50.119     2013 04 20 12 23 37.336     167.2
123
 2013 04 20 12 26 20.339     2013 04 20 12 26 24.817       4.5
 2013 04 20 19 02 30.300     2013 04 20 19 05  3.930     153.6
124
125
 2013 04 20 22 20 38.169     2013 04 20 22 24  8.800     210.6
126
 2013 04 20 00 20 48.576     2013 04 20 00 23 45.966     177.4
 2013 04 20 12 15 10.847     2013 04 20 12 16 16.216      65.4
127
 2013 04 20 00 21 14.210     2013 04 20 00 23 45.436     151.2
 2013 04 20 12 15 22.167     2013 04 20 12 15 43.817      21.6
128
 2013 04 20 22 22 29.048     2013 04 20 22 25  1.391     152.3
129
130
131
 2013 04 20 12 28 56.614     2013 04 20 12 31 32.810     156.2
 2013 04 20 17 23 32.893     2013 04 20 17 26 28.539     175.6
132
 2013 04 20 12 17 39.633     2013 04 20 12 20 25.537     165.9
 2013 04 20 22 18  8.452     2013 04 20 22 21  8.659     180.2
133
134
 2013 04 20 13 56 49.718     2013 04 20 14 00 11.494     201.8
 2013 04 20 22 12 18.963     2013 04 20 22 15 30.369     191.4
135
 2013 04 20 13 57   .499     2013 04 20 13 57 27.646      27.1
 2013 04 20 22 14 57.679     2013 04 20 22 17 30.269     152.6
136
 2013 04 20 13 56 49.403     2013 04 20 13 57 59.658      70.3
 2013 04 20 22 12  4.838     2013 04 20 22 15  4.045     179.2
137
 2013 04 20 13 54 47.094     2013 04 20 13 57 32.474     165.4
138
 2013 04 20 10 39  8.087     2013 04 20 10 42 33.808     205.7
 2013 04 20 22 22 26.196     2013 04 20 22 22 47.930      21.7
139
 2013 04 20 12 24 42.720     2013 04 20 12 27 32.416     169.7
 2013 04 20 20 37 41.618     2013 04 20 20 41 23.114     221.5
140
 2013 04 20 10 48 43.679     2013 04 20 10 51 39.956     176.3
 2013 04 20 19 05 13.415     2013 04 20 19 07 45.879     152.5
141
 2013 04 20 12 17 41.466     2013 04 20 12 20 15.636     154.2
 2013 04 20 22 18 35.552     2013 04 20 22 21 29.019     173.5
142
 2013 04 20 10 49  5.265     2013 04 20 10 52  2.765     177.5
 2013 04 20 19 03 50.765     2013 04 20 19 06 24.781     154.0
143
 2013 04 20 10 42 40.607     2013 04 20 10 45 14.274     153.7
 2013 04 20 20 44 12.393     2013 04 20 20 47 39.197     206.8
144
 2013 04 20 10 41 51.091     2013 04 20 10 45 25.650     214.6
145
 2013 04 20 12 14 38.268     2013 04 20 12 17 17.148     158.9
146
 2013 04 20 10 37 21.252     2013 04 20 10 40 39.413     198.2
 2013 04 20 22 24 11.349     2013 04 20 22 26 41.278     149.9
147
 2013 04 20 12 25 18.305     2013 04 20 12 26 19.076      60.8
 2013 04 20 20 37 33.631     2013 04 20 20 40 28.688     175.1
148
 2013 04 20 10 42  6.391     2013 04 20 10 42 50.768      44.4
 2013 04 20 22 22 15.310     2013 04 20 22 24  1.413     106.1
149
 2013 04 20 22 20 58.544     2013 04 20 22 23 36.944     158.4
