0 50.6749 99.5941 6 22 5
2  45.0 45.0 0.00
1 6.6118 91.8980 8 27 9
2  45.0 45.0 0.00
2 40.4794 127.3163 8 22 7
2  45.0 45.0 0.00
3 25.7506 90.6879 1 26 9
2  45.0 45.0 0.00
4 42.8730 116.8591 2 26 7
2  45.0 45.0 0.00
5 35.1232 113.0864 8 24 7
2  45.0 45.0 0.00
6 9.4944 74.6923 1 21 6
2  45.0 45.0 0.00
7 9.7539 121.1525 1 28 8
2  45.0 45.0 0.00
8 10.1200 98.1110 2 22 8
2  45.0 45.0 0.00
9 33.8774 86.4948 6 26 9
2  45.0 45.0 0.00
10 4.9798 128.6330 1 22 6
2  45.0 45.0 0.00
11 14.1257 114.6231 8 29 7
2  45.0 45.0 0.00
12 23.2064 112.2735 2 20 8
2  45.0 45.0 0.00
13 39.0692 102.0502 6 18 6
2  45.0 45.0 0.00
14 35.6236 95.8811 9 15 8
2  45.0 45.0 0.00
15 21.9472 86.7324 10 17 5
2  45.0 45.0 0.00
16 23.8776 127.0546 2 25 6
2  45.0 45.0 0.00
17 13.1336 103.1682 1 15 7
2  45.0 45.0 0.00
18 25.0680 124.7794 9 22 7
2  45.0 45.0 0.00
19 27.3921 76.6620 8 26 5
2  45.0 45.0 0.00
20 9.6689 131.2379 8 20 5
2  45.0 45.0 0.00
21 35.9123 127.2781 5 27 7
2  45.0 45.0 0.00
22 52.6820 105.9173 4 28 6
2  45.0 45.0 0.00
23 28.1609 129.0102 8 15 8
2  45.0 45.0 0.00
24 13.9290 99.7094 4 26 7
2  45.0 45.0 0.00
25 42.4741 127.8626 5 21 9
2  45.0 45.0 0.00
26 18.8955 100.9376 5 17 6
2  45.0 45.0 0.00
27 25.3459 103.5692 10 24 9
2  45.0 45.0 0.00
28 17.9018 114.1989 4 24 5
2  45.0 45.0 0.00
29 47.6370 131.9034 9 16 9
2  45.0 45.0 0.00
30 30.7169 76.3881 3 15 8
2  45.0 45.0 0.00
31 37.4110 87.0528 6 28 8
2  45.0 45.0 0.00
32 40.1935 100.3530 7 28 9
2  45.0 45.0 0.00
33 29.4007 97.6326 1 24 6
2  45.0 45.0 0.00
34 52.6866 89.3189 3 16 6
2  45.0 45.0 0.00
35 29.5966 122.4542 1 23 8
2  45.0 45.0 0.00
36 43.3879 120.4592 6 24 8
2  45.0 45.0 0.00
37 16.0721 97.8314 10 22 8
2  45.0 45.0 0.00
38 13.6353 110.9742 3 15 6
2  45.0 45.0 0.00
39 45.1077 121.3925 7 25 5
2  45.0 45.0 0.00
40 27.1098 94.8287 4 26 7
2  45.0 45.0 0.00
41 17.1177 130.6622 3 25 7
2  45.0 45.0 0.00
42 46.1992 114.3511 1 18 5
2  45.0 45.0 0.00
43 50.6442 124.3229 9 18 5
2  45.0 45.0 0.00
44 8.7078 126.0856 8 28 5
2  45.0 45.0 0.00
45 21.0415 86.8922 1 27 8
2  45.0 45.0 0.00
46 39.2695 81.7152 3 20 6
2  45.0 45.0 0.00
47 25.1973 75.5000 1 15 6
2  45.0 45.0 0.00
48 18.0203 115.2655 7 15 8
2  45.0 45.0 0.00
49 29.1760 97.2320 5 29 7
2  45.0 45.0 0.00
50 52.3386 108.5505 7 24 7
2  45.0 45.0 0.00
51 32.8718 98.9742 3 24 7
2  45.0 45.0 0.00
52 5.5409 80.2260 10 29 6
2  45.0 45.0 0.00
53 38.9366 92.6192 4 28 5
2  45.0 45.0 0.00
54 48.5608 122.4680 5 27 6
2  45.0 45.0 0.00
55 23.4865 125.4745 5 19 8
2  45.0 45.0 0.00
56 50.8482 88.9869 6 21 5
2  45.0 45.0 0.00
57 9.6441 102.1833 3 28 5
2  45.0 45.0 0.00
58 3.5522 96.1077 5 22 7
2  45.0 45.0 0.00
59 11.9986 115.7235 6 26 6
2  45.0 45.0 0.00
60 12.8266 101.9857 7 29 5
2  45.0 45.0 0.00
61 11.1153 119.0980 8 19 9
2  45.0 45.0 0.00
62 39.1430 81.6747 9 29 9
2  45.0 45.0 0.00
63 42.2185 114.2867 10 29 9
2  45.0 45.0 0.00
64 14.6172 97.0301 2 27 7
2  45.0 45.0 0.00
65 29.3044 90.8307 4 20 8
2  45.0 45.0 0.00
66 37.8836 80.5272 3 29 9
2  45.0 45.0 0.00
67 26.6934 91.7917 4 21 6
2  45.0 45.0 0.00
68 21.2291 85.4908 2 29 6
2  45.0 45.0 0.00
69 46.3232 97.2438 8 23 7
2  45.0 45.0 0.00
70 27.5930 118.8621 9 26 5
2  45.0 45.0 0.00
71 42.8016 111.7277 5 21 8
2  45.0 45.0 0.00
72 46.2564 98.1102 3 22 8
2  45.0 45.0 0.00
73 32.8703 83.7886 2 15 8
2  45.0 45.0 0.00
74 26.5588 88.6883 5 24 9
2  45.0 45.0 0.00
75 4.2082 100.7808 9 23 9
2  45.0 45.0 0.00
76 9.1012 116.8647 6 27 9
2  45.0 45.0 0.00
77 49.6652 95.1777 8 27 7
2  45.0 45.0 0.00
78 44.4204 127.3414 6 27 5
2  45.0 45.0 0.00
79 50.3040 116.3189 3 18 5
2  45.0 45.0 0.00
80 37.3328 96.9939 2 29 5
2  45.0 45.0 0.00
81 14.5195 79.0109 4 28 6
2  45.0 45.0 0.00
82 19.6509 77.5343 5 24 5
2  45.0 45.0 0.00
83 9.7025 108.0799 2 22 9
2  45.0 45.0 0.00
84 14.3889 94.1470 2 22 5
2  45.0 45.0 0.00
85 31.2742 99.9371 7 24 8
2  45.0 45.0 0.00
86 18.1091 87.8672 9 21 8
2  45.0 45.0 0.00
87 39.1063 119.8158 9 27 8
2  45.0 45.0 0.00
88 44.6561 103.0981 6 22 5
2  45.0 45.0 0.00
89 40.6418 91.0426 3 25 9
2  45.0 45.0 0.00
90 21.0708 86.4111 2 19 9
2  45.0 45.0 0.00
91 19.7103 127.3840 10 28 6
2  45.0 45.0 0.00
92 42.0719 102.0649 8 18 7
2  45.0 45.0 0.00
93 7.2615 112.3421 2 29 6
2  45.0 45.0 0.00
94 20.6893 119.9320 4 27 7
2  45.0 45.0 0.00
95 39.3072 123.4560 4 21 9
2  45.0 45.0 0.00
96 16.2387 116.5278 10 25 7
2  45.0 45.0 0.00
97 6.9332 131.7964 6 21 8
2  45.0 45.0 0.00
98 43.7864 126.6914 6 21 9
2  45.0 45.0 0.00
99 20.4354 89.8685 8 16 9
2  45.0 45.0 0.00
100 7.8567 94.1461 2 22 7
2  45.0 45.0 0.00
101 31.9607 95.7815 8 27 8
2  45.0 45.0 0.00
102 27.6636 101.8901 2 15 7
2  45.0 45.0 0.00
103 5.7987 121.2403 6 25 9
2  45.0 45.0 0.00
104 8.2646 85.0859 1 18 8
2  45.0 45.0 0.00
105 25.9465 94.2961 6 29 8
2  45.0 45.0 0.00
106 25.2501 119.1865 1 22 8
2  45.0 45.0 0.00
107 48.6169 88.1538 9 17 8
2  45.0 45.0 0.00
108 37.9486 79.8990 10 27 7
2  45.0 45.0 0.00
109 19.7113 124.4804 1 29 6
2  45.0 45.0 0.00
110 30.2351 109.1118 8 17 9
2  45.0 45.0 0.00
111 47.7851 81.5696 1 25 9
2  45.0 45.0 0.00
112 14.2140 98.3731 3 18 8
2  45.0 45.0 0.00
113 39.1748 132.1192 8 19 8
2  45.0 45.0 0.00
114 43.1705 113.0814 6 28 9
2  45.0 45.0 0.00
115 52.5154 94.6880 4 24 8
2  45.0 45.0 0.00
116 33.0461 96.9716 3 23 9
2  45.0 45.0 0.00
117 45.1569 110.4944 5 24 8
2  45.0 45.0 0.00
118 41.4756 104.5614 10 17 7
2  45.0 45.0 0.00
119 16.8043 126.3918 8 18 8
2  45.0 45.0 0.00
120 20.4452 105.2852 3 19 8
2  45.0 45.0 0.00
121 46.8340 115.6779 10 17 7
2  45.0 45.0 0.00
122 29.7118 101.7994 1 29 8
2  45.0 45.0 0.00
123 44.2376 124.0153 7 19 5
2  45.0 45.0 0.00
124 7.9295 94.3980 10 24 8
2  45.0 45.0 0.00
125 16.8693 103.0755 9 20 6
2  45.0 45.0 0.00
126 8.0222 80.9930 1 27 7
2  45.0 45.0 0.00
127 6.1418 79.5861 9 26 5
2  45.0 45.0 0.00
128 9.5920 101.2883 6 16 8
2  45.0 45.0 0.00
129 17.4761 105.0929 4 21 9
2  45.0 45.0 0.00
130 24.2916 108.8503 9 16 9
2  45.0 45.0 0.00
131 52.6136 127.5258 2 23 9
2  45.0 45.0 0.00
132 21.7711 91.9528 7 28 7
2  45.0 45.0 0.00
133 23.0510 110.0217 10 23 9
2  45.0 45.0 0.00
134 38.7492 77.2780 7 18 7
2  45.0 45.0 0.00
135 34.3559 86.9914 8 29 6
2  45.0 45.0 0.00
136 40.1252 76.7639 6 23 6
2  45.0 45.0 0.00
137 28.1470 76.5278 7 29 6
2  45.0 45.0 0.00
138 10.7037 107.5094 9 27 7
2  45.0 45.0 0.00
139 43.7980 108.9336 3 25 8
2  45.0 45.0 0.00
140 36.6247 132.5005 10 24 5
2  45.0 45.0 0.00
141 20.7266 93.0544 2 22 5
2  45.0 45.0 0.00
142 40.9540 129.0406 6 17 7
2  45.0 45.0 0.00
143 18.6345 116.3776 9 22 8
2  45.0 45.0 0.00
144 20.1111 112.0111 5 19 9
2  45.0 45.0 0.00
145 9.9913 88.9017 5 27 6
2  45.0 45.0 0.00
146 4.4112 104.7297 10 18 7
2  45.0 45.0 0.00
147 40.5414 100.6220 9 21 6
2  45.0 45.0 0.00
148 11.4349 106.4202 4 27 8
2  45.0 45.0 0.00
149 14.0032 98.1654 2 20 7
2  45.0 45.0 0.00
