s3
0
 2013 04 20 10 31  5.820     2013 04 20 10 34 10.466     184.6
 2013 04 20 20 31 48.194     2013 04 20 20 34 26.984     158.8
1
 2013 04 20 12 12  4.070     2013 04 20 12 15  7.466     183.4
2
 2013 04 20 12 11 47.184     2013 04 20 12 15 35.848     228.7
 2013 04 20 20 25 17.430     2013 04 20 20 25 46.278      28.8
3
 2013 04 20 15 23 24.538     2013 04 20 15 24 30.656      66.1
 2013 04 20 22 00  9.418     2013 04 20 22 02 51.234     161.8
4
 2013 04 20 10 25 27.285     2013 04 20 10 27 36.555     129.3
5
 2013 04 20 10 28 35.743     2013 04 20 10 31 11.149     155.4
6
 2013 04 20 15 22 43.258     2013 04 20 15 23 44.056      60.8
 2013 04 20 22 00  1.916     2013 04 20 22 02 49.579     167.7
7
 2013 04 20 13 47 25.057     2013 04 20 13 50  2.097     157.0
 2013 04 20 20 27 24.900     2013 04 20 20 27 26.518       1.6
8
 2013 04 20 10 36 14.411     2013 04 20 10 36 37.694      23.3
 2013 04 20 20 29 30.675     2013 04 20 20 29 35.532       4.9
9
10
 2013 04 20 22 12 17.081     2013 04 20 22 15 13.697     176.6
11
 2013 04 20 13 45 56.166     2013 04 20 13 48 44.340     168.2
 2013 04 20 22 02 30.242     2013 04 20 22 05 34.448     184.2
12
 2013 04 20 10 24  9.787     2013 04 20 10 27 35.428     205.6
 2013 04 20 22 13  5.251     2013 04 20 22 15 42.453     157.2
13
 2013 04 20 13 46 12.209     2013 04 20 13 49 12.298     180.1
 2013 04 20 22 01 11.504     2013 04 20 22 04 26.290     194.8
14
 2013 04 20 20 29  3.553     2013 04 20 20 29 41.772      38.2
15
 2013 04 20 22 10 30.831     2013 04 20 22 13 31.533     180.7
16
17
 2013 04 20 10 28 44.683     2013 04 20 10 31 31.427     166.7
18
 2013 04 20 13 43  1.642     2013 04 20 13 45 54.430     172.8
19
 2013 04 20 20 36 50.733     2013 04 20 20 40 37.600     226.9
20
 2013 04 20 15 26 25.442     2013 04 20 15 29 27.171     181.7
 2013 04 20 20 22 12.592     2013 04 20 20 24 51.155     158.6
21
22
 2013 04 20 22 09 58.725     2013 04 20 22 13 10.317     191.6
23
 2013 04 20 10 33 58.390     2013 04 20 10 36 51.996     173.6
24
 2013 04 20 00 06 13.188     2013 04 20 00 06 45.664      32.5
 2013 04 20 12 00 35.390     2013 04 20 12 03 11.685     156.3
25
 2013 04 20 00 01 48.683     2013 04 20 00 05  4.943     196.3
 2013 04 20 13 40 15.324     2013 04 20 13 43 50.075     214.8
 2013 04 20 23 42 48.386     2013 04 20 23 46  4.349     196.0
26
 2013 04 20 12 04 20.625     2013 04 20 12 06 56.728     156.1
 2013 04 20 22 07 22.988     2013 04 20 22 10 55.267     212.3
27
 2013 04 20 18 50 21.056     2013 04 20 18 54  1.846     220.8
28
29
 2013 04 20 00 05 40.373     2013 04 20 00 08 19.607     159.2
30
 2013 04 20 20 36 41.061     2013 04 20 20 39 18.302     157.2
31
 2013 04 20 12 11 45.073     2013 04 20 12 11 55.768      10.7
32
33
 2013 04 20 13 45 51.034     2013 04 20 13 49 14.481     203.4
 2013 04 20 22 01  1.941     2013 04 20 22 04  2.036     180.1
34
 2013 04 20 12 10 47.299     2013 04 20 12 14  6.541     199.2
 2013 04 20 20 26 33.337     2013 04 20 20 29 16.651     163.3
35
 2013 04 20 15 23 32.340     2013 04 20 15 23 42.758      10.4
 2013 04 20 22 00 14.488     2013 04 20 22 03  5.033     170.5
36
 2013 04 20 20 35 22.270     2013 04 20 20 39 12.306     230.0
37
 2013 04 20 00 01 29.375     2013 04 20 00 04 46.245     196.9
 2013 04 20 13 40 35.053     2013 04 20 13 43 46.643     191.6
 2013 04 20 23 42 29.078     2013 04 20 23 45 45.651     196.6
38
 2013 04 20 13 49 14.679     2013 04 20 13 52 13.340     178.7
 2013 04 20 20 23 20.749     2013 04 20 20 26 15.958     175.2
39
 2013 04 20 08 53 58.533     2013 04 20 08 54  4.104       5.6
 2013 04 20 20 37 24.905     2013 04 20 20 40 10.379     165.5
40
 2013 04 20 13 47 38.601     2013 04 20 13 50 49.219     190.6
 2013 04 20 20 22 47.349     2013 04 20 20 26  6.097     198.7
41
 2013 04 20 12 08 27.928     2013 04 20 12 12   .636     212.7
 2013 04 20 20 31 48.664     2013 04 20 20 32 26.548      37.9
42
 2013 04 20 22 04 26.171     2013 04 20 22 07 11.723     165.6
43
 2013 04 20 00 02 10.383     2013 04 20 00 03 10.735      60.4
 2013 04 20 23 43 10.138     2013 04 20 23 44 12.507      62.4
44
 2013 04 20 12 11   .997     2013 04 20 12 13 37.221     156.2
 2013 04 20 20 27 32.621     2013 04 20 20 30 17.623     165.0
45
 2013 04 20 00 01 36.386     2013 04 20 00 04 16.936     160.6
 2013 04 20 13 40 15.413     2013 04 20 13 43   .314     164.9
 2013 04 20 23 42 35.977     2013 04 20 23 45 16.446     160.5
46
 2013 04 20 13 47 41.282     2013 04 20 13 50 32.999     171.7
 2013 04 20 20 22 57.290     2013 04 20 20 26 28.902     211.6
47
 2013 04 20 12 14  3.677     2013 04 20 12 16 57.529     173.9
 2013 04 20 18 48 46.106     2013 04 20 18 51 24.772     158.7
48
 2013 04 20 10 35 59.043     2013 04 20 10 39 31.435     212.4
 2013 04 20 18 51 39.643     2013 04 20 18 54 23.271     163.6
49
 2013 04 20 12 09 44.313     2013 04 20 12 12 29.018     164.7
 2013 04 20 20 27 58.261     2013 04 20 20 31  3.282     185.0
50
 2013 04 20 15 23 55.080     2013 04 20 15 26 52.037     177.0
 2013 04 20 21 58  7.759     2013 04 20 22 00 58.896     171.1
51
 2013 04 20 10 28 33.561     2013 04 20 10 31 14.616     161.1
52
 2013 04 20 10 33  1.432     2013 04 20 10 35 56.794     175.4
53
 2013 04 20 10 29 12.729     2013 04 20 10 31 47.420     154.7
 2013 04 20 20 35 33.188     2013 04 20 20 36 44.645      71.5
54
 2013 04 20 12 07 41.237     2013 04 20 12 10 35.098     173.9
55
 2013 04 20 13 45 47.246     2013 04 20 13 48 31.278     164.0
 2013 04 20 22 01 49.842     2013 04 20 22 04 35.804     166.0
56
 2013 04 20 12 12 26.832     2013 04 20 12 15 54.804     208.0
 2013 04 20 18 53  8.934     2013 04 20 18 53 35.951      27.0
57
 2013 04 20 13 48  6.932     2013 04 20 13 50 44.814     157.9
 2013 04 20 20 23 33.593     2013 04 20 20 26 43.786     190.2
58
 2013 04 20 10 27 51.462     2013 04 20 10 30 28.671     157.2
59
 2013 04 20 12 12 13.866     2013 04 20 12 15 27.744     193.9
60
 2013 04 20 12 13 11.222     2013 04 20 12 15 55.543     164.3
 2013 04 20 18 48 30.469     2013 04 20 18 51 49.271     198.8
61
 2013 04 20 13 42 17.143     2013 04 20 13 45 21.699     184.6
62
 2013 04 20 12 00 28.814     2013 04 20 12 00 52.046      23.2
63
 2013 04 20 13 45 23.400     2013 04 20 13 48  3.924     160.5
 2013 04 20 22 02  4.295     2013 04 20 22 04 42.197     157.9
64
 2013 04 20 13 48 47.875     2013 04 20 13 51 40.180     172.3
 2013 04 20 20 23 31.630     2013 04 20 20 26 10.220     158.6
65
 2013 04 20 12 13 42.207     2013 04 20 12 16 39.582     177.4
 2013 04 20 18 49 50.166     2013 04 20 18 52 37.252     167.1
66
 2013 04 20 22 11  1.175     2013 04 20 22 14 22.704     201.5
67
 2013 04 20 00 06 42.495     2013 04 20 00 10 10.275     207.8
 2013 04 20 12 00  5.441     2013 04 20 12 02 44.420     159.0
68
 2013 04 20 13 46 29.766     2013 04 20 13 46 31.031       1.3
69
 2013 04 20 12 11 14.036     2013 04 20 12 11 29.018      15.0
 2013 04 20 20 25 39.832     2013 04 20 20 29  3.726     203.9
70
 2013 04 20 13 43 28.628     2013 04 20 13 46 51.008     202.4
71
 2013 04 20 10 32 12.460     2013 04 20 10 34 51.848     159.4
 2013 04 20 20 31 24.656     2013 04 20 20 35  2.683     218.0
72
 2013 04 20 12 09 45.840     2013 04 20 12 12 26.234     160.4
 2013 04 20 20 27 11.330     2013 04 20 20 30 26.724     195.4
73
 2013 04 20 00 00   .000     2013 04 20 00 02 24.928     144.9
 2013 04 20 13 41 35.562     2013 04 20 13 45 20.687     225.1
 2013 04 20 23 39 45.053     2013 04 20 23 43 24.325     219.3
74
75
 2013 04 20 22 04  3.244     2013 04 20 22 07 27.535     204.3
76
 2013 04 20 22 09 46.272     2013 04 20 22 12 48.764     182.5
77
 2013 04 20 08 52  4.966     2013 04 20 08 52 39.955      35.0
 2013 04 20 20 38  3.942     2013 04 20 20 41   .749     176.8
78
 2013 04 20 00 03 39.267     2013 04 20 00 06 33.647     174.4
 2013 04 20 23 44 38.678     2013 04 20 23 47 33.331     174.7
79
 2013 04 20 00 04 15.772     2013 04 20 00 06 58.356     162.6
 2013 04 20 23 45 15.232     2013 04 20 23 47 57.995     162.8
80
 2013 04 20 13 48 36.089     2013 04 20 13 48 46.173      10.1
 2013 04 20 20 25 33.129     2013 04 20 20 28 15.579     162.5
81
82
 2013 04 20 10 28 37.390     2013 04 20 10 31 12.361     155.0
83
 2013 04 20 12 01  4.057     2013 04 20 12 04  6.893     182.8
84
 2013 04 20 22 04  7.635     2013 04 20 22 07 30.169     202.5
85
86
 2013 04 20 22 05 30.408     2013 04 20 22 08 55.937     205.5
87
 2013 04 20 12 11 35.888     2013 04 20 12 14 50.338     194.4
 2013 04 20 20 27 35.137     2013 04 20 20 28 33.575      58.4
88
 2013 04 20 22 10 12.999     2013 04 20 22 10 17.461       4.5
89
90
 2013 04 20 12 14 15.708     2013 04 20 12 16 59.251     163.5
 2013 04 20 18 48 59.507     2013 04 20 18 51 39.212     159.7
91
 2013 04 20 12 07 14.789     2013 04 20 12 10 41.530     206.7
92
 2013 04 20 13 42  7.140     2013 04 20 13 45  1.072     173.9
93
 2013 04 20 13 48 13.590     2013 04 20 13 51 36.017     202.4
 2013 04 20 20 23  2.643     2013 04 20 20 25 43.426     160.8
94
95
96
 2013 04 20 12 04 58.782     2013 04 20 12 08 41.592     222.8
 2013 04 20 22 06 13.798     2013 04 20 22 09  3.201     169.4
97
 2013 04 20 13 44  6.466     2013 04 20 13 46 45.658     159.2
 2013 04 20 22 01 45.133     2013 04 20 22 05 34.209     229.1
98
 2013 04 20 00 04  6.057     2013 04 20 00 06 47.265     161.2
 2013 04 20 23 45  5.526     2013 04 20 23 47 46.894     161.4
99
 2013 04 20 00 05 31.788     2013 04 20 00 08  9.247     157.5
100
 2013 04 20 12 01 19.416     2013 04 20 12 03 54.414     155.0
101
102
 2013 04 20 13 44 42.854     2013 04 20 13 47 40.743     177.9
 2013 04 20 22 03  3.381     2013 04 20 22 05 47.593     164.2
103
 2013 04 20 10 27  7.959     2013 04 20 10 29 45.146     157.2
104
 2013 04 20 20 25 42.233     2013 04 20 20 28 26.158     163.9
105
 2013 04 20 10 28 40.843     2013 04 20 10 32 13.181     212.3
106
 2013 04 20 15 23 30.361     2013 04 20 15 26 10.666     160.3
 2013 04 20 21 59   .607     2013 04 20 22 01 40.443     159.8
107
 2013 04 20 00 03 45.749     2013 04 20 00 07  7.620     201.9
 2013 04 20 23 44 45.101     2013 04 20 23 48  7.359     202.3
108
 2013 04 20 12 03 48.045     2013 04 20 12 07  6.476     198.4
 2013 04 20 22 08 43.430     2013 04 20 22 11 51.711     188.3
109
 2013 04 20 13 50 17.339     2013 04 20 13 52 55.450     158.1
 2013 04 20 18 45 43.105     2013 04 20 18 49 27.182     224.1
 2013 04 20 20 23 41.380     2013 04 20 20 25  4.903      83.5
110
 2013 04 20 12 04 59.657     2013 04 20 12 07 54.527     174.9
 2013 04 20 22 06 55.337     2013 04 20 22 09 49.568     174.2
111
 2013 04 20 10 33 37.988     2013 04 20 10 36 43.830     185.8
112
 2013 04 20 00 06 14.491     2013 04 20 00 09 31.253     196.8
113
 2013 04 20 12 09 35.167     2013 04 20 12 12 21.479     166.3
 2013 04 20 20 27 57.373     2013 04 20 20 31 11.762     194.4
114
 2013 04 20 20 37 17.539     2013 04 20 20 39 55.272     157.7
115
 2013 04 20 12 04 58.465     2013 04 20 12 07 43.504     165.0
 2013 04 20 22 07  8.091     2013 04 20 22 10  3.070     175.0
116
 2013 04 20 13 47 34.388     2013 04 20 13 50 21.718     167.3
 2013 04 20 20 23 41.195     2013 04 20 20 24 23.800      42.6
117
 2013 04 20 12 07  8.489     2013 04 20 12 09 52.134     163.6
 2013 04 20 22 05 48.489     2013 04 20 22 07 56.365     127.9
118
 2013 04 20 12 04 55.695     2013 04 20 12 06 13.689      78.0
119
 2013 04 20 12 01 26.760     2013 04 20 12 04  4.810     158.0
120
 2013 04 20 10 30 45.225     2013 04 20 10 33 54.615     189.4
 2013 04 20 20 33 20.521     2013 04 20 20 36 13.680     173.2
121
 2013 04 20 12 06 47.007     2013 04 20 12 10 23.177     216.2
122
 2013 04 20 10 28 10.540     2013 04 20 10 30 57.397     166.9
123
 2013 04 20 20 29  3.352     2013 04 20 20 32 24.422     201.1
124
 2013 04 20 12 02 15.095     2013 04 20 12 04 49.861     154.8
125
 2013 04 20 13 47 45.003     2013 04 20 13 50 28.144     163.1
 2013 04 20 20 23 43.769     2013 04 20 20 27 26.454     222.7
126
 2013 04 20 00 05 54.890     2013 04 20 00 09   .062     185.2
 2013 04 20 11 59 47.079     2013 04 20 12 03 29.238     222.2
127
 2013 04 20 12 15 48.303     2013 04 20 12 18 49.162     180.9
 2013 04 20 17 11 47.114     2013 04 20 17 15 17.340     210.2
128
 2013 04 20 13 48 40.521     2013 04 20 13 52 17.263     216.7
 2013 04 20 15 26 42.946     2013 04 20 15 30 28.582     225.6
 2013 04 20 20 22 54.543     2013 04 20 20 25 40.735     166.2
129
 2013 04 20 13 43 30.288     2013 04 20 13 47  5.088     214.8
 2013 04 20 22 03 15.433     2013 04 20 22 06 52.484     217.1
130
 2013 04 20 00 01 12.711     2013 04 20 00 03 50.082     157.4
 2013 04 20 13 40 12.678     2013 04 20 13 42 47.769     155.1
 2013 04 20 23 42 12.233     2013 04 20 23 44 49.656     157.4
131
132
 2013 04 20 00 06  6.611     2013 04 20 00 09 20.240     193.6
 2013 04 20 11 59 57.686     2013 04 20 12 03 15.646     198.0
133
 2013 04 20 10 24 31.427     2013 04 20 10 27 57.140     205.7
 2013 04 20 22 12 52.079     2013 04 20 22 15 33.949     161.9
134
 2013 04 20 13 44  8.613     2013 04 20 13 46 57.054     168.4
 2013 04 20 22 01 32.773     2013 04 20 22 05 15.506     222.7
135
 2013 04 20 13 47 13.952     2013 04 20 13 49 51.119     157.2
136
 2013 04 20 12 08 26.254     2013 04 20 12 11 21.749     175.5
137
 2013 04 20 10 24 53.567     2013 04 20 10 28 37.772     224.2
 2013 04 20 22 12 17.709     2013 04 20 22 15 14.459     176.8
138
 2013 04 20 20 36 23.259     2013 04 20 20 39 41.711     198.5
139
 2013 04 20 10 36  2.494     2013 04 20 10 39  9.599     187.1
 2013 04 20 18 52  1.274     2013 04 20 18 54 42.114     160.8
140
 2013 04 20 12 13 56.228     2013 04 20 12 17 35.582     219.4
 2013 04 20 13 52   .957     2013 04 20 13 55 43.400     222.4
 2013 04 20 18 48  8.670     2013 04 20 18 50 55.694     167.0
141
142
 2013 04 20 13 46 23.532     2013 04 20 13 49  3.089     159.6
 2013 04 20 22 01 59.359     2013 04 20 22 05 29.447     210.1
143
 2013 04 20 20 29 47.808     2013 04 20 20 33 11.751     203.9
144
 2013 04 20 10 31 50.132     2013 04 20 10 34 25.202     155.1
 2013 04 20 20 32   .846     2013 04 20 20 35 17.868     197.0
145
 2013 04 20 12 12 13.126     2013 04 20 12 12 28.903      15.8
146
 2013 04 20 12 11 47.872     2013 04 20 12 14 59.892     192.0
 2013 04 20 20 25 56.203     2013 04 20 20 29 44.481     228.3
147
 2013 04 20 13 46 19.296     2013 04 20 13 50  1.778     222.5
 2013 04 20 22 00 19.362     2013 04 20 22 04  5.617     226.3
148
 2013 04 20 10 25 49.000     2013 04 20 10 28 44.308     175.3
 2013 04 20 22 12  6.567     2013 04 20 22 13 43.466      96.9
149
 2013 04 20 15 23 33.240     2013 04 20 15 26 11.143     157.9
 2013 04 20 21 58 54.194     2013 04 20 22 01 33.375     159.2
150
 2013 04 20 15 25 59.387     2013 04 20 15 28 43.698     164.3
 2013 04 20 20 21 35.975     2013 04 20 20 24 21.699     165.7
151
 2013 04 20 20 36 44.825     2013 04 20 20 39 22.219     157.4
152
 2013 04 20 13 47 37.812     2013 04 20 13 51 20.199     222.4
 2013 04 20 20 24 48.523     2013 04 20 20 28  7.003     198.5
153
 2013 04 20 22 11  6.633     2013 04 20 22 14  1.910     175.3
154
155
 2013 04 20 12 13  8.430     2013 04 20 12 16 14.467     186.0
 2013 04 20 18 49 38.372     2013 04 20 18 52 57.538     199.2
156
 2013 04 20 12 11 42.085     2013 04 20 12 12 15.219      33.1
157
 2013 04 20 20 29 24.818     2013 04 20 20 32 45.150     200.3
158
 2013 04 20 13 49 36.441     2013 04 20 13 52 21.590     165.1
 2013 04 20 20 24 20.084     2013 04 20 20 27 22.641     182.6
159
 2013 04 20 12 08 56.077     2013 04 20 12 12 14.919     198.8
 2013 04 20 20 29 59.183     2013 04 20 20 30 21.634      22.5
160
 2013 04 20 10 30 34.467     2013 04 20 10 33 16.113     161.6
 2013 04 20 20 32 28.052     2013 04 20 20 35  9.751     161.7
161
162
163
 2013 04 20 00 02  6.874     2013 04 20 00 02 19.631      12.8
 2013 04 20 23 43  6.638     2013 04 20 23 43 20.615      14.0
164
165
 2013 04 20 15 24  6.191     2013 04 20 15 27  3.731     177.5
 2013 04 20 21 59 22.152     2013 04 20 22 02 14.990     172.8
166
 2013 04 20 22 08 47.548     2013 04 20 22 12 35.650     228.1
167
 2013 04 20 12 14  9.481     2013 04 20 12 16 57.779     168.3
 2013 04 20 18 49 47.472     2013 04 20 18 52 25.749     158.3
168
169
 2013 04 20 00 01 54.955     2013 04 20 00 04 50.976     176.0
 2013 04 20 13 39 14.792     2013 04 20 13 42   .821     166.0
 2013 04 20 23 42 54.366     2013 04 20 23 45 50.655     176.3
170
 2013 04 20 10 33 11.356     2013 04 20 10 36  7.720     176.4
171
 2013 04 20 20 25 32.523     2013 04 20 20 29  4.073     211.5
172
 2013 04 20 12 04 10.410     2013 04 20 12 06 59.617     169.2
 2013 04 20 22 06 53.641     2013 04 20 22 10 45.143     231.5
173
 2013 04 20 13 47 36.464     2013 04 20 13 47 37.732       1.3
 2013 04 20 20 25 17.997     2013 04 20 20 28 20.232     182.2
174
 2013 04 20 10 31 50.384     2013 04 20 10 34 51.250     180.9
 2013 04 20 20 31 18.570     2013 04 20 20 34 28.173     189.6
175
 2013 04 20 15 24 34.513     2013 04 20 15 27 21.379     166.9
 2013 04 20 20 19 44.105     2013 04 20 20 23 37.378     233.3
 2013 04 20 21 58  4.571     2013 04 20 22 01 34.034     209.5
176
 2013 04 20 12 13 18.972     2013 04 20 12 16  7.795     168.8
 2013 04 20 18 48 32.444     2013 04 20 18 51 37.747     185.3
177
 2013 04 20 00 01 33.626     2013 04 20 00 02  1.033      27.4
 2013 04 20 13 40 23.620     2013 04 20 13 40 27.129       3.5
 2013 04 20 23 42 33.385     2013 04 20 23 43  2.176      28.8
178
 2013 04 20 12 06  7.841     2013 04 20 12 09 11.099     183.3
 2013 04 20 22 07 27.701     2013 04 20 22 10 55.673     208.0
179
180
 2013 04 20 12 11 24.183     2013 04 20 12 15  9.503     225.3
 2013 04 20 20 25 42.767     2013 04 20 20 29 14.190     211.4
181
 2013 04 20 13 44  2.069     2013 04 20 13 47 32.973     210.9
 2013 04 20 22 01   .498     2013 04 20 22 04 31.137     210.6
182
183
 2013 04 20 22 04 31.918     2013 04 20 22 08  4.326     212.4
184
185
186
 2013 04 20 12 13 18.064     2013 04 20 12 14 29.435      71.4
 2013 04 20 13 51 27.574     2013 04 20 13 55 13.600     226.0
 2013 04 20 18 48   .215     2013 04 20 18 50 39.196     159.0
187
 2013 04 20 12 02 54.539     2013 04 20 12 06 14.836     200.3
188
 2013 04 20 00 03  2.748     2013 04 20 00 05 39.821     157.1
 2013 04 20 13 38 39.513     2013 04 20 13 38 43.959       4.4
 2013 04 20 23 44  2.277     2013 04 20 23 46 39.391     157.1
189
190
 2013 04 20 22 09  7.538     2013 04 20 22 12  7.678     180.1
191
192
 2013 04 20 13 46 36.841     2013 04 20 13 47  3.459      26.6
193
 2013 04 20 12 14 33.436     2013 04 20 12 17 36.641     183.2
 2013 04 20 13 52 11.309     2013 04 20 13 52 12.152        .8
 2013 04 20 18 48 30.593     2013 04 20 18 51 31.348     180.8
194
 2013 04 20 22 09  1.655     2013 04 20 22 11 51.052     169.4
195
 2013 04 20 13 42  3.503     2013 04 20 13 45 47.893     224.4
 2013 04 20 23 39 14.096     2013 04 20 23 39 15.920       1.8
196
 2013 04 20 20 30 32.153     2013 04 20 20 33 51.944     199.8
197
 2013 04 20 13 41 37.945     2013 04 20 13 45  4.864     206.9
198
 2013 04 20 13 47 14.393     2013 04 20 13 49 52.233     157.8
199
 2013 04 20 00 04  3.811     2013 04 20 00 05  2.799      59.0
 2013 04 20 23 45  3.571     2013 04 20 23 46  4.604      61.0
200
 2013 04 20 13 42  1.756     2013 04 20 13 45 12.239     190.5
 2013 04 20 23 39 50.122     2013 04 20 23 40 25.790      35.7
201
 2013 04 20 13 46  3.046     2013 04 20 13 49 19.141     196.1
 2013 04 20 22 01   .677     2013 04 20 22 04 11.072     190.4
202
203
 2013 04 20 12 17  2.772     2013 04 20 12 17 25.165      22.4
 2013 04 20 13 51 38.821     2013 04 20 13 55  8.339     209.5
 2013 04 20 18 47 52.485     2013 04 20 18 50 31.022     158.5
204
 2013 04 20 13 48 26.495     2013 04 20 13 51 51.015     204.5
 2013 04 20 20 25   .400     2013 04 20 20 27 41.247     160.8
205
206
 2013 04 20 00 01 13.207     2013 04 20 00 01 20.532       7.3
 2013 04 20 13 40 45.547     2013 04 20 13 42 13.771      88.2
 2013 04 20 23 42 12.970     2013 04 20 23 42 21.427       8.5
207
208
 2013 04 20 22 09 56.235     2013 04 20 22 13  1.052     184.8
209
 2013 04 20 08 49 51.676     2013 04 20 08 50 28.510      36.8
 2013 04 20 20 37 44.544     2013 04 20 20 40 29.610     165.1
210
 2013 04 20 10 32 56.711     2013 04 20 10 35 52.865     176.2
211
 2013 04 20 10 28 28.573     2013 04 20 10 28 45.879      17.3
 2013 04 20 22 12 10.761     2013 04 20 22 14 57.190     166.4
212
 2013 04 20 13 50  7.452     2013 04 20 13 52 44.814     157.4
 2013 04 20 18 45 28.017     2013 04 20 18 49 23.213     235.2
 2013 04 20 20 23 42.080     2013 04 20 20 27 24.829     222.7
213
 2013 04 20 13 49 28.009     2013 04 20 13 49 44.581      16.6
 2013 04 20 20 25 11.327     2013 04 20 20 28 48.598     217.3
214
 2013 04 20 22 05 33.618     2013 04 20 22 05 48.820      15.2
215
 2013 04 20 20 34 12.892     2013 04 20 20 34 42.798      29.9
216
217
 2013 04 20 12 06 42.672     2013 04 20 12 09 19.154     156.5
 2013 04 20 22 06 29.296     2013 04 20 22 09 52.369     203.1
218
 2013 04 20 13 48 21.844     2013 04 20 13 51 12.608     170.8
 2013 04 20 20 24 23.594     2013 04 20 20 27 16.158     172.6
219
 2013 04 20 18 53 55.007     2013 04 20 18 54  9.162      14.2
220
 2013 04 20 12 07 29.193     2013 04 20 12 10 37.140     187.9
221
 2013 04 20 00 02 42.376     2013 04 20 00 06 24.271     221.9
 2013 04 20 13 37 43.270     2013 04 20 13 41 26.689     223.4
 2013 04 20 23 43 41.706     2013 04 20 23 47 24.026     222.3
222
223
 2013 04 20 15 25 13.494     2013 04 20 15 28 47.688     214.2
 2013 04 20 20 21 44.232     2013 04 20 20 25 12.401     208.2
224
 2013 04 20 12 06 28.349     2013 04 20 12 06 32.618       4.3
225
 2013 04 20 12 15 16.099     2013 04 20 12 18 11.393     175.3
 2013 04 20 13 52 55.221     2013 04 20 13 53 37.970      42.7
 2013 04 20 17 10 27.173     2013 04 20 17 13 53.843     206.7
 2013 04 20 18 48 17.307     2013 04 20 18 52  9.858     232.6
226
 2013 04 20 12 07 14.585     2013 04 20 12 09 52.067     157.5
227
 2013 04 20 13 42  7.052     2013 04 20 13 45 32.849     205.8
228
 2013 04 20 13 41 39.933     2013 04 20 13 45 22.942     223.0
229
 2013 04 20 00 00 37.008     2013 04 20 00 03 26.560     169.6
 2013 04 20 13 40 54.261     2013 04 20 13 43 33.116     158.9
 2013 04 20 23 41 36.645     2013 04 20 23 44 26.028     169.4
230
 2013 04 20 10 32 32.998     2013 04 20 10 35 19.918     166.9
 2013 04 20 20 30 50.391     2013 04 20 20 31 37.938      47.5
231
 2013 04 20 12 15 45.924     2013 04 20 12 19  2.707     196.8
 2013 04 20 17 12   .493     2013 04 20 17 15 31.804     211.3
232
233
 2013 04 20 13 44 27.779     2013 04 20 13 47  3.584     155.8
 2013 04 20 22 02 13.603     2013 04 20 22 05 30.140     196.5
234
 2013 04 20 12 11 34.481     2013 04 20 12 14 16.860     162.4
 2013 04 20 20 26 48.048     2013 04 20 20 30  4.459     196.4
235
 2013 04 20 22 09 20.611     2013 04 20 22 12 10.936     170.3
236
 2013 04 20 13 50 30.981     2013 04 20 13 53  8.603     157.6
 2013 04 20 18 45 56.441     2013 04 20 18 49 19.781     203.3
237
 2013 04 20 20 29  6.129     2013 04 20 20 32  5.896     179.8
238
 2013 04 20 12 06 34.928     2013 04 20 12 09 23.721     168.8
 2013 04 20 22 06 16.231     2013 04 20 22 09 26.138     189.9
239
 2013 04 20 12 03 31.411     2013 04 20 12 06  9.073     157.7
240
 2013 04 20 00 02 49.995     2013 04 20 00 05 31.516     161.5
 2013 04 20 13 38 41.977     2013 04 20 13 40 58.913     136.9
 2013 04 20 23 43 49.464     2013 04 20 23 46 31.143     161.7
241
 2013 04 20 12 14 38.589     2013 04 20 12 18   .393     201.8
 2013 04 20 18 50 10.490     2013 04 20 18 53 13.311     182.8
242
 2013 04 20 10 33 40.205     2013 04 20 10 33 55.252      15.0
 2013 04 20 20 31  9.407     2013 04 20 20 34 20.812     191.4
243
 2013 04 20 13 46  6.495     2013 04 20 13 49 20.173     193.7
 2013 04 20 22 01   .564     2013 04 20 22 04 14.078     193.5
244
 2013 04 20 12 15 34.605     2013 04 20 12 18 53.924     199.3
 2013 04 20 17 11 49.864     2013 04 20 17 15 36.791     226.9
245
 2013 04 20 10 30 33.554     2013 04 20 10 34 16.467     222.9
 2013 04 20 20 33 33.384     2013 04 20 20 36 41.314     187.9
246
 2013 04 20 12 15 52.371     2013 04 20 12 19   .992     188.6
 2013 04 20 17 11 59.600     2013 04 20 17 15 23.648     204.0
247
 2013 04 20 12 15  9.677     2013 04 20 12 17 59.301     169.6
 2013 04 20 18 49 32.699     2013 04 20 18 52 58.980     206.3
248
 2013 04 20 12 10 19.995     2013 04 20 12 13  7.456     167.5
 2013 04 20 20 27 10.243     2013 04 20 20 29 52.884     162.6
249
 2013 04 20 13 45 52.151     2013 04 20 13 48 38.768     166.6
 2013 04 20 22 01 43.146     2013 04 20 22 04 33.086     169.9
250
 2013 04 20 00 08   .448     2013 04 20 00 08 45.361      44.9
251
252
 2013 04 20 15 26 41.916     2013 04 20 15 29 48.826     186.9
 2013 04 20 20 22 23.185     2013 04 20 20 25  5.743     162.6
253
 2013 04 20 12 06 36.970     2013 04 20 12 07 38.407      61.4
254
 2013 04 20 13 48  8.359     2013 04 20 13 50 58.949     170.6
 2013 04 20 20 23 18.577     2013 04 20 20 26 16.839     178.3
255
 2013 04 20 12 05 10.457     2013 04 20 12 07 56.690     166.2
 2013 04 20 22 08  3.578     2013 04 20 22 10 40.816     157.2
256
 2013 04 20 22 11 18.701     2013 04 20 22 13 55.818     157.1
257
 2013 04 20 15 24 10.167     2013 04 20 15 28   .835     230.7
 2013 04 20 21 59 49.601     2013 04 20 22 03 11.957     202.4
258
259
 2013 04 20 22 09 25.282     2013 04 20 22 09 34.149       8.9
260
 2013 04 20 22 10 23.396     2013 04 20 22 13 10.925     167.5
261
 2013 04 20 13 44 44.173     2013 04 20 13 47 49.023     184.8
 2013 04 20 22 01 33.742     2013 04 20 22 04 26.297     172.6
262
 2013 04 20 15 23  6.653     2013 04 20 15 25 53.863     167.2
 2013 04 20 21 59  2.951     2013 04 20 22 01 55.887     172.9
263
 2013 04 20 22 04 46.884     2013 04 20 22 08 30.769     223.9
264
 2013 04 20 20 34 40.947     2013 04 20 20 38 25.244     224.3
265
 2013 04 20 12 03 24.397     2013 04 20 12 06 52.464     208.1
266
 2013 04 20 12 00 50.991     2013 04 20 12 04 23.349     212.4
267
 2013 04 20 22 04 15.182     2013 04 20 22 05 20.974      65.8
268
 2013 04 20 10 35 48.814     2013 04 20 10 38 36.796     168.0
 2013 04 20 18 52 25.448     2013 04 20 18 55  3.780     158.3
269
 2013 04 20 12 04 54.126     2013 04 20 12 05 29.117      35.0
 2013 04 20 22 08 38.120     2013 04 20 22 11 39.973     181.9
270
 2013 04 20 20 36 20.901     2013 04 20 20 39  6.939     166.0
271
 2013 04 20 12 02 52.862     2013 04 20 12 05 53.894     181.0
272
 2013 04 20 10 30 34.604     2013 04 20 10 33 31.750     177.1
 2013 04 20 20 32  7.213     2013 04 20 20 34 49.228     162.0
273
 2013 04 20 20 29 12.263     2013 04 20 20 29 57.290      45.0
274
 2013 04 20 08 50  7.893     2013 04 20 08 53 31.717     203.8
 2013 04 20 20 37 53.597     2013 04 20 20 40 47.539     173.9
275
 2013 04 20 00 02 56.874     2013 04 20 00 06 30.263     213.4
 2013 04 20 23 43 56.603     2013 04 20 23 47 29.644     213.0
276
 2013 04 20 12 11 27.556     2013 04 20 12 14 56.307     208.8
 2013 04 20 20 25 56.534     2013 04 20 20 29 23.884     207.3
277
 2013 04 20 10 26 15.657     2013 04 20 10 29 42.972     207.3
278
279
 2013 04 20 13 49 52.197     2013 04 20 13 52 29.738     157.5
 2013 04 20 18 49 15.328     2013 04 20 18 49 21.539       6.2
 2013 04 20 20 23 45.278     2013 04 20 20 27  6.772     201.5
280
 2013 04 20 13 44  2.357     2013 04 20 13 47 23.180     200.8
 2013 04 20 22 01  5.839     2013 04 20 22 04 41.544     215.7
281
 2013 04 20 12 01 52.114     2013 04 20 12 03 58.678     126.6
282
283
 2013 04 20 13 46 46.514     2013 04 20 13 49 27.072     160.6
 2013 04 20 22 01 10.594     2013 04 20 22 02 44.290      93.7
284
 2013 04 20 12 12 35.292     2013 04 20 12 15 44.992     189.7
 2013 04 20 18 47 46.919     2013 04 20 18 51 35.217     228.3
285
 2013 04 20 00 00 45.028     2013 04 20 00 03 26.702     161.7
 2013 04 20 13 40 41.011     2013 04 20 13 43 20.455     159.4
 2013 04 20 23 41 44.627     2013 04 20 23 44 26.204     161.6
286
 2013 04 20 12 12 34.019     2013 04 20 12 15 10.734     156.7
287
 2013 04 20 10 35 39.144     2013 04 20 10 38 26.333     167.2
 2013 04 20 18 52 26.798     2013 04 20 18 55  8.017     161.2
288
 2013 04 20 10 38 28.507     2013 04 20 10 39 18.884      50.4
 2013 04 20 18 51 28.818     2013 04 20 18 54  8.236     159.4
289
290
 2013 04 20 13 43 45.783     2013 04 20 13 47 12.567     206.8
 2013 04 20 22 00 52.898     2013 04 20 22 01 19.561      26.7
291
 2013 04 20 00 06 32.093     2013 04 20 00 09 22.503     170.4
 2013 04 20 12 01 38.055     2013 04 20 12 02 15.321      37.3
292
293
 2013 04 20 12 06  8.112     2013 04 20 12 08 55.391     167.3
 2013 04 20 22 07 24.391     2013 04 20 22 10 34.593     190.2
294
 2013 04 20 12 14 12.382     2013 04 20 12 14 48.243      35.9
 2013 04 20 20 25 55.914     2013 04 20 20 28 48.945     173.0
295
 2013 04 20 15 24 28.740     2013 04 20 15 27  5.967     157.2
 2013 04 20 21 58 38.180     2013 04 20 22 01 49.080     190.9
296
 2013 04 20 00 04  9.970     2013 04 20 00 07 51.855     221.9
 2013 04 20 23 45  9.711     2013 04 20 23 48 51.223     221.5
297
298
 2013 04 20 22 04 55.691     2013 04 20 22 08 13.121     197.4
299
 2013 04 20 13 46 34.509     2013 04 20 13 49 11.663     157.2
 2013 04 20 22 01 44.037     2013 04 20 22 05 26.401     222.4
300
 2013 04 20 10 25  7.131     2013 04 20 10 27 43.442     156.3
 2013 04 20 22 13 18.581     2013 04 20 22 16 32.995     194.4
301
302
 2013 04 20 13 50 38.430     2013 04 20 13 53 51.447     193.0
 2013 04 20 18 46 50.110     2013 04 20 18 50 10.943     200.8
303
 2013 04 20 12 15  9.328     2013 04 20 12 17 47.478     158.2
 2013 04 20 18 49 13.168     2013 04 20 18 52 34.650     201.5
304
 2013 04 20 10 25  3.211     2013 04 20 10 25 26.472      23.3
305
 2013 04 20 10 31 54.000     2013 04 20 10 35 17.320     203.3
306
 2013 04 20 12 10 23.420     2013 04 20 12 14 11.898     228.5
 2013 04 20 20 28 41.728     2013 04 20 20 31 36.153     174.4
307
 2013 04 20 13 42 26.241     2013 04 20 13 45 30.176     183.9
308
 2013 04 20 00 02 32.655     2013 04 20 00 05 59.752     207.1
 2013 04 20 23 43 32.376     2013 04 20 23 46 59.141     206.8
309
 2013 04 20 12 15 44.982     2013 04 20 12 18 24.514     159.5
 2013 04 20 17 11 15.899     2013 04 20 17 14 45.962     210.1
310
 2013 04 20 13 49 19.699     2013 04 20 13 52 47.134     207.4
 2013 04 20 20 24 58.598     2013 04 20 20 28   .796     182.2
311
 2013 04 20 12 02 25.619     2013 04 20 12 02 35.196       9.6
312
 2013 04 20 12 02 47.338     2013 04 20 12 05 27.544     160.2
313
 2013 04 20 12 03  2.463     2013 04 20 12 05 43.266     160.8
314
 2013 04 20 12 14 18.815     2013 04 20 12 17  7.851     169.0
 2013 04 20 18 49 48.917     2013 04 20 18 52 28.455     159.5
315
 2013 04 20 12 14 44.527     2013 04 20 12 16 56.715     132.2
 2013 04 20 18 50 21.685     2013 04 20 18 53 49.350     207.7
316
 2013 04 20 00 00   .000     2013 04 20 00 00 11.894      11.9
 2013 04 20 13 41 58.444     2013 04 20 13 44 33.905     155.5
 2013 04 20 23 40 42.599     2013 04 20 23 41 12.979      30.4
317
 2013 04 20 00 05 13.409     2013 04 20 00 07 52.718     159.3
318
319
 2013 04 20 12 14 58.249     2013 04 20 12 17 48.172     169.9
 2013 04 20 17 10  6.215     2013 04 20 17 10 48.106      41.9
 2013 04 20 18 48 36.369     2013 04 20 18 51 57.045     200.7
320
 2013 04 20 13 44 14.741     2013 04 20 13 46 51.553     156.8
 2013 04 20 22 01 57.042     2013 04 20 22 05 33.307     216.3
321
 2013 04 20 12 00 11.800     2013 04 20 12 01 20.412      68.6
322
 2013 04 20 12 04 41.846     2013 04 20 12 07 39.011     177.2
 2013 04 20 22 08 22.218     2013 04 20 22 11  3.825     161.6
323
 2013 04 20 00 05 11.479     2013 04 20 00 07 48.540     157.1
324
 2013 04 20 20 39 13.679     2013 04 20 20 39 38.760      25.1
325
 2013 04 20 13 45 16.016     2013 04 20 13 46 26.953      70.9
 2013 04 20 22 03 21.411     2013 04 20 22 06 30.694     189.3
326
 2013 0