s1
0
 2013 04 20 04 18 35.854     2013 04 20 04 21 15.097     159.2
 2013 04 20 16 08  4.543     2013 04 20 16 10 41.339     156.8
1
 2013 04 20 15 23  5.541     2013 04 20 15 26 16.424     190.9
2
3
 2013 04 20 03 34 30.969     2013 04 20 03 37 34.424     183.5
4
 2013 04 20 00 31  3.460     2013 04 20 00 34  2.308     178.8
 2013 04 20 10 28 27.247     2013 04 20 10 31 41.346     194.1
5
 2013 04 20 02 50 24.764     2013 04 20 02 53 24.705     179.9
 2013 04 20 12 50 59.081     2013 04 20 12 54 31.774     212.7
6
 2013 04 20 06 55  1.113     2013 04 20 06 57 34.674     153.6
 2013 04 20 13 29 32.866     2013 04 20 13 29 43.253      10.4
7
 2013 04 20 03 42  7.733     2013 04 20 03 45 35.629     207.9
 2013 04 20 12 00 16.748     2013 04 20 12 03 47.145     210.4
8
 2013 04 20 06 53 49.713     2013 04 20 06 57  8.906     199.2
 2013 04 20 15 08 16.799     2013 04 20 15 08 21.810       5.0
9
 2013 04 20 22 15 41.142     2013 04 20 22 19  4.484     203.3
10
 2013 04 20 04 17 11.865     2013 04 20 04 19 53.918     162.1
11
12
 2013 04 20 21 35  1.645     2013 04 20 21 38 12.939     191.3
13
 2013 04 20 03 02  8.397     2013 04 20 03 04 59.325     170.9
 2013 04 20 07 57  8.816     2013 04 20 08 00 11.536     182.7
14
 2013 04 20 01 47 14.638     2013 04 20 01 47 16.513       1.9
15
 2013 04 20 14 27 42.645     2013 04 20 14 30 39.455     176.8
16
 2013 04 20 12 27  1.814     2013 04 20 12 29 38.900     157.1
 2013 04 20 19 00 51.811     2013 04 20 19 03 26.031     154.2
17
 2013 04 20 11 40 11.355     2013 04 20 11 42 46.816     155.5
 2013 04 20 18 13 33.072     2013 04 20 18 16 20.009     166.9
18
 2013 04 20 06 49  1.782     2013 04 20 06 52 16.072     194.3
19
 2013 04 20 07 38 39.158     2013 04 20 07 41 34.052     174.9
 2013 04 20 15 55 59.828     2013 04 20 15 59 30.701     210.9
20
21
22
 2013 04 20 02 48 14.432     2013 04 20 02 51  4.786     170.4
23
 2013 04 20 01 13 34.040     2013 04 20 01 17  8.400     214.4
24
 2013 04 20 00 18 44.215     2013 04 20 00 21 29.680     165.5
25
26
 2013 04 20 08 09 34.901     2013 04 20 08 12 24.489     169.6
 2013 04 20 21 44 30.978     2013 04 20 21 48 10.878     219.9
27
 2013 04 20 05 58 36.783     2013 04 20 05 58 52.684      15.9
 2013 04 20 16 02 32.647     2013 04 20 16 05 10.906     158.3
28
 2013 04 20 06 29  7.842     2013 04 20 06 29 35.725      27.9
 2013 04 20 21 50 53.098     2013 04 20 21 54 23.645     210.5
29
 2013 04 20 16 40 12.465     2013 04 20 16 43 42.114     209.6
30
 2013 04 20 18 31 23.393     2013 04 20 18 34 34.631     191.2
31
 2013 04 20 03 22 20.850     2013 04 20 03 25 26.834     186.0
32
33
 2013 04 20 17 51  2.987     2013 04 20 17 53 42.047     159.1
34
35
 2013 04 20 03 42   .249     2013 04 20 03 45 29.192     208.9
 2013 04 20 12 00 13.665     2013 04 20 12 03 54.279     220.6
36
 2013 04 20 08 03 10.901     2013 04 20 08 03 11.510        .6
 2013 04 20 23 23  9.764     2013 04 20 23 25 44.831     155.1
37
 2013 04 20 00 32  6.738     2013 04 20 00 34 38.321     151.6
38
 2013 04 20 11 37 55.540     2013 04 20 11 40 30.986     155.4
39
 2013 04 20 00 31 43.618     2013 04 20 00 34 17.302     153.7
40
 2013 04 20 08 29 24.710     2013 04 20 08 32 17.649     172.9
 2013 04 20 15 03 30.648     2013 04 20 15 07 11.238     220.6
41
 2013 04 20 00 23 13.024     2013 04 20 00 26 38.782     205.8
 2013 04 20 12 11 40.764     2013 04 20 12 14 59.332     198.6
42
43
 2013 04 20 00 57 54.141     2013 04 20 01 00 32.202     158.1
 2013 04 20 16 19 13.028     2013 04 20 16 21 56.046     163.0
44
 2013 04 20 17 43 43.383     2013 04 20 17 45 18.020      94.6
45
 2013 04 20 21 00 10.808     2013 04 20 21 02 43.106     152.3
46
 2013 04 20 05 49 55.980     2013 04 20 05 53 38.033     222.1
47
 2013 04 20 13 02 55.006     2013 04 20 13 06  5.742     190.7
48
 2013 04 20 08 14 46.069     2013 04 20 08 18 17.412     211.3
 2013 04 20 20 02 27.058     2013 04 20 20 05 27.069     180.0
49
 2013 04 20 09 16 14.358     2013 04 20 09 19 21.937     187.6
 2013 04 20 15 54 21.554     2013 04 20 15 54 27.423       5.9
50
 2013 04 20 00 56 47.788     2013 04 20 00 59 31.099     163.3
 2013 04 20 16 22 38.778     2013 04 20 16 22 41.582       2.8
51
 2013 04 20 13 14 56.728     2013 04 20 13 17 55.905     179.2
 2013 04 20 19 48 43.290     2013 04 20 19 51 53.910     190.6
52
53
54
 2013 04 20 09 17  7.865     2013 04 20 09 19 47.490     159.6
 2013 04 20 15 51 52.382     2013 04 20 15 55 10.879     198.5
55
 2013 04 20 19 49 41.418     2013 04 20 19 52 36.832     175.4
56
 2013 04 20 00 30 26.650     2013 04 20 00 33 31.845     185.2
 2013 04 20 10 30  4.638     2013 04 20 10 33 30.179     205.5
57
58
 2013 04 20 03 47 42.617     2013 04 20 03 50 23.608     161.0
 2013 04 20 10 21  2.149     2013 04 20 10 23 45.718     163.6
59
60
 2013 04 20 13 00 50.149     2013 04 20 13 01 33.510      43.4
61
 2013 04 20 03 43 36.387     2013 04 20 03 46 32.204     175.8
 2013 04 20 12 00  6.569     2013 04 20 12 02 41.336     154.8
62
 2013 04 20 10 43 13.336     2013 04 20 10 46 29.484     196.1
 2013 04 20 20 43  9.744     2013 04 20 20 46  5.902     176.2
63
 2013 04 20 17 03 52.871     2013 04 20 17 07 27.044     214.2
64
 2013 04 20 16 21 15.174     2013 04 20 16 22 55.388     100.2
 2013 04 20 23 01 13.606     2013 04 20 23 01 35.923      22.3
65
 2013 04 20 15 10 53.355     2013 04 20 15 13 53.300     179.9
66
 2013 04 20 18 24 11.771     2013 04 20 18 26 47.510     155.7
67
 2013 04 20 00 38 41.622     2013 04 20 00 41 55.116     193.5
 2013 04 20 07 13 20.866     2013 04 20 07 16  5.420     164.6
68
 2013 04 20 09 09 38.559     2013 04 20 09 09 40.849       2.3
69
 2013 04 20 15 11  7.341     2013 04 20 15 13 56.966     169.6
70
 2013 04 20 08 29 24.473     2013 04 20 08 31 58.141     153.7
 2013 04 20 15 07 40.255     2013 04 20 15 08  3.238      23.0
71
72
 2013 04 20 09 06 24.327     2013 04 20 09 09 35.360     191.0
73
 2013 04 20 11 31  9.828     2013 04 20 11 33 41.714     151.9
 2013 04 20 21 31 10.778     2013 04 20 21 33 44.680     153.9
74
 2013 04 20 06 10 58.224     2013 04 20 06 14 23.967     205.7
 2013 04 20 11 06 33.540     2013 04 20 11 09 39.110     185.6
75
 2013 04 20 13 06  4.138     2013 04 20 13 09 15.102     191.0
 2013 04 20 23 04 33.990     2013 04 20 23 07 12.828     158.8
76
 2013 04 20 01 16  7.966     2013 04 20 01 19 21.346     193.4
 2013 04 20 11 18 26.043     2013 04 20 11 20 59.495     153.5
77
 2013 04 20 07 38 51.376     2013 04 20 07 41 58.608     187.2
 2013 04 20 15 54 32.626     2013 04 20 15 58   .212     207.6
78
 2013 04 20 01 27 35.466     2013 04 20 01 30 11.769     156.3
 2013 04 20 06 22  6.444     2013 04 20 06 25  3.133     176.7
79
 2013 04 20 09 10 53.773     2013 04 20 09 13 27.890     154.1
 2013 04 20 19 08 29.060     2013 04 20 19 12 10.977     221.9
80
 2013 04 20 13 59   .479     2013 04 20 14 01 56.134     175.7
 2013 04 20 22 12 10.786     2013 04 20 22 15 39.738     209.0
81
 2013 04 20 02 59 37.978     2013 04 20 03 02 17.875     159.9
 2013 04 20 09 33 45.651     2013 04 20 09 36 33.838     168.2
82
 2013 04 20 11 40 21.320     2013 04 20 11 43 53.385     212.1
 2013 04 20 18 14 36.863     2013 04 20 18 17 55.360     198.5
83
 2013 04 20 16 50 42.138     2013 04 20 16 53 24.159     162.0
84
 2013 04 20 09 56  2.777     2013 04 20 09 58 34.981     152.2
 2013 04 20 19 56 46.459     2013 04 20 19 59 41.507     175.0
85
86
 2013 04 20 08 19 48.452     2013 04 20 08 22 44.811     176.4
87
 2013 04 20 12 26   .057     2013 04 20 12 28 43.177     163.1
 2013 04 20 19 00 11.639     2013 04 20 19 03 26.027     194.4
88
 2013 04 20 00 17 25.487     2013 04 20 00 20 56.178     210.7
 2013 04 20 13 50 31.154     2013 04 20 13 53 46.359     195.2
89
 2013 04 20 14 29 47.942     2013 04 20 14 32 47.527     179.6
90
 2013 04 20 06 49 12.432     2013 04 20 06 52 15.354     182.9
91
92
 2013 04 20 00 31 25.556     2013 04 20 00 34  7.791     162.2
 2013 04 20 10 28 24.086     2013 04 20 10 32  6.068     222.0
93
 2013 04 20 18 32 54.604     2013 04 20 18 36  7.445     192.8
94
 2013 04 20 09 46 34.229     2013 04 20 09 50   .577     206.3
95
 2013 04 20 23 15 28.111     2013 04 20 23 18 28.919     180.8
96
 2013 04 20 12 12 48.414     2013 04 20 12 16 29.685     221.3
97
 2013 04 20 03 20   .225     2013 04 20 03 23 20.907     200.7
 2013 04 20 18 40  6.392     2013 04 20 18 42 41.712     155.3
98
 2013 04 20 08 09  5.351     2013 04 20 08 12 46.883     221.5
 2013 04 20 21 43 15.870     2013 04 20 21 45 57.030     161.2
99
 2013 04 20 09 15 13.974     2013 04 20 09 18 42.072     208.1
 2013 04 20 17 30 20.046     2013 04 20 17 32  4.196     104.1
100
 2013 04 20 08 27 12.151     2013 04 20 08 29 44.686     152.5
 2013 04 20 16 42 50.875     2013 04 20 16 45 26.234     155.4
101
 2013 04 20 07 41 40.676     2013 04 20 07 45  8.156     207.5
 2013 04 20 14 15 42.620     2013 04 20 14 15 52.083       9.5
102
103
104
 2013 04 20 08 26 35.339     2013 04 20 08 30  6.389     211.0
 2013 04 20 16 41 40.134     2013 04 20 16 44 24.667     164.5
105
 2013 04 20 02 34 45.834     2013 04 20 02 37 27.814     162.0
106
107
 2013 04 20 06 53 53.718     2013 04 20 06 57 12.602     198.9
 2013 04 20 15 06 33.458     2013 04 20 15 10 17.006     223.5
108
 2013 04 20 23 22 44.366     2013 04 20 23 25 36.166     171.8
109
 2013 04 20 04 05 28.868     2013 04 20 04 08 40.244     191.4
110
 2013 04 20 06 48 11.803     2013 04 20 06 51 11.572     179.8
 2013 04 20 16 46 53.730     2013 04 20 16 49 31.556     157.8
111
 2013 04 20 20 45 11.841     2013 04 20 20 48 30.440     198.6
112
 2013 04 20 08 03 27.677     2013 04 20 08 06 49.672     202.0
 2013 04 20 23 25 21.265     2013 04 20 23 28 13.320     172.1
113
 2013 04 20 02 35 48.254     2013 04 20 02 38 23.124     154.9
114
 2013 04 20 02 59  7.769     2013 04 20 03 02  1.127     173.4
 2013 04 20 09 33 13.111     2013 04 20 09 36 24.771     191.7
115
 2013 04 20 14 23  3.019     2013 04 20 14 25 37.130     154.1
116
 2013 04 20 23 02 40.990     2013 04 20 23 06 12.786     211.8
117
 2013 04 20 04 07 14.197     2013 04 20 04 10 20.440     186.2
 2013 04 20 19 27 33.897     2013 04 20 19 30  6.398     152.5
118
 2013 04 20 05 44 36.778     2013 04 20 05 47 12.355     155.6
119
120
 2013 04 20 10 05 13.123     2013 04 20 10 07 51.308     158.2
 2013 04 20 16 38 59.841     2013 04 20 16 41 35.423     155.6
121
 2013 04 20 05 22 32.574     2013 04 20 05 25 11.644     159.1
 2013 04 20 11 56  4.912     2013 04 20 11 59  2.348     177.4
122
 2013 04 20 08 11 51.711     2013 04 20 08 15  9.633     197.9
123
 2013 04 20 05 59 11.133     2013 04 20 06 01  3.333     112.2
 2013 04 20 16 02 14.740     2013 04 20 16 04 46.005     151.3
124
 2013 04 20 08 22 45.237     2013 04 20 08 26  7.781     202.5
 2013 04 20 18 20 56.132     2013 04 20 18 23 38.669     162.5
125
 2013 04 20 00 06 23.630     2013 04 20 00 08  4.280     100.6
 2013 04 20 17 11 17.940     2013 04 20 17 14 17.620     179.7
 2013 04 20 18 48 44.911     2013 04 20 18 49 55.280      70.4
 2013 04 20 22 05 38.152     2013 04 20 22 09  6.782     208.6
 2013 04 20 23 43 21.036     2013 04 20 23 46 59.484     218.4
126
 2013 04 20 04 04  6.098     2013 04 20 04 07 10.875     184.8
 2013 04 20 21 07  6.274     2013 04 20 21 09 58.180     171.9
127
 2013 04 20 01 19 31.949     2013 04 20 01 22 27.134     175.2
128
129
 2013 04 20 12 47 56.724     2013 04 20 12 48 15.069      18.3
130
 2013 04 20 09 50 51.367     2013 04 20 09 53 49.703     178.3
 2013 04 20 21 36 42.338     2013 04 20 21 39 32.117     169.8
131
 2013 04 20 03 28 32.059     2013 04 20 03 31 17.124     165.1
132
 2013 04 20 07 24 34.675     2013 04 20 07 27 15.657     161.0
133
 2013 04 20 09 08 56.161     2013 04 20 09 09 21.489      25.3
134
 2013 04 20 01 58 49.197     2013 04 20 02 02  1.525     192.3
 2013 04 20 13 43 52.270     2013 04 20 13 46 58.038     185.8
135
 2013 04 20 12 27 20.573     2013 04 20 12 30 18.961     178.4
 2013 04 20 19 01 39.158     2013 04 20 19 04 23.233     164.1
136
137
 2013 04 20 06 00 50.361     2013 04 20 06 03 49.831     179.5
 2013 04 20 16 00 57.560     2013 04 20 16 03 55.921     178.4
138
 2013 04 20 18 18 52.494     2013 04 20 18 22 27.346     214.9
139
 2013 04 20 16 02 39.653     2013 04 20 16 06 11.446     211.8
140
 2013 04 20 01 40 43.371     2013 04 20 01 43 23.464     160.1
 2013 04 20 18 43 42.838     2013 04 20 18 47 25.821     223.0
 2013 04 20 20 21 24.869     2013 04 20 20 21 55.173      30.3
141
 2013 04 20 06 31 53.867     2013 04 20 06 34 39.175     165.3
142
143
144
 2013 04 20 01 13 36.315     2013 04 20 01 16 22.429     166.1
145
 2013 04 20 02 28 32.298     2013 04 20 02 31  9.785     157.5
 2013 04 20 19 31 52.005     2013 04 20 19 34 49.507     177.5
146
 2013 04 20 06 08 22.099     2013 04 20 06 12  8.047     225.9
 2013 04 20 12 44 17.535     2013 04 20 12 46 57.723     160.2
147
148
 2013 04 20 01 03 49.750     2013 04 20 01 06 56.205     186.5
 2013 04 20 14 40  5.089     2013 04 20 14 43 12.054     187.0
149
 2013 04 20 06 54  6.831     2013 04 20 06 56 46.192     159.4
 2013 04 20 15 07 12.312     2013 04 20 15 10 56.234     223.9
150
 2013 04 20 17 39 49.634     2013 04 20 17 42 26.934     157.3
151
152
 2013 04 20 20 12 27.952     2013 04 20 20 15 14.150     166.2
153
 2013 04 20 22 20 23.426     2013 04 20 22 24   .797     217.4
154
155
 2013 04 20 07 24 22.515     2013 04 20 07 28  5.484     223.0
156
157
 2013 04 20 04 51 15.003     2013 04 20 04 53 56.152     161.1
 2013 04 20 21 53 17.064     2013 04 20 21 56  1.125     164.1
158
 2013 04 20 12 13 52.584     2013 04 20 12 17  6.734     194.2
159
160
161
 2013 04 20 08 01 12.786     2013 04 20 08 04 19.679     186.9
162
 2013 04 20 01 22 22.580     2013 04 20 01 23 21.923      59.3
 2013 04 20 09 38 32.012     2013 04 20 09 41 58.335     206.3
163
 2013 04 20 17 12  2.273     2013 04 20 17 14 38.547     156.3
 2013 04 20 22 06 33.137     2013 04 20 22 09 43.248     190.1
164
165
 2013 04 20 06 33 13.266     2013 04 20 06 36 38.111     204.8
 2013 04 20 20 09 21.326     2013 04 20 20 12 33.216     191.9
166
 2013 04 20 05 59 33.505     2013 04 20 05 59 57.259      23.8
 2013 04 20 15 59 19.748     2013 04 20 16 02 25.763     186.0
167
 2013 04 20 16 50   .901     2013 04 20 16 52 49.879     169.0
168
 2013 04 20 10 40 45.651     2013 04 20 10 43 22.869     157.2
169
 2013 04 20 08 22 11.155     2013 04 20 08 24 41.958     150.8
 2013 04 20 18 22 24.340     2013 04 20 18 24 58.181     153.8
170
 2013 04 20 13 09 37.905     2013 04 20 13 10 44.663      66.8
 2013 04 20 23 03 12.903     2013 04 20 23 06 47.487     214.6
171
 2013 04 20 23 06 51.926     2013 04 20 23 08 40.782     108.9
172
 2013 04 20 11 23 25.141     2013 04 20 11 26  5.312     160.2
 2013 04 20 23 12 14.665     2013 04 20 23 15 32.058     197.4
173
 2013 04 20 00 12 15.080     2013 04 20 00 14 18.218     123.1
174
 2013 04 20 15 22 30.887     2013 04 20 15 22 33.530       2.6
175
 2013 04 20 06 43 34.142     2013 04 20 06 44 38.809      64.7
176
 2013 04 20 11 30 22.578     2013 04 20 11 33 52.502     209.9
 2013 04 20 21 30  8.236     2013 04 20 21 33  8.853     180.6
177
 2013 04 20 01 10 21.089     2013 04 20 01 12 55.417     154.3
 2013 04 20 12 58 42.282     2013 04 20 13 01 12.419     150.1
178
 2013 04 20 05 19 25.882     2013 04 20 05 22  3.621     157.7
 2013 04 20 13 33 30.145     2013 04 20 13 37  3.710     213.6
179
 2013 04 20 04 16 47.290     2013 04 20 04 16 56.226       8.9
 2013 04 20 17 46 50.182     2013 04 20 17 49 26.806     156.6
180
 2013 04 20 12 55 43.828     2013 04 20 12 58 27.351     163.5
181
 2013 04 20 20 46 21.603     2013 04 20 20 49 25.317     183.7
182
 2013 04 20 06 30 37.437     2013 04 20 06 33 39.625     182.2
183
 2013 04 20 16 46  8.211     2013 04 20 16 48 42.409     154.2
184
 2013 04 20 08 10 11.216     2013 04 20 08 13  4.462     173.2
 2013 04 20 21 43  1.292     2013 04 20 21 46 43.285     222.0
185
 2013 04 20 08 02 59.051     2013 04 20 08 04  1.727      62.7
 2013 04 20 23 25 47.147     2013 04 20 23 28 31.401     164.3
186
 2013 04 20 08 59 29.707     2013 04 20 09 02 14.096     164.4
187
 2013 04 20 10 03 28.080     2013 04 20 10 06  3.735     155.7
188
 2013 04 20 05 59  8.607     2013 04 20 06 01 52.533     163.9
 2013 04 20 16 01 17.769     2013 04 20 16 04 34.112     196.3
189
 2013 04 20 09 43 41.304     2013 04 20 09 46 26.547     165.2
 2013 04 20 23 19 20.380     2013 04 20 23 22 28.018     187.6
190
 2013 04 20 12 23 56.137     2013 04 20 12 26 33.567     157.4
 2013 04 20 20 39  2.417     2013 04 20 20 41 48.485     166.1
191
 2013 04 20 05 13 51.807     2013 04 20 05 17 14.369     202.6
 2013 04 20 15 11 58.357     2013 04 20 15 14 42.499     164.1
192
 2013 04 20 11 30 31.679     2013 04 20 11 33 40.475     188.8
 2013 04 20 21 30 25.638     2013 04 20 21 33 21.092     175.5
193
 2013 04 20 12 28 39.917     2013 04 20 12 32  9.373     209.5
 2013 04 20 17 24 18.289     2013 04 20 17 27 35.230     196.9
194
 2013 04 20 14 22 49.267     2013 04 20 14 25 24.834     155.6
195
 2013 04 20 21 42  9.953     2013 04 20 21 44 58.274     168.3
196
 2013 04 20 21 41  1.731     2013 04 20 21 43 56.658     174.9
197
 2013 04 20 09 04 52.032     2013 04 20 09 07 56.926     184.9
198
 2013 04 20 23 13 47.988     2013 04 20 23 16 58.659     190.7
199
 2013 04 20 03 37  6.727     2013 04 20 03 38  6.700      60.0
200
 2013 04 20 00 11 12.255     2013 04 20 00 14 15.314     183.1
 2013 04 20 15 31 23.621     2013 04 20 15 33 59.489     155.9
201
 2013 04 20 06 30 29.439     2013 04 20 06 33 27.526     178.1
 2013 04 20 21 48 15.323     2013 04 20 21 48 26.505      11.2
202
 2013 04 20 03 17 24.575     2013 04 20 03 17 56.902      32.3
203
 2013 04 20 00 07 18.028     2013 04 20 00 10 29.334     191.3
 2013 04 20 17 09 25.695     2013 04 20 17 12  2.430     156.7
 2013 04 20 23 44  2.765     2013 04 20 23 47 24.713     201.9
204
 2013 04 20 11 37 10.885     2013 04 20 11 39 48.126     157.2
 2013 04 20 19 50 57.910     2013 04 20 19 54 12.894     195.0
205
 2013 04 20 01 11 48.139     2013 04 20 01 14 31.633     163.5
 2013 04 20 12 57 27.206     2013 04 20 12 57 42.357      15.2
206
 2013 04 20 00 50 41.937     2013 04 20 00 51 40.436      58.5
 2013 04 20 02 28 42.357     2013 04 20 02 32 18.972     216.6
 2013 04 20 19 33  4.949     2013 04 20 19 35 40.149     155.2
207
 2013 04 20 01 43 45.747     2013 04 20 01 47  7.195     201.4
 2013 04 20 17 07 24.485     2013 04 20 17 11  6.905     222.4
208
 2013 04 20 05 43 17.306     2013 04 20 05 45 58.742     161.4
 2013 04 20 21 01 23.703     2013 04 20 21 01 29.874       6.2
209
 2013 04 20 16 24 59.204     2013 04 20 16 28 28.822     209.6
 2013 04 20 21 20 37.905     2013 04 20 21 23 42.876     185.0
210
 2013 04 20 01 18 30.456     2013 04 20 01 21  4.974     154.5
 2013 04 20 11 16  9.984     2013 04 20 11 19 43.979     214.0
211
212
 2013 04 20 07 31  8.619     2013 04 20 07 34 10.748     182.1
213
214
 2013 04 20 05 47 53.327     2013 04 20 05 50 37.298     164.0
 2013 04 20 19 22  9.598     2013 04 20 19 25  8.547     178.9
215
 2013 04 20 13 11 14.808     2013 04 20 13 11 53.807      39.0
216
 2013 04 20 00 27 43.027     2013 04 20 00 30 21.268     158.2
217
 2013 04 20 00 14  7.115     2013 04 20 00 17  9.606     182.5
 2013 04 20 13 56 22.103     2013 04 20 13 57 24.461      62.4
218
 2013 04 20 09 47 11.221     2013 04 20 09 50 21.246     190.0
219
 2013 04 20 10 27 58.282     2013 04 20 10 30 58.183     179.9
220
221
 2013 04 20 14 23 52.371     2013 04 20 14 26 36.597     164.2
222
 2013 04 20 00 30  6.394     2013 04 20 00 32 55.970     169.6
 2013 04 20 10 29 20.236     2013 04 20 10 31 54.364     154.1
223
 2013 04 20 12 47 48.997     2013 04 20 12 47 53.374       4.4
224
 2013 04 20 00 56 46.884     2013 04 20 00 57 48.044      61.2
 2013 04 20 16 17 50.547     2013 04 20 16 21 23.764     213.2
225
 2013 04 20 04 03 13.672     2013 04 20 04 06 14.458     180.8
 2013 04 20 21 07  2.735     2013 04 20 21 09 42.386     159.7
226
 2013 04 20 09 52 34.104     2013 04 20 09 55 41.455     187.4
227
 2013 04 20 06 28 35.217     2013 04 20 06 32  1.888     206.7
 2013 04 20 21 51  7.764     2013 04 20 21 53 45.509     157.7
228
 2013 04 20 08 08 55.406     2013 04 20 08 11 27.448     152.0
 2013 04 20 21 44 39.681     2013 04 20 21 47 15.209     155.5
229
 2013 04 20 01 48  1.050     2013 04 20 01 50 37.133     156.1
230
 2013 04 20 05 38 38.763     2013 04 20 05 41 45.795     187.0
 2013 04 20 22 39 53.965     2013 04 20 22 43  4.515     190.5
231
 2013 04 20 06 41  1.170     2013 04 20 06 41 33.876      32.7
232
 2013 04 20 10 46 46.789     2013 04 20 10 49 56.011     189.2
233
 2013 04 20 04 33 32.948     2013 04 20 04 36 54.536     201.6
 2013 04 20 11 09 13.951     2013 04 20 11 12 25.854     191.9
234
 2013 04 20 13 43 52.145     2013 04 20 13 46 25.380     153.2
235
 2013 04 20 19 06 56.190     2013 04 20 19 09 37.560     161.4
236
 2013 04 20 21 34 28.967     2013 04 20 21 37 37.169     188.2
237
238
 2013 04 20 08 18 37.269     2013 04 20 08 19 27.143      49.9
 2013 04 20 20 01 59.258     2013 04 20 20 04 32.311     153.1
239
240
241
 2013 04 20 09 51 50.528     2013 04 20 09 54 21.100     150.6
 2013 04 20 21 36 15.814     2013 04 20 21 36 30.463      14.6
242
 2013 04 20 00 19 13.353     2013 04 20 00 19 40.108      26.8
 2013 04 20 13 51  6.365     2013 04 20 13 53 53.263     166.9
243
 2013 04 20 05 05 58.067     2013 04 20 05 08 39.939     161.9
 2013 04 20 16 55 22.867     2013 04 20 16 57 57.219     154.4
244
 2013 04 20 00 17 11.626     2013 04 20 00 19 44.415     152.8
 2013 04 20 13 52  7.840     2013 04 20 13 55 18.364     190.5
245
 2013 04 20 05 21 37.936     2013 04 20 05 24 13.132     155.2
 2013 04 20 11 55 39.567     2013 04 20 11 58 18.233     158.7
246
 2013 04 20 02 31  3.605     2013 04 20 02 34 13.939     190.3
 2013 04 20 17 54 26.788     2013 04 20 17 58 10.165     223.4
247
 2013 04 20 01 26 25.930     2013 04 20 01 27 37.147      71.2
 2013 04 20 08 00 43.333     2013 04 20 08 04 21.413     218.1
248
 2013 04 20 14 43 50.987     2013 04 20 14 45 22.564      91.6
 2013 04 20 23 02   .930     2013 04 20 23 04 45.579     164.6
249
 2013 04 20 02 51 56.290     2013 04 20 02 55 24.010     207.7
 2013 04 20 12 50 25.530     2013 04 20 12 53   .216     154.7
250
251
 2013 04 20 09 16 48.049     2013 04 20 09 19 26.426     158.4
 2013 04 20 15 51  7.287     2013 04 20 15 54 51.031     223.7
252
 2013 04 20 06 02 26.891     2013 04 20 06 05 56.307     209.4
253
 2013 04 20 12 53 41.129     2013 04 20 12 57 17.829     216.7
254
 2013 04 20 02 34 31.959     2013 04 20 02 37 10.118     158.2
255
 2013 04 20 01 09 26.554     2013 04 20 01 12  2.244     155.7
 2013 04 20 12 58 31.460     2013 04 20 13 01 36.233     184.8
256
 2013 04 20 06 05   .225     2013 04 20 06 08 41.981     221.8
 2013 04 20 14 19 56.208     2013 04 20 14 22 33.184     157.0
257
 2013 04 20 04 31 49.218     2013 04 20 04 34 24.356     155.1
 2013 04 20 12 46 23.733     2013 04 20 12 49 18.424     174.7
258
 2013 04 20 00 42 29.721     2013 04 20 00 43  3.138      33.4
 2013 04 20 03 59 28.115     2013 04 20 04 02 49.863     201.7
 2013 04 20 05 36 58.323     2013 04 20 05 38 29.139      90.8
 2013 04 20 22 41 55.867     2013 04 20 22 44 53.956     178.1
259
 2013 04 20 08 25 35.371     2013 04 20 08 28 52.424     197.1
 2013 04 20 16 45 14.908     2013 04 20 16 45 28.533      13.6
260
 2013 04 20 04 22 26.169     2013 04 20 04 25 58.739     212.6
261
 2013 04 20 00 31 17.182     2013 04 20 00 34  5.236     168.1
262
 2013 04 20 07 35 23.034     2013 04 20 07 38 11.338     168.3
 2013 04 20 17 34 27.723     2013 04 20 17 37  1.660     153.9
263
 2013 04 20 08 07  5.937     2013 04 20 08 09 42.234     156.3
 2013 04 20 21 45 18.717     2013 04 20 21 48 57.174     218.5
264
265
 2013 04 20 08 55 34.708     2013 04 20 08 58 14.302     159.6
 2013 04 20 22 31 54.929     2013 04 20 22 34 31.274     156.3
266
 2013 04 20 13 14 16.273     2013 04 20 13 16 52.398     156.1
 2013 04 20 19 48  1.100     2013 04 20 19 50 37.048     155.9
267
 2013 04 20 03 22  2.175     2013 04 20 03 24 34.541     152.4
268
 2013 04 20 19 29 59.731     2013 04 20 19 32 44.608     164.9
269
 2013 04 20 05 21  5.941     2013 04 20 05 24  6.922     181.0
 2013 04 20 11 54 58.943     2013 04 20 11 57 46.871     167.9
270
 2013 04 20 01 48  3.889     2013 04 20 01 48  5.353       1.5
 2013 04 20 15 28 52.890     2013 04 20 15 32 17.973     205.1
271
 2013 04 20 13 07 54.119     2013 04 20 13 10 29.674     155.6
272
 2013 04 20 08 17 15.521     2013 04 20 08 19 59.616     164.1
 2013 04 20 20 01 35.950     2013 04 20 20 03 23.469     107.5
273
 2013 04 20 06 42 28.825     2013 04 20 06 45   .000     151.2
 2013 04 20 18 27 48.400     2013 04 20 18 31 20.583     212.2
274
 2013 04 20 03 40 18.972     2013 04 20 03 43 19.973     181.0
 2013 04 20 13 37   .470     2013 04 20 13 40 39.777     219.3
275
 2013 04 20 05 52 33.172     2013 04 20 05 55  6.321     153.1
 2013 04 20 17 42 11.238     2013 04 20 17 45 27.337     196.1
276
 2013 04 20 19 11  6.710     2013 04 20 19 13 55.751     169.0
277
 2013 04 20 17 45 14.007     2013 04 20 17 47 46.008     152.0
278
 2013 04 20 01 54 57.258     2013 04 20 01 57 58.928     181.7
279
 2013 04 20 06 33 32.536     2013 04 20 06 36 28.395     175.9
 2013 04 20 20 09 48.305     2013 04 20 20 12 44.478     176.2
280
 2013 04 20 01 53 49.221     2013 04 20 01 57 28.973     219.8
281
 2013 04 20 03 42 42.881     2013 04 20 03 45 17.763     154.9
 2013 04 20 11 58 51.978     2013 04 20 12 02 31.972     220.0
282
 2013 04 20 01 01 42.485     2013 04 20 01 02  5.174      22.7
 2013 04 20 14 41 37.998     2013 04 20 14 44 14.151     156.2
283
 2013 04 20 07 28 41.208     2013 04 20 07 31 16.923     155.7
 2013 04 20 19 16 17.049     2013 04 20 19 19   .597     163.5
284
 2013 04 20 21 35 59.869     2013 04 20 21 38 34.609     154.7
285
 2013 04 20 12 55 52.101     2013 04 20 12 58 40.884     168.8
286
 2013 04 20 00 39  6.434     2013 04 20 00 42 10.305     183.9
 2013 04 20 07 13  5.942     2013 04 20 07 16 10.762     184.8
287
 2013 04 20 02 29 28.926     2013 04 20 02 32 30.317     181.4
 2013 04 20 19 32 38.649     2013 04 20 19 35 21.640     163.0
288
 2013 04 20 17 03 26.979     2013 04 20 17 07  2.761     215.8
289
 2013 04 20 13 41 50.319     2013 04 20 13 44 35.836     165.5
290
 2013 04 20 10 45 16.233     2013 04 20 10 48  9.023     172.8
 2013 04 20 20 42 29.621     2013 04 20 20 45 54.369     204.7
291
 2013 04 20 03 39 38.129     2013 04 20 03 42 14.739     156.6
 2013 04 20 13 38 10.854     2013 04 20 13 41  3.401     172.5
292
 2013 04 20 17 12 51.350     2013 04 20 17 16 12.804     201.5
 2013 04 20 22 08 16.728     2013 04 20 22 10 53.967     157.2
293
 2013 04 20 18 25 13.186     2013 04 20 18 28  1.248     168.1
294
295
 2013 04 20 04 55  4.075     2013 04 20 04 57 36.958     152.9
 2013 04 20 20 15 30.586     2013 04 20 20 18 19.832     169.2
296
 2013 04 20 06 25 23.018     2013 04 20 06 28 16.787     173.8
 2013 04 20 23 27 32.167     2013 04 20 23 30  9.842     157.7
297
 2013 04 20 05 14 56.857     2013 04 20 05 17 55.452     178.6
 2013 04 20 15 11 20.076     2013 04 20 15 12 37.648      77.6
298
 2013 04 20 14 36 14.058     2013 04 20 14 37  2.657      48.6
299
 2013 04 20 03 46 19.041     2013 04 20 03 49   .001     161.0
 2013 04 20 10 21  9.630     2013 04 20 10 24 43.214     213.6
300
 2013 04 20 03 00 52.588     2013 04 20 03 00 53.868       1.3
 2013 04 20 09 35 17.082     2013 04 20 09 37 18.182     121.1
301
 2013 04 20 07 38  8.366     2013 04 20 07 38  9.124        .8
 2013 04 20 17 33 30.830     2013 04 20 17 36 37.889     187.1
302
 2013 04 20 13 55 35.520     2013 04 20 13 59  7.005     211.5
303
 2013 04 20 16 59  9.865     2013 04 20 17 01 56.721     166.9
304
 2013 04 20 06 03 29.043     2013 04 20 06 06 21.022     172.0
305
 2013 04 20 07 22 19.131     2013 04 20 07 23   .276      41.1
306
 2013 04 20 05 16 39.538     2013 04 20 05 19 45.640     186.1
307
 2013 04 20 04 24 58.406     2013 04 20 04 26 15.550      77.1
 2013 04 20 14 27 41.954     2013 04 20 14 30 13.887     151.9
308
 2013 04 20 05 45  4.310     2013 04 20 05 48 17.492     193.2
309
 2013 04 20 06 34 44.284     2013 04 20 06 37 18.542     154.3
 2013 04 20 20 09 55.076     2013 04 20 20 12 37.369     162.3
310
311
 2013 04 20 00 09 59.203     2013 04 20 00 13 10.454     191.3
 2013 04 20 15 33  5.182     2013 04 20 15 36  2.025     176.8
312
 2013 04 20 06 02 44.501     2013 04 20 06 06 21.004     216.5
313
 2013 04 20 02 35 25.861     2013 04 20 02 36  5.495      39.6
 2013 04 20 16 16   .972     2013 04 20 16 19 20.314     199.3
314
 2013 04 20 01 09 42.911     2013 04 20 01 13 17.035     214.1
 2013 04 20 12 57 22.945     2013 04 20 13 00 16.312     173.4
315
 2013 04 20 13 57  6.010     2013 04 20 14 00 28.327     202.3
 2013 04 20 22 12 25.062     2013 04 20 22 15 17.686     172.6
316
 2013 04 20 02 56  1.732     2013 04 20 02 59 37.342     215.6
 2013 04 20 11 11  3.894     2013 04 20 11 13 43.462     159.6
317
 2013 04 20 04 23 51.710     2013 04 20 04 26 32.882     161.2
318
 2013 04 20 06 58 47.064     2013 04 20 07 01 49.892     182.8
 2013 04 20 11 53 55.601     2013 04 20 11 56 35.417     159.8
319
 2013 04 20 00 30 59.203     2013 04 20 00 33 55.005     175.8
 2013 04 20 10 28 34.730     2013 04 20 10 31 43.641     188.9
320
 2013 04 20 20 06 39.919     2013 04 20 20 09 16.043     156.1
321
 2013 04 20 02 02 45.993     2013 04 20 02 05 24.189     158.2
 2013 04 20 12 04 57.455     2013 04 20 12 08 37.925     220.5
322
 2013 04 20 07 17  3.700     2013 04 20 07 20  1.065     177.4
 2013 04 20 22 36  8.327     2013 04 20 22 39 19.508     191.2
323
 2013 04 20 09 44 22.262     2013 04 20 09 47 36.771     194.5
 2013 04 20 23 17 25.129     2013 04 20 23 20 47.952     202.8
324
 2013 04 20 00 58 12.704     2013 04 20 01 01 12.315     179.6
 2013 04 20 16 20  6.894     2013 04 20 16 22 42.077     155.2
325
 2013 04 20 10 50 17.899     2013 04 20 10 53 16.380     178.5
 2013 04 20 19 02 58.842     2013 04 20 19 04 16.438      77.6
326
 2013 04 20 13 12  4.403     2013 04 20 13 15  1.828     177.4
327
328
 2013 04 20 04 34 14.375     2013 04 20 04 37 12.337     178.0
 2013 04 20 11 07 59.730     2013 04 20 11 10 35.530     155.8
329
330
 2013 04 20 04 50 40.509     2013 04 20 04 53 39.911     179.4
 2013 04 20 21 52 58.752     2013 04 20 21 55 34.251     155.5
331
 2013 04 20 06 42 41.715     2013 04 20 06 45 54.820     193.1
332
333
 2013 04 20 07 42  9.853     2013 04 20 07 45 41.164     211.3
 2013 04 20 14 18  4.087     2013 04 20 14 21 37.381     213.3
334
 2013 04 20 13 37  6.272     2013 04 20 13 40 31.137     204.9
335
 2013 04 20 03 15 55.792     2013 04 20 03 18 39.043     163.3
 2013 04 20 20 19 26.356     2013 04 20 20 22 16.887     170.5
336
 2013 04 20 05 18 51.933     2013 04 20 05 21 57.454     185.5
 2013 04 20 13 32 47.392     2013 04 20 13 35 41.179     173.8
337
 2013 04 20 04 24 57.354     2013 04 20 04 27 36.549     159.2
 2013 04 20 14 25 55.948     2013 04 20 14 29 21.416     205.5
338
 2013 04 20 10 55 14.740     2013 04 20 10 58 24.190     189.5
 2013 04 20 15 50 22.792     2013 04 20 15 52 57.399     154.6
339
 2013 04 20 12 19 27.230     2013 04 20 12 20 23.735      56.5
340
 2013 04 20 21 04  9.295     2013 04 20 21 07  3.169     173.9
341
 2013 04 20 08 57  1.953     2013 04 20 08 57 26.501      24.5
342
 2013 04 20 10 51 41.679     2013 04 20 10 54 37.831     176.2
 2013 04 20 17 25 41.385     2013 04 20 17 28 34.404     173.0
343
 2013 04 20 07 39   .125     2013 04 20 07 42 44.861     224.7
 2013 04 20 15 54 16.328     2013 04 20 15 57 14.618     178.3
344
 2013 04 20 07 38 16.653     2013 04 20 07 40 52.355     155.7
345
346
 2013 04 20 02 33 18.448     2013 04 20 02 36 41.031     202.6
 2013 04 20 17 52 34.146     2013 04 20 17 55 30.082     175.9
347
 2013 04 20 05 42  8.068     2013 04 20 05 44 44.624     156.6
 2013 04 20 21 02 52.393     2013 04 20 21 05 35.086     162.7
348
 2013 04 20 20 40 19.886     2013 04 20 20 43 14.659     174.8
349
 2013 04 20 06 52  9.050     2013 04 20 06 55 52.256     223.2
 2013 04 20 15 07  5.013     2013 04 20 15 09 45.560     160.5
350
 2013 04 20 01 48 35.845     2013 04 20 01 51 22.170     166.3
351
 2013 04 20 13 11 15.125     2013 04 20 13 14 43.334     208.2
 2013 04 20 21 26 35.174     2013 04 20 21 30 13.405     218.2
352
353
 2013 04 20 15 54  3.541     2013 04 20 15 56 44.230     160.7
354
 2013 04 20 01 24 31.284     2013 04 20 01 27 24.201     172.9
 2013 04 20 07 58 38.441     2013 04 20 08 02  2.288     203.8
355
 2013 04 20 08 32 26.511     2013 04 20 08 35  3.136     156.6
 2013 04 20 13 26 53.241     2013 04 20 13 30   .167     186.9
356
 2013 04 20 14 23 31.124     2013 04 20 14 26 35.514     184.4
357
 2013 04 20 01 55 10.457     2013 04 20 01 57 49.477     159.0
358
 2013 04 20 09 13 24.701     2013 04 20 09 16 50.737     206.0
 2013 04 20 17 28 52.386     2013 04 20 17 32  3.231     190.8
359
 2013 04 20 00 07 11.756     2013 04 20 00 10 18.462     186.7
 2013 04 20 17 09 28.925     2013 04 20 17 12  4.362     155.4
 2013 04 20 23 43 56.863     2013 04 20 23 47 13.579     196.7
360
361
 2013 04 20 05 06 50.342     2013 04 20 05 09 23.692     153.3
 2013 04 20 16 54 18.474     2013 04 20 16 56 52.412     153.9
362
 2013 04 20 14 29  4.609     2013 04 20 14 31 39.700     155.1
363
 2013 04 20 16 50 57.399     2013 04 20 16 54  3.107     185.7
364
 2013 04 20 08 54  7.389     2013 04 20 08 56 41.479     154.1
 2013 04 20 22 36  3.825     2013 04 20 22 36 12.387       8.6
365
 2013 04 20 10 06 31.949     2013 04 20 10 09 24.228     172.3
 2013 04 20 15 01 29.468     2013 04 20 15 01 48.381      18.9
 2013 04 20 16 39 23.610     2013 04 20 16 40 51.025      87.4
366
 2013 04 20 14 37 12.506     2013 04 20 14 40  9.212     176.7
367
 2013 04 20 08 27 58.764     2013 04 20 08 28 16.041      17.3
368
 2013 04 20 10 04 56.011     2013 04 20 10 07 31.033     155.0
 2013 04 20 16 39  2.151     2013 04 20 16 41 43.768     161.6
369
 2013 04 20 18 37 56.910     2013 04 20 18 40 39.519     162.6
370
 2013 04 20 05 09 10.518     2013 04 20 05 11 40.389     149.9
371
 2013 04 20 13 40  5.391     2013 04 20 13 43 40.434     215.0
372
 2013 04 20 02 12 31.396     2013 04 20 02 15 35.460     184.1
 2013 04 20 08 46  9.489     2013 04 20 08 48 45.655     156.2
373
374
 2013 04 20 12 27 30.949     2013 04 20 12 28 18.953      48.0
 2013 04 20 20 36 46.019     2013 04 20 20 40 31.212     225.2
375
 2013 04 20 09 39 46.132     2013 04 20 09 43  8.667     202.5
376
 2013 04 20 07 28 53.690     2013 04 20 07 31 54.906     181.2
 2013 04 20 19 16 11.821     2013 04 20 19 19 39.692     207.9
377
 2013 04 20 02 56  3.294     2013 04 20 02 58 42.517     159.2
 2013 04 20 11 12 30.057     2013 04 20 11 15 17.310     167.3
378
 2013 04 20 12 56 36.101     2013 04 20 13 00 14.748     218.6
379
 2013 04 20 05 47 19.352     2013 04 20 05 50 24.149     184.8
 2013 04 20 19 23 23.140     2013 04 20 19 26 35.103     192.0
380
 2013 04 20 01 45 45.791     2013 04 20 01 48 24.220     158.4
 2013 04 20 17 06 57.773     2013 04 20 17 09 36.072     158.3
381
 2013 04 20 16 58 51.910     2013 04 20 17 01 44.680     172.8
382
 2013 04 20 03 59 51.706     2013 04 20 04 00 27.710      36.0
 2013 04 20 05 37 50.164     2013 04 20 05 41 32.655     222.5
 2013 04 20 22 42  6.393     2013 04 20 22 44 41.329     154.9
383
 2013 04 20 13 13 13.747     2013 04 20 13 13 47.775      34.0
 2013 04 20 19 49 27.044     2013 04 20 19 52 13.350     166.3
384
 2013 04 20 02 04 59.370     2013 04 20 02 07 38.407     159.0
 2013 04 20 12 04 22.500     2013 04 20 12 07 24.395     181.9
385
 2013 04 20 00 14 46.565     2013 04 20 00 17 27.393     160.8
 2013 04 20 13 53  8.790     2013 04 20 13 56 39.141     210.4
386
 2013 04 20 02 56 23.724     2013 04 20 02 59 37.343     193.6
 2013 04 20 11 13  5.609     2013 04 20 11 15 39.867     154.3
387
 2013 04 20 08 01 24.203     2013 04 20 08 03 59.113     154.9
388
389
 2013 04 20 11 19 37.576     2013 04 20 11 22 54.031     196.5
390
 2013 04 20 01 29   .565     2013 04 20 01 29  1.383        .8
 2013 04 20 03 02 59.050     2013 04 20 03 06 20.707     201.7
 2013 04 20 07 58 15.399     2013 04 20 08 00 50.193     154.8
391
392
 2013 04 20 15 33 39.618     2013 04 20 15 36 51.860     192.2
393
 2013 04 20 02 57 18.729     2013 04 20 02 57 23.420       4.7
 2013 04 20 12 48 34.917     2013 04 20 12 48 47.826      12.9
394
 2013 04 20 21 47 31.914     2013 04 20 21 50 35.972     184.1
395
 2013 04 20 17 07 55.791     2013 04 20 17 11 19.803     204.0
396
 2013 04 20 07 28 28.969     2013 04 20 07 31 15.216     166.2
 2013 04 20 19 15 47.464     2013 04 20 19 18 17.536     150.1
397
 2013 04 20 10 38 13.195     2013 04 20 10 41 25.751     192.6
 2013 04 20 22 23 38.456     2013 04 20 22 26 33.200     174.7
398
 2013 04 20 06 37 11.095     2013 04 20 06 40 25.869     194.8
399
 2013 04 20 16 58 52.971     2013 04 20 17 01 49.566     176.6
400
401
 2013 04 20 11 21  5.729     2013 04 20 11 23 44.704     159.0
402
 2013 04 20 05 05 21.370     2013 04 20 05 08 17.646     176.3
 2013 04 20 16 55 46.532     2013 04 20 16 58 29.811     163.3
403
 2013 04 20 04 49  2.410     2013 04 20 04 51 38.608     156.2
 2013 04 20 23 31  4.874     2013 04 20 23 33 59.041     174.2
404
 2013 04 20 02 29  6.553     2013 04 20 02 29 15.769       9.2
 2013 04 20 04 03 22.143     2013 04 20 04 06 48.701     206.6
 2013 04 20 21 07 27.540     2013 04 20 21 10  1.756     154.2
405
 2013 04 20 12 05 56.302     2013 04 20 12 09 22.021     205.7
406
 2013 04 20 04 13 40.476     2013 04 20 04 16 38.595     178.1
407
 2013 04 20 04 21  7.298     2013 04 20 04 23  1.970     114.7
408
 2013 04 20 07 22 20.404     2013 04 20 07 25 38.855     198.5
409
 2013 04 20 13 11 44.075     2013 04 20 13 14 32.770     168.7
 2013 04 20 21 25  2.594     2013 04 20 21 28 28.454     205.9
410
 2013 04 20 05 14 26.453     2013 04 20 05 18  1.950     215.5
 2013 04 20 15 11 15.570     2013 04 20 15 14 35.748     200.2
411
412
 2013 04 20 01 43 15.648     2013 04 20 01 46 28.927     193.3
413
 2013 04 20 04 19 10.286     2013 04 20 04 19 18.214       7.9
 2013 04 20 16 07 55.355     2013 04 20 16 09  3.929      68.6
414
 2013 04 20 02 58 55.394     2013 04 20 03 01 38.381     163.0
 2013 04 20 09 33 48.610     2013 04 20 09 34 52.910      64.3
415
 2013 04 20 14 46 24.703     2013 04 20 14 49 10.861     166.2
 2013 04 20 23 00 13.408     2013 04 20 23 00 54.108      40.7
416
 2013 04 20 05 21 25.066     2013 04 20 05 23 59.348     154.3
 2013 04 20 11 55 36.953     2013 04 20 11 58 24.134     167.2
417
 2013 04 20 08 07  7.133     2013 04 20 08 10  1.677     174.5
 2013 04 20 21 45 48.672     2013 04 20 21 49   .985     192.3
418
419
420
 2013 04 20 10 07 48.149     2013 04 20 10 11 10.313     202.2
 2013 04 20 15 03 12.533     2013 04 20 15 05 49.586     157.1
421
 2013 04 20 07 46  9.965     2013 04 20 07 49 18.450     188.5
 2013 04 20 12 41 21.236     2013 04 20 12 43 57.033     155.8
422
423
 2013 04 20 08 22 50.680     2013 04 20 08 25 21.844     151.2
 2013 04 20 18 22  3.523     2013 04 20 18 24 52.892     169.4
424
 2013 04 20 13 11 13.762     2013 04 20 13 14 35.714     202.0
 2013 04 20 21 26 35.593     2013 04 20 21 30  6.022     210.4
425
 2013 04 20 16 23 55.584     2013 04 20 16 26 40.779     165.2
 2013 04 20 21 18 12.318     2013 04 20 21 18 29.600      17.3
 2013 04 20 22 56 27.694     2013 04 20 22 59 44.590     196.9
426
 2013 04 20 08 06 23.077     2013 04 20 08 09 16.139     173.1
427
428
 2013 04 20 03 25 54.431     2013 04 20 03 28 25.571     151.1
 2013 04 20 17 01 12.581     2013 04 20 17 04  6.016     173.4
429
 2013 04 20 01 54 46.714     2013 04 20 01 56 15.282      88.6
 2013 04 20 13 47 33.252     2013 04 20 13 51  8.900     215.6
430
 2013 04 20 08 55 18.470     2013 04 20 08 58 44.009     205.5
 2013 04 20 22 31  7.122     2013 04 20 22 33 51.897     164.8
431
 2013 04 20 10 43 52.891     2013 04 20 10 46 49.560     176.7
 2013 04 20 20 43 24.811     2013 04 20 20 45 57.304     152.5
432
 2013 04 20 06 04 35.299     2013 04 20 06 08 22.862     227.6
 2013 04 20 14 22 29.310     2013 04 20 14 25  3.304     154.0
433
 2013 04 20 03 18 46.559     2013 04 20 03 22 12.457     205.9
 2013 04 20 18 42 12.134     2013 04 20 18 45  8.369     176.2
434
 2013 04 20 03 37 26.795     2013 04 20 03 38 22.780      56.0
435
 2013 04 20 10 37 49.780     2013 04 20 10 41 33.766     224.0
 2013 04 20 22 23 30.339     2013 04 20 22 26  9.572     159.2
436
 2013 04 20 08 20   .884     2013 04 20 08 22 32.991     152.1
437
 2013 04 20 06 09 23.169     2013 04 20 06 11 59.341     156.2
 2013 04 20 12 43  4.244     2013 04 20 12 45 41.786     157.5
438
439
 2013 04 20 16 58  8.191     2013 04 20 17 01   .006     171.8
440
 2013 04 20 16 21 23.214     2013 04 20 16 24 38.635     195.4
 2013 04 20 22 55 24.333     2013 04 20 22 56 21.753      57.4
441
 2013 04 20 04 27 30.133     2013 04 20 04 28 21.152      51.0
 2013 04 20 14 28  7.801     2013 04 20 14 28 35.082      27.3
442
 2013 04 20 04 34 45.588     2013 04 20 04 37 55.373     189.8
 2013 04 20 11 09 30.992     2013 04 20 11 12  8.224     157.2
443
 2013 04 20 15 17 36.995     2013 04 20 15 20 38.183     181.2
444
 2013 04 20 06 31  3.266     2013 04 20 06 34 42.610     219.3
445
 2013 04 20 21 40 48.410     2013 04 20 21 43 43.510     175.1
446
 2013 04 20 02 27 57.927     2013 04 20 02 30 38.460     160.5
 2013 04 20 19 31   .228     2013 04 20 19 34 37.508     217.3
 2013 04 20 21 08 38.834     2013 04 20 21 08 51.952      13.1
447
 2013 04 20 00 59 37.897     2013 04 20 01 02 57.409     199.5
 2013 04 20 16 17 26.624     2013 04 20 16 17 53.491      26.9
448
 2013 04 20 04 30 30.644     2013 04 20 04 34  5.789     215.1
 2013 04 20 12 45 32.239     2013 04 20 12 48 11.380     159.1
449
 2013 04 20 20 48 37.864     2013 04 20 20 51 11.616     153.8
450
 2013 04 20 10 05 45.329     2013 04 20 10 08 21.485     156.2
 2013 04 20 16 39  2.230     2013 04 20 16 41 51.258     169.0
451
 2013 04 20 11 20  8.861     2013 04 20 11 22 40.287     151.4
452
 2013 04 20 22 28 39.604     2013 04 20 22 32  9.050     209.4
453
 2013 04 20 04 34  9.452     2013 04 20 04 37 10.969     181.5
 2013 04 20 11 09 16.571     2013 04 20 11 11 58.970     162.4
454
 2013 04 20 13 06 18.935     2013 04 20 13 09 44.596     205.7
 2013 04 20 23 05 36.967     2013 04 20 23 06 15.217      38.2
455
 2013 04 20 09 09   .071     2013 04 20 09 09  8.073       8.0
 2013 04 20 19 10 37.093     2013 04 20 19 13 49.089     192.0
456
 2013 04 20 03 24 34.630     2013 04 20 03 27 13.583     159.0
 2013 04 20 17 01 13.702     2013 04 20 17 04 11.579     177.9
457
 2013 04 20 01 54 37.832     2013 04 20 01 57 21.706     163.9
458
 2013 04 20 02 59 57.911     2013 04 20 03 02 47.522     169.6
 2013 04 20 09 33 41.956     2013 04 20 09 36 16.371     154.4
459
 2013 04 20 05 39 48.014     2013 04 20 05 42 31.242     163.2
460
461
 2013 04 20 12 19 45.170     2013 04 20 12 22 54.419     189.2
 2013 04 20 22 16 38.266     2013 04 20 22 20  6.425     208.2
462
463
 2013 04 20 06 03 51.367     2013 04 20 06 06 29.969     158.6
464
465
 2013 04 20 10 03 18.562     2013 04 20 10 06 55.729     217.2
 2013 04 20 16 37 18.036     2013 04 20 16 38 23.696      65.7
466
 2013 04 20 09 11 11.866     2013 04 20 09 13 52.667     160.8
 2013 04 20 19 07 51.836     2013 04 20 19 08 22.028      30.2
467
 2013 04 20 01 01  7.427     2013 04 20 01 03 42.168     154.7
468
 2013 04 20 04 30 25.303     2013 04 20 04 34  3.469     218.2
 2013 04 20 12 47 53.958     2013 04 20 12 50 26.176     152.2
469
 2013 04 20 05 06 21.034     2013 04 20 05 08 56.475     155.4
 2013 04 20 16 55  5.259     2013 04 20 16 57 38.301     153.0
470
 2013 04 20 10 04  6.829     2013 04 20 10 07 47.005     220.2
 2013 04 20 11 41 46.911     2013 04 20 11 42  2.528      15.6
 2013 04 20 16 37 55.075     2013 04 20 16 40 42.524     167.4
471
 2013 04 20 02 25  7.745     2013 04 20 02 28 45.702     218.0
 2013 04 20 04 02 52.787     2013 04 20 04 06 38.260     225.5
 2013 04 20 21 07 33.903     2013 04 20 21 10 15.209     161.3
472
 2013 04 20 03 35 56.666     2013 04 20 03 36 13.574      16.9
 2013 04 20 13 40 39.176     2013 04 20 13 41 40.342      61.2
473
 2013 04 20 09 39 44.725     2013 04 20 09 41   .900      76.2
474
 2013 04 20 04 24  5.911     2013 04 20 04 26 42.076     156.2
475
 2013 04 20 10 00 52.763     2013 04 20 10 03 53.381     180.6
 2013 04 20 18 16 24.592     2013 04 20 18 19 29.853     185.3
476
 2013 04 20 05 54 29.608     2013 04 20 05 57 30.103     180.5
 2013 04 20 17 41 39.676     2013 04 20 17 45 11.414     211.7
477
 2013 04 20 09 53 44.748     2013 04 20 09 56 23.690     158.9
478
 2013 04 20 02 04 33.982     2013 04 20 02 07 53.992     200.0
 2013 04 20 12 03 18.128     2013 04 20 12 05 52.836     154.7
479
 2013 04 20 13 08 45.203     2013 04 20 13 11 32.902     167.7
480
 2013 04 20 08 53 26.001     2013 04 20 08 53 31.034       5.0
 2013 04 20 22 34  2.691     2013 04 20 22 37  2.818     180.1
481
 2013 04 20 14 01 46.400     2013 04 20 14 04 57.539     191.1
 2013 04 20 20 36 17.052     2013 04 20 20 39  3.378     166.3
482
 2013 04 20 01 14 21.304     2013 04 20 01 16 56.901     155.6
483
 2013 04 20 08 58 14.083     2013 04 20 09 00 52.825     158.7
484
 2013 04 20 09 00 51.133     2013 04 20 09 03 58.025     186.9
485
 2013 04 20 06 10 40.542     2013 04 20 06 13 57.339     196.8
 2013 04 20 11 06  6.055     2013 04 20 11 09 35.650     209.6
486
 2013 04 20 00 10 41.625     2013 04 20 00 14 21.894     220.3
 2013 04 20 15 33 22.299     2013 04 20 15 36  3.298     161.0
487
 2013 04 20 06 33 44.374     2013 04 20 06 37  7.575     203.2
 2013 04 20 20 09 23.989     2013 04 20 20 12  7.667     163.7
488
 2013 04 20 07 31  3.272     2013 04 20 07 31 10.724       7.5
489
 2013 04 20 10 06 42.378     2013 04 20 10 09 50.569     188.2
 2013 04 20 15 01 58.682     2013 04 20 15 05 40.056     221.4
490
 2013 04 20 03 37 37.221     2013 04 20 03 38 42.306      65.1
491
 2013 04 20 01 06  6.085     2013 04 20 01 09 14.273     188.2
492
 2013 04 20 01 20 52.483     2013 04 20 01 23 33.679     161.2
 2013 04 20 09 37 48.047     2013 04 20 09 41 26.505     218.5
493
 2013 04 20 09 16 28.035     2013 04 20 09 19 52.671     204.6
 2013 04 20 15 50 29.033     2013 04 20 15 53 57.996     209.0
494
 2013 04 20 04 50 40.373     2013 04 20 04 53 16.509     156.1
 2013 04 20 21 53 25.535     2013 04 20 21 56  4.352     158.8
495
 2013 04 20 04 19 25.638     2013 04 20 04 22   .460     154.8
 2013 04 20 16 07 16.184     2013 04 20 16 09 46.143     150.0
496
 2013 04 20 07 27  2.896     2013 04 20 07 27 17.242      14.3
 2013 04 20 19 15  2.506     2013 04 20 19 18 27.863     205.4
497
 2013 04 20 07 19 47.648     2013 04 20 07 23 18.973     211.3
 2013 04 20 20 59 48.682     2013 04 20 21 00 21.227      32.5
498
499
 2013 04 20 08 57 21.320     2013 04 20 08 58 22.777      61.5
500
 2013 04 20 06 54 47.580     2013 04 20 06 57 26.800     159.2
501
 2013 04 20 04 51 18.025     2013 04 20 04 53 55.644     157.6
 2013 04 20 21 53 23.094     2013 04 20 21 56  7.572     164.5
502
 2013 04 20 00 29 35.174     2013 04 20 00 32 31.587     176.4
 2013 04 20 10 30 45.404     2013 04 20 10 33 20.874     155.5
503
 2013 04 20 01 44 26.357     2013 04 20 01 47 44.916     198.6
 2013 04 20 17 07 39.857     2013 04 20 17 10 33.011     173.2
504
 2013 04 20 14 47 50.547     2013 04 20 14 50 27.255     156.7
 2013 04 20 21 22 29.554     2013 04 20 21 25 42.030     192.5
505
 2013 04 20 00 08 43.283     2013 04 20 00 09 23.726      40.4
 2013 04 20 15 36 33.769     2013 04 20 15 37 14.439      40.7
506
507
 2013 04 20 04 48 50.329     2013 04 20 04 52 10.869     200.5
 2013 04 20 23 29 42.575     2013 04 20 23 33 29.834     227.3
508
 2013 04 20 03 20 42.444     2013 04 20 03 24  9.211     206.8
 2013 04 20 18 41 26.498     2013 04 20 18 45 11.816     225.3
509
510
 2013 04 20 04 59  6.060     2013 04 20 05 02 24.872     198.8
 2013 04 20 18 37  1.765     2013 04 20 18 39 38.322     156.6
511
 2013 04 20 03 20  6.348     2013 04 20 03 22 57.276     170.9
 2013 04 20 18 41 41.158     2013 04 20 18 44 20.354     159.2
512
 2013 04 20 05 46 34.296     2013 04 20 05 50  3.149     208.9
 2013 04 20 19 24  5.908     2013 04 20 19 26 53.148     167.2
513
 2013 04 20 03 40 45.656     2013 04 20 03 41 25.915      40.3
514
 2013 04 20 11 23  2.266     2013 04 20 11 26 26.207     203.9
 2013 04 20 23 11 25.419     2013 04 20 23 11 56.015      30.6
515
 2013 04 20 00 22 28.505     2013 04 20 00 25 40.731     192.2
 2013 04 20 12 12 18.971     2013 04 20 12 14 54.151     155.2
516
 2013 04 20 07 16  8.155     2013 04 20 07 18 52.061     163.9
 2013 04 20 22 36 54.677     2013 04 20 22 39 27.350     152.7
517
 2013 04 20 19 52 48.545     2013 04 20 19 53 14.892      26.3
518
 2013 04 20 20 53 32.360     2013 04 20 20 53 48.584      16.2
519
 2013 04 20 06 07 40.054     2013 04 20 06 08 20.545      40.5
 2013 04 20 14 19 35.533     2013 04 20 14 22 41.180     185.6
520
 2013 04 20 03 46 20.984     2013 04 20 03 48 59.083     158.1
 2013 04 20 10 21  5.787     2013 04 20 10 24 37.665     211.9
521
 2013 04 20 09 50 30.399     2013 04 20 09 53 54.907     204.5
 2013 04 20 21 37 55.454     2013 04 20 21 38 59.883      64.4
522
523
 2013 04 20 05 52 36.065     2013 04 20 05 53 16.075      40.0
524
 2013 04 20 02 57 35.981     2013 04 20 03 00 21.258     165.3
 2013 04 20 11 12  3.287     2013 04 20 11 15 28.253     205.0
525
 2013 04 20 02 48 29.982     2013 04 20 02 51 23.996     174.0
526
 2013 04 20 06 41 44.586     2013 04 20 06 44 52.404     187.8
 2013 04 20 18 28 51.449     2013 04 20 18 30 44.834     113.4
527
 2013 04 20 08 16 40.056     2013 04 20 08 20 16.889     216.8
528
 2013 04 20 21 47  2.714     2013 04 20 21 50 44.174     221.5
529
 2013 04 20 07 41 42.649     2013 04 20 07 44 39.034     176.4
530
 2013 04 20 00 08 51.057     2013 04 20 00 11 28.338     157.3
 2013 04 20 17 09 28.880     2013 04 20 17 10 27.102      58.2
 2013 04 20 23 45 38.862     2013 04 20 23 48 21.472     162.6
531
 2013 04 20 13 58 13.694     2013 04 20 14 00 48.893     155.2
 2013 04 20 22 13 28.051     2013 04 20 22 16  5.344     157.3
532
 2013 04 20 00 27 27.036     2013 04 20 00 30 38.433     191.4
533
 2013 04 20 12 53 54.249     2013 04 20 12 56 51.132     176.9
534
 2013 04 20 17 59  9.978     2013 04 20 18 01 48.665     158.7
 2013 04 20 22 53 34.779     2013 04 20 22 56 42.679     187.9
535
536
 2013 04 20 17 38 50.135     2013 04 20 17 41 24.723     154.6
537
 2013 04 20 02 55  4.100     2013 04 20 02 58  4.316     180.2
 2013 04 20 11 15  4.448     2013 04 20 11 15  7.734       3.3
538
539
 2013 04 20 00 36 29.006     2013 04 20 00 39 31.527     182.5
540
541
 2013 04 20 04 28 43.363     2013 04 20 04 31 20.058     156.7
542
 2013 04 20 16 48 31.193     2013 04 20 16 48 46.320      15.1
543
 2013 04 20 13 03 45.151     2013 04 20 13 06 22.176     157.0
 2013 04 20 23 09 49.021     2013 04 20 23 10 11.837      22.8
544
 2013 04 20 06 41 41.226     2013 04 20 06 43 16.303      95.1
545
 2013 04 20 05 09 27.467     2013 04 20 05 12   .060     152.6
546
547
 2013 04 20 08 31 32.372     2013 04 20 08 34 18.449     166.1
 2013 04 20 13 25 48.453     2013 04 20 13 25 49.890       1.4
 2013 04 20 15 04  8.349     2013 04 20 15 07 21.594     193.2
548
549
550
 2013 04 20 12 22 26.338     2013 04 20 12 25 11.924     165.6
 2013 04 20 20 38 20.460     2013 04 20 20 41 42.142     201.7
551
552
 2013 04 20 08 54 49.641     2013 04 20 08 56 33.566     103.9
 2013 04 20 22 33 33.524     2013 04 20 22 36  6.979     153.5
553
 2013 04 20 20 59 38.694     2013 04 20 21 02 32.960     174.3
554
 2013 04 20 12 24 13.780     2013 04 20 12 25  7.554      53.8
555
 2013 04 20 02 41 16.268     2013 04 20 02 44 18.061     181.8
556
 2013 04 20 09 46 21.807     2013 04 20 09 49  3.630     161.8
557
 2013 04 20 08 01 29.476     2013 04 20 08 04 52.457     203.0
 2013 04 20 23 25 13.022     2013 04 20 23 25 40.150      27.1
558
559
 2013 04 20 15 33 49.965     2013 04 20 15 36 47.406     177.4
560
 2013 04 20 16 11 22.561     2013 04 20 16 14 45.718     203.2
561
 2013 04 20 10 04 42.616     2013 04 20 10 08  7.612     205.0
 2013 04 20 16 40 13.857     2013 04 20 16 42 53.750     159.9
562
 2013 04 20 03 42 30.982     2013 04 20 03 45 16.848     165.9
 2013 04 20 11 58 28.488     2013 04 20 11 58 38.584      10.1
563
 2013 04 20 12 26 19.104     2013 04 20 12 28 54.805     155.7
 2013 04 20 19 00 46.551     2013 04 20 19 03 45.939     179.4
564
 2013 04 20 09 15 44.598     2013 04 20 09 18 40.625     176.0
 2013 04 20 17 28 39.255     2013 04 20 17 32 20.314     221.1
565
566
 2013 04 20 10 44 49.878     2013 04 20 10 48 11.548     201.7
567
568
 2013 04 20 08 15 54.357     2013 04 20 08 18 48.555     174.2
 2013 04 20 20 03 40.180     2013 04 20 20 06 49.135     189.0
569
 2013 04 20 01 27 40.595     2013 04 20 01 31 28.260     227.7
 2013 04 20 06 23 35.175     2013 04 20 06 26 30.175     175.0
570
 2013 04 20 21 04 24.577     2013 04 20 21 07 38.077     193.5
571
 2013 04 20 05 52  9.653     2013 04 20 05 53 13.949      64.3
572
 2013 04 20 01 25 39.920     2013 04 20 01 28 34.250     174.3
 2013 04 20 07 59 10.176     2013 04 20 08 01 45.555     155.4
573
 2013 04 20 21 32 33.381     2013 04 20 21 36  1.719     208.3
574
575
 2013 04 20 02 44 14.544     2013 04 20 02 47 21.567     187.0
 2013 04 20 14 32 14.478     2013 04 20 14 35  6.365     171.9
576
 2013 04 20 14 43 59.710     2013 04 20 14 47 25.233     205.5
 2013 04 20 23 01 44.776     2013 04 20 23 04 33.829     169.1
577
 2013 04 20 08 07 15.096     2013 04 20 08 07 48.137      33.0
 2013 04 20 23 22 43.504     2013 04 20 23 25 46.426     182.9
578
 2013 04 20 08 12 29.940     2013 04 20 08 15 16.759     166.8
579
 2013 04 20 21 28 41.950     2013 04 20 21 31 31.588     169.6
580
 2013 04 20 01 52 29.617     2013 04 20 01 55   .508     150.9
 2013 04 20 15 25 38.414     2013 04 20 15 25 42.694       4.3
581
 2013 04 20 06 57 19.683     2013 04 20 07 00 13.197     173.5
 2013 04 20 08 34 42.149     2013 04 20 08 35 12.330      30.2
 2013 04 20 11 51 39.002     2013 04 20 11 55  8.346     209.3
 2013 04 20 13 29 20.294     2013 04 20 13 33  2.666     222.4
582
 2013 04 20 08 21 52.271     2013 04 20 08 24 23.545     151.3
 2013 04 20 18 22 22.551     2013 04 20 18 25  3.541     161.0
583
 2013 04 20 04 57 42.894     2013 04 20 05 00 18.105     155.2
584
 2013 04 20 01 28 37.166     2013 04 20 01 29   .036      22.9
 2013 04 20 03 03   .090     2013 04 20 03 06 26.292     206.2
 2013 04 20 07 58 19.550     2013 04 20 08 00 54.573     155.0
585
586
 2013 04 20 05 44 51.368     2013 04 20 05 47 34.154     162.8
587
 2013 04 20 08 14  8.098     2013 04 20 08 16 46.077     158.0
 2013 04 20 20 04 20.191     2013 04 20 20 07 29.095     188.9
588
 2013 04 20 13 07 51.649     2013 04 20 13 10 42.173     170.5
589
 2013 04 20 04 08 35.888     2013 04 20 04 09 30.554      54.7
 2013 04 20 19 26 36.641     2013 04 20 19 27 30.927      54.3
590
 2013 04 20 07 34 56.473     2013 04 20 07 37 30.481     154.0
 2013 04 20 17 35 15.683     2013 04 20 17 37 46.692     151.0
591
 2013 04 20 23 08 59.798     2013 04 20 23 10  1.382      61.6
592
 2013 04 20 10 47  3.938     2013 04 20 10 49 38.909     155.0
593
 2013 04 20 14 40 15.791     2013 04 20 14 40 41.039      25.2
594
 2013 04 20 12 07 39.606     2013 04 20 12 10 14.011     154.4
595
 2013 04 20 09 10 38.019     2013 04 20 09 13 43.803     185.8
596
 2013 04 20 22 29 23.508     2013 04 20 22 32 41.345     197.8
597
598
 2013 04 20 08 22  7.256     2013 04 20 08 24 42.833     155.6
 2013 04 20 18 22  6.952     2013 04 20 18 24 42.816     155.9
599
 2013 04 20 11 28 21.968     2013 04 20 11 28 33.651      11.7
 2013 04 20 21 33  2.139     2013 04 20 21 36 38.212     216.1
600
 2013 04 20 06 57 42.539     2013 04 20 07 00 17.959     155.4
 2013 04 20 11 52  9.261     2013 04 20 11 55 39.088     209.8
 2013 04 20 13 29 41.439     2013 04 20 13 30 30.071      48.6
601
 2013 04 20 06 11 14.485     2013 04 20 06 13 50.771     156.3
 2013 04 20 11 05 49.674     2013 04 20 11 08 37.014     167.3
602
 2013 04 20 00 24 15.506     2013 04 20 00 27 46.584     211.1
603
 2013 04 20 03 00 16.909     2013 04 20 03 03 49.606     212.7
 2013 04 20 04 38  4.712     2013 04 20 04 41 40.490     215.8
 2013 04 20 07 54 35.404     2013 04 20 07 55  1.614      26.2
 2013 04 20 09 33   .526     2013 04 20 09 35 58.805     178.3
604
 2013 04 20 15 15 48.992     2013 04 20 15 18 36.821     167.8
605
 2013 04 20 02 59 56.646     2013 04 20 03 02 33.227     156.6
 2013 04 20 09 34  2.040     2013 04 20 09 36 39.497     157.5
606
 2013 04 20 10 34 58.426     2013 04 20 10 37 35.391     157.0
607
 2013 04 20 02 52 27.131     2013 04 20 02 55 41.720     194.6
 2013 04 20 12 50 14.932     2013 04 20 12 53  9.079     174.1
608
 2013 04 20 00 33 14.799     2013 04 20 00 33 55.634      40.8
 2013 04 20 08 48 46.136     2013 04 20 08 49 24.656      38.5
609
 2013 04 20 09 48 50.014     2013 04 20 09 51   .888     130.9
 2013 04 20 21 39 30.343     2013 04 20 21 42  5.314     155.0
610
 2013 04 20 05 41 23.992     2013 04 20 05 44 23.058     179.1
 2013 04 20 21 02 10.317     2013 04 20 21 04 46.399     156.1
611
 2013 04 20 00 24 11.945     2013 04 20 00 27 30.977     199.0
 2013 04 20 12 09 26.939     2013 04 20 12 12 24.408     177.5
612
 2013 04 20 12 20 31.090     2013 04 20 12 23  7.078     156.0
613
614
 2013 04 20 00 12 16.390     2013 04 20 00 15 28.803     192.4
615
 2013 04 20 06 38 37.914     2013 04 20 06 42  1.523     203.6
 2013 04 20 18 30 41.324     2013 04 20 18 34  6.665     205.3
616
 2013 04 20 20 07 42.926     2013 04 20 20 11  4.282     201.4
617
 2013 04 20 01 12 54.828     2013 04 20 01 13 17.167      22.3
 2013 04 20 12 56 57.864     2013 04 20 13 00 20.511     202.6
618
 2013 04 20 05 37 20.797     2013 04 20 05 40  6.600     165.8
 2013 04 20 22 40 11.916     2013 04 20 22 43  8.256     176.3
619
 2013 04 20 02 00 47.038     2013 04 20 02 04  8.785     201.7
620
 2013 04 20 05 00 49.261     2013 04 20 05 03 30.189     160.9
 2013 04 20 18 35 22.636     2013 04 20 18 39  4.261     221.6
621
 2013 04 20 19 17 37.638     2013 04 20 19 18 13.090      35.5
622
 2013 04 20 15 36 33.697     2013 04 20 15 39 10.002     156.3
 2013 04 20 22 09 58.102     2013 04 20 22 12 51.629     173.5
623
 2013 04 20 11 29  6.182     2013 04 20 11 31 36.632     150.4
624
625
 2013 04 20 03 16 27.715     2013 04 20 03 19  1.596     153.9
 2013 04 20 20 19 12.782     2013 04 20 20 21 48.436     155.7
626
 2013 04 20 10 50 15.600     2013 04 20 10 52 56.303     160.7
 2013 04 20 19 03 27.780     2013 04 20 19 07  6.971     219.2
627
 2013 04 20 02 10  3.633     2013 04 20 02 12 43.979     160.3
 2013 04 20 10 24 18.540     2013 04 20 10 27 12.007     173.5
628
 2013 04 20 08 13  3.829     2013 04 20 08 15 33.727     149.9
629
 2013 04 20 16 12 10.956     2013 04 20 16 15  6.642     175.7
630
 2013 04 20 02 29 51.918     2013 04 20 02 32 36.820     164.9
 2013 04 20 19 31 22.654     2013 04 20 19 34 27.620     185.0
631
 2013 04 20 03 48 29.026     2013 04 20 03 48 43.256      14.2
 2013 04 20 11 57  8.990     2013 04 20 12 00 49.876     220.9
632
 2013 04 20 04 35  8.458     2013 04 20 04 37 50.630     162.2
 2013 04 20 11 08 16.893     2013 04 20 11 11  7.196     170.3
633
 2013 04 20 14 47 22.499     2013 04 20 14 47 49.334      26.8
 2013 04 20 21 23 44.448     2013 04 20 21 26 49.318     184.9
634
 2013 04 20 22 21 31.015     2013 04 20 22 24  4.884     153.9
635
 2013 04 20 14 45 48.235     2013 04 20 14 48 21.558     153.3
 2013 04 20 23 00 19.229     2013 04 20 23 03 13.086     173.9
636
 2013 04 20 04 54 24.709     2013 04 20 04 57 39.913     195.2
 2013 04 20 20 16 27.040     2013 04 20 20 19 10.017     163.0
637
 2013 04 20 06 07 34.474     2013 04 20 06 08  9.649      35.2
 2013 04 20 14 19 29.149     2013 04 20 14 22 50.001     200.9
638
 2013 04 20 05 51 34.044     2013 04 20 05 54 19.726     165.7
639
 2013 04 20 18 26 31.251     2013 04 20 18 29 13.649     162.4
640
 2013 04 20 06 53 25.902     2013 04 20 06 56 17.368     171.5
 2013 04 20 15 07 27.562     2013 04 20 15 10 22.520     175.0
641
642
643
644
 2013 04 20 06 56 21.169     2013 04 20 06 59  4.625     163.5
 2013 04 20 13 30 46.042     2013 04 20 13 33 21.579     155.5
645
 2013 04 20 20 08 16.860     2013 04 20 20 10 51.809     154.9
646
647
 2013 04 20 02 39 34.169     2013 04 20 02 42  8.983     154.8
 2013 04 20 16 12 51.578     2013 04 20 16 13 57.578      66.0
648
 2013 04 20 00 12 56.775     2013 04 20 00 16 28.116     211.3
649
650
 2013 04 20 10 35 26.565     2013 04 20 10 38 33.460     186.9
 2013 04 20 22 26 35.646     2013 04 20 22 29 34.553     178.9
651
 2013 04 20 05 04 54.262     2013 04 20 05 07 35.964     161.7
 2013 04 20 16 58  8.423     2013 04 20 16 58 23.162      14.7
652
 2013 04 20 10 50 11.974     2013 04 20 10 53 45.640     213.7
653
 2013 04 20 06 01 18.190     2013 04 20 06 01 53.187      35.0
654
 2013 04 20 08 59 26.514     2013 04 20 09 02  1.107     154.6
655
 2013 04 20 16 50 42.569     2013 04 20 16 53 22.158     159.6
656
657
 2013 04 20 07 40 38.363     2013 04 20 07 43 57.242     198.9
 2013 04 20 15 55 57.873     2013 04 20 15 59 24.406     206.5
658
 2013 04 20 09 13 37.218     2013 04 20 09 16 43.846     186.6
 2013 04 20 17 30 54.017     2013 04 20 17 33 39.713     165.7
659
 2013 04 20 03 16 59.956     2013 04 20 03 19 40.062     160.1
 2013 04 20 20 18 46.766     2013 04 20 20 21 41.268     174.5
660
661
 2013 04 20 06 37 10.420     2013 04 20 06 40  6.019     175.6
662
 2013 04 20 10 06 32.487     2013 04 20 10 09  8.834     156.3
 2013 04 20 15 01  8.940     2013 04 20 15 02 37.230      88.3
 2013 04 20 16 39  2.930     2013 04 20 16 42 48.706     225.8
663
 2013 04 20 06 52 39.694     2013 04 20 06 52 55.398      15.7
 2013 04 20 15 09 24.834     2013 04 20 15 12 33.742     188.9
664
665
 2013 04 20 10 34 58.668     2013 04 20 10 38 20.207     201.5
666
667
 2013 04 20 01 26 33.906     2013 04 20 01 29 11.499     157.6
 2013 04 20 07 59 23.330     2013 04 20 08 02 33.522     190.2
668
 2013 04 20 00 25 34.767     2013 04 20 00 29  2.327     207.6
669
 2013 04 20 19 59  5.250     2013 04 20 20 02 15.707     190.5
670
 2013 04 20 02 03 12.938     2013 04 20 02 03 34.098      21.2
 2013 04 20 13 42 19.012     2013 04 20 13 42 40.474      21.5
671
 2013 04 20 07 35  2.679     2013 04 20 07 37 44.832     162.2
 2013 04 20 17 35 29.287     2013 04 20 17 38  3.686     154.4
672
 2013 04 20 06 03 43.930     2013 04 20 06 06 20.635     156.7
673
 2013 04 20 08 08 21.943     2013 04 20 08 09  4.896      43.0
 2013 04 20 21 45 44.132     2013 04 20 21 49   .368     196.2
674
 2013 04 20 06 29 21.707     2013 04 20 06 31 55.969     154.3
 2013 04 20 21 50  8.493     2013 04 20 21 52 51.264     162.8
675
 2013 04 20 00 06 13.229     2013 04 20 00 09  1.840     168.6
 2013 04 20 17 09  6.606     2013 04 20 17 12 44.073     217.5
 2013 04 20 23 43   .431     2013 04 20 23 45 55.423     175.0
676
 2013 04 20 02 31 29.631     2013 04 20 02 34  8.210     158.6
 2013 04 20 17 53 51.935     2013 04 20 17 57 30.261     218.3
677
 2013 04 20 05 16 20.664     2013 04 20 05 19 25.425     184.8
678
 2013 04 20 13 14 48.512     2013 04 20 13 17 38.426     169.9
 2013 04 20 18 13  5.575     2013 04 20 18 13 12.413       6.8
 2013 04 20 19 47 30.360     2013 04 20 19 50 36.920     186.6
679
 2013 04 20 14 35 42.651     2013 04 20 14 39 21.700     219.0
680
 2013 04 20 06 56   .389     2013 04 20 06 56 33.862      33.5
 2013 04 20 08 34   .397     2013 04 20 08 37 24.276     203.9
 2013 04 20 13 28 59.247     2013 04 20 13 31 46.568     167.3
681
 2013 04 20 14 02 22.520     2013 04 20 14 05   .393     157.9
 2013 04 20 19 00 39.805     2013 04 20 19 00 50.629      10.8
 2013 04 20 20 35  3.097     2013 04 20 20 38 20.448     197.4
682
 2013 04 20 14 46 57.627     2013 04 20 14 49 57.354     179.7
683
684
 2013 04 20 13 12 55.036     2013 04 20 13 13  1.006       6.0
 2013 04 20 21 24 18.935     2013 04 20 21 28  5.440     226.5
685
 2013 04 20 01 54 29.143     2013 04 20 01 58  2.965     213.8
686
 2013 04 20 17 31 32.435     2013 04 20 17 32 14.192      41.8
687
 2013 04 20 11 22 55.322     2013 04 20 11 26 20.502     205.2
 2013 04 20 23 14  2.538     2013 04 20 23 16 40.619     158.1
688
 2013 04 20 13 43 31.934     2013 04 20 13 46 10.406     158.5
689
 2013 04 20 19 07  3.269     2013 04 20 19 09 35.110     151.8
690
691
 2013 04 20 08 05 20.030     2013 04 20 08 09   .701     220.7
692
 2013 04 20 07 21 28.861     2013 04 20 07 21 47.406      18.5
 2013 04 20 20 56 10.689     2013 04 20 20 58 41.748     151.1
693
694
695
 2013 04 20 08 15 17.018     2013 04 20 08 18  8.669     171.7
 2013 04 20 20 02 59.961     2013 04 20 20 05 38.919     159.0
696
 2013 04 20 10 42 48.992     2013 04 20 10 44 39.606     110.6
 2013 04 20 20 45 32.943     2013 04 20 20 48  3.991     151.0
697
 2013 04 20 10 44 49.690     2013 04 20 10 48  7.857     198.2
 2013 04 20 20 43 43.870     2013 04 20 20 43 52.812       8.9
698
 2013 04 20 02 07  9.647     2013 04 20 02 10 39.269     209.6
699
 2013 04 20 16 56 23.830     2013 04 20 16 56 29.972       6.1
