0 -2.3118 -157.6055 3 17 6
2  45.0 45.0 0.00
1 8.1369 42.3444 10 23 5
2  45.0 45.0 0.00
2 3.5836 -71.8079 8 16 8
2  45.0 45.0 0.00
3 -7.8061 41.4278 5 22 7
2  45.0 45.0 0.00
4 -28.8248 94.6481 1 16 5
2  45.0 45.0 0.00
5 21.1755 -125.8516 5 19 5
2  45.0 45.0 0.00
6 -44.5769 17.5977 3 15 8
2  45.0 45.0 0.00
7 -31.9626 58.3310 2 15 8
2  45.0 45.0 0.00
8 -39.9269 17.9222 4 24 6
2  45.0 45.0 0.00
9 28.1870 86.1237 10 19 6
2  45.0 45.0 0.00
10 -5.3415 -162.1443 10 17 7
2  45.0 45.0 0.00
11 22.8196 159.0783 10 17 9
2  45.0 45.0 0.00
12 -7.8068 -68.6172 3 23 9
2  45.0 45.0 0.00
13 51.4020 -86.8788 7 21 7
2  45.0 45.0 0.00
14 28.0186 35.9712 3 28 6
2  45.0 45.0 0.00
15 18.8981 -140.1496 10 26 5
2  45.0 45.0 0.00
16 48.8169 118.2275 7 16 5
2  45.0 45.0 0.00
17 -49.8345 -48.0878 8 23 8
2  45.0 45.0 0.00
18 -25.8023 4.8554 5 18 6
2  45.0 45.0 0.00
19 33.2771 177.1715 10 26 8
2  45.0 45.0 0.00
20 0.7680 -68.1540 10 26 9
2  45.0 45.0 0.00
21 37.0670 -121.0742 3 29 7
2  45.0 45.0 0.00
22 11.0859 -125.8970 4 16 5
2  45.0 45.0 0.00
23 10.3817 -99.9352 4 22 5
2  45.0 45.0 0.00
24 12.5612 73.3732 7 26 5
2  45.0 45.0 0.00
25 -26.4110 -38.1938 1 22 6
2  45.0 45.0 0.00
26 19.7309 -45.3689 2 16 5
2  45.0 45.0 0.00
27 15.8844 -167.1234 2 16 8
2  45.0 45.0 0.00
28 38.8152 -30.0567 10 15 6
2  45.0 45.0 0.00
29 -41.7326 -23.8331 9 16 5
2  45.0 45.0 0.00
30 9.7024 -11.9488 4 23 5
2  45.0 45.0 0.00
31 32.1637 19.7038 4 25 9
2  45.0 45.0 0.00
32 -4.6870 47.5632 10 24 6
2  45.0 45.0 0.00
33 -28.5555 -163.4298 7 29 9
2  45.0 45.0 0.00
34 6.5903 -146.9303 7 25 6
2  45.0 45.0 0.00
35 -31.5887 58.0697 8 20 6
2  45.0 45.0 0.00
36 33.6065 -64.6993 10 22 9
2  45.0 45.0 0.00
37 -29.7508 98.9859 6 15 8
2  45.0 45.0 0.00
38 -42.9172 -55.3465 4 17 9
2  45.0 45.0 0.00
39 -28.1896 98.7441 5 25 8
2  45.0 45.0 0.00
40 -46.6116 -8.4583 6 16 6
2  45.0 45.0 0.00
41 -0.0347 86.4391 8 20 6
2  45.0 45.0 0.00
42 -37.9346 -122.7824 2 21 5
2  45.0 45.0 0.00
43 -38.6366 -135.6080 2 24 8
2  45.0 45.0 0.00
44 -4.7013 -173.6681 5 17 7
2  45.0 45.0 0.00
45 -30.1132 147.4459 6 28 8
2  45.0 45.0 0.00
46 -7.6634 169.3490 6 24 8
2  45.0 45.0 0.00
47 -16.9030 -104.5690 9 17 6
2  45.0 45.0 0.00
48 -2.2023 -41.2016 1 25 8
2  45.0 45.0 0.00
49 46.2354 157.7661 3 17 8
2  45.0 45.0 0.00
50 -41.2605 -139.3737 4 28 6
2  45.0 45.0 0.00
51 -48.4760 -67.0835 2 22 8
2  45.0 45.0 0.00
52 9.5506 118.5153 6 24 9
2  45.0 45.0 0.00
53 -34.7985 -1.0815 7 25 6
2  45.0 45.0 0.00
54 45.1531 163.9835 9 21 8
2  45.0 45.0 0.00
55 -45.5697 -64.9345 10 22 6
2  45.0 45.0 0.00
56 -23.5666 98.5086 7 18 7
2  45.0 45.0 0.00
57 -19.6256 -157.6994 5 20 7
2  45.0 45.0 0.00
58 -50.1506 70.4087 8 21 8
2  45.0 45.0 0.00
59 15.9015 84.0341 5 28 9
2  45.0 45.0 0.00
60 -6.4462 -100.5584 1 28 9
2  45.0 45.0 0.00
61 -36.5446 60.2840 5 17 6
2  45.0 45.0 0.00
62 23.6436 114.9459 1 17 5
2  45.0 45.0 0.00
63 33.5453 24.5954 3 18 7
2  45.0 45.0 0.00
64 -41.3648 -121.7030 4 17 7
2  45.0 45.0 0.00
65 -28.5783 15.1524 8 26 6
2  45.0 45.0 0.00
66 -17.3131 -21.2899 3 22 6
2  45.0 45.0 0.00
67 -46.9577 123.2692 3 21 9
2  45.0 45.0 0.00
68 15.6241 131.8966 3 29 7
2  45.0 45.0 0.00
69 -30.9958 19.6106 1 19 6
2  45.0 45.0 0.00
70 -44.3405 -6.5603 7 21 7
2  45.0 45.0 0.00
71 -23.6114 -159.0598 10 22 5
2  45.0 45.0 0.00
72 11.9939 140.1396 2 29 5
2  45.0 45.0 0.00
73 -23.0877 -73.7424 8 27 9
2  45.0 45.0 0.00
74 50.2494 -132.4117 3 18 5
2  45.0 45.0 0.00
75 -27.2010 -98.6361 8 25 6
2  45.0 45.0 0.00
76 18.6474 -96.2609 6 20 7
2  45.0 45.0 0.00
77 37.6185 173.0750 2 29 6
2  45.0 45.0 0.00
78 52.8766 -65.8964 10 21 9
2  45.0 45.0 0.00
79 27.3608 145.5448 7 27 8
2  45.0 45.0 0.00
80 43.7172 84.2304 8 21 5
2  45.0 45.0 0.00
81 47.6474 -100.8878 7 19 9
2  45.0 45.0 0.00
82 -47.5686 -41.2426 7 17 7
2  45.0 45.0 0.00
83 -12.6626 2.5783 6 20 9
2  45.0 45.0 0.00
84 -21.0487 -51.1734 9 21 9
2  45.0 45.0 0.00
85 16.6522 80.0802 3 21 7
2  45.0 45.0 0.00
86 -17.0558 -31.8649 10 28 7
2  45.0 45.0 0.00
87 46.8463 113.6913 7 18 9
2  45.0 45.0 0.00
88 14.3244 69.8553 3 16 8
2  45.0 45.0 0.00
89 12.0202 -136.3135 9 29 6
2  45.0 45.0 0.00
90 -26.3984 4.5809 3 28 9
2  45.0 45.0 0.00
91 5.7849 -75.0226 5 21 9
2  45.0 45.0 0.00
92 -28.9317 96.0901 1 26 9
2  45.0 45.0 0.00
93 14.8139 -9.4111 4 24 8
2  45.0 45.0 0.00
94 6.8616 -69.4936 6 22 8
2  45.0 45.0 0.00
95 11.3828 -82.3094 3 26 5
2  45.0 45.0 0.00
96 3.7890 89.3884 7 17 6
2  45.0 45.0 0.00
97 34.5953 8.0361 8 15 5
2  45.0 45.0 0.00
98 15.9362 -51.2330 2 18 9
2  45.0 45.0 0.00
99 39.0312 161.4806 1 18 6
2  45.0 45.0 0.00
100 -38.2087 -13.7181 3 18 8
2  45.0 45.0 0.00
101 47.0636 -179.0013 7 18 8
2  45.0 45.0 0.00
102 -22.9795 10.1806 9 20 6
2  45.0 45.0 0.00
103 -2.2517 42.7427 5 21 5
2  45.0 45.0 0.00
104 -40.5523 -18.1082 6 24 8
2  45.0 45.0 0.00
105 -31.0531 -153.5892 10 24 8
2  45.0 45.0 0.00
106 16.8357 -159.1887 4 21 9
2  45.0 45.0 0.00
107 -45.1718 11.3040 5 21 8
2  45.0 45.0 0.00
108 34.3013 -67.6861 8 20 5
2  45.0 45.0 0.00
109 -40.0614 171.1703 9 28 6
2  45.0 45.0 0.00
110 -26.5542 -2.6248 6 16 8
2  45.0 45.0 0.00
111 20.1231 124.6673 2 23 9
2  45.0 45.0 0.00
112 39.2871 -56.6533 5 23 6
2  45.0 45.0 0.00
113 -29.1073 -149.7569 3 23 9
2  45.0 45.0 0.00
114 47.4199 -103.4601 5 27 6
2  45.0 45.0 0.00
115 32.3775 -153.2278 8 21 8
2  45.0 45.0 0.00
116 -28.4532 -106.3982 8 19 5
2  45.0 45.0 0.00
117 -35.3914 176.4951 2 24 8
2  45.0 45.0 0.00
118 -28.8794 161.2646 8 23 5
2  45.0 45.0 0.00
119 -2.0175 93.9568 10 16 9
2  45.0 45.0 0.00
120 -48.9663 -26.5831 7 29 9
2  45.0 45.0 0.00
121 -49.0909 50.2671 6 25 5
2  45.0 45.0 0.00
122 12.2402 -39.7210 4 26 5
2  45.0 45.0 0.00
123 17.6155 -166.9580 3 21 5
2  45.0 45.0 0.00
124 -28.0753 -26.9379 1 27 5
2  45.0 45.0 0.00
125 52.9365 49.0746 2 25 7
2  45.0 45.0 0.00
126 -48.2876 171.8945 3 22 5
2  45.0 45.0 0.00
127 32.3740 -94.3755 8 20 7
2  45.0 45.0 0.00
128 2.8077 -77.1126 1 23 6
2  45.0 45.0 0.00
129 35.8162 -123.3353 2 23 9
2  45.0 45.0 0.00
130 -5.8576 -61.6943 3 29 9
2  45.0 45.0 0.00
131 11.9654 30.2974 4 27 8
2  45.0 45.0 0.00
132 -10.5406 147.4208 6 18 9
2  45.0 45.0 0.00
133 14.6268 131.7313 3 24 6
2  45.0 45.0 0.00
134 -7.5962 58.0876 5 28 5
2  45.0 45.0 0.00
135 47.6301 123.0294 6 21 9
2  45.0 45.0 0.00
136 36.2519 -144.1175 4 27 6
2  45.0 45.0 0.00
137 22.8780 -166.2605 8 24 8
2  45.0 45.0 0.00
138 -29.5469 -35.6336 2 24 9
2  45.0 45.0 0.00
139 12.4005 -168.4387 7 26 5
2  45.0 45.0 0.00
140 50.0287 16.0434 6 18 7
2  45.0 45.0 0.00
141 30.0388 -28.2494 9 27 6
2  45.0 45.0 0.00
142 28.7401 -133.4363 5 27 6
2  45.0 45.0 0.00
143 -21.1060 -160.5327 8 15 5
2  45.0 45.0 0.00
144 10.5813 -102.5588 6 27 5
2  45.0 45.0 0.00
145 -50.1041 -171.5941 3 29 6
2  45.0 45.0 0.00
146 44.2259 -142.3148 10 20 7
2  45.0 45.0 0.00
147 -21.4720 126.1984 4 21 6
2  45.0 45.0 0.00
148 -21.8042 -117.9358 1 19 6
2  45.0 45.0 0.00
149 -43.2573 13.2858 4 18 5
2  45.0 45.0 0.00
150 6.6685 173.9162 4 25 7
2  45.0 45.0 0.00
151 27.2266 82.5899 10 16 6
2  45.0 45.0 0.00
152 27.5638 -19.5343 8 22 7
2  45.0 45.0 0.00
153 17.6439 102.9723 6 21 9
2  45.0 45.0 0.00
154 -5.2645 46.9871 5 24 5
2  45.0 45.0 0.00
155 -7.6932 145.3615 3 21 8
2  45.0 45.0 0.00
156 -1.0160 95.5591 2 26 5
2  45.0 45.0 0.00
157 46.0173 -25.3238 4 26 7
2  45.0 45.0 0.00
158 7.2098 89.8947 7 18 7
2  45.0 45.0 0.00
159 36.9476 70.8270 3 28 9
2  45.0 45.0 0.00
160 -20.5769 -134.4831 8 18 8
2  45.0 45.0 0.00
161 45.8334 -64.4468 10 24 6
2  45.0 45.0 0.00
162 37.4257 -78.7440 5 19 5
2  45.0 45.0 0.00
163 52.4269 53.7445 4 22 5
2  45.0 45.0 0.00
164 -27.8996 177.9780 6 28 6
2  45.0 45.0 0.00
165 21.2665 -29.7874 9 15 9
2  45.0 45.0 0.00
166 24.4522 -174.4401 5 23 5
2  45.0 45.0 0.00
167 -14.4182 1.0182 9 16 5
2  45.0 45.0 0.00
168 11.9933 113.6672 5 22 5
2  45.0 45.0 0.00
169 -22.6044 -25.5483 8 16 6
2  45.0 45.0 0.00
170 -31.8772 -97.6946 3 27 6
2  45.0 45.0 0.00
171 -19.9816 -89.8695 5 28 9
2  45.0 45.0 0.00
172 1.6041 -88.0915 3 26 9
2  45.0 45.0 0.00
173 35.7886 67.1945 8 18 6
2  45.0 45.0 0.00
174 -0.8729 27.9570 10 20 8
2  45.0 45.0 0.00
175 -8.3683 -4.0157 10 27 7
2  45.0 45.0 0.00
176 -24.2109 -77.5355 6 26 7
2  45.0 45.0 0.00
177 0.2179 -109.2482 3 19 8
2  45.0 45.0 0.00
178 -40.9566 38.7218 6 18 9
2  45.0 45.0 0.00
179 -15.0687 -172.0638 10 24 6
2  45.0 45.0 0.00
180 10.6105 -112.7275 10 28 6
2  45.0 45.0 0.00
181 12.8911 120.8979 8 17 6
2  45.0 45.0 0.00
182 34.2008 -29.9303 1 19 6
2  45.0 45.0 0.00
183 -28.5660 -5.0319 10 18 8
2  45.0 45.0 0.00
184 14.9561 -48.1564 3 24 8
2  45.0 45.0 0.00
185 40.7257 -56.0410 9 23 8
2  45.0 45.0 0.00
186 -10.7051 126.8766 7 23 8
2  45.0 45.0 0.00
187 -44.0189 -32.8205 10 21 9
2  45.0 45.0 0.00
188 17.6201 -170.6868 6 15 7
2  45.0 45.0 0.00
189 20.8562 -70.2851 7 29 9
2  45.0 45.0 0.00
190 39.4130 108.8148 7 29 5
2  45.0 45.0 0.00
191 -28.2101 21.0067 3 16 7
2  45.0 45.0 0.00
192 -23.6080 -76.7713 9 21 8
2  45.0 45.0 0.00
193 49.8427 131.3229 7 24 6
2  45.0 45.0 0.00
194 34.0979 -152.2498 9 21 5
2  45.0 45.0 0.00
195 12.2139 -52.6268 6 15 5
2  45.0 45.0 0.00
196 8.4208 -54.1631 2 24 5
2  45.0 45.0 0.00
197 10.2550 132.2784 8 22 6
2  45.0 45.0 0.00
198 2.7958 -80.0676 8 28 9
2  45.0 45.0 0.00
199 -12.7750 35.0678 4 19 9
2  45.0 45.0 0.00
200 35.1889 56.5883 8 26 5
2  45.0 45.0 0.00
201 31.2421 -35.3299 9 28 7
2  45.0 45.0 0.00
202 40.2856 -0.1167 7 16 7
2  45.0 45.0 0.00
203 45.3400 43.6965 3 20 9
2  45.0 45.0 0.00
204 -42.1059 -59.3816 1 19 7
2  45.0 45.0 0.00
205 4.6733 -105.8246 4 21 8
2  45.0 45.0 0.00
206 -51.1116 -165.2232 3 17 6
2  45.0 45.0 0.00
207 44.7587 33.7127 3 24 6
2  45.0 45.0 0.00
208 -32.3423 157.5942 10 16 8
2  45.0 45.0 0.00
209 -50.1699 -107.5483 9 21 8
2  45.0 45.0 0.00
210 27.3588 -95.1767 4 20 9
2  45.0 45.0 0.00
211 -0.3265 -47.2725 7 19 8
2  45.0 45.0 0.00
212 9.4015 162.1828 4 17 6
2  45.0 45.0 0.00
213 35.9346 -48.2253 7 26 5
2  45.0 45.0 0.00
214 -17.5865 167.2016 4 17 5
2  45.0 45.0 0.00
215 -35.5086 -95.4733 9 24 7
2  45.0 45.0 0.00
216 -16.6597 88.9968 4 26 6
2  45.0 45.0 0.00
217 29.9127 68.9028 5 18 8
2  45.0 45.0 0.00
218 5.6778 -68.0995 8 29 9
2  45.0 45.0 0.00
219 -27.0961 88.0504 4 28 5
2  45.0 45.0 0.00
220 17.0298 -14.2571 1 20 6
2  45.0 45.0 0.00
221 31.1272 -148.8091 1 19 5
2  45.0 45.0 0.00
222 -25.2149 92.9995 5 25 6
2  45.0 45.0 0.00
223 36.1969 -123.3675 10 27 8
2  45.0 45.0 0.00
224 -37.3534 -140.6187 9 15 6
2  45.0 45.0 0.00
225 -50.5349 168.1397 9 18 8
2  45.0 45.0 0.00
226 -8.4346 -53.7686 7 23 7
2  45.0 45.0 0.00
227 40.5382 -33.5230 7 22 6
2  45.0 45.0 0.00
228 20.7287 -49.2947 7 18 6
2  45.0 45.0 0.00
229 31.2946 41.5332 6 24 9
2  45.0 45.0 0.00
230 -43.7713 142.8583 6 16 5
2  45.0 45.0 0.00
231 5.4342 -22.1896 9 15 7
2  45.0 45.0 0.00
232 34.6194 122.6538 1 24 7
2  45.0 45.0 0.00
233 43.6170 -121.3157 1 17 8
2  45.0 45.0 0.00
234 -6.9324 55.3095 1 23 5
2  45.0 45.0 0.00
235 30.1611 135.5618 2 26 8
2  45.0 45.0 0.00
236 -9.7642 -69.4819 1 19 5
2  45.0 45.0 0.00
237 2.5016 -98.1672 6 21 8
2  45.0 45.0 0.00
238 -5.9282 -40.2300 2 15 6
2  45.0 45.0 0.00
239 37.6139 73.0676 9 27 6
2  45.0 45.0 0.00
240 14.0153 -14.2139 7 29 9
2  45.0 45.0 0.00
241 -7.0568 -58.4982 1 15 9
2  45.0 45.0 0.00
242 18.5188 66.0632 2 18 7
2  45.0 45.0 0.00
243 2.0780 11.1149 7 22 9
2  45.0 45.0 0.00
244 19.5218 72.6525 6 22 7
2  45.0 45.0 0.00
245 -48.0869 44.7870 7 19 6
2  45.0 45.0 0.00
246 -44.3532 -158.8496 4 22 5
2  45.0 45.0 0.00
247 47.4210 -63.8187 4 21 5
2  45.0 45.0 0.00
248 -33.2740 -106.8535 1 22 7
2  45.0 45.0 0.00
249 27.6199 -123.6058 5 23 8
2  45.0 45.0 0.00
250 -18.6588 -108.1936 4 28 8
2  45.0 45.0 0.00
251 45.6232 160.9734 10 21 6
2  45.0 45.0 0.00
252 32.7559 -168.1635 1 26 8
2  45.0 45.0 0.00
253 12.2912 -120.7355 1 16 5
2  45.0 45.0 0.00
254 -32.1310 -153.8458 7 21 9
2  45.0 45.0 0.00
255 -2.0158 -111.8261 4 29 5
2  45.0 45.0 0.00
256 41.3081 -162.0785 9 25 9
2  45.0 45.0 0.00
257 40.5038 -131.6757 1 26 6
2  45.0 45.0 0.00
258 -52.9767 145.4296 5 18 5
2  45.0 45.0 0.00
259 -36.7592 -20.4366 3 28 7
2  45.0 45.0 0.00
260 10.1698 -147.9991 9 22 9
2  45.0 45.0 0.00
261 -26.3597 99.1940 2 16 7
2  45.0 45.0 0.00
262 25.5498 165.8436 5 19 6
2  45.0 45.0 0.00
263 27.4790 -51.4433 2 27 8
2  45.0 45.0 0.00
264 -1.9376 -45.3266 2 27 8
2  45.0 45.0 0.00
265 -21.9519 117.2181 7 20 7
2  45.0 45.0 0.00
266 -48.9984 -73.7363 2 22 6
2  45.0 45.0 0.00
267 31.8856 15.1692 3 25 9
2  45.0 45.0 0.00
268 -41.7034 -174.7063 8 20 8
2  45.0 45.0 0.00
269 -48.8084 41.4575 8 28 9
2  45.0 45.0 0.00
270 31.3880 47.5318 6 19 6
2  45.0 45.0 0.00
271 -29.4841 -91.4579 4 28 6
2  45.0 45.0 0.00
272 -7.8739 -35.8111 9 23 6
2  45.0 45.0 0.00
273 -5.7390 -11.4886 5 29 5
2  45.0 45.0 0.00
274 -29.9875 47.4091 4 29 9
2  45.0 45.0 0.00
275 -3.4963 176.5431 1 16 9
2  45.0 45.0 0.00
276 18.8412 147.5565 7 22 5
2  45.0 45.0 0.00
277 -9.9938 -175.4324 4 17 9
2  45.0 45.0 0.00
278 5.8149 51.9325 1 21 5
2  45.0 45.0 0.00
279 21.8410 -28.4845 4 17 6
2  45.0 45.0 0.00
280 7.5743 49.2028 3 28 7
2  45.0 45.0 0.00
281 -35.5713 54.3759 4 21 6
2  45.0 45.0 0.00
282 -28.4662 -118.8766 9 15 8
2  45.0 45.0 0.00
283 1.6789 156.0411 2 23 9
2  45.0 45.0 0.00
284 -7.0839 -65.3484 1 15 9
2  45.0 45.0 0.00
285 7.7213 -115.7803 8 29 7
2  45.0 45.0 0.00
286 -48.1092 124.2844 4 25 8
2  45.0 45.0 0.00
287 -48.6463 -165.0418 1 28 8
2  45.0 45.0 0.00
288 26.9955 31.2079 3 27 5
2  45.0 45.0 0.00
289 -12.1825 50.3868 9 27 9
2  45.0 45.0 0.00
290 28.8956 119.7715 9 19 6
2  45.0 45.0 0.00
291 -26.1842 47.0229 9 28 8
2  45.0 45.0 0.00
292 51.5196 62.8663 8 28 9
2  45.0 45.0 0.00
293 -12.0610 -21.5592 9 20 7
2  45.0 45.0 0.00
294 -2.7255 -167.7086 2 28 8
2  45.0 45.0 0.00
295 36.7271 -11.6951 3 28 5
2  45.0 45.0 0.00
296 45.8852 -50.9499 5 16 8
2  45.0 45.0 0.00
297 -30.3753 23.9089 6 20 8
2  45.0 45.0 0.00
298 -9.4919 -122.9225 9 16 9
2  45.0 45.0 0.00
299 -44.5152 67.5648 3 28 6
2  45.0 45.0 0.00
300 47.1655 -86.7832 5 18 8
2  45.0 45.0 0.00
301 25.2765 160.9988 4 24 5
2  45.0 45.0 0.00
302 30.2594 81.4007 10 25 6
2  45.0 45.0 0.00
303 13.5215 19.7625 8 17 6
2  45.0 45.0 0.00
304 33.8991 -164.7510 7 23 8
2  45.0 45.0 0.00
305 -19.5316 150.2294 7 28 7
2  45.0 45.0 0.00
306 -36.1670 27.6893 2 24 8
2  45.0 45.0 0.00
307 18.4380 -142.3142 5 20 6
2  45.0 45.0 0.00
308 -24.7805 160.6202 9 19 8
2  45.0 45.0 0.00
309 19.5401 -25.1091 1 26 5
2  45.0 45.0 0.00
310 2.6658 0.7207 6 22 8
2  45.0 45.0 0.00
311 42.6755 59.0485 7 22 5
2  45.0 45.0 0.00
312 34.0423 -167.6418 1 17 9
2  45.0 45.0 0.00
313 -30.8936 -144.5706 9 15 9
2  45.0 45.0 0.00
314 2.4251 -113.3899 2 27 7
2  45.0 45.0 0.00
315 39.6054 77.9856 4 26 8
2  45.0 45.0 0.00
316 40.8616 -114.2301 1 26 9
2  45.0 45.0 0.00
317 16.6208 -150.8416 7 29 5
2  45.0 45.0 0.00
318 -51.9485 36.9853 6 19 6
2  45.0 45.0 0.00
319 -28.4193 94.5939 1 21 9
2  45.0 45.0 0.00
320 9.1081 -31.5869 9 27 5
2  45.0 45.0 0.00
321 -16.9471 68.5014 1 28 6
2  45.0 45.0 0.00
322 -33.2870 131.2413 8 26 5
2  45.0 45.0 0.00
323 14.6767 -73.1534 2 20 6
2  45.0 45.0 0.00
324 -39.4791 -130.9592 2 28 6
2  45.0 45.0 0.00
325 44.5350 132.7177 2 21 7
2  45.0 45.0 0.00
326 -41.2473 -78.0959 2 27 9
2  45.0 45.0 0.00
327 -2.8378 -44.9876 5 25 8
2  45.0 45.0 0.00
328 49.4510 -125.0894 4 24 6
2  45.0 45.0 0.00
329 -37.5918 116.5745 4 19 6
2  45.0 45.0 0.00
330 46.1203 -28.0723 4 17 8
2  45.0 45.0 0.00
331 -5.3317 -7.2123 7 21 9
2  45.0 45.0 0.00
332 -3.0251 -97.6010 2 20 6
2  45.0 45.0 0.00
333 42.7079 -169.6761 7 28 8
2  45.0 45.0 0.00
334 -25.0770 40.0805 7 23 9
2  45.0 45.0 0.00
335 50.3528 -1.9935 3 23 5
2  45.0 45.0 0.00
336 -42.7897 33.7568 10 18 5
2  45.0 45.0 0.00
337 20.0185 -148.6877 2 15 6
2  45.0 45.0 0.00
338 52.2858 158.9917 10 26 8
2  45.0 45.0 0.00
339 25.1891 102.7597 9 21 8
2  45.0 45.0 0.00
340 -40.6316 161.1577 5 24 7
2  45.0 45.0 0.00
341 -18.6812 126.9558 2 19 7
2  45.0 45.0 0.00
342 48.2553 137.6671 8 21 9
2  45.0 45.0 0.00
343 40.0354 172.6809 1 17 5
2  45.0 45.0 0.00
344 33.4882 173.2727 10 24 8
2  45.0 45.0 0.00
345 -18.8912 131.2474 7 29 5
2  45.0 45.0 0.00
346 -32.9042 -158.4203 5 28 7
2  45.0 45.0 0.00
347 -37.2417 156.3316 9 25 5
2  45.0 45.0 0.00
348 35.6370 112.9613 9 22 7
2  45.0 45.0 0.00
349 -41.2495 5.6929 1 26 7
2  45.0 45.0 0.00
350 27.3441 40.3644 10 21 8
2  45.0 45.0 0.00
351 -38.6508 -78.6405 7 15 9
2  45.0 45.0 0.00
352 -4.3263 145.2629 8 17 5
2  45.0 45.0 0.00
353 41.9013 172.6188 6 28 5
2  45.0 45.0 0.00
354 47.0044 -80.0236 10 16 5
2  45.0 45.0 0.00
355 -52.7726 5.0112 2 17 8
2  45.0 45.0 0.00
356 32.4326 -148.1352 6 20 5
2  45.0 45.0 0.00
357 8.2107 55.6486 8 17 9
2  45.0 45.0 0.00
358 38.9135 148.9390 8 27 6
2  45.0 45.0 0.00
359 45.8652 43.3286 4 20 9
2  45.0 45.0 0.00
360 -39.0762 48.1465 2 24 8
2  45.0 45.0 0.00
361 -2.0934 10.2169 1 18 8
2  45.0 45.0 0.00
362 12.8737 -141.1864 7 21 6
2  45.0 45.0 0.00
363 -13.7087 7.1104 10 16 6
2  45.0 45.0 0.00
364 -27.4842 115.1975 10 29 7
2  45.0 45.0 0.00
365 -49.8499 -17.5103 1 26 8
2  45.0 45.0 0.00
366 -12.5305 -123.9895 2 18 7
2  45.0 45.0 0.00
367 -34.7439 -24.5442 5 25 5
2  45.0 45.0 0.00
368 -47.7976 -27.3442 3 22 6
2  45.0 45.0 0.00
369 27.4851 3.9613 1 22 6
2  45.0 45.0 0.00
370 -9.2284 14.8605 1 29 5
2  45.0 45.0 0.00
371 -19.9954 53.1169 9 18 8
2  45.0 45.0 0.00
372 -49.9376 90.6503 10 21 7
2  45.0 45.0 0.00
373 -3.6183 143.4039 3 28 9
2  45.0 45.0 0.00
374 46.5183 106.2783 9 29 5
2  45.0 45.0 0.00
375 33.5672 -76.0107 10 26 6
2  45.0 45.0 0.00
376 1.9838 158.3320 3 21 8
2  45.0 45.0 0.00
377 36.0939 -110.3915 8 17 8
2  45.0 45.0 0.00
378 2.6161 -115.7232 2 16 5
2  45.0 45.0 0.00
379 -21.4891 170.3512 3 16 9
2  45.0 45.0 0.00
380 38.2606 36.0874 7 24 7
2  45.0 45.0 0.00
381 12.4785 19.6412 1 26 5
2  45.0 45.0 0.00
382 -50.6145 148.1407 1 29 6
2  45.0 45.0 0.00
383 -43.5575 -69.8539 5 25 8
2  45.0 45.0 0.00
384 -24.1141 72.8994 5 19 8
2  45.0 45.0 0.00
385 27.5923 68.7056 3 28 9
2  45.0 45.0 0.00
386 36.4082 -106.6511 7 26 8
2  45.0 45.0 0.00
387 44.3580 -67.0971 5 28 8
2  45.0 45.0 0.00
388 -22.6893 -37.9662 2 16 7
2  45.0 45.0 0.00
389 11.9969 -95.6936 1 26 8
2  45.0 45.0 0.00
390 52.0790 -80.0735 2 21 7
2  45.0 45.0 0.00
391 -36.2043 -73.3365 4 27 6
2  45.0 45.0 0.00
392 45.2485 60.4531 4 27 7
2  45.0 45.0 0.00
393 33.7883 -121.8021 3 18 9
2  45.0 45.0 0.00
394 29.1989 -40.8122 6 15 7
2  45.0 45.0 0.00
395 40.0648 42.7376 2 26 8
2  45.0 45.0 0.00
396 2.7688 153.6770 7 18 9
2  45.0 45.0 0.00
397 6.9854 106.2892 7 17 6
2  45.0 45.0 0.00
398 12.9516 -16.3069 3 25 6
2  45.0 45.0 0.00
399 12.5106 19.9155 3 23 6
2  45.0 45.0 0.00
400 -5.1391 169.2344 3 27 5
2  45.0 45.0 0.00
401 11.0959 -89.4396 4 28 7
2  45.0 45.0 0.00
402 4.2119 11.0376 5 17 7
2  45.0 45.0 0.00
403 52.9992 -33.1837 8 29 9
2  45.0 45.0 0.00
404 -50.5080 170.8518 7 29 8
2  45.0 45.0 0.00
405 -18.9997 77.1439 10 25 6
2  45.0 45.0 0.00
406 -18.7992 -164.6259 6 21 6
2  45.0 45.0 0.00
407 5.9386 -149.5814 3 17 7
2  45.0 45.0 0.00
408 -19.6796 148.2028 1 26 9
2  45.0 45.0 0.00
409 -43.2984 -83.7049 8 16 7
2  45.0 45.0 0.00
410 -30.7186 21.9516 3 25 8
2  45.0 45.0 0.00
411 -2.4455 -169.1460 3 17 5
2  45.0 45.0 0.00
412 41.3813 25.1409 1 23 9
2  45.0 45.0 0.00
413 -0.3149 -151.7915 2 26 6
2  45.0 45.0 0.00
414 44.0426 -101.0994 3 22 9
2  45.0 45.0 0.00
415 -41.1455 -103.3924 4 16 9
2  45.0 45.0 0.00
416 -47.3532 44.1270 9 17 5
2  45.0 45.0 0.00
417 27.7373 -49.8635 4 26 5
2  45.0 45.0 0.00
418 2.7427 145.1989 8 15 7
2  45.0 45.0 0.00
419 25.9178 -61.8431 2 27 8
2  45.0 45.0 0.00
420 -51.6042 -8.9463 3 25 6
2  45.0 45.0 0.00
421 52.0495 -153.9940 4 26 6
2  45.0 45.0 0.00
422 -25.0022 157.0275 2 18 6
2  45.0 45.0 0.00
423 -24.6116 -24.0403 10 22 7
2  45.0 45.0 0.00
424 -38.6329 -79.1011 4 24 8
2  45.0 45.0 0.00
425 -51.7104 -119.1377 8 15 8
2  45.0 45.0 0.00
426 30.0639 -51.5406 7 21 8
2  45.0 45.0 0.00
427 8.2810 142.7963 9 27 8
2  45.0 45.0 0.00
428 20.0800 24.0366 4 22 5
2  45.0 45.0 0.00
429 9.5068 58.5906 5 26 7
2  45.0 45.0 0.00
430 -20.0036 115.2157 9 18 6
2  45.0 45.0 0.00
431 24.6866 116.7776 1 16 7
2  45.0 45.0 0.00
432 34.1289 -154.5847 3 15 8
2  45.0 45.0 0.00
433 43.1737 11.7709 4 22 7
2  45.0 45.0 0.00
434 -13.6572 35.4770 4 26 6
2  45.0 45.0 0.00
435 7.2897 104.9952 8 24 5
2  45.0 45.0 0.00
436 -15.9621 -30.1937 2 22 9
2  45.0 45.0 0.00
437 49.1393 -144.9263 3 16 8
2  45.0 45.0 0.00
438 26.8965 107.5054 1 18 7
2  45.0 45.0 0.00
439 12.5966 14.6266 5 26 8
2  45.0 45.0 0.00
440 -46.9590 -129.9028 6 19 5
2  45.0 45.0 0.00
441 22.5504 -151.9778 5 29 7
2  45.0 45.0 0.00
442 46.7714 -117.4640 6 29 7
2  45.0 45.0 0.00
443 -9.9807 32.6940 10 16 7
2  45.0 45.0 0.00
444 32.8464 -26.6973 4 28 6
2  45.0 45.0 0.00
445 7.6884 -54.5317 7 19 8
2  45.0 45.0 0.00
446 -50.0170 -175.5932 1 15 7
2  45.0 45.0 0.00
447 -30.7129 -132.4219 1 20 7
2  45.0 45.0 0.00
448 40.8883 -138.1111 6 22 5
2  45.0 45.0 0.00
449 8.4831 127.6951 2 26 7
2  45.0 45.0 0.00
450 -50.0300 -24.1281 1 20 6
2  45.0 45.0 0.00
451 13.9018 -91.9840 8 28 7
2  45.0 45.0 0.00
452 -14.3931 109.5993 10 17 7
2  45.0 45.0 0.00
453 45.4738 -120.4981 5 20 6
2  45.0 45.0 0.00
454 -23.9898 -91.5194 8 25 9
2  45.0 45.0 0.00
455 20.5124 148.0376 6 26 6
2  45.0 45.0 0.00
456 23.0893 19.9960 1 26 8
2  45.0 45.0 0.00
457 10.0874 55.1064 1 26 9
2  45.0 45.0 0.00
458 49.3713 -100.1357 5 27 7
2  45.0 45.0 0.00
459 -44.3826 150.2532 3 15 8
2  45.0 45.0 0.00
460 -9.0369 -0.5663 3 21 8
2  45.0 45.0 0.00
461 29.9174 95.3548 9 22 8
2  45.0 45.0 0.00
462 23.3130 -14.5980 1 25 7
2  45.0 45.0 0.00
463 32.7192 -161.2409 2 22 7
2  45.0 45.0 0.00
464 -23.7519 -34.2634 9 22 9
2  45.0 45.0 0.00
465 -47.5054 -35.2401 8 17 8
2  45.0 45.0 0.00
466 29.2712 145.1711 5 17 9
2  45.0 45.0 0.00
467 -29.7440 -126.3606 7 29 9
2  45.0 45.0 0.00
468 35.0107 -130.3475 3 15 8
2  45.0 45.0 0.00
469 0.6696 11.1982 8 20 6
2  45.0 45.0 0.00
470 -49.9061 -32.3822 5 23 8
2  45.0 45.0 0.00
471 -51.9482 170.3430 10 21 5
2  45.0 45.0 0.00
472 -12.7063 46.7694 8 28 6
2  45.0 45.0 0.00
473 33.5681 -74.5594 3 25 9
2  45.0 45.0 0.00
474 16.9254 -149.9941 10 24 5
2  45.0 45.0 0.00
475 -38.3718 -41.8328 1 26 6
2  45.0 45.0 0.00
476 2.1974 -177.6725 3 26 6
2  45.0 45.0 0.00
477 -14.1940 -56.0143 4 21 5
2  45.0 45.0 0.00
478 -26.9005 68.1914 7 29 5
2  45.0 45.0 0.00
479 -31.7603 -88.2781 9 25 7
2  45.0 45.0 0.00
480 -30.3768 120.5522 10 23 6
2  45.0 45.0 0.00
481 47.2588 99.9596 8 20 8
2  45.0 45.0 0.00
482 13.3692 -102.2900 9 18 8
2  45.0 45.0 0.00
483 -13.3916 122.2262 3 24 9
2  45.0 45.0 0.00
484 -2.9388 125.5766 10 24 5
2  45.0 45.0 0.00
485 49.8468 -134.4804 8 22 6
2  45.0 45.0 0.00
486 40.6212 62.9872 9 19 6
2  45.0 45.0 0.00
487 19.7014 -28.7125 1 21 7
2  45.0 45.0 0.00
488 9.3734 165.3701 5 26 6
2  45.0 45.0 0.00
489 -49.7818 -15.3789 1 18 9
2  45.0 45.0 0.00
490 -14.7491 36.1131 6 26 7
2  45.0 45.0 0.00
491 -14.3522 -113.7682 5 21 8
2  45.0 45.0 0.00
492 33.8558 -88.0838 8 16 8
2  45.0 45.0 0.00
493 47.8230 158.2331 10 28 8
2  45.0 45.0 0.00
494 48.0626 -27.1815 6 17 7
2  45.0 45.0 0.00
495 1.3689 -157.8412 4 21 5
2  45.0 45.0 0.00
496 1.3750 149.7548 7 24 8
2  45.0 45.0 0.00
497 -23.0122 136.8980 6 25 9
2  45.0 45.0 0.00
498 0.1999 -174.6839 7 26 8
2  45.0 45.0 0.00
499 -17.6908 127.0595 7 29 6
2  45.0 45.0 0.00
500 -43.3726 17.9025 1 22 6
2  45.0 45.0 0.00
501 46.2543 -24.8928 6 19 6
2  45.0 45.0 0.00
502 -20.8767 96.2231 10 18 9
2  45.0 45.0 0.00
503 42.7613 35.5880 3 20 6
2  45.0 45.0 0.00
504 -45.4859 -99.5952 7 15 5
2  45.0 45.0 0.00
505 46.4973 58.2796 1 21 9
2  45.0 45.0 0.00
506 16.9570 -156.3293 10 16 5
2  45.0 45.0 0.00
507 49.1037 -36.0009 7 20 5
2  45.0 45.0 0.00
508 37.3174 17.1024 6 22 9
2  45.0 45.0 0.00
509 24.8675 103.4941 4 27 7
2  45.0 45.0 0.00
510 24.8305 1.3082 8 25 8
2  45.0 45.0 0.00
511 38.9526 13.0291 10 22 6
2  45.0 45.0 0.00
512 -23.9058 170.2763 7 22 6
2  45.0 45.0 0.00
513 -27.8464 56.4711 3 16 6
2  45.0 45.0 0.00
514 0.3616 -90.0141 3 17 8
2  45.0 45.0 0.00
515 2.4784 84.5518 8 15 8
2  45.0 45.0 0.00
516 -36.9759 129.2722 4 15 5
2  45.0 45.0 0.00
517 -36.4282 -51.4953 3 21 5
2  45.0 45.0 0.00
518 -7.7326 140.7969 8 16 7
2  45.0 45.0 0.00
519 40.1805 -164.2149 3 18 8
2  45.0 45.0 0.00
520 -44.7601 67.3203 2 21 5
2  45.0 45.0 0.00
521 -1.6653 -56.3982 3 29 9
2  45.0 45.0 0.00
522 -38.9432 -0.3567 5 28 9
2  45.0 45.0 0.00
523 -8.9693 167.8624 5 21 9
2  45.0 45.0 0.00
524 40.3161 -105.2342 2 29 8
2  45.0 45.0 0.00
525 11.9047 -125.2003 9 24 7
2  45.0 45.0 0.00
526 -2.1695 -9.0813 10 19 7
2  45.0 45.0 0.00
527 -3.7980 -30.8439 3 27 9
2  45.0 45.0 0.00
528 33.1779 -47.8568 8 23 8
2  45.0 45.0 0.00
529 45.3724 -178.2091 7 17 5
2  45.0 45.0 0.00
530 43.7543 50.3582 9 19 8
2  45.0 45.0 0.00
531 39.2255 83.8126 3 27 6
2  45.0 45.0 0.00
532 -17.8008 87.3414 7 23 9
2  45.0 45.0 0.00
533 16.7307 -115.0224 10 21 8
2  45.0 45.0 0.00
534 -52.8875 -139.1251 1 22 5
2  45.0 45.0 0.00
535 1.4073 45.6359 3 18 5
2  45.0 45.0 0.00
536 11.3774 174.1748 10 22 7
2  45.0 45.0 0.00
537 36.0029 -115.9198 1 25 6
2  45.0 45.0 0.00
538 24.5238 33.5830 4 23 6
2  45.0 45.0 0.00
539 -45.5393 108.8792 5 24 8
2  45.0 45.0 0.00
540 26.2401 34.0509 10 22 5
2  45.0 45.0 0.00
541 31.7189 -140.5384 9 16 6
2  45.0 45.0 0.00
542 -27.2117 -11.5935 8 26 6
2  45.0 45.0 0.00
543 -16.0856 -99.6503 1 15 9
2  45.0 45.0 0.00
544 -2.1373 -7.4542 2 18 6
2  45.0 45.0 0.00
545 -9.7758 16.0618 3 19 8
2  45.0 45.0 0.00
546 22.3484 -179.9280 3 23 5
2  45.0 45.0 0.00
547 -51.6487 0.2412 2 21 8
2  45.0 45.0 0.00
548 24.3836 -157.0447 3 20 7
2  45.0 45.0 0.00
549 -25.0626 105.9445 2 18 6
2  45.0 45.0 0.00
550 36.8022 102.5439 2 25 7
2  45.0 45.0 0.00
551 -24.5650 -38.4306 5 17 8
2  45.0 45.0 0.00
552 -26.0104 122.1666 5 20 5
2  45.0 45.0 0.00
553 -27.2329 149.1693 1 25 5
2  45.0 45.0 0.00
554 36.8434 97.5501 10 20 8
2  45.0 45.0 0.00
555 -8.8964 -141.4582 5 26 5
2  45.0 45.0 0.00
556 12.0294 -65.7341 1 15 8
2  45.0 45.0 0.00
557 45.1549 -62.3359 4 29 8
2  45.0 45.0 0.00
558 12.6670 -61.6523 10 25 6
2  45.0 45.0 0.00
559 41.4123 66.0072 10 18 7
2  45.0 45.0 0.00
560 -15.9846 -153.5463 9 16 6
2  45.0 45.0 0.00
561 -44.9209 -22.6488 3 28 5
2  45.0 45.0 0.00
562 -35.9134 53.1182 1 29 8
2  45.0 45.0 0.00
563 46.3447 116.1848 9 26 8
2  45.0 45.0 0.00
564 44.1215 156.4421 2 16 6
2  45.0 45.0 0.00
565 1.9965 -142.8455 4 17 9
2  45.0 45.0 0.00
566 24.6682 124.4975 6 19 6
2  45.0 45.0 0.00
567 4.2403 -94.5524 7 26 6
2  45.0 45.0 0.00
568 -1.1763 -34.2725 3 27 7
2  45.0 45.0 0.00
569 50.0266 -58.5740 8 28 6
2  45.0 45.0 0.00
570 -45.7976 157.0689 1 22 6
2  45.0 45.0 0.00
571 -9.0481 168.0647 10 27 9
2  45.0 45.0 0.00
572 50.1392 -75.6864 8 16 8
2  45.0 45.0 0.00
573 -19.5710 -66.6305 4 25 5
2  45.0 45.0 0.00
574 21.1851 -156.1830 4 20 7
2  45.0 45.0 0.00
575 1.2129 -136.6215 7 23 7
2  45.0 45.0 0.00
576 -33.7567 -107.7431 5 27 8
2  45.0 45.0 0.00
577 31.4201 -63.0662 5 15 6
2  45.0 45.0 0.00
578 7.7546 -43.8611 3 28 8
2  45.0 45.0 0.00
579 -31.8908 -76.7603 4 17 6
2  45.0 45.0 0.00
580 16.6456 49.9186 5 27 5
2  45.0 45.0 0.00
581 -52.8104 25.1018 4 16 8
2  45.0 45.0 0.00
582 -21.8207 -26.4823 5 21 7
2  45.0 45.0 0.00
583 28.8636 -4.7014 6 19 5
2  45.0 45.0 0.00
584 51.9985 -79.6481 6 20 9
2  45.0 45.0 0.00
585 -18.9003 -109.6161 8 25 5
2  45.0 45.0 0.00
586 -29.1855 163.7776 5 19 5
2  45.0 45.0 0.00
587 4.5451 -38.3363 8 26 7
2  45.0 45.0 0.00
588 -28.9710 -90.1900 5 20 9
2  45.0 45.0 0.00
589 -37.4479 170.9017 10 20 5
2  45.0 45.0 0.00
590 22.4935 166.5758 6 29 8
2  45.0 45.0 0.00
591 -12.9024 -85.8852 5 29 6
2  45.0 45.0 0.00
592 32.4654 125.8480 10 29 6
2  45.0 45.0 0.00
593 -17.0441 -130.6687 3 20 8
2  45.0 45.0 0.00
594 -12.8485 76.5749 1 27 8
2  45.0 45.0 0.00
595 25.5544 148.0990 3 22 9
2  45.0 45.0 0.00
596 -16.2213 111.1081 6 24 7
2  45.0 45.0 0.00
597 -25.2328 175.8996 8 23 7
2  45.0 45.0 0.00
598 -23.1665 -26.5482 4 22 7
2  45.0 45.0 0.00
599 -13.0262 -72.6303 7 16 8
2  45.0 45.0 0.00
600 -51.9732 27.8303 7 24 5
2  45.0 45.0 0.00
601 52.9464 -135.9403 2 18 7
2  45.0 45.0 0.00
602 -3.5094 88.4233 8 16 8
2  45.0 45.0 0.00
603 52.7503 -99.5956 7 20 7
2  45.0 45.0 0.00
604 -15.8367 28.7339 10 27 6
2  45.0 45.0 0.00
605 47.9684 -99.2529 8 20 5
2  45.0 45.0 0.00
606 -6.0600 102.3362 10 28 6
2  45.0 45.0 0.00
607 28.5842 -122.2557 6 23 7
2  45.0 45.0 0.00
608 -38.2059 98.6483 8 16 9
2  45.0 45.0 0.00
609 3.7977 -58.4096 9 26 9
2  45.0 45.0 0.00
610 -36.7009 151.8835 7 24 8
2  45.0 45.0 0.00
611 -7.4337 81.6177 3 19 6
2  45.0 45.0 0.00
612 29.1709 99.8262 3 16 7
2  45.0 45.0 0.00
613 19.3583 128.1323 3 27 5
2  45.0 45.0 0.00
614 35.7478 65.3038 9 29 9
2  45.0 45.0 0.00
615 8.1168 -13.4381 9 15 7
2  45.0 45.0 0.00
616 12.1668 -26.7615 2 22 7
2  45.0 45.0 0.00
617 2.2188 -114.8183 8 18 9
2  45.0 45.0 0.00
618 -48.4477 138.2277 2 17 5
2  45.0 45.0 0.00
619 -14.5992 61.1876 10 23 7
2  45.0 45.0 0.00
620 19.0699 2.1630 3 25 9
2  45.0 45.0 0.00
621 -2.9292 161.9855 9 26 9
2  45.0 45.0 0.00
622 49.5230 73.7453 7 27 5
2  45.0 45.0 0.00
623 -15.9493 -77.0815 7 24 8
2  45.0 45.0 0.00
624 0.1659 42.8337 8 27 9
2  45.0 45.0 0.00
625 48.0474 -1.5996 9 26 9
2  45.0 45.0 0.00
626 43.1005 133.4118 5 22 6
2  45.0 45.0 0.00
627 -41.4701 82.9596 6 22 8
2  45.0 45.0 0.00
628 7.5230 -41.4279 3 21 6
2  45.0 45.0 0.00
629 -17.1616 -151.4252 2 15 7
2  45.0 45.0 0.00
630 -44.9029 -168.1667 6 27 8
2  45.0 45.0 0.00
631 -46.5423 57.4681 8 26 5
2  45.0 45.0 0.00
632 50.5418 -120.7783 9 28 6
2  45.0 45.0 0.00
633 -42.7593 -94.8865 8 23 8
2  45.0 45.0 0.00
634 12.6237 99.4584 5 29 7
2  45.0 45.0 0.00
635 -40.6359 -107.6362 2 23 8
2  45.0 45.0 0.00
636 39.6337 -9.5537 5 18 6
2  45.0 45.0 0.00
637 39.6162 -164.7645 4 25 7
2  45.0 45.0 0.00
638 -5.3912 173.5744 5 20 9
2  45.0 45.0 0.00
639 -9.9145 -16.4855 4 16 7
2  45.0 45.0 0.00
640 -42.2228 10.5473 1 20 5
2  45.0 45.0 0.00
641 -21.1879 -159.6912 10 20 8
2  45.0 45.0 0.00
642 38.1506 -142.6294 6 29 8
2  45.0 45.0 0.00
643 0.3548 166.4592 10 24 9
2  45.0 45.0 0.00
644 -47.2453 24.1579 10 15 5
2  45.0 45.0 0.00
645 14.5157 -28.9717 1 17 5
2  45.0 45.0 0.00
646 17.2182 -133.0235 8 15 8
2  45.0 45.0 0.00
647 -16.4719 -143.0408 4 16 6
2  45.0 45.0 0.00
648 33.6364 68.0369 1 15 9
2  45.0 45.0 0.00
649 -16.3948 176.9381 6 25 9
2  45.0 45.0 0.00
650 -5.9274 106.8490 9 16 7
2  45.0 45.0 0.00
651 3.6641 6.4704 1 17 5
2  45.0 45.0 0.00
652 40.3427 139.5175 4 17 9
2  45.0 45.0 0.00
653 24.3187 -161.8855 10 19 6
2  45.0 45.0 0.00
654 -10.5276 125.7234 7 20 9
2  45.0 45.0 0.00
655 -14.2784 4.8641 1 16 8
2  45.0 45.0 0.00
656 15.4172 80.9261 7 20 6
2  45.0 45.0 0.00
657 38.7571 -175.5745 4 21 8
2  45.0 45.0 0.00
658 34.6230 155.3889 9 16 9
2  45.0 45.0 0.00
659 45.5563 -0.5288 3 18 5
2  45.0 45.0 0.00
660 -21.7285 59.6858 9 21 5
2  45.0 45.0 0.00
661 10.0540 -21.7118 5 18 7
2  45.0 45.0 0.00
662 -50.7682 -19.3396 7 23 6
2  45.0 45.0 0.00
663 -36.4856 16.9678 7 27 7
2  45.0 45.0 0.00
664 23.0156 30.4896 1 25 7
2  45.0 45.0 0.00
665 -3.2810 100.7300 9 20 8
2  45.0 45.0 0.00
666 38.8773 -72.4539 2 16 8
2  45.0 45.0 0.00
667 50.8431 -70.9486 5 17 9
2  45.0 45.0 0.00
668 -7.8500 90.5053 8 29 9
2  45.0 45.0 0.00
669 -12.6826 -47.2468 9 25 6
2  45.0 45.0 0.00
670 -12.4398 58.3985 1 25 9
2  45.0 45.0 0.00
671 22.2940 167.9965 2 15 6
2  45.0 45.0 0.00
672 33.3946 -163.1566 10 24 6
2  45.0 45.0 0.00
673 23.5655 -44.0893 9 27 9
2  45.0 45.0 0.00
674 37.4048 -35.7740 8 28 8
2  45.0 45.0 0.00
675 49.3668 39.5226 7 26 7
2  45.0 45.0 0.00
676 -42.3695 -160.4860 5 16 7
2  45.0 45.0 0.00
677 -31.3178 32.3866 8 17 8
2  45.0 45.0 0.00
678 -51.6225 -72.2521 7 26 5
2  45.0 45.0 0.00
679 -12.8094 -131.9764 10 24 5
2  45.0 45.0 0.00
680 -52.7008 18.6617 2 26 7
2  45.0 45.0 0.00
681 51.0937 97.9250 3 29 6
2  45.0 45.0 0.00
682 -42.3432 -100.4435 2 21 9
2  45.0 45.0 0.00
683 27.6488 153.8860 9 15 7
2  45.0 45.0 0.00
684 -38.9705 -93.3575 7 18 6
2  45.0 45.0 0.00
685 5.6790 50.4457 7 28 9
2  45.0 45.0 0.00
686 35.2265 164.9593 3 23 7
2  45.0 45.0 0.00
687 5.1357 -83.6845 5 23 6
2  45.0 45.0 0.00
688 -7.1513 53.7142 9 27 7
2  45.0 45.0 0.00
689 30.9525 136.9391 6 27 5
2  45.0 45.0 0.00
690 -5.1203 -144.1256 2 16 7
2  45.0 45.0 0.00
691 27.7878 -59.1099 10 23 9
2  45.0 45.0 0.00
692 -16.7598 140.0138 7 16 5
2  45.0 45.0 0.00
693 -37.9146 44.0881 4 29 7
2  45.0 45.0 0.00
694 -0.7108 -46.5378 3 24 8
2  45.0 45.0 0.00
695 -1.7864 -39.3838 2 26 8
2  45.0 45.0 0.00
696 18.3581 121.7076 10 25 8
2  45.0 45.0 0.00
697 24.6635 124.2976 9 15 7
2  45.0 45.0 0.00
698 -30.4597 81.0902 7 25 8
2  45.0 45.0 0.00
699 4.6224 19.2730 5 27 5
2  45.0 45.0 0.00
