s1
0
 2013 04 20 06 43 53.493     2013 04 20 06 47 11.703     198.2
1
 2013 04 20 17 32  3.519     2013 04 20 17 35 11.683     188.2
2
 2013 04 20 04 26  2.629     2013 04 20 04 29 14.462     191.8
 2013 04 20 14 25 17.716     2013 04 20 14 27 49.567     151.9
3
4
5
 2013 04 20 07 23 33.228     2013 04 20 07 23 40.150       6.9
6
 2013 04 20 19 59 29.432     2013 04 20 20 02 25.231     175.8
7
 2013 04 20 16 58 25.977     2013 04 20 17 01 16.095     170.1
8
 2013 04 20 01 07 51.128     2013 04 20 01 10 25.973     154.8
9
10
 2013 04 20 09 18 17.785     2013 04 20 09 21 50.802     213.0
 2013 04 20 15 53  7.518     2013 04 20 15 55 57.506     170.0
11
 2013 04 20 13 04 18.481     2013 04 20 13 07 15.347     176.9
 2013 04 20 23 04 56.165     2013 04 20 23 08 43.079     226.9
12
 2013 04 20 04 30 14.089     2013 04 20 04 33 55.660     221.6
 2013 04 20 12 45 25.192     2013 04 20 12 48 14.900     169.7
13
 2013 04 20 08 57 48.522     2013 04 20 09 00 25.115     156.6
14
 2013 04 20 02 47 26.451     2013 04 20 02 50   .608     154.2
15
16
 2013 04 20 02 27 10.026     2013 04 20 02 30 29.013     199.0
 2013 04 20 21 08   .745     2013 04 20 21 11 50.037     229.3
17
 2013 04 20 05 49 55.815     2013 04 20 05 52 58.808     183.0
18
 2013 04 20 01 06 48.827     2013 04 20 01 09 45.409     176.6
19
20
 2013 04 20 15 24 20.976     2013 04 20 15 27 45.225     204.2
21
 2013 04 20 06 31 18.712     2013 04 20 06 31 25.904       7.2
 2013 04 20 20 12 12.700     2013 04 20 20 15 51.716     219.0
22
 2013 04 20 07 45 49.525     2013 04 20 07 48 26.935     157.4
 2013 04 20 12 40 27.471     2013 04 20 12 43 11.211     163.7
23
 2013 04 20 10 49 59.730     2013 04 20 10 52 52.212     172.5
 2013 04 20 19 04 23.339     2013 04 20 19 08  2.115     218.8
24
 2013 04 20 15 16 33.149     2013 04 20 15 19 32.766     179.6
25
 2013 04 20 01 06 57.315     2013 04 20 01 09 33.489     156.2
26
 2013 04 20 03 00 17.019     2013 04 20 03 00 57.275      40.3
 2013 04 20 09 35 32.338     2013 04 20 09 38 25.156     172.8
27
 2013 04 20 08 18 18.343     2013 04 20 08 20 52.688     154.3
28
 2013 04 20 03 17 20.953     2013 04 20 03 20 55.663     214.7
 2013 04 20 20 19 54.868     2013 04 20 20 23 40.197     225.3
29
 2013 04 20 00 27 45.506     2013 04 20 00 30 45.291     179.8
30
 2013 04 20 13 43 46.742     2013 04 20 13 46 19.970     153.2
31
 2013 04 20 05 23 30.516     2013 04 20 05 26 57.411     206.9
 2013 04 20 10 19  6.221     2013 04 20 10 22 27.397     201.2
32
 2013 04 20 09 05 58.927     2013 04 20 09 08 48.930     170.0
33
 2013 04 20 10 45 18.309     2013 04 20 10 48  2.807     164.5
 2013 04 20 20 43 11.467     2013 04 20 20 43 30.321      18.9
34
35
 2013 04 20 09 14 37.968     2013 04 20 09 15  2.379      24.4
 2013 04 20 17 30 56.038     2013 04 20 17 34 23.734     207.7
36
 2013 04 20 06 36   .749     2013 04 20 06 39 14.128     193.4
37
 2013 04 20 08 55 22.014     2013 04 20 08 57 56.633     154.6
 2013 04 20 22 32 10.256     2013 04 20 22 34 52.168     161.9
38
39
 2013 04 20 11 57 27.007     2013 04 20 12 00 22.284     175.3
40
 2013 04 20 10 35 56.338     2013 04 20 10 38 53.701     177.4
 2013 04 20 22 24 42.067     2013 04 20 22 28 15.046     213.0
41
 2013 04 20 09 59 49.379     2013 04 20 10 03  9.752     200.4
 2013 04 20 18 17 54.763     2013 04 20 18 18  7.107      12.3
42
 2013 04 20 02 31  3.971     2013 04 20 02 31 11.299       7.3
 2013 04 20 17 55 25.300     2013 04 20 17 58 18.913     173.6
43
 2013 04 20 14 42 32.073     2013 04 20 14 46  1.352     209.3
44
 2013 04 20 12 24 17.465     2013 04 20 12 27 46.453     209.0
 2013 04 20 20 37 18.519     2013 04 20 20 40 43.048     204.5
45
 2013 04 20 05 12 47.911     2013 04 20 05 15 48.132     180.2
 2013 04 20 15 12 41.882     2013 04 20 15 15 31.541     169.7
46
 2013 04 20 07 19 21.247     2013 04 20 07 20 21.844      60.6
 2013 04 20 22 35 38.526     2013 04 20 22 38 29.457     170.9
47
 2013 04 20 23 25 34.711     2013 04 20 23 28 55.083     200.4
48
 2013 04 20 13 59 24.875     2013 04 20 14 03  4.356     219.5
49
50
 2013 04 20 09 14 26.828     2013 04 20 09 18  4.093     217.3
 2013 04 20 17 28 50.683     2013 04 20 17 31 26.135     155.5
51
 2013 04 20 01 16 36.902     2013 04 20 01 19 58.955     202.1
 2013 04 20 11 18 17.493     2013 04 20 11 20 52.833     155.3
52
 2013 04 20 01 15 13.664     2013 04 20 01 18  9.018     175.4
 2013 04 20 11 18  3.596     2013 04 20 11 19   .091      56.5
53
 2013 04 20 09 58 23.977     2013 04 20 10 01  3.934     160.0
 2013 04 20 19 55  3.088     2013 04 20 19 55 55.905      52.8
54
 2013 04 20 01 46  1.815     2013 04 20 01 49  1.179     179.4
 2013 04 20 17 05 45.312     2013 04 20 17 08 31.932     166.6
55
56
 2013 04 20 01 43  8.978     2013 04 20 01 46 41.267     212.3
57
58
 2013 04 20 09 45 26.743     2013 04 20 09 47 56.993     150.2
59
60
 2013 04 20 08 56  7.599     2013 04 20 08 58 45.782     158.2
 2013 04 20 22 31 46.011     2013 04 20 22 34 18.215     152.2
61
62
 2013 04 20 09 05 32.564     2013 04 20 09 08  5.875     153.3
63
 2013 04 20 14 47 31.609     2013 04 20 14 50 11.164     159.6
 2013 04 20 21 22 19.776     2013 04 20 21 25 58.787     219.0
64
65
66
 2013 04 20 07 37 12.969     2013 04 20 07 40 38.831     205.9
67
 2013 04 20 08 29 13.961     2013 04 20 08 32 24.991     191.0
 2013 04 20 15 03 15.482     2013 04 20 15 06 55.370     219.9
68
 2013 04 20 09 16 35.943     2013 04 20 09 19 34.224     178.3
 2013 04 20 15 50 42.486     2013 04 20 15 54 24.123     221.6
69
 2013 04 20 10 44 58.834     2013 04 20 10 47 46.081     167.2
 2013 04 20 20 42 53.853     2013 04 20 20 45 57.814     184.0
70
 2013 04 20 11 27 18.326     2013 04 20 11 28 28.273      69.9
 2013 04 20 23 10 53.590     2013 04 20 23 13 27.136     153.5
71
 2013 04 20 02 59 47.970     2013 04 20 03 02 24.051     156.1
 2013 04 20 09 34 10.786     2013 04 20 09 36 54.611     163.8
72
 2013 04 20 14 44 30.000     2013 04 20 14 47 11.306     161.3
 2013 04 20 23 00 12.017     2013 04 20 23 03  9.116     177.1
73
 2013 04 20 13 49 28.500     2013 04 20 13 52  4.277     155.8
74
 2013 04 20 09 46 30.110     2013 04 20 09 46 36.958       6.8
 2013 04 20 21 43 20.097     2013 04 20 21 44  4.829      44.7
75
 2013 04 20 12 15 13.092     2013 04 20 12 17 49.059     156.0
76
 2013 04 20 03 26 13.759     2013 04 20 03 27 32.767      79.0
77
78
79
 2013 04 20 09 09 53.415     2013 04 20 09 12 58.955     185.5
 2013 04 20 19 08 34.877     2013 04 20 19 11 10.281     155.4
80
 2013 04 20 11 57 33.965     2013 04 20 12 00 16.105     162.1
81
 2013 04 20 03 45 26.187     2013 04 20 03 48 59.421     213.2
82
 2013 04 20 16 44 52.006     2013 04 20 16 47 26.347     154.3
83
 2013 04 20 01 55  4.993     2013 04 20 01 57 47.885     162.9
84
 2013 04 20 10 53 36.282     2013 04 20 10 56 13.942     157.7
 2013 04 20 15 48   .440     2013 04 20 15 49 11.184      70.7
 2013 04 20 17 26  2.307     2013 04 20 17 29 33.339     211.0
85
 2013 04 20 02 43  6.055     2013 04 20 02 44 31.210      85.2
 2013 04 20 14 34 46.280     2013 04 20 14 37 18.891     152.6
86
87
 2013 04 20 00 39 44.242     2013 04 20 00 42 51.311     187.1
 2013 04 20 05 34 57.210     2013 04 20 05 35 23.029      25.8
 2013 04 20 07 12 45.061     2013 04 20 07 13 18.328      33.3
88
 2013 04 20 04 54 27.691     2013 04 20 04 57 52.434     204.7
 2013 04 20 20 14 31.085     2013 04 20 20 17  6.635     155.5
89
 2013 04 20 02 40  8.488     2013 04 20 02 43 47.210     218.7
90
 2013 04 20 00 36 21.304     2013 04 20 00 39   .107     158.8
 2013 04 20 08 49 48.503     2013 04 20 08 50 12.771      24.3
91
 2013 04 20 02 32 14.133     2013 04 20 02 36  1.179     227.0
 2013 04 20 17 52 39.184     2013 04 20 17 55 13.768     154.6
92
 2013 04 20 01 41 19.888     2013 04 20 01 43 58.786     158.9
 2013 04 20 18 44 45.768     2013 04 20 18 47 45.481     179.7
93
 2013 04 20 23 07  8.722     2013 04 20 23 07 59.482      50.8
94
95
 2013 04 20 12 12 36.069     2013 04 20 12 14 28.290     112.2
96
 2013 04 20 05 48 14.495     2013 04 20 05 51 32.357     197.9
97
 2013 04 20 03 18 39.939     2013 04 20 03 22 18.187     218.2
 2013 04 20 18 42 20.842     2013 04 20 18 45 16.003     175.2
98
 2013 04 20 10 54 30.485     2013 04 20 10 57 30.771     180.3
 2013 04 20 15 49 41.318     2013 04 20 15 52 41.264     179.9
99
 2013 04 20 02 37  7.852     2013 04 20 02 39 41.868     154.0
 2013 04 20 16 14 27.374     2013 04 20 16 17 25.486     178.1
100
 2013 04 20 16 40 51.232     2013 04 20 16 43 39.976     168.7
101
 2013 04 20 05 17 32.451     2013 04 20 05 20 13.513     161.1
 2013 04 20 13 34 14.200     2013 04 20 13 37 12.157     178.0
102
 2013 04 20 07 25 46.042     2013 04 20 07 25 57.527      11.5
 2013 04 20 19 18 29.741     2013 04 20 19 21 17.883     168.1
103
 2013 04 20 04 48 56.594     2013 04 20 04 51 31.291     154.7
 2013 04 20 23 30 50.612     2013 04 20 23 33 44.540     173.9
104
 2013 04 20 13 55 38.313     2013 04 20 13 55 42.906       4.6
 2013 04 20 22 14 45.487     2013 04 20 22 18 20.523     215.0
105
 2013 04 20 04 28 32.025     2013 04 20 04 31 41.022     189.0
106
 2013 04 20 14 35 21.627     2013 04 20 14 38 51.143     209.5
107
 2013 04 20 01 23 32.452     2013 04 20 01 27  7.637     215.2
108
 2013 04 20 03 38  4.195     2013 04 20 03 41 26.006     201.8
 2013 04 20 13 40  6.460     2013 04 20 13 42 40.650     154.2
109
 2013 04 20 04 03  7.082     2013 04 20 04 05 52.490     165.4
 2013 04 20 21 05 52.566     2013 04 20 21 08 36.135     163.6
110
111
 2013 04 20 13 02 15.715     2013 04 20 13 05 15.115     179.4
112
 2013 04 20 06 57  7.951     2013 04 20 07 00 38.945     211.0
 2013 04 20 13 31  6.406     2013 04 20 13 34 39.452     213.0
113
114
115
 2013 04 20 05 41 21.325     2013 04 20 05 44 17.673     176.3
 2013 04 20 21 02 12.701     2013 04 20 21 04 50.582     157.9
116
 2013 04 20 01 46 24.009     2013 04 20 01 49  5.044     161.0
 2013 04 20 17 05 53.758     2013 04 20 17 08 56.853     183.1
117
 2013 04 20 02 52 44.107     2013 04 20 02 55 18.582     154.5
 2013 04 20 12 50 59.485     2013 04 20 12 54 20.519     201.0
118
119
120
 2013 04 20 10 01 38.281     2013 04 20 10 04 23.435     165.2
 2013 04 20 18 16 48.127     2013 04 20 18 19 23.773     155.6
121
 2013 04 20 00 55 38.068     2013 04 20 00 56  1.011      22.9
 2013 04 20 17 58 19.376     2013 04 20 17 58 25.660       6.3
122
123
 2013 04 20 06 41 40.633     2013 04 20 06 44 45.004     184.4
 2013 04 20 18 27 52.678     2013 04 20 18 30 32.807     160.1
124
 2013 04 20 06 54 17.951     2013 04 20 06 56 56.786     158.8
125
 2013 04 20 11 37 29.456     2013 04 20 11 38  2.333      32.9
 2013 04 20 18 15 24.003     2013 04 20 18 15 37.317      13.3
126
 2013 04 20 00 54 58.791     2013 04 20 00 58 25.440     206.6
 2013 04 20 17 56 18.321     2013 04 20 17 59 22.848     184.5
127
 2013 04 20 20 53 22.848     2013 04 20 20 56 21.869     179.0
128
 2013 04 20 05 57 41.554     2013 04 20 06 00 38.783     177.2
129
 2013 04 20 04 24 15.245     2013 04 20 04 27 54.870     219.6
 2013 04 20 14 27 45.116     2013 04 20 14 30 35.812     170.7
130
 2013 04 20 02 03 36.381     2013 04 20 02 07  7.413     211.0
 2013 04 20 12 03 19.784     2013 04 20 12 06 18.900     179.1
131
132
 2013 04 20 06 01   .942     2013 04 20 06 01 16.898      16.0
133
 2013 04 20 19 20 30.551     2013 04 20 19 23 35.412     184.9
134
135
 2013 04 20 03 47 53.971     2013 04 20 03 47 57.322       3.4
 2013 04 20 11 57 43.383     2013 04 20 12 00 28.061     164.7
136
 2013 04 20 01 42 35.321     2013 04 20 01 46  9.256     213.9
 2013 04 20 18 45 37.890     2013 04 20 18 48 56.214     198.3
137
 2013 04 20 20 00 43.265     2013 04 20 20 03 17.711     154.4
138
 2013 04 20 12 27  7.173     2013 04 20 12 30 33.326     206.2
 2013 04 20 19 02  1.381     2013 04 20 19 04 43.698     162.3
139
 2013 04 20 17 38 46.340     2013 04 20 17 42  8.301     202.0
140
 2013 04 20 09 09 32.190     2013 04 20 09 09 58.208      26.0
 2013 04 20 19 10  4.088     2013 04 20 19 11 19.585      75.5
141
142
 2013 04 20 15 33 39.278     2013 04 20 15 36 54.808     195.5
143
 2013 04 20 05 41 45.285     2013 04 20 05 44 24.901     159.6
 2013 04 20 21 03  8.050     2013 04 20 21 05 41.399     153.3
144
 2013 04 20 14 01 13.696     2013 04 20 14 04 10.624     176.9
 2013 04 20 20 34 50.556     2013 04 20 20 37 24.832     154.3
145
146
 2013 04 20 00 36 35.890     2013 04 20 00 40  5.418     209.5
147
 2013 04 20 13 14 34.202     2013 04 20 13 17  9.998     155.8
 2013 04 20 19 48 22.686     2013 04 20 19 51  4.260     161.6
148
 2013 04 20 05 47 54.739     2013 04 20 05 50 52.731     178.0
 2013 04 20 19 22 45.085     2013 04 20 19 23 48.368      63.3
149
 2013 04 20 08 56 58.910     2013 04 20 08 57 25.379      26.5
150
 2013 04 20 12 15 30.862     2013 04 20 12 18 15.109     164.2
151
 2013 04 20 03 16 21.413     2013 04 20 03 18 55.770     154.4
 2013 04 20 20 19  6.177     2013 04 20 20 21 42.558     156.4
152
 2013 04 20 09 11 30.689     2013 04 20 09 15 17.189     226.5
153
 2013 04 20 10 02 46.832     2013 04 20 10 05 20.938     154.1
 2013 04 20 18 16 35.338     2013 04 20 18 19 55.321     200.0
154
 2013 04 20 00 12 22.972     2013 04 20 00 16  4.309     221.3
155
 2013 04 20 12 29 57.018     2013 04 20 12 33 12.396     195.4
 2013 04 20 17 25  1.317     2013 04 20 17 27 38.457     157.1
156
 2013 04 20 01 22 20.497     2013 04 20 01 22 54.169      33.7
 2013 04 20 09 36 11.823     2013 04 20 09 38 59.067     167.2
157
 2013 04 20 07 23 38.783     2013 04 20 07 26 12.361     153.6
158
 2013 04 20 10 38 19.683     2013 04 20 10 40 56.256     156.6
 2013 04 20 22 24 14.030     2013 04 20 22 27 20.570     186.5
159
 2013 04 20 10 33 44.088     2013 04 20 10 36 25.735     161.6
160
 2013 04 20 04 52 30.055     2013 04 20 04 56 11.587     221.5
161
 2013 04 20 00 06 48.363     2013 04 20 00 09 39.268     170.9
 2013 04 20 17 09 31.621     2013 04 20 17 12 22.741     171.1
 2013 04 20 23 43 35.006     2013 04 20 23 46 33.284     178.3
162
 2013 04 20 19 49 42.781     2013 04 20 19 52 27.797     165.0
163
164
 2013 04 20 13 35 27.755     2013 04 20 13 38 19.275     171.5
165
 2013 04 20 16 23 11.654     2013 04 20 16 25 51.240     159.6
 2013 04 20 22 56 49.567     2013 04 20 22 59 25.988     156.4
166
 2013 04 20 11 32 54.490     2013 04 20 11 35 51.481     177.0
 2013 04 20 21 29  6.854     2013 04 20 21 29 44.181      37.3
167
 2013 04 20 07 29  7.616     2013 04 20 07 29 42.746      35.1
168
169
 2013 04 20 11 33 20.059     2013 04 20 11 36 54.149     214.1
170
 2013 04 20 20 47 23.640     2013 04 20 20 50 26.585     182.9
171
 2013 04 20 09 57 39.193     2013 04 20 09 59 10.937      91.7
172
 2013 04 20 01 46 36.045     2013 04 20 01 50 10.251     214.2
 2013 04 20 17 04 41.426     2013 04 20 17 08 24.495     223.1
173
 2013 04 20 07 36 40.705     2013 04 20 07 39 18.635     157.9
 2013 04 20 17 33 32.484     2013 04 20 17 34 14.108      41.6
174
 2013 04 20 23 15  2.939     2013 04 20 23 18 19.275     196.3
175
 2013 04 20 03 15 48.849     2013 04 20 03 18 54.950     186.1
 2013 04 20 20 18 20.198     2013 04 20 20 21  1.192     161.0
176
 2013 04 20 05 01 47.741     2013 04 20 05 01 51.199       3.5
177
 2013 04 20 13 41 28.492     2013 04 20 13 44  5.984     157.5
178
 2013 04 20 21 24 22.231     2013 04 20 21 27   .271     158.0
179
 2013 04 20 04 07 13.075     2013 04 20 04 09 56.046     163.0
 2013 04 20 19 28   .225     2013 04 20 19 30 32.838     152.6
180
 2013 04 20 13 05 19.159     2013 04 20 13 08 42.181     203.0
 2013 04 20 23 04 41.010     2013 04 20 23 07 20.706     159.7
181
182
 2013 04 20 09 40 22.033     2013 04 20 09 42 58.778     156.7
183
184
 2013 04 20 10 02 15.216     2013 04 20 10 04 50.596     155.4
 2013 04 20 18 17 17.514     2013 04 20 18 20  6.973     169.5
185
186
 2013 04 20 00 08 22.309     2013 04 20 00 12  3.406     221.1
 2013 04 20 17 11  3.036     2013 04 20 17 14 48.553     225.5
 2013 04 20 23 45 20.430     2013 04 20 23 48 48.357     207.9
187
188
 2013 04 20 06 46 48.143     2013 04 20 06 49 50.751     182.6
 2013 04 20 16 47  4.647     2013 04 20 16 50 22.296     197.6
189
 2013 04 20 19 06 29.648     2013 04 20 19 09  9.596     159.9
190
 2013 04 20 12 13  8.728     2013 04 20 12 15 59.252     170.5
191
 2013 04 20 06 03 55.718     2013 04 20 06 07 36.143     220.4
 2013 04 20 14 19 31.367     2013 04 20 14 19 50.706      19.3
192
193
 2013 04 20 04 05  5.324     2013 04 20 04 08 44.386     219.1
194
 2013 04 20 06 00  5.505     2013 04 20 06 01 42.365      96.9
 2013 04 20 16 01 41.181     2013 04 20 16 04 36.747     175.6
195
 2013 04 20 09 45 20.504     2013 04 20 09 47 53.446     152.9
196
197
 2013 04 20 19 54 16.744     2013 04 20 19 56 52.120     155.4
198
 2013 04 20 09 00 30.481     2013 04 20 09 03 14.146     163.7
199
 2013 04 20 04 35 42.603     2013 04 20 04 39 10.214     207.6
 2013 04 20 11 09 15.267     2013 04 20 11 10 24.933      69.7
200
 2013 04 20 02 56 26.962     2013 04 20 02 59 49.662     202.7
 2013 04 20 11 13  8.723     2013 04 20 11 15 47.086     158.4
201
 2013 04 20 00 23  3.185     2013 04 20 00 26 38.453     215.3
 2013 04 20 12 11 49.806     2013 04 20 12 15  6.807     197.0
202
 2013 04 20 23 14 22.217     2013 04 20 23 16 57.640     155.4
203
 2013 04 20 23 15 34.500     2013 04 20 23 18  8.188     153.7
204
 2013 04 20 00 13   .526     2013 04 20 00 16 10.809     190.3
205
 2013 04 20 06 29 23.036     2013 04 20 06 31 57.265     154.2
 2013 04 20 21 49 47.415     2013 04 20 21 52 28.263     160.8
206
 2013 04 20 05 08  3.093     2013 04 20 05 10 43.547     160.5
 2013 04 20 16 53 31.384     2013 04 20 16 53 40.118       8.7
207
208
 2013 04 20 14 34 29.595     2013 04 20 14 35 56.332      86.7
209
 2013 04 20 14 44 11.963     2013 04 20 14 47 18.290     186.3
 2013 04 20 23 01 30.381     2013 04 20 23 04 19.475     169.1
210
 2013 04 20 06 35  8.180     2013 04 20 06 37 39.399     151.2
 2013 04 20 20 09 52.205     2013 04 20 20 13  4.186     192.0
211
 2013 04 20 02 08 31.968     2013 04 20 02 12 11.544     219.6
 2013 04 20 10 26 12.834     2013 04 20 10 28 48.313     155.5
212
 2013 04 20 13 32  6.514     2013 04 20 13 34 59.549     173.0
213
 2013 04 20 11 39 14.515     2013 04 20 11 40  8.592      54.1
 2013 04 20 13 17 11.130     2013 04 20 13 20 42.367     211.2
 2013 04 20 18 12 26.730     2013 04 20 18 15  6.828     160.1
214
 2013 04 20 07 42 36.475     2013 04 20 07 45 12.027     155.6
 2013 04 20 14 17  3.933     2013 04 20 14 20 27.029     203.1
215
 2013 04 20 09 05 33.544     2013 04 20 09 08 57.204     203.7
216
 2013 04 20 17 37 39.937     2013 04 20 17 40 18.952     159.0
217
 2013 04 20 08 30 26.973     2013 04 20 08 33 47.357     200.4
 2013 04 20 10 07 58.690     2013 04 20 10 08 14.635      15.9
 2013 04 20 15 03 50.379     2013 04 20 15 06 27.111     156.7
218
 2013 04 20 03 30 43.978     2013 04 20 03 33 15.746     151.8
 2013 04 20 15 20 11.335     2013 04 20 15 23 49.055     217.7
219
 2013 04 20 06 28 16.639     2013 04 20 06 31  7.480     170.8
 2013 04 20 21 50 41.735     2013 04 20 21 53 27.927     166.2
220
 2013 04 20 10 49 28.101     2013 04 20 10 49 53.140      25.0
221
222
 2013 04 20 03 38 26.897     2013 04 20 03 41 24.520     177.6
 2013 04 20 13 39 44.294     2013 04 20 13 42 18.941     154.6
223
 2013 04 20 11 35 13.816     2013 04 20 11 38 40.831     207.0
 2013 04 20 19 50 33.302     2013 04 20 19 53 35.281     182.0
224
 2013 04 20 07 30 54.975     2013 04 20 07 31 11.205      16.2
 2013 04 20 19 14 48.221     2013 04 20 19 18 10.302     202.1
225
 2013 04 20 02 39 53.150     2013 04 20 02 43 13.971     200.8
226
 2013 04 20 04 10 38.731     2013 04 20 04 13 32.537     173.8
 2013 04 20 17 49 31.163     2013 04 20 17 53  5.282     214.1
227
 2013 04 20 09 13 13.168     2013 04 20 09 13 25.769      12.6
 2013 04 20 17 31 39.063     2013 04 20 17 34 14.510     155.4
228
 2013 04 20 04 16 10.467     2013 04 20 04 18 56.298     165.8
229
 2013 04 20 14 19 17.977     2013 04 20 14 22  3.334     165.4
230
 2013 04 20 05 56  9.499     2013 04 20 05 57 30.901      81.4
231
 2013 04 20 15 34 26.174     2013 04 20 15 37 11.573     165.4
 2013 04 20 22 13 31.295     2013 04 20 22 13 33.678       2.4
232
233
 2013 04 20 06 48 14.540     2013 04 20 06 51 49.450     214.9
 2013 04 20 16 47 58.230     2013 04 20 16 49 10.003      71.8
234
 2013 04 20 21 28 24.448     2013 04 20 21 31 54.615     210.2
235
 2013 04 20 04 18 36.520     2013 04 20 04 20 46.933     130.4
 2013 04 20 16 08 34.722     2013 04 20 16 11 21.694     167.0
236
 2013 04 20 11 30 55.141     2013 04 20 11 32 43.085     107.9
 2013 04 20 21 32  6.109     2013 04 20 21 35 13.443     187.3
237
 2013 04 20 21 28 10.348     2013 04 20 21 31  2.902     172.6
238
 2013 04 20 05 18 51.094     2013 04 20 05 21 26.052     155.0
 2013 04 20 13 33 53.045     2013 04 20 13 36 42.052     169.0
239
240
 2013 04 20 02 40 42.961     2013 04 20 02 43 25.854     162.9
241
 2013 04 20 07 19 53.801     2013 04 20 07 23 16.329     202.5
 2013 04 20 20 59 23.698     2013 04 20 21 00 22.902      59.2
242
 2013 04 20 08 03 55.801     2013 04 20 08 06 35.015     159.2
 2013 04 20 23 24  2.017     2013 04 20 23 26 46.237     164.2
243
 2013 04 20 14 42  2.197     2013 04 20 14 45 14.383     192.2
244
 2013 04 20 02 27  8.610     2013 04 20 02 29 46.098     157.5
 2013 04 20 21 08 59.318     2013 04 20 21 11 52.998     173.7
245
 2013 04 20 08 12 13.311     2013 04 20 08 14 51.623     158.3
246
 2013 04 20 08 54 21.507     2013 04 20 08 57  3.473     162.0
 2013 04 20 22 34 56.481     2013 04 20 22 35 37.113      40.6
247
 2013 04 20 01 00 31.306     2013 04 20 01 02 40.799     129.5
248
 2013 04 20 08 19 46.071     2013 04 20 08 23  6.609     200.5
249
 2013 04 20 01 46 49.582     2013 04 20 01 49 56.613     187.0
 2013 04 20 17 04 57.326     2013 04 20 17 07  3.503     126.2
250
 2013 04 20 14 37 28.239     2013 04 20 14 40 32.507     184.3
251
 2013 04 20 20 00 20.286     2013 04 20 20 03 13.653     173.4
252
 2013 04 20 11 10 38.469     2013 04 20 11 13 12.386     153.9
253
 2013 04 20 06 56 38.824     2013 04 20 06 59 31.279     172.5
 2013 04 20 13 29 41.956     2013 04 20 13 32 31.690     169.7
254
 2013 04 20 16 21 39.964     2013 04 20 16 24 15.530     155.6
 2013 04 20 22 59 52.542     2013 04 20 23 00  7.535      15.0
255
 2013 04 20 02 47 58.197     2013 04 20 02 48 40.773      42.6
256
 2013 04 20 01 28 18.055     2013 04 20 01 31 36.000     197.9
 2013 04 20 06 23 38.087     2013 04 20 06 26 13.617     155.5
257
 2013 04 20 02 09 11.330     2013 04 20 02 12 22.488     191.2
 2013 04 20 10 24  3.538     2013 04 20 10 26 39.094     155.6
258
 2013 04 20 12 48 29.430     2013 04 20 12 51  3.905     154.5
259
 2013 04 20 00 33 37.304     2013 04 20 00 36 45.365     188.1
 2013 04 20 08 49 17.785     2013 04 20 08 52 57.397     219.6
260
 2013 04 20 22 34  7.687     2013 04 20 22 36 39.709     152.0
261
 2013 04 20 00 59 57.542     2013 04 20 01 02 36.929     159.4
262
 2013 04 20 05 44 55.598     2013 04 20 05 45  9.712      14.1
 2013 04 20 19 25  4.869     2013 04 20 19 27 45.720     160.9
263
 2013 04 20 20 05 57.997     2013 04 20 20 06   .072       2.1
264
265
 2013 04 20 01 43  6.581     2013 04 20 01 45 56.724     170.1
 2013 04 20 18 44 54.898     2013 04 20 18 48 33.439     218.5
266
 2013 04 20 03 21 48.094     2013 04 20 03 22  4.386      16.3
267
 2013 04 20 11 36 10.794     2013 04 20 11 38 56.855     166.1
 2013 04 20 19 52 14.031     2013 04 20 19 54 49.805     155.8
268
 2013 04 20 00 07  1.356     2013 04 20 00 09 49.456     168.1
 2013 04 20 17 10 38.444     2013 04 20 17 13 26.066     167.6
 2013 04 20 23 43 55.296     2013 04 20 23 46 37.873     162.6
269
 2013 04 20 03 21  9.184     2013 04 20 03 21 29.078      19.9
270
 2013 04 20 07 35  5.316     2013 04 20 07 37 42.380     157.1
 2013 04 20 17 34 54.674     2013 04 20 17 37 25.718     151.0
271
 2013 04 20 01 21  3.670     2013 04 20 01 23 57.488     173.8
 2013 04 20 09 36 52.891     2013 04 20 09 40 21.216     208.3
272
 2013 04 20 14 29 24.864     2013 04 20 14 31 56.649     151.8
273
274
 2013 04 20 11 33  9.081     2013 04 20 11 35 42.159     153.1
275
 2013 04 20 02 48 58.191     2013 04 20 02 52 24.593     206.4
276
 2013 04 20 16 11 43.538     2013 04 20 16 14 36.653     173.1
277
 2013 04 20 04 30 56.008     2013 04 20 04 33 30.956     154.9
 2013 04 20 12 46 43.644     2013 04 20 12 49 18.712     155.1
278
 2013 04 20 17 27 40.926     2013 04 20 17 30 50.504     189.6
279
280
 2013 04 20 12 17  2.396     2013 04 20 12 18 18.016      75.6
281
 2013 04 20 03 34 52.746     2013 04 20 03 37 34.690     161.9
282
283
284
 2013 04 20 05 05 23.711     2013 04 20 05 08 25.135     181.4
 2013 04 20 16 55 50.203     2013 04 20 16 58 29.316     159.1
285
 2013 04 20 09 54 26.949     2013 04 20 09 57 38.460     191.5
286
 2013 04 20 21 33 50.255     2013 04 20 21 36 28.707     158.5
287
 2013 04 20 05 01 45.800     2013 04 20 05 04 16.093     150.3
288
 2013 04 20 19 24 58.199     2013 04 20 19 27 31.711     153.5
289
 2013 04 20 10 39 17.414     2013 04 20 10 42  7.276     169.9
290
 2013 04 20 14 19 26.809     2013 04 20 14 22   .499     153.7
291
 2013 04 20 13 12 27.233     2013 04 20 13 12 39.641      12.4
 2013 04 20 19 48 57.978     2013 04 20 19 52 38.818     220.8
292
 2013 04 20 11 36 57.502     2013 04 20 11 37 51.155      53.7
 2013 04 20 19 49 46.263     2013 04 20 19 53 16.169     209.9
293
 2013 04 20 18 28 25.581     2013 04 20 18 28 32.462       6.9
294
 2013 04 20 03 49 11.371     2013 04 20 03 52  2.618     171.2
 2013 04 20 08 44 12.360     2013 04 20 08 47 27.103     194.7
295
 2013 04 20 08 13 24.878     2013 04 20 08 13 40.727      15.8
 2013 04 20 20 05 35.463     2013 04 20 20 08 14.438     159.0
296
 2013 04 20 09 03 12.758     2013 04 20 09 06 20.812     188.1
 2013 04 20 20 50 48.958     2013 04 20 20 54 14.263     205.3
297
 2013 04 20 02 38  2.986     2013 04 20 02 41 15.321     192.3
 2013 04 20 16 13 19.318     2013 04 20 16 15 49.929     150.6
298
 2013 04 20 16 50  9.067     2013 04 20 16 53 45.166     216.1
299
 2013 04 20 12 26  3.765     2013 04 20 12 29 20.000     196.2
 2013 04 20 19 01 36.594     2013 04 20 19 04 37.395     180.8
300
301
 2013 04 20 18 19 17.898     2013 04 20 18 22 18.909     181.0
302
303
 2013 04 20 02 34 48.688     2013 04 20 02 37 24.377     155.7
304
305
306
 2013 04 20 04 26 57.965     2013 04 20 04 30 14.852     196.9
 2013 04 20 14 25 52.303     2013 04 20 14 26  5.677      13.4
307
 2013 04 20 00 40 59.397     2013 04 20 00 41 58.577      59.2
 2013 04 20 05 36 50.975     2013 04 20 05 39 27.016     156.0
 2013 04 20 22 40  3.356     2013 04 20 22 41 23.830      80.5
308
 2013 04 20 12 44 48.774     2013 04 20 12 47 29.091     160.3
309
 2013 04 20 03 23 24.720     2013 04 20 03 24  6.732      42.0
 2013 04 20 18 39 32.241     2013 04 20 18 42 19.349     167.1
310
 2013 04 20 17 31 21.399     2013 04 20 17 34 57.815     216.4
311
 2013 04 20 07 25 10.100     2013 04 20 07 28  3.511     173.4
312
 2013 04 20 09 39 11.149     2013 04 20 09 42 47.920     216.8
313
 2013 04 20 02 49 38.690     2013 04 20 02 50  5.382      26.7
 2013 04 20 14 30 25.029     2013 04 20 14 33 31.932     186.9
314
 2013 04 20 06 46 11.225     2013 04 20 06 49  3.610     172.4
 2013 04 20 16 51  2.915     2013 04 20 16 51 14.226      11.3
315
 2013 04 20 12 01 10.355     2013 04 20 12 03 59.479     169.1
316
 2013 04 20 01 28  2.047     2013 04 20 01 28 54.841      52.8
 2013 04 20 06 24  1.642     2013 04 20 06 26 39.835     158.2
 2013 04 20 23 27  3.835     2013 04 20 23 27 35.566      31.7
317
 2013 04 20 19 08 52.866     2013 04 20 19 09 41.441      48.6
318
 2013 04 20 08 27 20.479     2013 04 20 08 30 46.272     205.8
 2013 04 20 16 41 38.828     2013 04 20 16 44 18.072     159.2
319
 2013 04 20 16 04 10.229     2013 04 20 16 07 11.301     181.1
320
 2013 04 20 09 44 15.410     2013 04 20 09 46 59.630     164.2
 2013 04 20 23 18 44.323     2013 04 20 23 20 22.534      98.2
321
 2013 04 20 03 36 28.254     2013 04 20 03 38 59.020     150.8
322
 2013 04 20 01 50 11.102     2013 04 20 01 52 50.331     159.2
 2013 04 20 15 27 37.976     2013 04 20 15 30 16.664     158.7
323
324
 2013 04 20 06 01  8.343     2013 04 20 06 03 44.660     156.3
 2013 04 20 16 00 29.822     2013 04 20 16 03 21.139     171.3
325
 2013 04 20 03 21 17.080     2013 04 20 03 22  3.551      46.5
 2013 04 20 18 43 12.355     2013 04 20 18 43 24.085      11.7
326
 2013 04 20 05 18 19.753     2013 04 20 05 21  5.961     166.2
 2013 04 20 13 34 22.208     2013 04 20 13 36 58.311     156.1
327
 2013 04 20 21 42 54.053     2013 04 20 21 45 58.985     184.9
328
 2013 04 20 02 32 32.336     2013 04 20 02 35 45.223     192.9
 2013 04 20 17 53  2.586     2013 04 20 17 55 35.637     153.1
329
 2013 04 20 08 16  6.085     2013 04 20 08 18 40.142     154.1
 2013 04 20 20 02 59.308     2013 04 20 20 05 40.735     161.4
330
 2013 04 20 10 39 36.509     2013 04 20 10 42 11.233     154.7
331
 2013 04 20 17 37 41.439     2013 04 20 17 40 24.215     162.8
332
 2013 04 20 01 45 17.975     2013 04 20 01 48  8.117     170.1
 2013 04 20 17 06  7.356     2013 04 20 17 08 46.280     158.9
333
 2013 04 20 22 38 15.306     2013 04 20 22 41 55.820     220.5
334
 2013 04 20 02 33 14.099     2013 04 20 02 36 22.922     188.8
 2013 04 20 17 54 18.767     2013 04 20 17 57 27.362     188.6
335
 2013 04 20 02 50 24.940     2013 04 20 02 53  1.150     156.2
 2013 04 20 12 52  6.744     2013 04 20 12 55 20.743     194.0
336
 2013 04 20 07 26 28.205     2013 04 20 07 29 13.379     165.2
337
 2013 04 20 12 06 28.013     2013 04 20 12 09 22.022     174.0
338
339
 2013 04 20 19 13  3.753     2013 04 20 19 16 29.182     205.4
340
341
342
 2013 04 20 09 00 50.473     2013 04 20 09 04 28.408     217.9
343
 2013 04 20 00 07 22.318     2013 04 20 00 10 22.923     180.6
 2013 04 20 17 09 34.346     2013 04 20 17 12 10.601     156.3
 2013 04 20 23 44  7.763     2013 04 20 23 47 17.828     190.1
344
 2013 04 20 00 25 36.311     2013 04 20 00 28  6.289     150.0
345
 2013 04 20 09 10 33.850     2013 04 20 09 13 15.399     161.5
 2013 04 20 19 09  1.143     2013 04 20 19 12 34.916     213.8
346
 2013 04 20 16 00 12.214     2013 04 20 16 01  7.767      55.6
347
 2013 04 20 01 05 19.077     2013 04 20 01 08 18.649     179.6
 2013 04 20 14 37 34.276     2013 04 20 14 37 51.664      17.4
348
 2013 04 20 03 23 17.422     2013 04 20 03 25 49.179     151.8
349
 2013 04 20 09 38 55.615     2013 04 20 09 42  6.459     190.8
350
 2013 04 20 04 32 47.259     2013 04 20 04 36 29.303     222.0
 2013 04 20 11 06 47.585     2013 04 20 11 10 26.806     219.2
351
 2013 04 20 00 11 42.800     2013 04 20 00 14 15.179     152.4
 2013 04 20 15 31 58.623     2013 04 20 15 34 48.778     170.2
352
 2013 04 20 20 06 18.255     2013 04 20 20 09 13.181     174.9
353
354
 2013 04 20 12 51 16.937     2013 04 20 12 52 17.333      60.4
355
 2013 04 20 06 28 57.009     2013 04 20 06 31 40.815     163.8
 2013 04 20 21 50 32.325     2013 04 20 21 53  7.990     155.7
356
357
 2013 04 20 01 53 23.560     2013 04 20 01 56  1.540     158.0
358
 2013 04 20 08 10 47.344     2013 04 20 08 11  3.639      16.3
 2013 04 20 21 46  5.049     2013 04 20 21 47  8.750      63.7
359
 2013 04 20 16 50 32.337     2013 04 20 16 53  9.997     157.7
360
361
 2013 04 20 01 46 32.734     2013 04 20 01 49 18.037     165.3
 2013 04 20 17 05 40.180     2013 04 20 17 08 55.159     195.0
362
 2013 04 20 07 25 16.469     2013 04 20 07 28 31.275     194.8
363
 2013 04 20 00 37  2.448     2013 04 20 00 40  8.186     185.7
 2013 04 20 07 12 28.735     2013 04 20 07 13 26.576      57.8
364
 2013 04 20 23 22 39.537     2013 04 20 23 26  8.762     209.2
365
366
 2013 04 20 13 41 33.128     2013 04 20 13 45   .811     207.7
367
 2013 04 20 20 06  7.745     2013 04 20 20 09 51.274     223.5
368
 2013 04 20 03 46 38.420     2013 04 20 03 49 48.831     190.4
 2013 04 20 10 20 26.472     2013 04 20 10 23  9.842     163.4
369
 2013 04 20 06 02 25.890     2013 04 20 06 05 25.597     179.7
370
 2013 04 20 07 28 33.308     2013 04 20 07 31 35.182     181.9
 2013 04 20 19 15 27.085     2013 04 20 19 17 57.502     150.4
371
 2013 04 20 05 19 17.292     2013 04 20 05 19 19.217       1.9
372
373
 2013 04 20 21 47 55.994     2013 04 20 21 50 49.776     173.8
374
375
 2013 04 20 13 09 14.081     2013 04 20 13 12  5.409     171.3
 2013 04 20 21 28 19.879     2013 04 20 21 29  8.314      48.4
376
 2013 04 20 08 59  5.969     2013 04 20 09 02  6.721     180.8
377
 2013 04 20 23 12 49.014     2013 04 20 23 12 54.890       5.9
378
 2013 04 20 00 52  9.430     2013 04 20 00 54 51.914     162.5
 2013 04 20 19 34 17.414     2013 04 20 19 36 55.195     157.8
379
380
 2013 04 20 21 33 55.188     2013 04 20 21 37 34.828     219.6
381
 2013 04 20 19 06 32.923     2013 04 20 19 09 27.515     174.6
382
 2013 04 20 03 15 47.673     2013 04 20 03 19 23.274     215.6
 2013 04 20 20 18  3.899     2013 04 20 20 20 39.445     155.5
383
 2013 04 20 04 25 44.522     2013 04 20 04 29  3.293     198.8
 2013 04 20 14 25 15.586     2013 04 20 14 27 53.634     158.0
384
385
 2013 04 20 13 49 47.923     2013 04 20 13 53  3.414     195.5
386
387
 2013 04 20 10 04 29.112     2013 04 20 10 08  9.112     220.0
 2013 04 20 16 40 20.489     2013 04 20 16 43  4.820     164.3
388
 2013 04 20 00 23 52.391     2013 04 20 00 23 53.660       1.3
389
 2013 04 20 11 23 45.859     2013 04 20 11 26 18.907     153.0
 2013 04 20 23 13  2.375     2013 04 20 23 15 43.393     161.0
390
 2013 04 20 02 12 11.094     2013 04 20 02 14 53.519     162.4
 2013 04 20 08 46 16.328     2013 04 20 08 49 14.521     178.2
391
 2013 04 20 02 31 50.707     2013 04 20 02 34 28.339     157.6
 2013 04 20 17 54   .173     2013 04 20 17 57 10.216     190.0
392
 2013 04 20 05 39 28.405     2013 04 20 05 43 10.980     222.6
393
 2013 04 20 02 56  4.060     2013 04 20 02 59 23.370     199.3
 2013 04 20 11 13 13.714     2013 04 20 11 15 46.202     152.5
394
395
 2013 04 20 10 48 42.058     2013 04 20 10 51 24.245     162.2
 2013 04 20 19 04 57.726     2013 04 20 19 07 32.031     154.3
396
 2013 04 20 02 40  6.782     2013 04 20 02 43 27.363     200.6
397
 2013 04 20 13 11 55.058     2013 04 20 13 12 51.267      56.2
398
 2013 04 20 06 57 35.586     2013 04 20 07 00 18.471     162.9
 2013 04 20 11 52 21.709     2013 04 20 11 52 44.348      22.6
 2013 04 20 13 30 19.029     2013 04 20 13 34  6.006     227.0
399
 2013 04 20 01 13 27.503     2013 04 20 01 17  6.418     218.9
400
401
 2013 04 20 04 10 30.373     2013 04 20 04 13 22.278     171.9
402
 2013 04 20 09 57 45.441     2013 04 20 10 00 21.171     155.7
 2013 04 20 19 55 50.469     2013 04 20 19 58 58.717     188.2
403
 2013 04 20 00 41 26.274     2013 04 20 00 44 59.649     213.4
 2013 04 20 05 36 44.322     2013 04 20 05 39 24.116     159.8
 2013 04 20 22 43 43.530     2013 04 20 22 44 16.934      33.4
404
405
406
407
408
 2013 04 20 00 57  3.322     2013 04 20 00 59 38.546     155.2
 2013 04 20 16 19  6.844     2013 04 20 16 22 49.637     222.8
409
 2013 04 20 10 41 36.462     2013 04 20 10 44 27.475     171.0
410
 2013 04 20 01 48 33.182     2013 04 20 01 51 19.142     166.0
411
 2013 04 20 20 07 41.017     2013 04 20 20 10 19.244     158.2
412
 2013 04 20 01 54 29.990     2013 04 20 01 57  3.591     153.6
413
 2013 04 20 02 53 32.010     2013 04 20 02 56 14.443     162.4
414
 2013 04 20 08 52 24.465     2013 04 20 08 55 29.486     185.0
415
 2013 04 20 16 51  6.448     2013 04 20 16 54 46.132     219.7
416
 2013 04 20 12 25 36.245     2013 04 20 12 29  8.081     211.8
 2013 04 20 19 01 30.708     2013 04 20 19 04 59.835     209.1
417
 2013 04 20 08 31 42.128     2013 04 20 08 34 25.438     163.3
 2013 04 20 15 05   .577     2013 04 20 15 08 15.889     195.3
418
 2013 04 20 03 38 23.708     2013 04 20 03 41 19.329     175.6
 2013 04 20 13 38 18.386     2013 04 20 13 41  5.534     167.1
419
420
421
 2013 04 20 06 09 50.606     2013 04 20 06 12 54.955     184.3
 2013 04 20 12 43 43.306     2013 04 20 12 46 52.292     189.0
422
 2013 04 20 05 17 32.151     2013 04 20 05 17 46.523      14.4
 2013 04 20 13 32 31.807     2013 04 20 13 35 16.359     164.6
423
 2013 04 20 03 23 52.057     2013 04 20 03 26 43.418     171.4
 2013 04 20 17 02 22.405     2013 04 20 17 05 28.364     186.0
424
425
 2013 04 20 13 48 54.142     2013 04 20 13 51 27.551     153.4
426
 2013 04 20 10 35 11.541     2013 04 20 10 38  2.895     171.4
427
428
 2013 04 20 15 34 26.115     2013 04 20 15 37  2.079     156.0
429
 2013 04 20 12 16 58.023     2013 04 20 12 20  7.331     189.3
 2013 04 20 22 20 24.096     2013 04 20 22 21 25.159      61.1
430
 2013 04 20 02 58 43.657     2013 04 20 02 59 36.459      52.8
 2013 04 20 09 35  5.670     2013 04 20 09 38 24.866     199.2
431
 2013 04 20 01 39 14.336     2013 04 20 01 43  1.279     226.9
 2013 04 20 20 20 33.094     2013 04 20 20 23 53.915     200.8
432
433
 2013 04 20 08 58 51.798     2013 04 20 08 59 21.529      29.7
 2013 04 20 22 30 39.013     2013 04 20 22 33 19.045     160.0
434
 2013 04 20 04 46 49.600     2013 04 20 04 50 18.610     209.0
 2013 04 20 06 24 27.048     2013 04 20 06 28 15.238     228.2
 2013 04 20 23 29 15.308     2013 04 20 23 32  4.544     169.2
435
 2013 04 20 15 22 31.943     2013 04 20 15 25 40.269     188.3
436
 2013 04 20 02 57 39.768     2013 04 20 02 58 14.397      34.6
437
 2013 04 20 16 48  8.046     2013 04 20 16 48 12.446       4.4
438
 2013 04 20 03 19 30.956     2013 04 20 03 19 33.697       2.7
 2013 04 20 18 42 30.018     2013 04 20 18 45 18.484     168.5
439
 2013 04 20 13 04 45.513     2013 04 20 13 07 24.096     158.6
 2013 04 20 23 06 20.292     2013 04 20 23 09 10.567     170.3
440
 2013 04 20 04 33 22.043     2013 04 20 04 33 53.001      31.0
 2013 04 20 12 45  5.512     2013 04 20 12 48 12.576     187.1
441
 2013 04 20 16 55 57.923     2013 04 20 16 58 55.874     178.0
442
 2013 04 20 23 07 44.421     2013 04 20 23 10 38.654     174.2
443
 2013 04 20 22 38 47.864     2013 04 20 22 41 38.448     170.6
444
 2013 04 20 19 05 45.529     2013 04 20 19 06 28.458      42.9
445
446
 2013 04 20 17 46 30.901     2013 04 20 17 49  1.336     150.4
447
 2013 04 20 06 33 32.051     2013 04 20 06 37  7.920     215.9
 2013 04 20 20 11 34.914     2013 04 20 20 14 17.192     162.3
448
 2013 04 20 06 34 39.945     2013 04 20 06 37 15.291     155.3
 2013 04 20 20 09 55.961     2013 04 20 20 12 35.540     159.6
449
 2013 04 20 08 10 38.530     2013 04 20 08 13 11.745     153.2
450
 2013 04 20 01 06 58.270     2013 04 20 01 10 28.756     210.5
451
 2013 04 20 05 38 20.654     2013 04 20 05 41 16.905     176.3
 2013 04 20 22 41 31.093     2013 04 20 22 44 10.180     159.1
452
 2013 04 20 14 33 34.036     2013 04 20 14 33 41.132       7.1
453
 2013 04 20 08 19 47.862     2013 04 20 08 22 34.015     166.2
454
 2013 04 20 02 50 25.931     2013 04 20 02 53 16.824     170.9
 2013 04 20 12 52 33.865     2013 04 20 12 55 27.864     174.0
455
 2013 04 20 11 26 19.620     2013 04 20 11 28 49.564     149.9
456
 2013 04 20 21 04 32.338     2013 04 20 21 07 29.768     177.4
457
 2013 04 20 11 33 26.379     2013 04 20 11 36 31.751     185.4
458
 2013 04 20 01 46 58.321     2013 04 20 01 49 42.245     163.9
 2013 04 20 17 06  5.399     2013 04 20 17 06 15.841      10.4
459
 2013 04 20 20 47 57.619     2013 04 20 20 50 44.091     166.5
460
 2013 04 20 00 31 39.633     2013 04 20 00 34 16.470     156.8
461
462
 2013 04 20 17 31 58.051     2013 04 20 17 35 36.392     218.3
463
 2013 04 20 17 38  8.299     2013 04 20 17 40 40.995     152.7
464
 2013 04 20 00 52 53.045     2013 04 20 00 56 13.765     200.7
 2013 04 20 17 58 54.026     2013 04 20 17 59 38.025      44.0
 2013 04 20 19 33 26.929     2013 04 20 19 33 29.373       2.4
465
 2013 04 20 06 54 36.088     2013 04 20 06 57 42.858     186.8
 2013 04 20 13 28 38.759     2013 04 20 13 28 41.471       2.7
466
 2013 04 20 04 21 15.964     2013 04 20 04 24 21.528     185.6
 2013 04 20 16 04 54.478     2013 04 20 16 05 21.325      26.8
467
 2013 04 20 00 28 28.808     2013 04 20 00 31 44.033     195.2
 2013 04 20 10 28 54.843     2013 04 20 10 28 59.257       4.4
468
 2013 04 20 05 01 11.634     2013 04 20 05 04 13.129     181.5
469
 2013 04 20 11 09 38.797     2013 04 20 11 13  8.664     209.9
470
 2013 04 20 17 38 55.333     2013 04 20 17 41 32.838     157.5
471
 2013 04 20 00 59 13.103     2013 04 20 01 01 48.332     155.2
 2013 04 20 16 18 54.393     2013 04 20 16 22  1.981     187.6
472
473
 2013 04 20 08 08 24.830     2013 04 20 08 11  7.228     162.4
 2013 04 20 21 44 30.844     2013 04 20 21 47  9.713     158.9
474
 2013 04 20 09 15 23.427     2013 04 20 09 18 52.197     208.8
 2013 04 20 17 30 10.806     2013 04 20 17 30 30.841      20.0
475
476
 2013 04 20 13 59 42.618     2013 04 20 14 03 21.186     218.6
 2013 04 20 20 39  9.114     2013 04 20 20 39 45.134      36.0
477
 2013 04 20 15 22 59.166     2013 04 20 15 26  5.768     186.6
478
 2013 04 20 21 03 34.378     2013 04 20 21 04 16.070      41.7
479
 2013 04 20 03 00 24.690     2013 04 20 03 00 42.876      18.2
 2013 04 20 09 35 31.422     2013 04 20 09 38 35.430     184.0
480
 2013 04 20 07 29 18.871     2013 04 20 07 31 58.254     159.4
 2013 04 20 19 15 42.511     2013 04 20 19 19  9.868     207.4
481
482
 2013 04 20 21 29 26.828     2013 04 20 21 32 47.562     200.7
483
 2013 04 20 01 27 54.606     2013 04 20 01 29 14.008      79.4
 2013 04 20 06 23 53.224     2013 04 20 06 26 35.849     162.6
 2013 04 20 23 30 23.846     2013 04 20 23 30 54.528      30.7
484
 2013 04 20 06 53   .722     2013 04 20 06 56 17.187     196.5
 2013 04 20 15 07 15.439     2013 04 20 15 09 57.255     161.8
485
 2013 04 20 00 07 32.434     2013 04 20 00 11  4.187     211.8
 2013 04 20 17 11 22.603     2013 04 20 17 14  4.491     161.9
 2013 04 20 23 44 29.713     2013 04 20 23 47 50.022     200.3
486
487
 2013 04 20 12 25 59.172     2013 04 20 12 29  5.996     186.8
 2013 04 20 18 59 57.385     2013 04 20 19 02 54.409     177.0
488
 2013 04 20 03 21 42.876     2013 04 20 03 24 15.806     152.9
489
 2013 04 20 00 10 37.672     2013 04 20 00 10 46.151       8.5
 2013 04 20 15 33 31.967     2013 04 20 15 36 21.804     169.8
490
 2013 04 20 12 14 42.394     2013 04 20 12 18 18.558     216.2
491
 2013 04 20 02 15  6.043     2013 04 20 02 17 53.840     167.8
 2013 04 20 07 10  2.212     2013 04 20 07 12 53.225     171.0
492
 2013 04 20 13 13 56.887     2013 04 20 13 17 29.300     212.4
 2013 04 20 14 51 41.321     2013 04 20 14 55 25.884     224.6
 2013 04 20 19 47  4.834     2013 04 20 19 49 47.286     162.5
493
 2013 04 20 05 21 28.806     2013 04 20 05 24  2.993     154.2
 2013 04 20 11 55 50.088     2013 04 20 11 58 35.569     165.5
494
 2013 04 20 14 43 15.969     2013 04 20 14 46 27.891     191.9
495
 2013 04 20 06 39  1.830     2013 04 20 06 41 32.577     150.7
 2013 04 20 18 33 39.532     2013 04 20 18 33 40.334        .8
496
 2013 04 20 05 13 25.145     2013 04 20 05 16 43.093     197.9
 2013 04 20 15 13 54.173     2013 04 20 15 17  2.138     188.0
497
 2013 04 20 09 01 51.703     2013 04 20 09 05 32.896     221.2
 2013 04 20 20 49 37.215     2013 04 20 20 52 40.291     183.1
498
 2013 04 20 07 15 19.997     2013 04 20 07 19  3.780     223.8
 2013 04 20 22 36  2.664     2013 04 20 22 38 49.129     166.5
499
 2013 04 20 11 23 46.606     2013 04 20 11 27  1.960     195.4
 2013 04 20 23 13 33.804     2013 04 20 23 16 10.780     157.0
500
 2013 04 20 17 50 11.655     2013 04 20 17 51 27.955      76.3
501
 2013 04 20 02 42 15.976     2013 04 20 02 45 40.235     204.3
 2013 04 20 14 34 29.132     2013 04 20 14 38  7.262     218.1
502
 2013 04 20 02 46 32.818     2013 04 20 02 49  7.985     155.2
 2013 04 20 14 31 32.599     2013 04 20 14 31 35.478       2.9
503
504
 2013 04 20 14 43  7.925     2013 04 20 14 46 31.431     203.5
 2013 04 20 23 04 24.940     2013 04 20 23 05 17.407      52.5
505
 2013 04 20 13 04 58.575     2013 04 20 13 07 41.974     163.4
 2013 04 20 23 06 25.911     2013 04 20 23 09  4.268     158.4
506
 2013 04 20 02 38  8.578     2013 04 20 02 41 26.682     198.1
 2013 04 20 16 14 42.407     2013 04 20 16 17 50.369     188.0
507
 2013 04 20 00 31 46.823     2013 04 20 00 34 47.873     181.1
508
 2013 04 20 20 00 35.407     2013 04 20 20 03 32.611     177.2
509
 2013 04 20 13 13 36.499     2013 04 20 13 16 57.641     201.1
 2013 04 20 19 47 12.148     2013 04 20 19 49 48.304     156.2
510
511
 2013 04 20 00 55 17.602     2013 04 20 00 57 54.443     156.8
 2013 04 20 17 57 15.947     2013 04 20 18 00  7.576     171.6
512
 2013 04 20 08 24 41.483     2013 04 20 08 27 44.566     183.1
513
 2013 04 20 13 43 40.732     2013 04 20 13 46 36.676     175.9
514
 2013 04 20 09 06 40.237     2013 04 20 09 09 49.807     189.6
515
 2013 04 20 20 40 58.443     2013 04 20 20 43 47.996     169.6
516
 2013 04 20 11 41  1.931     2013 04 20 11 43 52.035     170.1
 2013 04 20 16 35 57.566     2013 04 20 16 36 38.018      40.5
 2013 04 20 18 13 48.392     2013 04 20 18 14 59.221      70.8
517
 2013 04 20 02 34  8.136     2013 04 20 02 34 17.428       9.3
518
 2013 04 20 11 35 48.855     2013 04 20 11 38 28.842     160.0
 2013 04 20 19 51 22.029     2013 04 20 19 54  6.289     164.3
519
 2013 04 20 06 25 38.791     2013 04 20 06 28 18.679     159.9
 2013 04 20 23 28 28.733     2013 04 20 23 31  7.514     158.8
520
 2013 04 20 15 16 40.557     2013 04 20 15 19 57.915     197.4
521
 2013 04 20 00 32 10.180     2013 04 20 00 32 13.241       3.1
 2013 04 20 10 32 10.390     2013 04 20 10 32 23.053      12.7
522
523
 2013 04 20 06 03 38.914     2013 04 20 06 06 18.739     159.8
524
 2013 04 20 16 52 19.326     2013 04 20 16 54 57.077     157.8
525
526
 2013 04 20 09 00 14.458     2013 04 20 09 03 11.063     176.6
527
 2013 04 20 10 34   .922     2013 04 20 10 37 23.078     202.2
528
 2013 04 20 13 01 15.415     2013 04 20 13 04 40.511     205.1
529
 2013 04 20 10 41 47.189     2013 04 20 10 45  6.891     199.7
530
 2013 04 20 20 37 25.594     2013 04 20 20 39 59.853     154.3
531
 2013 04 20 04 52 53.439     2013 04 20 04 54  1.203      67.8
 2013 04 20 20 13 57.729     2013 04 20 20 17 43.375     225.6
532
 2013 04 20 09 00 26.743     2013 04 20 09 03  3.773     157.0
533
 2013 04 20 04 16  6.402     2013 04 20 04 18 43.087     156.7
534
 2013 04 20 06 56 56.463     2013 04 20 06 59 31.664     155.2
 2013 04 20 13 30  7.106     2013 04 20 13 33  1.957     174.9
535
 2013 04 20 19 54 30.819     2013 04 20 19 57  4.968     154.1
536
 2013 04 20 21 39  7.120     2013 04 20 21 42 41.755     214.6
537
538
 2013 04 20 00 05 37.309     2013 04 20 00 08 12.054     154.7
 2013 04 20 18 47 33.070     2013 04 20 18 50 28.843     175.8
 2013 04 20 23 42 28.174     2013 04 20 23 45  2.987     154.8
539
540
 2013 04 20 09 45 25.715     2013 04 20 09 47 59.133     153.4
541
 2013 04 20 11 31 36.429     2013 04 20 11 31 52.155      15.7
542
 2013 04 20 09 49 47.930     2013 04 20 09 53  3.036     195.1
 2013 04 20 21 38 41.975     2013 04 20 21 41 37.567     175.6
543
 2013 04 20 11 38 50.336     2013 04 20 11 42 16.229     205.9
 2013 04 20 18 14 32.244     2013 04 20 18 17 27.656     175.4
544
 2013 04 20 07 30 12.246     2013 04 20 07 33 42.608     210.4
 2013 04 20 19 13 25.952     2013 04 20 19 13 45.691      19.7
545
 2013 04 20 00 24 21.285     2013 04 20 00 27 48.409     207.1
 2013 04 20 12 09 10.371     2013 04 20 12 12 17.454     187.1
546
 2013 04 20 01 59 21.775     2013 04 20 02 02 28.822     187.0
547
 2013 04 20 00 32   .733     2013 04 20 00 34 37.411     156.7
548
 2013 04 20 06 43 44.696     2013 04 20 06 46 28.857     164.2
549
550
 2013 04 20 12 00 41.909     2013 04 20 12 00 53.800      11.9
551
 2013 04 20 09 42  4.021     2013 04 20 09 45 36.613     212.6
 2013 04 20 23 18 10.744     2013 04 20 23 21 26.851     196.1
552
 2013 04 20 10 40 26.222     2013 04 20 10 42 59.710     153.5
553
 2013 04 20 11 13 51.219     2013 04 20 11 17 17.313     206.1
554
555
 2013 04 20 06 53 23.328     2013 04 20 06 56 16.581     173.3
 2013 04 20 15 08 34.707     2013 04 20 15 11 42.381     187.7
556
 2013 04 20 21 04 48.038     2013 04 20 21 07 24.223     156.2
557
 2013 04 20 07 35 29.444     2013 04 20 07 38 38.867     189.4
 2013 04 20 17 34   .504     2013 04 20 17 36 38.133     157.6
558
 2013 04 20 04 49 38.732     2013 04 20 04 50  4.896      26.2
 2013 04 20 21 52 11.210     2013 04 20 21 54 59.797     168.6
559
560
 2013 04 20 10 35 13.372     2013 04 20 10 38  3.306     169.9
 2013 04 20 22 26 14.595     2013 04 20 22 29 48.561     214.0
561
562
 2013 04 20 08 28 40.506     2013 04 20 08 28 44.094       3.6
563
 2013 04 20 09 07 55.824     2013 04 20 09 11 37.122     221.3
 2013 04 20 19 11  9.275     2013 04 20 19 13 46.838     157.6
564
565
 2013 04 20 12 25 26.091     2013 04 20 12 28 34.273     188.2
 2013 04 20 19 04 28.862     2013 04 20 19 04 56.812      28.0
566
 2013 04 20 00 39 32.419     2013 04 20 00 42 24.669     172.2
 2013 04 20 07 12 43.491     2013 04 20 07 16 17.737     214.2
567
 2013 04 20 11 29 44.656     2013 04 20 11 32 54.804     190.1
 2013 04 20 21 32 48.770     2013 04 20 21 34  7.414      78.6
568
 2013 04 20 07 37 34.170     2013 04 20 07 40 12.509     158.3
569
 2013 04 20 04 17 46.545     2013 04 20 04 21 22.307     215.8
 2013 04 20 16 09 23.848     2013 04 20 16 10  6.845      43.0
570
571
572
 2013 04 20 07 36 19.617     2013 04 20 07 38 55.945     156.3
 2013 04 20 17 34 14.385     2013 04 20 17 36 43.508     149.1
573
 2013 04 20 07 21 50.852     2013 04 20 07 24 26.003     155.2
 2013 04 20 20 57 18.393     2013 04 20 20 59 56.024     157.6
574
 2013 04 20 23 09   .631     2013 04 20 23 11 46.521     165.9
575
 2013 04 20 20 36 31.990     2013 04 20 20 39 55.530     203.5
576
 2013 04 20 06 07  1.028     2013 04 20 06 07 30.310      29.3
577
 2013 04 20 04 04  4.879     2013 04 20 04 07 43.282     218.4
 2013 04 20 21 07 24.994     2013 04 20 21 10 30.856     185.9
578
 2013 04 20 04 55 29.042     2013 04 20 04 58 32.326     183.3
 2013 04 20 20 15 32.902     2013 04 20 20 17 20.433     107.5
579
 2013 04 20 04 29 57.732     2013 04 20 04 32 34.214     156.5
 2013 04 20 12 46 36.340     2013 04 20 12 50  7.184     210.8
580
 2013 04 20 09 47 48.065     2013 04 20 09 48 55.895      67.8
581
 2013 04 20 10 34 41.700     2013 04 20 10 37 16.836     155.1
582
 2013 04 20 10 53 34.945     2013 04 20 10 56 13.857     158.9
 2013 04 20 17 26 30.279     2013 04 20 17 29 55.362     205.1
583
 2013 04 20 01 17 20.260     2013 04 20 01 20  8.445     168.2
 2013 04 20 11 17 35.290     2013 04 20 11 20 18.569     163.3
584
 2013 04 20 05 12 13.748     2013 04 20 05 15 41.371     207.6
 2013 04 20 15 14 44.678     2013 04 20 15 17 18.626     153.9
585
 2013 04 20 03 17 33.741     2013 04 20 03 20 39.308     185.6
 2013 04 20 20 17 49.629     2013 04 20 20 18 16.554      26.9
586
 2013 04 20 06 01 31.371     2013 04 20 06 04 41.078     189.7
 2013 04 20 15 59  8.170     2013 04 20 16 02 10.052     181.9
587
588
589
 2013 04 20 04 52  7.642     2013 04 20 04 54 49.187     161.5
 2013 04 20 21 53 38.775     2013 04 20 21 57 20.590     221.8
590
 2013 04 20 06 38  4.555     2013 04 20 06 40 38.817     154.3
591
 2013 04 20 05 22 54.421     2013 04 20 05 25 36.719     162.3
 2013 04 20 11 55 58.665     2013 04 20 11 59 24.983     206.3
592
 2013 04 20 07 41 23.558     2013 04 20 07 44 38.811     195.3
 2013 04 20 15 53 41.336     2013 04 20 15 54  2.507      21.2
593
 2013 04 20 14 01 35.072     2013 04 20 14 04 32.456     177.4
 2013 04 20 20 36  8.269     2013 04 20 20 38 44.428     156.2
594
 2013 04 20 06 54 50.893     2013 04 20 06 57 24.176     153.3
595
 2013 04 20 02 48 58.551     2013 04 20 02 52 22.942     204.4
596
 2013 04 20 10 35 36.845     2013 04 20 10 38 13.119     156.3
 2013 04 20 22 25 51.167     2013 04 20 22 29 19.268     208.1
597
 2013 04 20 00 28  8.389     2013 04 20 00 31  2.355     174.0
598
 2013 04 20 13 59 54.258     2013 04 20 14 02 33.427     159.2
599
