0 -13.4559 -11.0310 7 16 5
2  45.0 45.0 0.00
1 29.7197 157.6539 6 27 8
2  45.0 45.0 0.00
2 25.6247 -147.8882 6 21 7
2  45.0 45.0 0.00
3 -38.0302 19.7098 7 25 5
2  45.0 45.0 0.00
4 21.9462 -155.3935 9 18 8
2  45.0 45.0 0.00
5 -10.0375 143.8159 7 27 6
2  45.0 45.0 0.00
6 -14.9900 -42.0285 1 18 8
2  45.0 45.0 0.00
7 11.0853 18.7037 3 21 5
2  45.0 45.0 0.00
8 -8.1047 -113.3186 3 26 5
2  45.0 45.0 0.00
9 -4.9072 -47.3316 9 28 7
2  45.0 45.0 0.00
10 46.7174 172.9856 6 20 9
2  45.0 45.0 0.00
11 -20.7011 -101.6668 10 20 7
2  45.0 45.0 0.00
12 40.3739 -138.9702 2 23 8
2  45.0 45.0 0.00
13 -15.0003 121.6591 2 26 6
2  45.0 45.0 0.00
14 9.4626 -129.6315 1 23 9
2  45.0 45.0 0.00
15 2.3122 -70.1038 4 17 9
2  45.0 45.0 0.00
16 -49.1010 -179.7661 3 18 8
2  45.0 45.0 0.00
17 -12.9246 174.8837 1 18 8
2  45.0 45.0 0.00
18 -11.9795 -113.2247 10 29 9
2  45.0 45.0 0.00
19 -20.1857 31.5622 4 15 9
2  45.0 45.0 0.00
20 12.2709 45.2331 5 23 7
2  45.0 45.0 0.00
21 31.8867 -24.6887 10 21 8
2  45.0 45.0 0.00
22 52.9406 -158.9500 5 21 6
2  45.0 45.0 0.00
23 40.3051 135.9835 2 29 8
2  45.0 45.0 0.00
24 -13.4938 30.7939 8 29 6
2  45.0 45.0 0.00
25 -10.1990 -116.0467 7 23 7
2  45.0 45.0 0.00
26 46.0189 -90.0349 1 18 7
2  45.0 45.0 0.00
27 -9.4196 -31.7317 7 24 8
2  45.0 45.0 0.00
28 47.3448 7.8195 3 24 6
2  45.0 45.0 0.00
29 -18.1775 88.2019 10 25 9
2  45.0 45.0 0.00
30 -7.2253 55.1503 5 21 5
2  45.0 45.0 0.00
31 -49.7962 58.7534 1 18 9
2  45.0 45.0 0.00
32 13.0560 134.6701 6 28 7
2  45.0 45.0 0.00
33 26.4508 123.1086 5 29 8
2  45.0 45.0 0.00
34 -3.3517 -97.6090 8 18 6
2  45.0 45.0 0.00
35 37.2038 161.8503 9 23 7
2  45.0 45.0 0.00
36 16.8304 -18.4089 3 25 5
2  45.0 45.0 0.00
37 -23.2198 117.3708 7 15 7
2  45.0 45.0 0.00
38 26.2807 -111.3505 6 25 5
2  45.0 45.0 0.00
39 -45.3080 55.0112 7 16 9
2  45.0 45.0 0.00
40 -1.4262 102.9490 2 16 5
2  45.0 45.0 0.00
41 -31.4849 -38.2637 10 16 6
2  45.0 45.0 0.00
42 -44.4521 -154.7559 3 26 8
2  45.0 45.0 0.00
43 -34.5236 -118.6354 10 25 9
2  45.0 45.0 0.00
44 44.8916 106.6034 2 23 5
2  45.0 45.0 0.00
45 -23.5652 19.4431 10 17 8
2  45.0 45.0 0.00
46 -31.9940 128.6068 8 25 6
2  45.0 45.0 0.00
47 39.5176 -53.9164 8 23 5
2  45.0 45.0 0.00
48 41.0467 92.9651 5 25 5
2  45.0 45.0 0.00
49 18.8477 -38.0943 5 29 5
2  45.0 45.0 0.00
50 42.6235 151.5766 5 17 8
2  45.0 45.0 0.00
51 20.1850 -94.8464 3 15 5
2  45.0 45.0 0.00
52 15.7902 -99.0271 8 20 7
2  45.0 45.0 0.00
53 -29.3196 -46.9895 1 23 9
2  45.0 45.0 0.00
54 34.3517 33.7068 1 23 7
2  45.0 45.0 0.00
55 -35.4814 -145.5778 4 20 7
2  45.0 45.0 0.00
56 40.6515 24.5956 4 15 6
2  45.0 45.0 0.00
57 -23.6249 60.3035 9 15 9
2  45.0 45.0 0.00
58 14.4446 -68.8868 2 21 7
2  45.0 45.0 0.00
59 17.2047 -38.0590 8 16 5
2  45.0 45.0 0.00
60 -20.3164 118.3983 3 16 5
2  45.0 45.0 0.00
61 -20.3013 -58.7498 7 25 6
2  45.0 45.0 0.00
62 10.0496 135.3054 2 22 9
2  45.0 45.0 0.00
63 -44.4518 -100.3277 9 17 8
2  45.0 45.0 0.00
64 5.9243 -48.5021 8 24 8
2  45.0 45.0 0.00
65 1.6351 -120.7366 5 17 8
2  45.0 45.0 0.00
66 28.7248 175.5767 7 17 6
2  45.0 45.0 0.00
67 -47.2103 -9.5394 10 28 7
2  45.0 45.0 0.00
68 46.6737 159.2503 6 24 9
2  45.0 45.0 0.00
69 27.6047 119.3933 6 23 8
2  45.0 45.0 0.00
70 -6.2544 -87.7588 8 20 7
2  45.0 45.0 0.00
71 46.9647 -99.0492 8 19 8
2  45.0 45.0 0.00
72 -37.7511 -112.2664 2 15 8
2  45.0 45.0 0.00
73 11.3520 65.2353 4 17 9
2  45.0 45.0 0.00
74 11.3570 -61.1422 8 23 5
2  45.0 45.0 0.00
75 12.0340 89.5557 9 26 6
2  45.0 45.0 0.00
76 19.4804 29.6128 7 23 9
2  45.0 45.0 0.00
77 1.5649 43.8375 3 26 7
2  45.0 45.0 0.00
78 34.9542 -121.7968 1 17 7
2  45.0 45.0 0.00
79 26.7299 141.3842 4 28 7
2  45.0 45.0 0.00
80 -44.6035 54.0609 10 25 9
2  45.0 45.0 0.00
81 -41.2514 68.4749 2 17 8
2  45.0 45.0 0.00
82 -32.4045 -8.1162 1 15 5
2  45.0 45.0 0.00
83 6.5296 52.7902 5 16 7
2  45.0 45.0 0.00
84 51.4443 146.5389 9 23 9
2  45.0 45.0 0.00
85 -5.7806 -131.3903 10 16 9
2  45.0 45.0 0.00
86 23.4042 134.4641 1 18 6
2  45.0 45.0 0.00
87 -49.4376 127.3338 6 25 9
2  45.0 45.0 0.00
88 34.4029 -15.9727 1 17 7
2  45.0 45.0 0.00
89 -15.6560 -136.8806 9 17 9
2  45.0 45.0 0.00
90 -41.8139 111.6738 9 20 8
2  45.0 45.0 0.00
91 -34.7511 -161.6266 10 28 9
2  45.0 45.0 0.00
92 50.4357 20.8041 7 20 7
2  45.0 45.0 0.00
93 -18.9967 -88.9261 4 25 7
2  45.0 45.0 0.00
94 22.0369 157.8465 5 18 7
2  45.0 45.0 0.00
95 3.1474 89.3260 10 16 9
2  45.0 45.0 0.00
96 -18.4769 172.7603 6 17 9
2  45.0 45.0 0.00
97 43.5225 12.2619 10 22 7
2  45.0 45.0 0.00
98 51.1525 154.5082 5 27 6
2  45.0 45.0 0.00
99 -24.7228 -147.2421 2 23 5
2  45.0 45.0 0.00
100 -42.4722 -20.9410 6 25 7
2  45.0 45.0 0.00
101 -35.2909 33.6587 2 28 8
2  45.0 45.0 0.00
102 -8.0526 156.4584 4 29 6
2  45.0 45.0 0.00
103 52.5674 -34.4491 4 20 8
2  45.0 45.0 0.00
104 30.3929 83.7124 5 18 5
2  45.0 45.0 0.00
105 29.5428 -136.9583 5 15 6
2  45.0 45.0 0.00
106 -6.4980 -125.5125 8 15 7
2  45.0 45.0 0.00
107 40.6891 -76.3421 5 23 9
2  45.0 45.0 0.00
108 -19.3882 48.8886 8 27 5
2  45.0 45.0 0.00
109 -47.9158 163.1650 10 22 9
2  45.0 45.0 0.00
110 38.4205 68.8168 2 29 8
2  45.0 45.0 0.00
111 -14.1209 -105.4112 8 24 5
2  45.0 45.0 0.00
112 -47.9643 31.2459 4 23 9
2  45.0 45.0 0.00
113 -24.0962 151.9291 10 23 9
2  45.0 45.0 0.00
114 22.0459 111.1361 5 23 9
2  45.0 45.0 0.00
115 -37.0021 151.8307 2 17 5
2  45.0 45.0 0.00
116 34.4998 35.3433 4 16 5
2  45.0 45.0 0.00
117 26.2393 -119.0952 9 20 8
2  45.0 45.0 0.00
118 18.7268 55.6286 2 22 7
2  45.0 45.0 0.00
119 24.4117 -158.4249 8 27 5
2  45.0 45.0 0.00
120 -39.6505 -39.1839 8 25 7
2  45.0 45.0 0.00
121 -47.3029 -134.1659 5 17 7
2  45.0 45.0 0.00
122 -5.8266 -171.0353 6 23 8
2  45.0 45.0 0.00
123 -5.3709 -14.4091 6 20 5
2  45.0 45.0 0.00
124 -42.0292 16.2112 3 28 8
2  45.0 45.0 0.00
125 -47.3336 -60.2942 8 16 5
2  45.0 45.0 0.00
126 -43.3547 -146.5043 5 16 6
2  45.0 45.0 0.00
127 -6.9627 137.4737 3 25 8
2  45.0 45.0 0.00
128 12.7437 -172.3969 9 28 5
2  45.0 45.0 0.00
129 16.0872 -144.3501 7 26 9
2  45.0 45.0 0.00
130 -24.3456 66.0829 3 25 9
2  45.0 45.0 0.00
131 8.5762 -1.8055 7 15 8
2  45.0 45.0 0.00
132 23.4504 -162.2264 4 15 5
2  45.0 45.0 0.00
133 -15.6892 159.3741 6 17 7
2  45.0 45.0 0.00
134 7.1507 96.0386 1 23 6
2  45.0 45.0 0.00
135 -44.2679 54.8836 6 27 9
2  45.0 45.0 0.00
136 48.1695 30.6733 2 16 9
2  45.0 45.0 0.00
137 -9.8125 -42.7406 2 17 8
2  45.0 45.0 0.00
138 46.5689 124.1977 7 15 7
2  45.0 45.0 0.00
139 7.5104 170.7103 1 27 7
2  45.0 45.0 0.00
140 22.1604 148.8632 4 19 9
2  45.0 45.0 0.00
141 0.3763 -146.9535 8 21 6
2  45.0 45.0 0.00
142 45.4160 60.3660 6 15 7
2  45.0 45.0 0.00
143 -38.5812 155.7684 5 18 9
2  45.0 45.0 0.00
144 49.8955 92.1190 1 21 8
2  45.0 45.0 0.00
145 23.5814 85.5343 2 17 6
2  45.0 45.0 0.00
146 -41.5326 116.4328 1 18 8
2  45.0 45.0 0.00
147 -48.6625 -71.2102 5 18 5
2  45.0 45.0 0.00
148 -19.5428 171.0223 7 28 6
2  45.0 45.0 0.00
149 -24.2055 110.4916 8 22 5
2  45.0 45.0 0.00
150 14.6452 88.1133 10 28 7
2  45.0 45.0 0.00
151 48.0364 -2.3309 4 22 8
2  45.0 45.0 0.00
152 28.1912 152.3449 10 17 6
2  45.0 45.0 0.00
153 -41.8670 -34.8463 5 20 5
2  45.0 45.0 0.00
154 35.3863 67.3047 4 16 6
2  45.0 45.0 0.00
155 52.5390 136.7819 8 17 5
2  45.0 45.0 0.00
156 44.0477 -88.3410 9 17 6
2  45.0 45.0 0.00
157 -14.4771 146.6621 4 27 6
2  45.0 45.0 0.00
158 5.0239 107.9331 5 22 5
2  45.0 45.0 0.00
159 -11.3999 102.3281 9 23 9
2  45.0 45.0 0.00
160 39.0547 -21.9525 7 20 8
2  45.0 45.0 0.00
161 47.8277 41.9842 2 24 8
2  45.0 45.0 0.00
162 -45.2382 -65.8757 4 22 9
2  45.0 45.0 0.00
163 1.2027 97.4515 1 28 9
2  45.0 45.0 0.00
164 -32.0508 37.0554 1 15 8
2  45.0 45.0 0.00
165 -49.3940 -121.9728 9 15 6
2  45.0 45.0 0.00
166 -30.5910 -71.5479 4 20 6
2  45.0 45.0 0.00
167 -2.4885 147.2554 1 22 5
2  45.0 45.0 0.00
168 26.1609 -87.3474 5 16 9
2  45.0 45.0 0.00
169 -28.5794 -63.7760 4 25 5
2  45.0 45.0 0.00
170 12.9060 127.6900 4 24 8
2  45.0 45.0 0.00
171 -24.8560 -41.9859 5 24 9
2  45.0 45.0 0.00
172 30.7419 34.5831 1 18 6
2  45.0 45.0 0.00
173 28.8286 169.2311 2 16 9
2  45.0 45.0 0.00
174 10.8442 -83.4290 7 26 7
2  45.0 45.0 0.00
175 46.6681 -5.8032 4 16 6
2  45.0 45.0 0.00
176 22.3845 -8.6270 6 29 5
2  45.0 45.0 0.00
177 -15.1886 51.9578 8 23 9
2  45.0 45.0 0.00
178 -43.1260 -91.6913 8 25 5
2  45.0 45.0 0.00
179 -37.0219 177.2294 7 27 8
2  45.0 45.0 0.00
180 -25.4086 -100.4066 7 27 7
2  45.0 45.0 0.00
181 -15.5288 -156.1989 8 17 7
2  45.0 45.0 0.00
182 29.8527 -80.0256 6 20 6
2  45.0 45.0 0.00
183 -19.7179 37.7657 4 18 7
2  45.0 45.0 0.00
184 -39.4700 -35.1757 8 17 5
2  45.0 45.0 0.00
185 -15.1578 34.9703 6 26 9
2  45.0 45.0 0.00
186 47.4839 55.9871 2 19 8
2  45.0 45.0 0.00
187 -1.0514 43.4180 4 23 6
2  45.0 45.0 0.00
188 -22.1967 -5.4393 5 16 7
2  45.0 45.0 0.00
189 33.4371 137.1650 10 21 8
2  45.0 45.0 0.00
190 4.8581 87.3020 4 19 5
2  45.0 45.0 0.00
191 37.9487 -164.8794 5 26 9
2  45.0 45.0 0.00
192 27.1744 -60.3985 5 19 6
2  45.0 45.0 0.00
193 -39.6324 169.6173 6 25 9
2  45.0 45.0 0.00
194 20.4979 -165.0633 9 15 5
2  45.0 45.0 0.00
195 15.1315 -68.4132 6 26 5
2  45.0 45.0 0.00
196 -2.5453 -119.1458 7 15 7
2  45.0 45.0 0.00
197 -31.2217 -54.3329 7 19 6
2  45.0 45.0 0.00
198 -5.5035 125.8214 5 24 9
2  45.0 45.0 0.00
199 48.5873 -112.0709 7 26 9
2  45.0 45.0 0.00
200 36.4942 -105.9211 9 22 8
2  45.0 45.0 0.00
201 0.4601 86.6096 7 17 7
2  45.0 45.0 0.00
202 5.0926 -81.6198 9 24 6
2  45.0 45.0 0.00
203 9.2562 -79.9463 10 26 8
2  45.0 45.0 0.00
204 29.3656 61.0482 4 22 7
2  45.0 45.0 0.00
205 36.4505 -36.9652 5 17 7
2  45.0 45.0 0.00
206 -4.8698 14.4669 6 28 6
2  45.0 45.0 0.00
207 -24.3574 56.1341 9 18 9
2  45.0 45.0 0.00
208 -3.7234 -126.2616 2 27 6
2  45.0 45.0 0.00
209 -34.4710 -108.3709 10 21 9
2  45.0 45.0 0.00
210 19.1271 -23.2349 1 15 7
2  45.0 45.0 0.00
211 -34.4811 85.2558 1 16 6
2  45.0 45.0 0.00
212 -41.6557 27.4117 8 26 9
2  45.0 45.0 0.00
213 -52.1671 -53.7870 4 20 6
2  45.0 45.0 0.00
214 45.7279 -173.4502 7 27 8
2  45.0 45.0 0.00
215 13.5427 132.9873 9 16 7
2  45.0 45.0 0.00
216 15.3597 172.5591 3 18 6
2  45.0 45.0 0.00
217 -51.0284 -5.0881 9 21 6
2  45.0 45.0 0.00
218 3.5395 31.6039 7 28 5
2  45.0 45.0 0.00
219 41.2054 -37.0070 10 27 9
2  45.0 45.0 0.00
220 34.3662 119.2863 10 15 6
2  45.0 45.0 0.00
221 17.1985 35.3860 2 21 7
2  45.0 45.0 0.00
222 -20.6384 48.2912 5 23 5
2  45.0 45.0 0.00
223 -39.4647 -66.6762 2 20 5
2  45.0 45.0 0.00
224 2.3311 149.4241 4 17 8
2  45.0 45.0 0.00
225 -16.5777 -138.2093 2 25 8
2  45.0 45.0 0.00
226 -28.5608 -170.8315 1 16 8
2  45.0 45.0 0.00
227 33.2365 157.9511 5 15 6
2  45.0 45.0 0.00
228 -8.4476 -164.0680 3 27 8
2  45.0 45.0 0.00
229 42.3204 -164.6469 4 27 9
2  45.0 45.0 0.00
230 7.8378 -172.3406 9 26 8
2  45.0 45.0 0.00
231 43.3691 66.9705 4 20 5
2  45.0 45.0 0.00
232 4.8935 141.9037 8 27 7
2  45.0 45.0 0.00
233 -23.3380 4.2417 3 29 8
2  45.0 45.0 0.00
234 -32.9726 -74.7619 4 17 9
2  45.0 45.0 0.00
235 -2.3600 -153.8270 10 20 6
2  45.0 45.0 0.00
236 -21.0983 -68.5944 3 25 8
2  45.0 45.0 0.00
237 -30.8161 -81.7146 5 22 6
2  45.0 45.0 0.00
238 -39.4826 36.5472 6 28 7
2  45.0 45.0 0.00
239 2.7696 -100.9349 7 18 7
2  45.0 45.0 0.00
240 -11.9285 -141.7000 1 17 8
2  45.0 45.0 0.00
241 -23.1489 137.2681 7 27 8
2  45.0 45.0 0.00
242 35.6626 -61.1465 10 15 9
2  45.0 45.0 0.00
243 -27.9093 -113.4053 5 16 5
2  45.0 45.0 0.00
244 -52.2776 -179.1402 10 25 5
2  45.0 45.0 0.00
245 9.2663 -43.9321 2 25 6
2  45.0 45.0 0.00
246 -25.6403 114.5621 5 26 6
2  45.0 45.0 0.00
247 -32.3755 -122.2603 9 15 5
2  45.0 45.0 0.00
248 -18.2339 -32.5584 2 27 6
2  45.0 45.0 0.00
249 31.5217 35.5907 7 15 9
2  45.0 45.0 0.00
250 -16.8388 -128.1819 5 16 7
2  45.0 45.0 0.00
251 -12.1817 -40.7205 1 15 7
2  45.0 45.0 0.00
252 42.7866 -114.9522 1 24 6
2  45.0 45.0 0.00
253 -51.0695 22.1077 7 26 5
2  45.0 45.0 0.00
254 -44.9104 -127.3855 4 15 5
2  45.0 45.0 0.00
255 10.3090 -122.7921 7 21 7
2  45.0 45.0 0.00
256 51.7868 -57.5438 4 26 9
2  45.0 45.0 0.00
257 -40.8979 79.3130 1 17 5
2  45.0 45.0 0.00
258 32.6144 -129.5707 5 23 9
2  45.0 45.0 0.00
259 -37.3869 100.3603 3 23 8
2  45.0 45.0 0.00
260 -27.9878 123.0638 7 15 8
2  45.0 45.0 0.00
261 -32.3309 -130.2847 4 16 9
2  45.0 45.0 0.00
262 -29.0262 169.1117 5 23 5
2  45.0 45.0 0.00
263 6.7301 -27.4271 2 27 5
2  45.0 45.0 0.00
264 -21.4228 -40.7527 6 23 7
2  45.0 45.0 0.00
265 46.2409 29.0268 5 15 8
2  45.0 45.0 0.00
266 33.7585 21.7547 6 26 8
2  45.0 45.0 0.00
267 -37.4486 -59.4657 2 16 7
2  45.0 45.0 0.00
268 50.4637 46.5282 9 18 8
2  45.0 45.0 0.00
269 35.8204 20.2291 3 22 9
2  45.0 45.0 0.00
270 23.6889 165.9782 7 21 5
2  45.0 45.0 0.00
271 37.0116 -90.5982 4 21 5
2  45.0 45.0 0.00
272 12.1223 -140.2483 5 19 7
2  45.0 45.0 0.00
273 17.5682 -108.4642 7 27 9
2  45.0 45.0 0.00
274 -28.7606 -68.5374 10 20 6
2  45.0 45.0 0.00
275 17.8772 -129.1403 6 28 6
2  45.0 45.0 0.00
276 -12.7154 -148.0500 7 17 5
2  45.0 45.0 0.00
277 37.8871 -134.2198 8 25 6
2  45.0 45.0 0.00
278 42.2275 145.0615 4 29 5
2  45.0 45.0 0.00
279 38.7591 -72.3768 3 27 5
2  45.0 45.0 0.00
280 14.7571 84.4503 6 23 9
2  45.0 45.0 0.00
281 -9.1307 40.7058 5 17 7
2  45.0 45.0 0.00
282 22.0362 -59.9480 8 16 7
2  45.0 45.0 0.00
283 2.7148 164.8021 1 18 8
2  45.0 45.0 0.00
284 4.0885 11.3930 9 21 7
2  45.0 45.0 0.00
285 -18.4731 -55.8977 1 19 5
2  45.0 45.0 0.00
286 -13.8118 -69.4418 8 28 8
2  45.0 45.0 0.00
287 15.4187 2.4494 1 18 8
2  45.0 45.0 0.00
288 -27.0985 170.7615 4 16 8
2  45.0 45.0 0.00
289 6.8789 112.2177 7 22 5
2  45.0 45.0 0.00
290 43.2340 -163.1293 8 18 6
2  45.0 45.0 0.00
291 -41.5975 -72.3527 1 29 9
2  45.0 45.0 0.00
292 -45.6719 -62.0013 2 17 9
2  45.0 45.0 0.00
293 -10.5170 -24.8872 4 19 7
2  45.0 45.0 0.00
294 -51.0064 80.5570 4 24 6
2  45.0 45.0 0.00
295 6.8087 -35.0893 6 26 9
2  45.0 45.0 0.00
296 1.4850 134.5313 5 18 6
2  45.0 45.0 0.00
297 -18.7793 -147.5915 8 25 8
2  45.0 45.0 0.00
298 -16.2775 7.2903 10 20 7
2  45.0 45.0 0.00
299 44.1574 119.3459 4 19 6
2  45.0 45.0 0.00
300 -38.7932 -2.1518 3 29 8
2  45.0 45.0 0.00
301 -33.4855 -29.1342 8 29 8
2  45.0 45.0 0.00
302 21.7343 15.0894 5 29 6
2  45.0 45.0 0.00
303 -32.2839 -151.8722 7 28 5
2  45.0 45.0 0.00
304 -20.0595 83.3560 1 23 7
2  45.0 45.0 0.00
305 -0.1530 -53.8785 1 16 9
2  45.0 45.0 0.00
306 24.6680 -140.0490 7 21 8
2  45.0 45.0 0.00
307 -50.8814 136.9073 4 23 7
2  45.0 45.0 0.00
308 42.7991 -140.5332 7 15 6
2  45.0 45.0 0.00
309 32.2796 8.0778 3 15 9
2  45.0 45.0 0.00
310 35.8754 163.4006 2 18 6
2  45.0 45.0 0.00
311 -10.3370 151.6839 9 21 8
2  45.0 45.0 0.00
312 35.3787 -76.5351 3 15 9
2  45.0 45.0 0.00
313 9.9709 -134.8620 8 18 5
2  45.0 45.0 0.00
314 -19.5955 -6.2705 6 20 7
2  45.0 45.0 0.00
315 -31.6803 61.5206 2 19 6
2  45.0 45.0 0.00
316 50.4685 -56.0374 3 18 9
2  45.0 45.0 0.00
317 29.5556 131.2083 9 16 9
2  45.0 45.0 0.00
318 -42.5439 -15.8868 10 29 6
2  45.0 45.0 0.00
319 12.3345 -160.3233 8 16 7
2  45.0 45.0 0.00
320 18.9889 -69.3009 7 29 6
2  45.0 45.0 0.00
321 -15.2783 41.5638 9 27 6
2  45.0 45.0 0.00
322 24.5486 46.5798 7 15 6
2  45.0 45.0 0.00
323 -1.1214 -166.4323 3 18 5
2  45.0 45.0 0.00
324 24.3374 -167.6244 10 19 5
2  45.0 45.0 0.00
325 38.0823 2.1582 5 15 8
2  45.0 45.0 0.00
326 -37.4740 36.3144 5 26 8
2  45.0 45.0 0.00
327 17.8738 -55.2032 6 29 5
2  45.0 45.0 0.00
328 -35.6826 -160.3472 5 28 5
2  45.0 45.0 0.00
329 -3.2591 -37.1532 3 23 5
2  45.0 45.0 0.00
330 8.3395 111.3386 3 28 7
2  45.0 45.0 0.00
331 15.3450 172.9145 9 29 8
2  45.0 45.0 0.00
332 37.0862 31.9540 10 17 8
2  45.0 45.0 0.00
333 -39.1439 139.1688 6 19 9
2  45.0 45.0 0.00
334 -37.8671 -152.7309 6 18 8
2  45.0 45.0 0.00
335 18.5507 -123.2596 8 17 9
2  45.0 45.0 0.00
336 -3.9782 150.3968 1 29 6
2  45.0 45.0 0.00
337 -17.2570 76.2858 10 17 9
2  45.0 45.0 0.00
338 19.9601 -35.7660 10 17 5
2  45.0 45.0 0.00
339 7.9087 146.4086 7 17 8
2  45.0 45.0 0.00
340 8.7634 -146.3308 1 26 7
2  45.0 45.0 0.00
341 0.3103 26.2017 2 17 9
2  45.0 45.0 0.00
342 -1.3619 124.8910 3 16 8
2  45.0 45.0 0.00
343 45.8027 44.0922 5 26 9
2  45.0 45.0 0.00
344 -8.6059 86.4616 3 21 9
2  45.0 45.0 0.00
345 25.6640 146.1754 9 17 5
2  45.0 45.0 0.00
346 28.4415 -179.9390 3 22 8
2  45.0 45.0 0.00
347 -13.8919 -120.0808 5 22 6
2  45.0 45.0 0.00
348 28.0280 18.0949 5 20 8
2  45.0 45.0 0.00
349 36.1866 -78.7433 5 21 7
2  45.0 45.0 0.00
350 47.9260 -131.2087 7 20 7
2  45.0 45.0 0.00
351 36.3053 59.7970 7 27 7
2  45.0 45.0 0.00
352 10.2697 -34.6485 5 15 7
2  45.0 45.0 0.00
353 -1.3799 -50.4745 5 20 6
2  45.0 45.0 0.00
354 28.1598 -131.7969 2 23 6
2  45.0 45.0 0.00
355 39.0662 -35.7174 5 26 7
2  45.0 45.0 0.00
356 -4.1505 0.8241 1 23 7
2  45.0 45.0 0.00
357 14.0752 52.4889 3 15 5
2  45.0 45.0 0.00
358 21.5012 -55.6857 7 28 9
2  45.0 45.0 0.00
359 -14.7699 4.3546 9 26 6
2  45.0 45.0 0.00
360 -1.9514 141.9058 10 16 7
2  45.0 45.0 0.00
361 33.7329 35.5112 10 29 9
2  45.0 45.0 0.00
362 -6.1779 147.4491 9 19 7
2  45.0 45.0 0.00
363 -42.9729 116.3624 10 23 6
2  45.0 45.0 0.00
364 36.1651 -68.8941 9 19 8
2  45.0 45.0 0.00
365 -8.4439 -97.6998 5 25 7
2  45.0 45.0 0.00
366 -15.2160 55.3159 1 22 7
2  45.0 45.0 0.00
367 7.0661 -28.4846 6 16 7
2  45.0 45.0 0.00
368 -49.3809 65.2294 5 15 6
2  45.0 45.0 0.00
369 31.0857 -167.4545 2 20 9
2  45.0 45.0 0.00
370 3.9678 153.2342 8 21 7
2  45.0 45.0 0.00
371 -34.6660 22.9947 1 20 5
2  45.0 45.0 0.00
372 9.5000 142.4395 5 20 9
2  45.0 45.0 0.00
373 30.5347 -40.5615 5 25 9
2  45.0 45.0 0.00
374 18.4142 79.6290 4 15 9
2  45.0 45.0 0.00
375 -36.0414 -90.8902 8 16 7
2  45.0 45.0 0.00
376 -12.1378 127.2951 7 27 9
2  45.0 45.0 0.00
377 -7.3350 -94.9866 6 16 7
2  45.0 45.0 0.00
378 -52.7045 -158.1492 4 15 5
2  45.0 45.0 0.00
379 -38.3214 -75.6338 9 17 8
2  45.0 45.0 0.00
380 -9.9712 -71.1100 4 21 7
2  45.0 45.0 0.00
381 33.5215 138.5400 1 22 8
2  45.0 45.0 0.00
382 45.0961 -5.9855 10 26 7
2  45.0 45.0 0.00
383 25.0187 -148.6492 2 23 6
2  45.0 45.0 0.00
384 5.5030 -73.6194 1 18 7
2  45.0 45.0 0.00
385 11.9804 68.5689 4 29 5
2  45.0 45.0 0.00
386 39.2286 -147.1472 7 19 5
2  45.0 45.0 0.00
387 -44.1999 -22.5283 3 19 9
2  45.0 45.0 0.00
388 4.8727 73.3914 8 21 7
2  45.0 45.0 0.00
389 2.0579 -85.5501 5 23 9
2  45.0 45.0 0.00
390 -47.5525 90.0374 2 26 8
2  45.0 45.0 0.00
391 -41.2944 -159.5502 9 27 5
2  45.0 45.0 0.00
392 -39.6682 145.4009 5 22 5
2  45.0 45.0 0.00
393 35.4228 -107.2207 1 24 6
2  45.0 45.0 0.00
394 -21.3480 108.0183 1 26 8
2  45.0 45.0 0.00
395 36.8933 131.1825 5 25 5
2  45.0 45.0 0.00
396 -15.8299 -137.8266 9 15 9
2  45.0 45.0 0.00
397 -40.2824 -74.8741 6 22 6
2  45.0 45.0 0.00
398 -50.2212 29.3806 1 17 6
2  45.0 45.0 0.00
399 15.0602 -107.2694 7 21 7
2  45.0 45.0 0.00
400 -19.3716 55.6353 7 19 9
2  45.0 45.0 0.00
401 -26.3579 -175.0803 9 17 6
2  45.0 45.0 0.00
402 -26.9204 -48.0780 10 26 6
2  45.0 45.0 0.00
403 -52.0859 137.7233 1 23 7
2  45.0 45.0 0.00
404 4.4691 72.1919 10 18 5
2  45.0 45.0 0.00
405 23.0011 59.2185 10 20 5
2  45.0 45.0 0.00
406 15.4782 -13.3970 9 17 7
2  45.0 45.0 0.00
407 20.7886 105.5696 6 16 5
2  45.0 45.0 0.00
408 -41.7310 -137.4330 4 17 6
2  45.0 45.0 0.00
409 16.9351 112.7290 9 27 6
2  45.0 45.0 0.00
410 27.5084 40.2808 6 29 7
2  45.0 45.0 0.00
411 12.3719 -29.5815 1 17 9
2  45.0 45.0 0.00
412 9.2056 52.3782 2 17 7
2  45.0 45.0 0.00
413 30.0243 -118.7670 4 19 8
2  45.0 45.0 0.00
414 -30.1703 109.3006 4 22 5
2  45.0 45.0 0.00
415 -8.0645 1.7041 9 27 6
2  45.0 45.0 0.00
416 42.8087 118.7166 4 16 7
2  45.0 45.0 0.00
417 -49.3823 3.9020 1 24 6
2  45.0 45.0 0.00
418 -23.5013 43.6392 10 16 9
2  45.0 45.0 0.00
419 -4.1535 167.0917 8 25 5
2  45.0 45.0 0.00
420 -1.0946 -2.4720 1 16 9
2  45.0 45.0 0.00
421 48.3254 -139.2106 4 27 8
2  45.0 45.0 0.00
422 -41.1299 29.1093 7 28 8
2  45.0 45.0 0.00
423 27.2502 22.0160 2 25 7
2  45.0 45.0 0.00
424 -24.1246 9.5010 3 29 9
2  45.0 45.0 0.00
425 9.9803 63.3635 2 22 6
2  45.0 45.0 0.00
426 -4.2637 101.9156 4 26 6
2  45.0 45.0 0.00
427 -9.4635 94.4878 9 17 5
2  45.0 45.0 0.00
428 44.6075 64.8223 2 28 8
2  45.0 45.0 0.00
429 20.9277 89.8364 9 22 8
2  45.0 45.0 0.00
430 42.3641 -96.2803 10 19 8
2  45.0 45.0 0.00
431 49.1078 8.9668 8 18 8
2  45.0 45.0 0.00
432 -23.3316 37.1205 8 21 6
2  45.0 45.0 0.00
433 -18.1383 114.5844 3 24 8
2  45.0 45.0 0.00
434 52.4288 -45.9607 8 25 6
2  45.0 45.0 0.00
435 9.7888 36.1162 4 19 5
2  45.0 45.0 0.00
436 36.5285 -119.3417 5 25 6
2  45.0 45.0 0.00
437 -28.9145 -13.1496 5 29 7
2  45.0 45.0 0.00
438 40.8963 16.5248 9 21 6
2  45.0 45.0 0.00
439 -19.3224 -97.6291 9 23 7
2  45.0 45.0 0.00
440 40.1890 -140.4153 5 25 5
2  45.0 45.0 0.00
441 2.8969 15.0057 10 15 7
2  45.0 45.0 0.00
442 -14.5264 -95.1544 3 17 6
2  45.0 45.0 0.00
443 -41.1921 137.5264 10 15 9
2  45.0 45.0 0.00
444 38.7335 122.0073 10 18 9
2  45.0 45.0 0.00
445 -5.4369 168.8386 10 21 7
2  45.0 45.0 0.00
446 -14.4648 -173.6373 1 27 7
2  45.0 45.0 0.00
447 24.8730 -21.7865 6 25 7
2  45.0 45.0 0.00
448 19.6671 -25.3429 10 23 6
2  45.0 45.0 0.00
449 15.9140 -44.8659 6 15 6
2  45.0 45.0 0.00
450 -6.8163 -117.8976 8 25 7
2  45.0 45.0 0.00
451 -48.7354 146.3750 7 27 5
2  45.0 45.0 0.00
452 6.1834 -142.6001 6 23 6
2  45.0 45.0 0.00
453 -16.3999 -31.5161 9 24 9
2  45.0 45.0 0.00
454 18.2228 -121.8812 3 24 9
2  45.0 45.0 0.00
455 -6.8044 -81.9615 4 29 6
2  45.0 45.0 0.00
456 -45.2264 157.8796 3 16 8
2  45.0 45.0 0.00
457 -32.7506 -70.5974 7 20 9
2  45.0 45.0 0.00
458 34.7737 39.8390 5 24 9
2  45.0 45.0 0.00
459 8.6549 124.2442 4 18 6
2  45.0 45.0 0.00
460 -27.8063 99.0202 2 17 5
2  45.0 45.0 0.00
461 -23.9291 7.6316 1 26 5
2  45.0 45.0 0.00
462 28.3977 156.9432 2 21 9
2  45.0 45.0 0.00
463 12.6966 171.4114 5 27 8
2  45.0 45.0 0.00
464 -48.6128 -154.9989 7 24 6
2  45.0 45.0 0.00
465 -46.5076 13.9030 4 26 7
2  45.0 45.0 0.00
466 9.6126 -156.2848 8 23 6
2  45.0 45.0 0.00
467 -21.3823 89.1188 1 15 8
2  45.0 45.0 0.00
468 18.0024 4.2366 4 17 8
2  45.0 45.0 0.00
469 41.5627 -119.9902 8 26 6
2  45.0 45.0 0.00
470 11.1838 174.6228 8 21 8
2  45.0 45.0 0.00
471 -35.1677 -131.5648 2 27 8
2  45.0 45.0 0.00
472 24.9772 84.1080 10 18 7
2  45.0 45.0 0.00
473 21.4149 -51.1006 6 18 9
2  45.0 45.0 0.00
474 39.4561 162.0239 2 17 7
2  45.0 45.0 0.00
475 3.1397 146.3101 10 27 8
2  45.0 45.0 0.00
476 41.8229 93.9316 5 20 8
2  45.0 45.0 0.00
477 11.1958 36.9248 2 27 5
2  45.0 45.0 0.00
478 -35.6438 144.9963 9 19 8
2  45.0 45.0 0.00
479 46.2372 -89.1344 7 25 6
2  45.0 45.0 0.00
480 3.6089 157.5031 1 29 6
2  45.0 45.0 0.00
481 16.4767 106.6927 9 15 8
2  45.0 45.0 0.00
482 -25.2479 -79.4783 6 18 6
2  45.0 45.0 0.00
483 50.3196 -56.9175 1 22 6
2  45.0 45.0 0.00
484 -42.4574 8.6254 10 17 9
2  45.0 45.0 0.00
485 49.7627 52.3203 1 22 8
2  45.0 45.0 0.00
486 -23.6152 -106.2816 1 24 7
2  45.0 45.0 0.00
487 48.4470 112.8209 10 17 9
2  45.0 45.0 0.00
488 32.7808 14.2861 5 16 7
2  45.0 45.0 0.00
489 40.7581 64.3973 6 16 7
2  45.0 45.0 0.00
490 9.9963 92.4111 7 20 6
2  45.0 45.0 0.00
491 -51.9307 105.9962 10 29 6
2  45.0 45.0 0.00
492 -51.9287 -76.5967 10 19 8
2  45.0 45.0 0.00
493 -46.9539 45.0689 4 24 6
2  45.0 45.0 0.00
494 -35.8999 -116.5136 2 24 9
2  45.0 45.0 0.00
495 6.3361 -16.3569 2 24 6
2  45.0 45.0 0.00
496 -22.1987 26.5398 2 28 5
2  45.0 45.0 0.00
497 2.1749 126.5155 5 21 8
2  45.0 45.0 0.00
498 -35.7630 125.7498 10 29 9
2  45.0 45.0 0.00
499 2.3342 -82.7536 5 20 5
2  45.0 45.0 0.00
500 -25.5122 -161.0633 6 26 7
2  45.0 45.0 0.00
501 -8.6969 -134.0039 5 21 5
2  45.0 45.0 0.00
502 5.8855 -130.1709 4 23 5
2  45.0 45.0 0.00
503 -6.7432 -50.2558 7 16 6
2  45.0 45.0 0.00
504 -31.2056 -110.1106 9 29 6
2  45.0 45.0 0.00
505 -19.9262 -96.8032 10 25 7
2  45.0 45.0 0.00
506 -22.2975 -141.4934 7 22 9
2  45.0 45.0 0.00
507 -27.7745 101.1784 9 22 8
2  45.0 45.0 0.00
508 -11.3684 -40.0501 1 20 6
2  45.0 45.0 0.00
509 -50.4349 -77.8506 4 27 6
2  45.0 45.0 0.00
510 -35.8682 -121.8505 1 16 6
2  45.0 45.0 0.00
511 -46.0907 -143.9653 4 21 7
2  45.0 45.0 0.00
512 -33.1938 -22.2507 2 15 7
2  45.0 45.0 0.00
513 -5.4526 53.1398 1 25 6
2  45.0 45.0 0.00
514 16.4654 135.2415 4 21 6
2  45.0 45.0 0.00
515 33.5869 114.1267 5 24 9
2  45.0 45.0 0.00
516 -50.0035 -41.4856 10 20 7
2  45.0 45.0 0.00
517 -39.4193 -168.2804 5 16 7
2  45.0 45.0 0.00
518 -38.3847 -63.6365 8 15 7
2  45.0 45.0 0.00
519 48.1832 -47.0914 9 29 6
2  45.0 45.0 0.00
520 -13.0817 31.9854 10 24 9
2  45.0 45.0 0.00
521 -22.6893 87.4153 4 27 9
2  45.0 45.0 0.00
522 -26.6947 -15.3697 6 22 7
2  45.0 45.0 0.00
523 32.0214 -161.5926 2 23 9
2  45.0 45.0 0.00
524 -8.9034 7.4525 10 17 7
2  45.0 45.0 0.00
525 -17.7972 127.9621 3 28 6
2  45.0 45.0 0.00
526 -5.5473 124.8522 5 21 5
2  45.0 45.0 0.00
527 -6.4215 99.0951 6 22 5
2  45.0 45.0 0.00
528 -12.1583 -107.7509 2 17 5
2  45.0 45.0 0.00
529 19.1408 112.2109 6 22 7
2  45.0 45.0 0.00
530 42.7633 101.3770 1 15 6
2  45.0 45.0 0.00
531 37.7240 -20.7584 6 17 8
2  45.0 45.0 0.00
532 -7.3670 127.7895 1 21 7
2  45.0 45.0 0.00
533 -10.4567 -162.0648 1 22 9
2  45.0 45.0 0.00
534 -50.1565 24.3784 7 22 8
2  45.0 45.0 0.00
535 -30.1767 -54.3182 6 16 9
2  45.0 45.0 0.00
536 2.1629 -55.3154 6 22 6
2  45.0 45.0 0.00
537 17.6028 107.3205 6 16 7
2  45.0 45.0 0.00
538 52.6907 38.0600 8 27 5
2  45.0 45.0 0.00
539 3.2148 96.3286 8 25 9
2  45.0 45.0 0.00
540 13.8599 -69.6819 2 23 8
2  45.0 45.0 0.00
541 -17.4148 -82.7391 1 19 8
2  45.0 45.0 0.00
542 0.7177 -58.0291 4 19 5
2  45.0 45.0 0.00
543 -44.0797 -47.8055 6 16 9
2  45.0 45.0 0.00
544 10.9434 155.2840 4 15 6
2  45.0 45.0 0.00
545 -8.3631 81.7075 7 21 9
2  45.0 45.0 0.00
546 -5.5401 64.3833 1 16 8
2  45.0 45.0 0.00
547 -30.3196 97.7589 10 26 6
2  45.0 45.0 0.00
548 -11.0351 -10.2719 3 20 5
2  45.0 45.0 0.00
549 16.7771 -62.1308 3 26 7
2  45.0 45.0 0.00
550 -35.7091 68.9438 7 25 7
2  45.0 45.0 0.00
551 21.1374 -77.9552 6 20 5
2  45.0 45.0 0.00
552 11.5269 112.0226 6 20 8
2  45.0 45.0 0.00
553 34.7603 -100.6140 9 23 5
2  45.0 45.0 0.00
554 -19.8643 31.7441 3 26 8
2  45.0 45.0 0.00
555 -39.0321 14.7190 10 27 9
2  45.0 45.0 0.00
556 -43.0690 161.4459 1 28 6
2  45.0 45.0 0.00
557 27.1598 165.3465 9 22 5
2  45.0 45.0 0.00
558 45.6338 -32.3456 3 26 8
2  45.0 45.0 0.00
559 8.9805 -144.7486 7 25 6
2  45.0 45.0 0.00
560 -6.5977 105.4696 4 24 6
2  45.0 45.0 0.00
561 7.9440 164.7371 4 29 7
2  45.0 45.0 0.00
562 -36.1966 -23.7363 5 20 9
2  45.0 45.0 0.00
563 16.9900 144.4704 6 16 9
2  45.0 45.0 0.00
564 39.0750 70.4831 2 20 9
2  45.0 45.0 0.00
565 42.6597 116.5015 4 29 5
2  45.0 45.0 0.00
566 -49.4117 125.2009 5 23 8
2  45.0 45.0 0.00
567 -21.1240 -78.2836 6 24 9
2  45.0 45.0 0.00
568 31.6538 171.2160 3 28 8
2  45.0 45.0 0.00
569 -0.3771 -162.7226 1 26 6
2  45.0 45.0 0.00
570 19.4419 177.3623 10 27 6
2  45.0 45.0 0.00
571 25.6489 -15.0263 6 27 9
2  45.0 45.0 0.00
572 26.6408 169.9484 5 27 5
2  45.0 45.0 0.00
573 -20.0613 143.0321 4 26 6
2  45.0 45.0 0.00
574 -12.9598 -89.5599 2 18 7
2  45.0 45.0 0.00
575 41.6614 96.7804 4 23 8
2  45.0 45.0 0.00
576 37.5725 -166.4910 9 26 5
2  45.0 45.0 0.00
577 -48.6351 174.4136 8 19 5
2  45.0 45.0 0.00
578 36.3005 -7.5710 9 26 7
2  45.0 45.0 0.00
579 34.6135 -136.2158 6 26 7
2  45.0 45.0 0.00
580 10.5079 -72.4114 8 21 5
2  45.0 45.0 0.00
581 -7.1876 102.0688 6 19 9
2  45.0 45.0 0.00
582 50.1525 147.9324 7 15 5
2  45.0 45.0 0.00
583 22.6631 -95.4550 7 25 7
2  45.0 45.0 0.00
584 -18.4164 24.6483 4 24 7
2  45.0 45.0 0.00
585 42.2694 0.7503 4 26 9
2  45.0 45.0 0.00
586 28.7693 -169.7041 5 17 9
2  45.0 45.0 0.00
587 5.8936 47.4014 3 25 8
2  45.0 45.0 0.00
588 -25.6887 57.0212 3 21 7
2  45.0 45.0 0.00
589 45.7426 -19.4377 9 25 9
2  45.0 45.0 0.00
590 9.7197 -17.4544 9 19 5
2  45.0 45.0 0.00
591 -49.7497 52.2559 5 28 8
2  45.0 45.0 0.00
592 45.5914 -179.7392 7 19 7
2  45.0 45.0 0.00
593 47.1209 98.0831 9 15 8
2  45.0 45.0 0.00
594 -44.2939 16.7526 1 15 5
2  45.0 45.0 0.00
595 17.7941 -129.0863 1 17 8
2  45.0 45.0 0.00
596 -5.0072 104.9388 5 29 5
2  45.0 45.0 0.00
597 -19.0913 89.0765 9 16 7
2  45.0 45.0 0.00
598 43.5071 89.9233 3 29 9
2  45.0 45.0 0.00
599 -25.7655 -61.8347 4 15 8
2  45.0 45.0 0.00
