s1
0
 2013 04 20 14 03 33.780     2013 04 20 14 06 22.118     168.3
 2013 04 20 18 58 30.658     2013 04 20 19 01 23.474     172.8
1
 2013 04 20 10 29 39.619     2013 04 20 10 30  7.833      28.2
2
 2013 04 20 12 26 55.045     2013 04 20 12 30 34.954     219.9
 2013 04 20 19 02 11.538     2013 04 20 19 04 49.868     158.3
3
 2013 04 20 03 50 20.663     2013 04 20 03 50 22.062       1.4
 2013 04 20 05 24 18.153     2013 04 20 05 27 48.776     210.6
 2013 04 20 10 19 51.966     2013 04 20 10 22 30.564     158.6
4
 2013 04 20 02 37 56.466     2013 04 20 02 38 41.844      45.4
 2013 04 20 16 14 51.219     2013 04 20 16 18 25.663     214.4
5
 2013 04 20 14 22 41.449     2013 04 20 14 25 46.676     185.2
6
7
 2013 04 20 06 08  9.661     2013 04 20 06 08 41.840      32.2
 2013 04 20 14 19 40.806     2013 04 20 14 22 26.267     165.5
8
 2013 04 20 03 01  3.945     2013 04 20 03 03 39.985     156.0
 2013 04 20 09 34  6.192     2013 04 20 09 37 15.528     189.3
9
 2013 04 20 08 22 22.272     2013 04 20 08 25  8.353     166.1
 2013 04 20 18 21 46.000     2013 04 20 18 24 19.799     153.8
10
 2013 04 20 07 13 30.112     2013 04 20 07 13 33.639       3.5
11
 2013 04 20 10 49 13.195     2013 04 20 10 51 52.884     159.7
 2013 04 20 19 04 12.474     2013 04 20 19 06 47.221     154.7
12
13
 2013 04 20 12 07 23.688     2013 04 20 12 11  1.341     217.7
14
 2013 04 20 03 16  4.153     2013 04 20 03 18 44.939     160.8
 2013 04 20 20 19 26.672     2013 04 20 20 22 11.145     164.5
15
 2013 04 20 11 40 23.795     2013 04 20 11 43 31.203     187.4
 2013 04 20 18 14 23.162     2013 04 20 18 17 31.716     188.6
16
 2013 04 20 11 28 30.827     2013 04 20 11 31  1.443     150.6
17
 2013 04 20 06 28 22.960     2013 04 20 06 31 59.552     216.6
 2013 04 20 21 48 54.180     2013 04 20 21 51 34.395     160.2
18
 2013 04 20 02 26 38.572     2013 04 20 02 29 58.924     200.4
 2013 04 20 21 08  7.204     2013 04 20 21 11 15.098     187.9
19
 2013 04 20 04 29 34.879     2013 04 20 04 32  9.745     154.9
20
21
 2013 04 20 11 22 36.928     2013 04 20 11 25 37.433     180.5
 2013 04 20 23 13 44.785     2013 04 20 23 16 55.264     190.5
22
23
 2013 04 20 12 22 21.971     2013 04 20 12 25 52.463     210.5
 2013 04 20 20 37 46.458     2013 04 20 20 40 53.468     187.0
24
 2013 04 20 03 49  7.208     2013 04 20 03 52 33.782     206.6
 2013 04 20 08 44 42.982     2013 04 20 08 47 58.343     195.4
25
 2013 04 20 01 40 17.945     2013 04 20 01 43  2.852     164.9
 2013 04 20 20 21 23.705     2013 04 20 20 24 57.447     213.7
26
 2013 04 20 04 49 42.350     2013 04 20 04 49 58.309      16.0
 2013 04 20 21 52 12.623     2013 04 20 21 54 57.639     165.0
27
 2013 04 20 08 14 54.765     2013 04 20 08 18 32.013     217.2
 2013 04 20 20 02 21.919     2013 04 20 20 05 13.732     171.8
28
29
 2013 04 20 07 24 26.892     2013 04 20 07 27  4.053     157.2
30
 2013 04 20 16 24 38.038     2013 04 20 16 25 45.878      67.8
 2013 04 20 21 20 37.313     2013 04 20 21 24  2.199     204.9
31
 2013 04 20 02 56  4.313     2013 04 20 02 57   .498      56.2
 2013 04 20 11 13 32.391     2013 04 20 11 16 10.311     157.9
32
 2013 04 20 02 27  2.970     2013 04 20 02 29 56.923     174.0
 2013 04 20 21 08 30.847     2013 04 20 21 11 39.754     188.9
33
 2013 04 20 03 46  3.604     2013 04 20 03 48 42.547     158.9
 2013 04 20 10 20 51.400     2013 04 20 10 20 52.352       1.0
34
 2013 04 20 09 50 11.625     2013 04 20 09 52 42.799     151.2
 2013 04 20 21 37 49.465     2013 04 20 21 40 23.403     153.9
35
 2013 04 20 03 26 45.338     2013 04 20 03 29 18.420     153.1
 2013 04 20 17 00 23.823     2013 04 20 17 01  2.458      38.6
36
 2013 04 20 16 22 18.385     2013 04 20 16 24 52.663     154.3
 2013 04 20 22 56 37.873     2013 04 20 22 59 48.712     190.8
37
 2013 04 20 05 59 36.888     2013 04 20 06 03 15.184     218.3
 2013 04 20 15 59 27.818     2013 04 20 16 02 32.731     184.9
38
 2013 04 20 09 57 43.841     2013 04 20 10 01  5.227     201.4
39
 2013 04 20 03 29 41.707     2013 04 20 03 32 11.867     150.2
40
 2013 04 20 01 49 51.903     2013 04 20 01 53 18.830     206.9
 2013 04 20 15 25 56.341     2013 04 20 15 29  5.021     188.7
41
 2013 04 20 09 42 32.581     2013 04 20 09 45 22.038     169.5
 2013 04 20 23 18 51.320     2013 04 20 23 21 44.071     172.8
42
 2013 04 20 08 55  3.369     2013 04 20 08 58  9.091     185.7
 2013 04 20 22 33  8.961     2013 04 20 22 35 40.882     151.9
43
 2013 04 20 07 40 45.467     2013 04 20 07 42 38.105     112.6
 2013 04 20 15 55 53.690     2013 04 20 15 55 55.216       1.5
44
 2013 04 20 11 39   .026     2013 04 20 11 41 37.643     157.6
 2013 04 20 18 13 40.034     2013 04 20 18 16 45.309     185.3
45
 2013 04 20 06 54 32.701     2013 04 20 06 57 40.216     187.5
46
 2013 04 20 03 46 21.687     2013 04 20 03 49  5.317     163.6
 2013 04 20 10 21 16.455     2013 04 20 10 24 44.712     208.3
47
 2013 04 20 23 10 37.029     2013 04 20 23 13 20.916     163.9
48
 2013 04 20 15 20 10.833     2013 04 20 15 20 48.577      37.7
49
50
 2013 04 20 16 05 23.353     2013 04 20 16 08 15.132     171.8
51
 2013 04 20 19 20 21.400     2013 04 20 19 23 59.307     217.9
52
53
 2013 04 20 12 55 24.552     2013 04 20 12 58 42.624     198.1
54
 2013 04 20 12 14 35.894     2013 04 20 12 17 30.245     174.4
55
 2013 04 20 03 32  8.708     2013 04 20 03 32 54.573      45.9
 2013 04 20 15 20 31.586     2013 04 20 15 22 18.710     107.1
56
 2013 04 20 15 15 18.129     2013 04 20 15 15 17.501       -.6
57
 2013 04 20 06 57 21.022     2013 04 20 07 00  5.327     164.3
 2013 04 20 13 30 29.902     2013 04 20 13 33 55.243     205.3
58
59
60
61
 2013 04 20 01 19 17.540     2013 04 20 01 22 41.661     204.1
62
 2013 04 20 21 45 58.343     2013 04 20 21 45 59.853       1.5
63
 2013 04 20 01 54 49.504     2013 04 20 01 57 42.366     172.9
64
 2013 04 20 01 28 59.885     2013 04 20 01 32 49.023     229.1
 2013 04 20 06 24 13.995     2013 04 20 06 27  6.246     172.3
 2013 04 20 23 28  7.417     2013 04 20 23 31 40.295     212.9
65
 2013 04 20 00 39  9.659     2013 04 20 00 41 56.884     167.2
 2013 04 20 07 12 51.165     2013 04 20 07 15 52.468     181.3
66
 2013 04 20 04 03 14.829     2013 04 20 04 05 55.853     161.0
 2013 04 20 21 06 36.953     2013 04 20 21 09 20.386     163.4
67
 2013 04 20 21 27 48.620     2013 04 20 21 30 51.773     183.2
68
 2013 04 20 20 13 34.119     2013 04 20 20 16  8.923     154.8
69
 2013 04 20 00 57 52.666     2013 04 20 01 00 48.268     175.6
 2013 04 20 16 20  7.744     2013 04 20 16 22 41.994     154.2
70
 2013 04 20 17 37 10.832     2013 04 20 17 40   .677     169.8
71
 2013 04 20 04 31 54.448     2013 04 20 04 34 42.038     167.6
 2013 04 20 12 45 49.447     2013 04 20 12 48 50.990     181.5
72
 2013 04 20 15 37 35.757     2013 04 20 15 40 56.849     201.1
 2013 04 20 20 33  6.189     2013 04 20 20 36 25.041     198.9
73
 2013 04 20 03 22 33.720     2013 04 20 03 25 26.553     172.8
74
 2013 04 20 04 12 42.524     2013 04 20 04 15 28.805     166.3
 2013 04 20 17 48 58.677     2013 04 20 17 51 44.208     165.5
75
 2013 04 20 07 29 40.851     2013 04 20 07 33 16.654     215.8
76
 2013 04 20 04 52  7.811     2013 04 20 04 54 54.833     167.0
 2013 04 20 21 52 38.858     2013 04 20 21 53 45.741      66.9
77
 2013 04 20 08 29 43.279     2013 04 20 08 32 23.695     160.4
 2013 04 20 15 03 55.011     2013 04 20 15 07 19.943     204.9
78
 2013 04 20 02 12 25.110     2013 04 20 02 15 40.013     194.9
 2013 04 20 08 47 46.107     2013 04 20 08 50 27.144     161.0
79
 2013 04 20 03 48 13.290     2013 04 20 03 48 28.244      15.0
 2013 04 20 11 57 22.396     2013 04 20 12 00 41.989     199.6
80
81
 2013 04 20 07 31 29.763     2013 04 20 07 34 11.055     161.3
82
 2013 04 20 10 53 11.282     2013 04 20 10 56 39.033     207.8
 2013 04 20 17 27 21.504     2013 04 20 17 30 38.837     197.3
83
 2013 04 20 06 39 53.209     2013 04 20 06 42 25.178     152.0
 2013 04 20 18 29 38.513     2013 04 20 18 32 44.153     185.6
84
 2013 04 20 04 11 37.608     2013 04 20 04 14 34.297     176.7
 2013 04 20 17 48  8.061     2013 04 20 17 51 12.386     184.3
85
 2013 04 20 02 44 26.589     2013 04 20 02 47 50.242     203.7
 2013 04 20 14 31 58.038     2013 04 20 14 34 39.997     162.0
86
 2013 04 20 12 23 55.727     2013 04 20 12 26 38.047     162.3
 2013 04 20 20 38 29.161     2013 04 20 20 41 12.067     162.9
87
 2013 04 20 20 54  8.924     2013 04 20 20 54 44.135      35.2
88
 2013 04 20 02 31 47.638     2013 04 20 02 34 22.824     155.2
 2013 04 20 17 53 45.240     2013 04 20 17 57  3.802     198.6
89
 2013 04 20 04 06 59.546     2013 04 20 04 09 59.667     180.1
 2013 04 20 19 27 41.498     2013 04 20 19 30 16.023     154.5
90
 2013 04 20 02 49 25.202     2013 04 20 02 50 31.996      66.8
 2013 04 20 14 29 53.261     2013 04 20 14 30 53.672      60.4
91
 2013 04 20 11 21 31.618     2013 04 20 11 24 42.529     190.9
92
 2013 04 20 09 49 43.338     2013 04 20 09 52 39.894     176.6
 2013 04 20 21 37 22.861     2013 04 20 21 40  2.735     159.9
93
 2013 04 20 03 43 47.326     2013 04 20 03 47 27.661     220.3
 2013 04 20 12 00 22.170     2013 04 20 12 03 18.448     176.3
94
 2013 04 20 16 59 17.835     2013 04 20 17 01 51.796     154.0
95
 2013 04 20 13 07   .193     2013 04 20 13 09 40.090     159.9
 2013 04 20 23 04 20.668     2013 04 20 23 07 50.766     210.1
96
 2013 04 20 10 38 24.601     2013 04 20 10 41 16.514     171.9
 2013 04 20 22 24 28.100     2013 04 20 22 24 47.787      19.7
97
 2013 04 20 21 46 56.991     2013 04 20 21 50 28.796     211.8
98
 2013 04 20 08 26 45.452     2013 04 20 08 30 24.228     218.8
 2013 04 20 16 43 59.520     2013 04 20 16 46 36.622     157.1
99
 2013 04 20 03 21 51.361     2013 04 20 03 24 43.761     172.4
100
 2013 04 20 03 32 48.928     2013 04 20 03 35 39.542     170.6
 2013 04 20 15 19 56.960     2013 04 20 15 23 22.389     205.4
101
 2013 04 20 00 53 44.057     2013 04 20 00 57  3.902     199.8
 2013 04 20 17 56 22.111     2013 04 20 17 59 10.763     168.7
102
 2013 04 20 06 45 48.878     2013 04 20 06 48 48.863     180.0
103
 2013 04 20 19 11 13.628     2013 04 20 19 12 47.896      94.3
104
 2013 04 20 15 29 22.186     2013 04 20 15 32 36.298     194.1
105
 2013 04 20 14 44 31.196     2013 04 20 14 47 54.153     203.0
 2013 04 20 23 01 44.600     2013 04 20 23 04 19.278     154.7
106
107
 2013 04 20 01 43 18.305     2013 04 20 01 46 14.422     176.1
 2013 04 20 18 44 50.877     2013 04 20 18 45 31.409      40.5
108
 2013 04 20 10 44 30.892     2013 04 20 10 45  6.265      35.4
109
110
 2013 04 20 08 02 40.971     2013 04 20 08 05 20.637     159.7
 2013 04 20 23 24  5.382     2013 04 20 23 27 11.202     185.8
111
 2013 04 20 17 04 52.541     2013 04 20 17 07 49.846     177.3
112
 2013 04 20 01 21 32.834     2013 04 20 01 24 14.554     161.7
 2013 04 20 09 37 20.014     2013 04 20 09 40 15.500     175.5
113
 2013 04 20 01 14 17.214     2013 04 20 01 17 29.328     192.1
114
 2013 04 20 04 04 30.125     2013 04 20 04 07 27.523     177.4
 2013 04 20 21 05 26.210     2013 04 20 21 08 56.051     209.8
115
 2013 04 20 02 58 26.907     2013 04 20 02 59 15.558      48.7
 2013 04 20 09 32 25.260     2013 04 20 09 35 44.237     199.0
116
 2013 04 20 12 20 34.966     2013 04 20 12 23 22.787     167.8
117
 2013 04 20 08 18 56.609     2013 04 20 08 21 36.805     160.2
118
 2013 04 20 06 45 44.230     2013 04 20 06 48 33.640     169.4
 2013 04 20 16 51 48.557     2013 04 20 16 52 32.783      44.2
119
 2013 04 20 03 34 32.367     2013 04 20 03 36 36.388     124.0
120
121
 2013 04 20 04 51 53.210     2013 04 20 04 54 56.390     183.2
 2013 04 20 21 52 26.967     2013 04 20 21 56 15.519     228.6
122
 2013 04 20 14 28 11.338     2013 04 20 14 31 29.118     197.8
123
 2013 04 20 05 39 44.641     2013 04 20 05 43 33.627     229.0
 2013 04 20 21 03 55.397     2013 04 20 21 07 24.400     209.0
124
 2013 04 20 14 41 43.677     2013 04 20 14 45  1.504     197.8
125
 2013 04 20 09 04 41.909     2013 04 20 09 08   .066     198.2
 2013 04 20 20 48  3.316     2013 04 20 20 48 19.936      16.6
126
 2013 04 20 06 45  9.683     2013 04 20 06 48 15.020     185.3
127
 2013 04 20 04 27 30.554     2013 04 20 04 31 14.352     223.8
128
 2013 04 20 00 06  7.604     2013 04 20 00 09 43.605     216.0
 2013 04 20 17 08 47.328     2013 04 20 17 11 53.637     186.3
 2013 04 20 23 42 51.924     2013 04 20 23 46 39.003     227.1
129
 2013 04 20 07 20 20.710     2013 04 20 07 23  2.318     161.6
 2013 04 20 20 58 16.482     2013 04 20 21 01 11.484     175.0
130
 2013 04 20 04 19  8.965     2013 04 20 04 22 27.968     199.0
 2013 04 20 16 08  5.489     2013 04 20 16 10 59.165     173.7
131
 2013 04 20 06 47 41.957     2013 04 20 06 50 21.016     159.1
 2013 04 20 16 48 17.094     2013 04 20 16 50 51.874     154.8
132
 2013 04 20 00 53 29.463     2013 04 20 00 56 22.222     172.8
 2013 04 20 17 56 22.544     2013 04 20 17 59 48.439     205.9
133
 2013 04 20 02 32 50.172     2013 04 20 02 35 27.516     157.3
 2013 04 20 17 53 42.500     2013 04 20 17 56 15.007     152.5
134
 2013 04 20 01 26 45.592     2013 04 20 01 30 32.665     227.1
 2013 04 20 06 26 38.197     2013 04 20 06 26 42.004       3.8
 2013 04 20 08 00 27.154     2013 04 20 08 00 44.539      17.4
135
 2013 04 20 20 46 43.187     2013 04 20 20 49 14.559     151.4
136
 2013 04 20 00 16 31.040     2013 04 20 00 19  2.970     151.9
 2013 04 20 13 52 38.494     2013 04 20 13 55 15.483     157.0
137
 2013 04 20 06 47 44.819     2013 04 20 06 50 35.459     170.6
 2013 04 20 16 47 15.849     2013 04 20 16 49 50.691     154.8
138
 2013 04 20 07 19 19.328     2013 04 20 07 22 13.400     174.1
139
 2013 04 20 01 22 29.745     2013 04 20 01 25 12.852     163.1
 2013 04 20 09 38  1.273     2013 04 20 09 40 42.579     161.3
140
 2013 04 20 08 52 42.548     2013 04 20 08 55 20.053     157.5
141
 2013 04 20 16 44 18.164     2013 04 20 16 48  5.142     227.0
142
 2013 04 20 07 25 55.649     2013 04 20 07 28 46.292     170.6
143
 2013 04 20 13 03 50.167     2013 04 20 13 06 20.583     150.4
144
145
 2013 04 20 19 29 55.432     2013 04 20 19 32 56.499     181.1
146
 2013 04 20 04 15 10.804     2013 04 20 04 18  2.987     172.2
147
 2013 04 20 07 41 38.849     2013 04 20 07 45  6.148     207.3
148
 2013 04 20 02 53 22.000     2013 04 20 02 56  4.534     162.5
 2013 04 20 12 49 55.359     2013 04 20 12 50 17.937      22.6
149
 2013 04 20 09 55  5.114     2013 04 20 09 57 35.533     150.4
 2013 04 20 20 00 13.948     2013 04 20 20 00 48.616      34.7
150
151
 2013 04 20 16 52 54.387     2013 04 20 16 56  9.439     195.1
152
 2013 04 20 00 34 24.552     2013 04 20 00 37 49.726     205.2
 2013 04 20 08 51 33.409     2013 04 20 08 54  8.270     154.9
153
 2013 04 20 12 07 34.851     2013 04 20 12 10 34.463     179.6
154
 2013 04 20 15 14 44.731     2013 04 20 15 18 21.446     216.7
155
156
157
 2013 04 20 04 33   .115     2013 04 20 04 35 51.395     171.3
158
 2013 04 20 02 01 38.719     2013 04 20 02 03 47.815     129.1
 2013 04 20 12 08 45.468     2013 04 20 12 09 50.138      64.7
159
 2013 04 20 03 14 39.264     2013 04 20 03 17 30.093     170.8
 2013 04 20 21 55 44.323     2013 04 20 21 59 17.363     213.0
160
 2013 04 20 17 38  1.323     2013 04 20 17 40 31.646     150.3
161
 2013 04 20 14 48 30.769     2013 04 20 14 51 23.945     173.2
 2013 04 20 21 23 15.687     2013 04 20 21 25 51.596     155.9
162
 2013 04 20 21 04 13.609     2013 04 20 21 04 18.717       5.1
163
 2013 04 20 13 42   .483     2013 04 20 13 44 34.397     153.9
164
 2013 04 20 05 14 47.300     2013 04 20 05 17 38.426     171.1
165
 2013 04 20 02 47 13.070     2013 04 20 02 50 57.626     224.6
166
 2013 04 20 00 40 35.322     2013 04 20 00 43 42.666     187.3
 2013 04 20 05 35 52.651     2013 04 20 05 38 45.366     172.7
167
 2013 04 20 00 15 23.862     2013 04 20 00 18 39.244     195.4
 2013 04 20 13 53 44.797     2013 04 20 13 56 19.161     154.4
168
 2013 04 20 13 49 49.566     2013 04 20 13 49 52.092       2.5
169
 2013 04 20 17 43  6.192     2013 04 20 17 44 15.396      69.2
170
 2013 04 20 02 03 10.681     2013 04 20 02 06  2.595     171.9
 2013 04 20 12 05 22.291     2013 04 20 12 08 17.152     174.9
171
 2013 04 20 00 38 51.967     2013 04 20 00 41 55.531     183.6
 2013 04 20 07 13 11.333     2013 04 20 07 16   .994     169.7
172
 2013 04 20 15 34 40.968     2013 04 20 15 37 18.250     157.3
 2013 04 20 22 09  1.904     2013 04 20 22 12 45.349     223.4
173
 2013 04 20 23 06 26.600     2013 04 20 23 10  5.523     218.9
174
175
 2013 04 20 05 56 12.552     2013 04 20 05 58 53.856     161.3
176
 2013 04 20 12 54 43.174     2013 04 20 12 57 33.863     170.7
177
178
 2013 04 20 02 58 38.853     2013 04 20 03 01 57.641     198.8
 2013 04 20 09 34 19.888     2013 04 20 09 34 35.575      15.7
179
 2013 04 20 01 26 26.515     2013 04 20 01 29 12.948     166.4
 2013 04 20 06 24 43.283     2013 04 20 06 24 50.776       7.5
 2013 04 20 07 59  7.790     2013 04 20 08 02 16.882     189.1
180
 2013 04 20 02 08 22.604     2013 04 20 02 08 34.336      11.7
 2013 04 20 12 02 43.461     2013 04 20 12 05 19.497     156.0
181
 2013 04 20 04 55 19.100     2013 04 20 04 59  3.167     224.1
 2013 04 20 20 13 39.655     2013 04 20 20 17  8.872     209.2
182
 2013 04 20 08 32  3.311     2013 04 20 08 35 48.558     225.2
 2013 04 20 13 27 52.327     2013 04 20 13 31 41.168     228.8
183
 2013 04 20 01 49 25.234     2013 04 20 01 52 55.296     210.1
 2013 04 20 15 28 28.119     2013 04 20 15 31  6.910     158.8
184
 2013 04 20 02 08 22.555     2013 04 20 02 11 16.847     174.3
 2013 04 20 10 25 31.889     2013 04 20 10 28 34.854     183.0
185
 2013 04 20 20 01 28.539     2013 04 20 20 04 31.090     182.6
186
187
 2013 04 20 00 08 30.919     2013 04 20 00 11  8.766     157.8
 2013 04 20 17 09 41.638     2013 04 20 17 13  8.149     206.5
 2013 04 20 23 45 18.722     2013 04 20 23 48  1.914     163.2
188
 2013 04 20 10 48  6.142     2013 04 20 10 51  7.251     181.1
 2013 04 20 19 03 41.929     2013 04 20 19 06 47.240     185.3
189
 2013 04 20 17 45 43.912     2013 04 20 17 48 29.414     165.5
190
 2013 04 20 02 38 56.141     2013 04 20 02 42 12.165     196.0
 2013 04 20 16 12 39.386     2013 04 20 16 15 38.667     179.3
191
 2013 04 20 01 57 23.781     2013 04 20 01 59 54.162     150.4
 2013 04 20 13 45 45.677     2013 04 20 13 48 21.630     156.0
192
 2013 04 20 17 44 54.097     2013 04 20 17 47 24.857     150.8
193
 2013 04 20 01 56 39.570     2013 04 20 01 57 19.535      40.0
194
 2013 04 20 03 44 22.037     2013 04 20 03 46 55.743     153.7
 2013 04 20 11 59  7.282     2013 04 20 12 01 52.074     164.8
195
196
 2013 04 20 05 08 31.108     2013 04 20 05 11 43.109     192.0
197
 2013 04 20 02 08  2.562     2013 04 20 02 10 40.075     157.5
 2013 04 20 10 24 54.734     2013 04 20 10 28 42.395     227.7
198
 2013 04 20 06 48 49.125     2013 04 20 06 51 33.076     164.0
 2013 04 20 16 47 22.153     2013 04 20 16 51  2.022     219.9
199
200
201
202
203
 2013 04 20 02 55 57.039     2013 04 20 02 58 53.592     176.6
 2013 04 20 11 11 30.042     2013 04 20 11 14 25.114     175.1
204
 2013 04 20 06 05 49.476     2013 04 20 06 09 16.460     207.0
 2013 04 20 14 21 49.038     2013 04 20 14 24 54.433     185.4
205
 2013 04 20 11 20 39.231     2013 04 20 11 23  9.397     150.2
206
 2013 04 20 06 38 50.540     2013 04 20 06 41 28.772     158.2
 2013 04 20 18 33 48.921     2013 04 20 18 33 57.293       8.4
207
 2013 04 20 13 42 39.536     2013 04 20 13 46 17.963     218.4
208
 2013 04 20 09 53 33.450     2013 04 20 09 53 59.787      26.3
 2013 04 20 20 02 26.365     2013 04 20 20 02 34.969       8.6
209
 2013 04 20 20 40 57.612     2013 04 20 20 43 37.835     160.2
210
 2013 04 20 09 44 22.427     2013 04 20 09 46 53.180     150.8
 2013 04 20 23 18 22.036     2013 04 20 23 21 49.675     207.6
211
212
 2013 04 20 15 18 22.009     2013 04 20 15 20 57.451     155.4
213
214
 2013 04 20 00 30 38.133     2013 04 20 00 34 12.951     214.8
 2013 04 20 10 28 15.166     2013 04 20 10 31  9.268     174.1
215
216
 2013 04 20 11 14 35.171     2013 04 20 11 17 54.872     199.7
217
 2013 04 20 02 05 17.821     2013 04 20 02 08 58.732     220.9
218
 2013 04 20 02 10 59.425     2013 04 20 02 12 41.114     101.7
219
 2013 04 20 21 47 38.517     2013 04 20 21 50 26.534     168.0
220
 2013 04 20 04 32 29.069     2013 04 20 04 35  4.610     155.5
 2013 04 20 12 45 46.399     2013 04 20 12 47 29.835     103.4
221
 2013 04 20 06 06 52.663     2013 04 20 06 09 36.032     163.4
 2013 04 20 14 19 58.303     2013 04 20 14 23 39.798     221.5
222
 2013 04 20 10 05 44.353     2013 04 20 10 08 25.113     160.8
 2013 04 20 16 38 52.017     2013 04 20 16 41 43.313     171.3
223
 2013 04 20 02 35 45.096     2013 04 20 02 39 17.644     212.5
 2013 04 20 16 15 39.778     2013 04 20 16 19  3.542     203.8
224
 2013 04 20 05 42  7.711     2013 04 20 05 45 48.130     220.4
 2013 04 20 21 03 22.004     2013 04 20 21 06 55.036     213.0
225
226
 2013 04 20 21 04  6.200     2013 04 20 21 07  4.227     178.0
227
 2013 04 20 12 53 36.257     2013 04 20 12 57   .771     204.5
228
 2013 04 20 08 52 52.900     2013 04 20 08 52 55.696       2.8
 2013 04 20 22 33 56.872     2013 04 20 22 37 36.459     219.6
229
230
 2013 04 20 15 29 23.470     2013 04 20 15 29 26.903       3.4
231
 2013 04 20 09 17 53.737     2013 04 20 09 20 29.803     156.1
 2013 04 20 15 51 57.842     2013 04 20 15 54 33.478     155.6
232
 2013 04 20 13 09 52.923     2013 04 20 13 12 30.247     157.3
 2013 04 20 21 25 46.704     2013 04 20 21 28 54.963     188.3
233
 2013 04 20 11 37 30.338     2013 04 20 11 40 35.774     185.4
 2013 04 20 19 50   .209     2013 04 20 19 51  3.705      63.5
234
 2013 04 20 11 41  6.975     2013 04 20 11 44 26.821     199.8
 2013 04 20 16 36 34.098     2013 04 20 16 40 18.047     223.9
235
236
 2013 04 20 04 07 44.028     2013 04 20 04 11  1.312     197.3
 2013 04 20 19 28 47.123     2013 04 20 19 32  5.418     198.3
237
238
 2013 04 20 08 08 52.135     2013 04 20 08 11 33.804     161.7
 2013 04 20 21 45  9.056     2013 04 20 21 47 53.998     164.9
239
 2013 04 20 06 09 30.202     2013 04 20 06 13 12.504     222.3
 2013 04 20 12 44 12.638     2013 04 20 12 47 15.535     182.9
240
 2013 04 20 15 15 33.840     2013 04 20 15 15 38.585       4.7
241
 2013 04 20 14 40 56.048     2013 04 20 14 41 29.079      33.0
242
 2013 04 20 02 59 44.368     2013 04 20 03 02 39.110     174.7
 2013 04 20 09 33 33.658     2013 04 20 09 36 11.030     157.4
243
 2013 04 20 07 15 54.406     2013 04 20 07 18 33.253     158.8
 2013 04 20 22 37  3.765     2013 04 20 22 39 41.329     157.6
244
 2013 04 20 23 21 46.636     2013 04 20 23 24 58.835     192.2
245
 2013 04 20 01 52 20.832     2013 04 20 01 53 14.356      53.5
246
 2013 04 20 14 43 35.756     2013 04 20 14 47  1.145     205.4
 2013 04 20 23 01 36.047     2013 04 20 23 04 51.476     195.4
247
 2013 04 20 11 21 56.778     2013 04 20 11 24 51.254     174.5
248
 2013 04 20 07 24  2.927     2013 04 20 07 27 33.565     210.6
249
 2013 04 20 04 17 46.123     2013 04 20 04 21  5.224     199.1
 2013 04 20 16 09 49.841     2013 04 20 16 10 23.018      33.2
250
 2013 04 20 00 55 14.871     2013 04 20 00 58 16.985     182.1
 2013 04 20 17 56 35.911     2013 04 20 17 59 42.756     186.8
251
 2013 04 20 02 25 48.682     2013 04 20 02 29 35.158     226.5
 2013 04 20 04 03 29.513     2013 04 20 04 04  2.570      33.1
 2013 04 20 21 07 49.061     2013 04 20 21 10 30.895     161.8
252
 2013 04 20 05 01 20.060     2013 04 20 05 03 53.458     153.4
 2013 04 20 18 34 44.082     2013 04 20 18 34 49.890       5.8
253
 2013 04 20 07 37  2.209     2013 04 20 07 40 24.906     202.7
254
 2013 04 20 18 42 50.844     2013 04 20 18 45 45.058     174.2
255
 2013 04 20 10 48 47.340     2013 04 20 10 51 45.471     178.1
 2013 04 20 19 05 14.087     2013 04 20 19 07 46.995     152.9
256
 2013 04 20 12 13 50.254     2013 04 20 12 17 32.877     222.6
257
 2013 04 20 08 27 11.716     2013 04 20 08 30 51.226     219.5
 2013 04 20 16 41 30.954     2013 04 20 16 44  8.710     157.8
258
 2013 04 20 02 47  7.368     2013 04 20 02 50 14.482     187.1
259
 2013 04 20 04 31 38.836     2013 04 20 04 31 49.133      10.3
260
261
 2013 04 20 09 48 56.183     2013 04 20 09 51 47.320     171.1
 2013 04 20 21 39  3.219     2013 04 20 21 41 43.309     160.1
262
 2013 04 20 23 01 45.692     2013 04 20 23 05 11.882     206.2
263
 2013 04 20 06 26 49.130     2013 04 20 06 29 47.863     178.7
264
 2013 04 20 08 56 41.768     2013 04 20 08 59 29.641     167.9
 2013 04 20 22 31 49.848     2013 04 20 22 35 14.692     204.8
265
 2013 04 20 00 15 15.746     2013 04 20 00 15 39.167      23.4
 2013 04 20 13 54  3.784     2013 04 20 13 56 43.458     159.7
266
267
 2013 04 20 00 38 43.126     2013 04 20 00 41 25.437     162.3
 2013 04 20 07 12 52.546     2013 04 20 07 15 31.203     158.7
268
 2013 04 20 07 35 10.790     2013 04 20 07 38 57.744     227.0
 2013 04 20 17 33 38.242     2013 04 20 17 36 11.293     153.1
269
 2013 04 20 09 54 47.863     2013 04 20 09 57 42.738     174.9
 2013 04 20 19 57 38.466     2013 04 20 20 01 19.806     221.3
270
271
 2013 04 20 05 59  2.307     2013 04 20 05 59 13.227      10.9
 2013 04 20 16 02 26.651     2013 04 20 16 04 57.164     150.5
272
 2013 04 20 06 03 56.706     2013 04 20 06 06 39.728     163.0
273
 2013 04 20 11 14 55.254     2013 04 20 11 18 18.726     203.5
274
 2013 04 20 19 30 16.391     2013 04 20 19 32 51.458     155.1
275
 2013 04 20 12 07   .515     2013 04 20 12 07 16.366      15.9
276
 2013 04 20 01 06 45.652     2013 04 20 01 10 21.954     216.3
277
 2013 04 20 08 24 17.632     2013 04 20 08 27 33.395     195.8
278
 2013 04 20 16 24 58.480     2013 04 20 16 27 35.829     157.3
 2013 04 20 21 19 40.576     2013 04 20 21 22 47.677     187.1
279
 2013 04 20 03 24 52.509     2013 04 20 03 27 23.383     150.9
 2013 04 20 17 01 37.290     2013 04 20 17 04 17.243     160.0
280
281
282
 2013 04 20 04 50 25.692     2013 04 20 04 53 30.383     184.7
 2013 04 20 21 52 52.032     2013 04 20 21 55 29.389     157.4
283
 2013 04 20 04 23 37.772     2013 04 20 04 26 14.602     156.8
284
 2013 04 20 05 47 21.721     2013 04 20 05 50  3.855     162.1
 2013 04 20 19 22 37.407     2013 04 20 19 25 12.767     155.4
285
 2013 04 20 02 57  1.969     2013 04 20 03 00 21.928     200.0
 2013 04 20 11 11  1.139     2013 04 20 11 13 49.054     167.9
286
 2013 04 20 20 13 36.186     2013 04 20 20 16 13.325     157.1
287
 2013 04 20 11 38 38.665     2013 04 20 11 39 54.313      75.6
 2013 04 20 18 14 48.498     2013 04 20 18 17 44.398     175.9
288
 2013 04 20 07 39 22.425     2013 04 20 07 42 35.182     192.8
 2013 04 20 15 56 33.133     2013 04 20 15 59  8.213     155.1
289
 2013 04 20 12 55 10.765     2013 04 20 12 58  5.330     174.6
290
 2013 04 20 16 03 36.611     2013 04 20 16 07  5.344     208.7
291
 2013 04 20 12 01 10.193     2013 04 20 12 03 47.307     157.1
292
293
294
295
296
 2013 04 20 14 27 49.068     2013 04 20 14 27 56.989       7.9
297
 2013 04 20 09 42 15.780     2013 04 20 09 45  3.624     167.8
 2013 04 20 23 20 10.387     2013 04 20 23 22 52.216     161.8
298
 2013 04 20 11 26 47.817     2013 04 20 11 29 21.814     154.0
299
 2013 04 20 09 18 40.354     2013 04 20 09 21 18.173     157.8
 2013 04 20 15 52 12.525     2013 04 20 15 55  4.530     172.0
300
 2013 04 20 05 46 50.602     2013 04 20 05 46 57.460       6.9
 2013 04 20 21 00 13.303     2013 04 20 21 00 26.221      12.9
301
302
 2013 04 20 01 43 31.628     2013 04 20 01 46 30.561     178.9
303
 2013 04 20 15 10 43.168     2013 04 20 15 13 27.598     164.4
304
 2013 04 20 02 07 38.382     2013 04 20 02 10 10.855     152.5
305
 2013 04 20 15 36 45.064     2013 04 20 15 39 39.326     174.3
 2013 04 20 17 14  4.970     2013 04 20 17 14 11.556       6.6
 2013 04 20 20 31  3.991     2013 04 20 20 34 47.291     223.3
 2013 04 20 22 09  3.464     2013 04 20 22 12 29.280     205.8
306
 2013 04 20 15 15 36.638     2013 04 20 15 18 23.932     167.3
307
 2013 04 20 17 32 33.835     2013 04 20 17 35 36.244     182.4
308
 2013 04 20 17 44 54.324     2013 04 20 17 47 25.166     150.8
309
 2013 04 20 10 48  5.794     2013 04 20 10 51  8.342     182.5
 2013 04 20 19 05 17.944     2013 04 20 19 08  5.418     167.5
310
 2013 04 20 08 59 51.460     2013 04 20 09 02 25.934     154.5
311
312
 2013 04 20 02 47 53.748     2013 04 20 02 49 27.936      94.2
313
 2013 04 20 07 22 51.397     2013 04 20 07 25 33.346     161.9
 2013 04 20 20 56  9.584     2013 04 20 20 59 45.204     215.6
314
 2013 04 20 04 10 56.090     2013 04 20 04 13 39.764     163.7
 2013 04 20 17 49 19.620     2013 04 20 17 52 44.686     205.1
315
 2013 04 20 01 00  1.681     2013 04 20 01 03 33.793     212.1
316
 2013 04 20 03 44 29.589     2013 04 20 03 47 16.984     167.4
 2013 04 20 11 59 33.837     2013 04 20 12 02 39.290     185.5
317
 2013 04 20 04 18 50.050     2013 04 20 04 21 24.040     154.0
 2013 04 20 16 07 31.929     2013 04 20 16 10 11.610     159.7
318
 2013 04 20 08 02  3.578     2013 04 20 08 04 37.117     153.5
 2013 04 20 23 24 14.081     2013 04 20 23 24 20.039       6.0
319
320
 2013 04 20 01 43 37.511     2013 04 20 01 43 41.407       3.9
 2013 04 20 17 08  5.678     2013 04 20 17 11 18.711     193.0
321
 2013 04 20 08 18 47.969     2013 04 20 08 21 18.769     150.8
322
323
 2013 04 20 06 07  7.414     2013 04 20 06 09 58.789     171.4
 2013 04 20 14 19 31.340     2013 04 20 14 19 34.016       2.7
324
 2013 04 20 13 05 46.180     2013 04 20 13 08 36.646     170.5
 2013 04 20 23 06  7.935     2013 04 20 23 08 54.749     166.8
325
 2013 04 20 08 01 32.503     2013 04 20 08 04 26.728     174.2
326
 2013 04 20 09 47 28.878     2013 04 20 09 50  3.090     154.2
327
328
 2013 04 20 00 56 29.115     2013 04 20 00 59 15.599     166.5
329
 2013 04 20 06 56 45.864     2013 04 20 06 59 19.872     154.0
 2013 04 20 13 30 20.727     2013 04 20 13 33  4.918     164.2
330
 2013 04 20 21 28 16.321     2013 04 20 21 31  4.062     167.7
331
332
 2013 04 20 10 04  6.840     2013 04 20 10 06 42.894     156.1
 2013 04 20 16 38 24.690     2013 04 20 16 42  1.189     216.5
333
 2013 04 20 04 00 41.463     2013 04 20 04 01 32.847      51.4
 2013 04 20 05 38 22.121     2013 04 20 05 38 25.411       3.3
 2013 04 20 22 42 11.310     2013 04 20 22 45 21.543     190.2
334
 2013 04 20 06 26  1.615     2013 04 20 06 29 48.477     226.9
 2013 04 20 23 29  5.189     2013 04 20 23 32 34.744     209.6
335
336
 2013 04 20 11 29  9.003     2013 04 20 11 32 34.687     205.7
 2013 04 20 21 32 37.982     2013 04 20 21 35 53.706     195.7
337
338
 2013 04 20 22 28 50.508     2013 04 20 22 31 35.272     164.8
339
 2013 04 20 12 17  3.598     2013 04 20 12 17 16.100      12.5
 2013 04 20 22 20 13.681     2013 04 20 22 22 45.310     151.6
340
 2013 04 20 08 27  5.832     2013 04 20 08 30 17.023     191.2
 2013 04 20 16 41 55.153     2013 04 20 16 44 30.286     155.1
341
 2013 04 20 18 38 21.484     2013 04 20 18 41 19.262     177.8
342
 2013 04 20 13 11 35.159     2013 04 20 13 11 44.312       9.2
 2013 04 20 21 23 59.830     2013 04 20 21 27 47.513     227.7
343
 2013 04 20 12 18 56.828     2013 04 20 12 22 31.355     214.5
 2013 04 20 22 16 58.261     2013 04 20 22 19 40.856     162.6
344
 2013 04 20 00 14 23.018     2013 04 20 00 16 54.491     151.5
345
 2013 04 20 11 36 23.518     2013 04 20 11 38 58.218     154.7
 2013 04 20 19 51 53.670     2013 04 20 19 54 30.610     156.9
346
347
 2013 04 20 13 59  5.435     2013 04 20 14 01 42.706     157.3
 2013 04 20 22 12 37.166     2013 04 20 22 16  6.767     209.6
348
 2013 04 20 20 13  9.983     2013 04 20 20 15 44.323     154.3
349
 2013 04 20 00 35 18.663     2013 04 20 00 38 33.097     194.4
 2013 04 20 08 51   .130     2013 04 20 08 54  8.991     188.9
350
 2013 04 20 09 16 48.558     2013 04 20 09 20  4.831     196.3
 2013 04 20 15 52 25.552     2013 04 20 15 55 52.109     206.6
351
 2013 04 20 17 44 33.762     2013 04 20 17 44 45.318      11.6
352
353
 2013 04 20 20 11 49.648     2013 04 20 20 12 35.411      45.8
354
 2013 04 20 00 40  5.076     2013 04 20 00 43 43.545     218.5
 2013 04 20 05 35 51.218     2013 04 20 05 39 11.612     200.4
355
 2013 04 20 08 56 51.618     2013 04 20 08 59 25.986     154.4
 2013 04 20 22 31 30.885     2013 04 20 22 34 45.265     194.4
356
 2013 04 20 01 04  5.218     2013 04 20 01 06 57.309     172.1
 2013 04 20 14 38 55.527     2013 04 20 14 41 34.303     158.8
357
 2013 04 20 07 26   .668     2013 04 20 07 28 33.846     153.2
358
 2013 04 20 04 30 24.555     2013 04 20 04 33 45.923     201.4
 2013 04 20 12 45 39.826     2013 04 20 12 48 27.053     167.2
359
360
 2013 04 20 03 24 46.092     2013 04 20 03 27 31.567     165.5
 2013 04 20 17 02 11.519     2013 04 20 17 04 45.863     154.3
361
 2013 04 20 06 56 52.565     2013 04 20 06 59 41.365     168.8
 2013 04 20 13 30 48.179     2013 04 20 13 33 40.793     172.6
362
 2013 04 20 18 32 31.290     2013 04 20 18 35 47.093     195.8
363
 2013 04 20 08 20 17.093     2013 04 20 08 23 53.255     216.2
364
 2013 04 20 09 39  4.288     2013 04 20 09 39 51.831      47.5
365
 2013 04 20 01 42  6.904     2013 04 20 01 45 24.235     197.3
 2013 04 20 18 43 44.139     2013 04 20 18 46 36.120     172.0
366
 2013 04 20 15 37 21.001     2013 04 20 15 41  9.307     228.3
 2013 04 20 20 33 14.546     2013 04 20 20 36 46.547     212.0
367
 2013 04 20 01 18 55.053     2013 04 20 01 21 38.200     163.1
368
 2013 04 20 01 43 39.352     2013 04 20 01 43 54.929      15.6
 2013 04 20 17 08 55.783     2013 04 20 17 09   .643       4.9
369
 2013 04 20 05 49 14.909     2013 04 20 05 52 19.871     185.0
370
 2013 04 20 09 42 11.680     2013 04 20 09 44 46.729     155.0
 2013 04 20 23 19 50.649     2013 04 20 23 22 46.810     176.2
371
 2013 04 20 06 42 12.228     2013 04 20 06 45  3.351     171.1
 2013 04 20 18 28 21.403     2013 04 20 18 28 56.353      35.0
372
373
 2013 04 20 04 54  5.957     2013 04 20 04 56 46.946     161.0
 2013 04 20 20 15 13.388     2013 04 20 20 17 58.750     165.4
374
 2013 04 20 10 05 32.919     2013 04 20 10 06 17.456      44.5
 2013 04 20 16 40 29.672     2013 04 20 16 43 35.791     186.1
375
 2013 04 20 11 33 18.407     2013 04 20 11 36  1.407     163.0
376
 2013 04 20 12 25 17.941     2013 04 20 12 28 39.814     201.9
 2013 04 20 18 59 19.927     2013 04 20 19 03   .744     220.8
377
 2013 04 20 01 52  4.686     2013 04 20 01 54 35.142     150.5
 2013 04 20 15 26  4.579     2013 04 20 15 29 38.674     214.1
378
 2013 04 20 09 56 54.328     2013 04 20 10 00 36.043     221.7
 2013 04 20 19 57 10.802     2013 04 20 20 00 49.007     218.2
379
 2013 04 20 02 33 56.377     2013 04 20 02 35  7.118      70.7
 2013 04 20 17 51 33.696     2013 04 20 17 51 54.863      21.2
380
 2013 04 20 03 17 52.730     2013 04 20 03 18  5.113      12.4
 2013 04 20 18 42 24.704     2013 04 20 18 45 57.575     212.9
381
 2013 04 20 05 13 21.759     2013 04 20 05 15 55.097     153.3
 2013 04 20 15 13 37.053     2013 04 20 15 16 11.900     154.8
382
 2013 04 20 13 09 13.849     2013 04 20 13 12  6.009     172.2
 2013 04 20 21 28 18.734     2013 04 20 21 29  7.426      48.7
383
 2013 04 20 05 00 48.571     2013 04 20 05 01 59.030      70.5
384
 2013 04 20 19 25 25.478     2013 04 20 19 27 57.919     152.4
385
386
387
 2013 04 20 21 37 21.821     2013 04 20 21 37 54.594      32.8
388
 2013 04 20 07 14 59.654     2013 04 20 07 17 36.898     157.2
 2013 04 20 22 37 15.401     2013 04 20 22 40 46.255     210.9
389
 2013 04 20 04 03 16.585     2013 04 20 04 05 52.578     156.0
 2013 04 20 21 06 14.623     2013 04 20 21 08 56.577     162.0
390
 2013 04 20 06 34 32.598     2013 04 20 06 37 18.670     166.1
 2013 04 20 20 10 36.548     2013 04 20 20 13 32.016     175.5
391
 2013 04 20 12 26 37.073     2013 04 20 12 29 21.428     164.4
 2013 04 20 19 00 32.883     2013 04 20 19 03 11.001     158.1
392
 2013 04 20 11 41 47.700     2013 04 20 11 45 11.249     203.5
 2013 04 20 16 37 20.621     2013 04 20 16 40 14.168     173.5
393
 2013 04 20 00 06 25.493     2013 04 20 00 06 27.411       1.9
 2013 04 20 01 40 52.487     2013 04 20 01 43 47.695     175.2
 2013 04 20 18 44 49.633     2013 04 20 18 48 17.233     207.6
 2013 04 20 20 22 31.535     2013 04 20 20 26 17.472     225.9
394
 2013 04 20 21 34 33.861     2013 04 20 21 37 15.985     162.1
395
 2013 04 20 19 20 46.216     2013 04 20 19 23 16.477     150.3
396
 2013 04 20 22 20 13.063     2013 04 20 22 20 28.034      15.0
397
 2013 04 20 01 16 37.745     2013 04 20 01 19 17.562     159.8
 2013 04 20 11 17  3.729     2013 04 20 11 19 50.241     166.5
398
 2013 04 20 01 12 53.777     2013 04 20 01 15 33.694     159.9
399
400
401
 2013 04 20 22 30  5.499     2013 04 20 22 31 28.138      82.6
402
 2013 04 20 00 52 21.554     2013 04 20 00 55  6.282     164.7
 2013 04 20 19 34 15.923     2013 04 20 19 37  2.292     166.4
403
404
 2013 04 20 22 16 16.756     2013 04 20 22 19  2.408     165.7
405
 2013 04 20 08 25 37.571     2013 04 20 08 28 16.422     158.9
406
 2013 04 20 06 50 40.985     2013 04 20 06 53 23.244     162.3
407
408
 2013 04 20 04 32 12.698     2013 04 20 04 35  2.788     170.1
 2013 04 20 12 45 30.914     2013 04 20 12 48 57.041     206.1
409
410
 2013 04 20 04 25 59.582     2013 04 20 04 28 34.747     155.2
 2013 04 20 14 26  7.826     2013 04 20 14 28 39.669     151.8
411
 2013 04 20 00 14 10.657     2013 04 20 00 17 32.278     201.6
412
 2013 04 20 09 16 26.313     2013 04 20 09 19 30.029     183.7
 2013 04 20 15 50 31.697     2013 04 20 15 51 15.441      43.7
413
414
 2013 04 20 19 13 10.563     2013 04 20 19 16 33.516     203.0
415
 2013 04 20 11 20  4.450     2013 04 20 11 20 53.030      48.6
416
 2013 04 20 09 54 49.755     2013 04 20 09 57 20.824     151.1
417
 2013 04 20 08 29 17.475     2013 04 20 08 32  1.860     164.4
418
 2013 04 20 17 31 49.823     2013 04 20 17 34 23.135     153.3
419
 2013 04 20 01 42  3.716     2013 04 20 01 45 40.518     216.8
 2013 04 20 18 45 52.674     2013 04 20 18 48 38.104     165.4
420
 2013 04 20 03 17 35.504     2013 04 20 03 20 30.410     174.9
 2013 04 20 20 18  2.370     2013 04 20 20 19  4.212      61.8
421
 2013 04 20 20 13  7.601     2013 04 20 20 16  8.222     180.6
422
 2013 04 20 02 44 14.151     2013 04 20 02 47 28.444     194.3
 2013 04 20 14 33 58.857     2013 04 20 14 36 32.248     153.4
423
 2013 04 20 08 12  6.255     2013 04 20 08 14 50.084     163.8
424
 2013 04 20 06 58   .408     2013 04 20 07 00 37.770     157.4
 2013 04 20 11 52 42.265     2013 04 20 11 56  1.962     199.7
425
 2013 04 20 21 42 33.372     2013 04 20 21 45 13.623     160.3
426
 2013 04 20 14 48 51.406     2013 04 20 14 51 53.465     182.1
 2013 04 20 21 23 24.582     2013 04 20 21 26  4.969     160.4
427
 2013 04 20 17 31 21.188     2013 04 20 17 31 24.294       3.1
428
 2013 04 20 04 24 16.516     2013 04 20 04 27 12.679     176.2
 2013 04 20 14 27  2.509     2013 04 20 14 30 33.834     211.3
429
 2013 04 20 11 18 38.799     2013 04 20 11 21 34.677     175.9
430
 2013 04 20 05 03 41.518     2013 04 20 05 06 57.268     195.7
 2013 04 20 17 00  8.473     2013 04 20 17 00 13.478       5.0
431
 2013 04 20 11 30  5.328     2013 04 20 11 32 36.104     150.8
 2013 04 20 21 31 27.872     2013 04 20 21 34 43.620     195.7
432
 2013 04 20 23 10 28.523     2013 04 20 23 13 35.971     187.4
433
 2013 04 20 03 40 27.257     2013 04 20 03 42 58.833     151.6
 2013 04 20 13 37 39.240     2013 04 20 13 38  9.623      30.4
434
 2013 04 20 14 29 18.563     2013 04 20 14 32 10.979     172.4
435
 2013 04 20 09 15 16.228     2013 04 20 09 18 45.215     209.0
 2013 04 20 17 28 27.334     2013 04 20 17 31 44.482     197.1
436
 2013 04 20 04 15 12.475     2013 04 20 04 17 52.170     159.7
437
438
 2013 04 20 07 29 21.605     2013 04 20 07 31 58.165     156.6
 2013 04 20 19 15 20.474     2013 04 20 19 18 24.856     184.4
439
 2013 04 20 06 44  7.905     2013 04 20 06 47 36.120     208.2
440
 2013 04 20 05 38  2.341     2013 04 20 05 40 38.132     155.8
 2013 04 20 22 40 56.349     2013 04 20 22 43 30.877     154.5
441
442
 2013 04 20 07 24 43.861     2013 04 20 07 27 22.331     158.5
443
 2013 04 20 20 54  1.571     2013 04 20 20 57  6.776     185.2
444
 2013 04 20 09 44 17.094     2013 04 20 09 47  6.516     169.4
 2013 04 20 23 18 42.833     2013 04 20 23 19 27.043      44.2
445
446
 2013 04 20 03 34 16.880     2013 04 20 03 36 56.450     159.6
447
 2013 04 20 03 31 27.578     2013 04 20 03 34 30.821     183.2
 2013 04 20 15 19 27.567     2013 04 20 15 22 24.665     177.1
448
 2013 04 20 05 37  7.549     2013 04 20 05 39 43.548     156.0
 2013 04 20 22 40 18.178     2013 04 20 22 43 40.644     202.5
449
 2013 04 20 20 08   .853     2013 04 20 20 10 34.463     153.6
450
451
 2013 04 20 11 18 27.134     2013 04 20 11 18 53.792      26.7
452
 2013 04 20 01 58 14.358     2013 04 20 02 01 42.600     208.2
 2013 04 20 13 45 30.504     2013 04 20 13 45 58.390      27.9
453
 2013 04 20 12 49 38.457     2013 04 20 12 52 10.549     152.1
454
 2013 04 20 03 21 30.620     2013 04 20 03 21 45.814      15.2
455
 2013 04 20 09 12 25.531     2013 04 20 09 15 14.594     169.1
456
 2013 04 20 06 48 17.177     2013 04 20 06 51 27.349     190.2
 2013 04 20 16 47 57.925     2013 04 20 16 51 27.156     209.2
457
 2013 04 20 16 24 15.495     2013 04 20 16 26 51.158     155.7
 2013 04 20 21 18 39.307     2013 04 20 21 22 29.761     230.5
 2013 04 20 22 56 38.018     2013 04 20 23 00 13.453     215.4
458
459
 2013 04 20 09 53 47.494     2013 04 20 09 56 52.380     184.9
460
 2013 04 20 10 36 27.708     2013 04 20 10 39  2.876     155.2
 2013 04 20 22 25 47.435     2013 04 20 22 28 28.271     160.8
461
 2013 04 20 03 01 10.107     2013 04 20 03 04 19.990     189.9
 2013 04 20 09 34 42.152     2013 04 20 09 38 15.684     213.5
462
 2013 04 20 06 30  2.318     2013 04 20 06 32 48.097     165.8
 2013 04 20 21 48 58.291     2013 04 20 21 52 21.148     202.9
463
 2013 04 20 00 04 56.902     2013 04 20 00 08 15.325     198.4
 2013 04 20 18 46 27.610     2013 04 20 18 49 33.418     185.8
 2013 04 20 23 41 42.884     2013 04 20 23 45  9.487     206.6
464
 2013 04 20 09 48 16.007     2013 04 20 09 48 43.134      27.1
 2013 04 20 23 16 18.624     2013 04 20 23 16 48.961      30.3
465
 2013 04 20 07 41 39.356     2013 04 20 07 44 37.061     177.7
466
 2013 04 20 13 44  3.710     2013 04 20 13 46 47.564     163.9
467
468
 2013 04 20 15 29  9.929     2013 04 20 15 31 51.227     161.3
469
 2013 04 20 06 28 31.554     2013 04 20 06 32  3.338     211.8
 2013 04 20 21 51 11.442     2013 04 20 21 53 49.023     157.6
470
 2013 04 20 04 57 10.122     2013 04 20 05 00 17.465     187.3
471
 2013 04 20 00 58 46.345     2013 04 20 01 02   .569     194.2
 2013 04 20 16 18 17.338     2013 04 20 16 21  6.322     169.0
472
 2013 04 20 07 44  7.234     2013 04 20 07 44 33.793      26.6
 2013 04 20 14 18 44.333     2013 04 20 14 22 12.549     208.2
473
 2013 04 20 00 59  6.844     2013 04 20 01 01 41.826     155.0
 2013 04 20 16 19  1.085     2013 04 20 16 22  1.565     180.5
474
 2013 04 20 09 41 47.629     2013 04 20 09 44 24.001     156.4
 2013 04 20 23 19 50.366     2013 04 20 23 23 10.733     200.4
475
 2013 04 20 15 35  9.120     2013 04 20 15 38 13.679     184.6
 2013 04 20 22 09  2.552     2013 04 20 22 11 47.775     165.2
476
477
 2013 04 20 04 36 40.278     2013 04 20 04 40  1.904     201.6
 2013 04 20 09 32 11.506     2013 04 20 09 35  7.442     175.9
478
 2013 04 20 08 20   .076     2013 04 20 08 22 32.351     152.3
479
480
 2013 04 20 04 27 32.743     2013 04 20 04 27 32.114       -.6
481
 2013 04 20 01 59 30.556     2013 04 20 02 00 55.306      84.7
 2013 04 20 13 44 23.050     2013 04 20 13 47  8.897     165.8
482
 2013 04 20 11 24 25.785     2013 04 20 11 27  5.322     159.5
 2013 04 20 23 12 52.779     2013 04 20 23 15 30.413     157.6
483
 2013 04 20 01 03 56.687     2013 04 20 01 04 26.822      30.1
484
 2013 04 20 06 08 18.690     2013 04 20 06 11 30.204     191.5
 2013 04 20 12 42 10.117     2013 04 20 12 44 54.162     164.0
485
 2013 04 20 02 38 50.940     2013 04 20 02 41 38.452     167.5
 2013 04 20 16 13 14.980     2013 04 20 16 16  7.314     172.3
486
 2013 04 20 05 51 47.982     2013 04 20 05 54 21.741     153.8
487
 2013 04 20 11 28 49.984     2013 04 20 11 32 21.601     211.6
 2013 04 20 21 32 39.499     2013 04 20 21 36 13.050     213.6
488
 2013 04 20 13 04 26.012     2013 04 20 13 06 59.632     153.6
 2013 04 20 23 06  7.519     2013 04 20 23 09 24.531     197.0
489
 2013 04 20 14 46 32.751     2013 04 20 14 49 11.316     158.6
 2013 04 20 22 59 27.841     2013 04 20 23 00 48.876      81.0
490
 2013 04 20 23 13 48.535     2013 04 20 23 16 57.990     189.5
491
492
 2013 04 20 14 36  6.119     2013 04 20 14 39 42.601     216.5
493
 2013 04 20 05 05 59.994     2013 04 20 05 08 29.698     149.7
 2013 04 20 16 54 54.035     2013 04 20 16 57 37.711     163.7
494
 2013 04 20 10 07 16.626     2013 04 20 10 09 51.889     155.3
 2013 04 20 15 01 53.239     2013 04 20 15 04 47.680     174.4
495
 2013 04 20 00 14 12.674     2013 04 20 00 17 29.079     196.4
496
 2013 04 20 14 45 57.077     2013 04 20 14 49  3.893     186.8
 2013 04 20 23 00 46.766     2013 04 20 23 04 25.766     219.0
497
 2013 04 20 03 42 16.797     2013 04 20 03 45  8.547     171.8
498
499
 2013 04 20 11 34 42.437     2013 04 20 11 37 50.657     188.2
 2013 04 20 19 52 23.365     2013 04 20 19 55 50.103     206.7
