0 51.8498 106.1451 9 24 5
2  45.0 45.0 0.00
1 -29.5375 82.4622 3 22 9
2  45.0 45.0 0.00
2 45.9140 124.2965 2 29 8
2  45.0 45.0 0.00
3 -51.2298 62.9399 2 20 5
2  45.0 45.0 0.00
4 -22.7594 -139.7772 4 28 7
2  45.0 45.0 0.00
5 31.2118 -155.4835 10 23 6
2  45.0 45.0 0.00
6 20.7908 7.1576 3 17 7
2  45.0 45.0 0.00
7 41.2620 -163.4035 9 17 8
2  45.0 45.0 0.00
8 50.1788 -93.9472 1 25 8
2  45.0 45.0 0.00
9 -24.7765 -26.6571 7 26 5
2  45.0 45.0 0.00
10 -47.2894 130.5296 2 17 5
2  45.0 45.0 0.00
11 40.0064 130.3093 6 15 6
2  45.0 45.0 0.00
12 -36.7563 -124.0138 5 16 8
2  45.0 45.0 0.00
13 -9.1935 72.9964 5 22 9
2  45.0 45.0 0.00
14 49.8834 -1.7162 3 23 5
2  45.0 45.0 0.00
15 -48.0972 -42.8465 4 18 9
2  45.0 45.0 0.00
16 -13.9392 -78.0183 7 20 6
2  45.0 45.0 0.00
17 35.3571 -41.5608 2 29 9
2  45.0 45.0 0.00
18 -50.1069 177.7854 10 29 6
2  45.0 45.0 0.00
19 33.6939 -137.6050 9 29 6
2  45.0 45.0 0.00
20 6.7301 142.7691 2 28 9
2  45.0 45.0 0.00
21 6.2160 -85.4521 3 15 9
2  45.0 45.0 0.00
22 -0.3777 52.0122 6 16 7
2  45.0 45.0 0.00
23 39.2158 101.0474 1 28 7
2  45.0 45.0 0.00
24 -49.9562 83.0318 7 25 9
2  45.0 45.0 0.00
25 50.5355 13.9200 3 18 6
2  45.0 45.0 0.00
26 45.4199 -32.0912 6 29 8
2  45.0 45.0 0.00
27 -2.9767 -41.0717 1 21 5
2  45.0 45.0 0.00
28 7.5180 -49.1346 7 17 6
2  45.0 45.0 0.00
29 -12.4216 149.1212 5 20 6
2  45.0 45.0 0.00
30 -49.0589 -107.5608 1 20 8
2  45.0 45.0 0.00
31 35.2819 -104.9471 2 15 8
2  45.0 45.0 0.00
32 -50.8827 179.7599 3 26 6
2  45.0 45.0 0.00
33 -43.9286 66.4130 6 19 7
2  45.0 45.0 0.00
34 -1.6909 -61.3787 6 28 9
2  45.0 45.0 0.00
35 17.5112 26.0211 1 20 6
2  45.0 45.0 0.00
36 -46.3724 -124.8155 9 29 6
2  45.0 45.0 0.00
37 24.0905 -174.1276 6 19 8
2  45.0 45.0 0.00
38 -25.0756 -43.1277 3 26 8
2  45.0 45.0 0.00
39 7.5887 30.6639 7 28 8
2  45.0 45.0 0.00
40 21.0235 42.0568 5 28 8
2  45.0 45.0 0.00
41 22.0137 -75.9985 6 21 7
2  45.0 45.0 0.00
42 -25.3799 120.2435 5 24 9
2  45.0 45.0 0.00
43 38.8685 -173.2239 2 23 8
2  45.0 45.0 0.00
44 -45.6577 -51.2481 9 25 6
2  45.0 45.0 0.00
45 -41.9922 19.5095 4 16 6
2  45.0 45.0 0.00
46 -44.5176 68.0155 5 24 9
2  45.0 45.0 0.00
47 -5.7558 -89.7294 2 19 8
2  45.0 45.0 0.00
48 -6.5321 25.5387 8 26 5
2  45.0 45.0 0.00
49 -7.4807 96.0467 10 29 8
2  45.0 45.0 0.00
50 5.5935 -162.7516 8 16 9
2  45.0 45.0 0.00
51 -16.8868 158.3828 4 25 6
2  45.0 45.0 0.00
52 -36.7308 -123.4722 5 16 5
2  45.0 45.0 0.00
53 7.5933 -117.3538 5 24 8
2  45.0 45.0 0.00
54 12.2888 86.0976 8 27 9
2  45.0 45.0 0.00
55 -0.1774 39.8016 5 23 6
2  45.0 45.0 0.00
56 -17.2726 32.3270 9 22 8
2  45.0 45.0 0.00
57 -49.5963 28.4506 10 27 8
2  45.0 45.0 0.00
58 0.6093 27.1967 9 28 6
2  45.0 45.0 0.00
59 -23.1764 -11.4070 7 24 8
2  45.0 45.0 0.00
60 -25.9265 -132.5065 5 19 9
2  45.0 45.0 0.00
61 33.2425 -95.7104 2 16 7
2  45.0 45.0 0.00
62 24.3939 -40.6383 9 21 7
2  45.0 45.0 0.00
63 6.7507 51.9730 1 22 5
2  45.0 45.0 0.00
64 52.2162 -51.6169 4 15 9
2  45.0 45.0 0.00
65 -48.7191 123.0627 3 22 6
2  45.0 45.0 0.00
66 -49.8187 166.1076 2 27 9
2  45.0 45.0 0.00
67 -31.2568 -82.9105 7 24 7
2  45.0 45.0 0.00
68 31.5851 -18.4743 2 21 8
2  45.0 45.0 0.00
69 -40.4250 -132.2146 1 21 6
2  45.0 45.0 0.00
70 14.5204 168.7271 1 22 6
2  45.0 45.0 0.00
71 42.2718 -132.8096 5 22 8
2  45.0 45.0 0.00
72 50.0074 82.8432 1 26 6
2  45.0 45.0 0.00
73 28.4844 15.0644 9 24 9
2  45.0 45.0 0.00
74 -21.8367 -167.2560 9 15 5
2  45.0 45.0 0.00
75 4.6559 161.3919 6 18 8
2  45.0 45.0 0.00
76 43.2108 -22.3961 1 19 6
2  45.0 45.0 0.00
77 -46.4995 -6.7879 6 22 6
2  45.0 45.0 0.00
78 -45.1518 96.4612 8 28 6
2  45.0 45.0 0.00
79 -45.8076 56.6941 2 17 9
2  45.0 45.0 0.00
80 8.1393 -0.3518 4 23 6
2  45.0 45.0 0.00
81 10.7680 161.3682 8 21 8
2  45.0 45.0 0.00
82 47.7509 150.5128 9 26 8
2  45.0 45.0 0.00
83 3.6018 -14.6970 2 22 8
2  45.0 45.0 0.00
84 -22.5169 -172.8786 8 18 5
2  45.0 45.0 0.00
85 2.7608 -136.6832 8 24 9
2  45.0 45.0 0.00
86 40.9626 106.8978 6 18 6
2  45.0 45.0 0.00
87 -9.6856 141.6014 6 28 7
2  45.0 45.0 0.00
88 -41.0134 -160.4436 10 26 7
2  45.0 45.0 0.00
89 -36.4695 175.9537 8 19 6
2  45.0 45.0 0.00
90 11.5198 -133.6640 7 21 6
2  45.0 45.0 0.00
91 6.0425 -92.2654 1 21 7
2  45.0 45.0 0.00
92 -1.9864 -63.5173 3 22 6
2  45.0 45.0 0.00
93 -36.7246 63.6403 1 20 5
2  45.0 45.0 0.00
94 14.9081 17.9078 8 15 9
2  45.0 45.0 0.00
95 -28.2752 -95.5668 7 26 6
2  45.0 45.0 0.00
96 3.9522 110.8750 7 21 6
2  45.0 45.0 0.00
97 27.3192 -40.5595 10 15 6
2  45.0 45.0 0.00
98 -35.5186 -9.4998 10 20 6
2  45.0 45.0 0.00
99 30.6889 13.4183 5 23 7
2  45.0 45.0 0.00
100 -2.2080 37.8180 7 18 7
2  45.0 45.0 0.00
101 -46.7530 -151.3307 10 23 7
2  45.0 45.0 0.00
102 -18.8184 -7.1935 9 16 9
2  45.0 45.0 0.00
103 18.3671 150.7907 8 18 6
2  45.0 45.0 0.00
104 28.2179 54.8300 3 15 5
2  45.0 45.0 0.00
105 -35.2947 -106.4496 7 27 6
2  45.0 45.0 0.00
106 20.7739 60.3277 9 19 8
2  45.0 45.0 0.00
107 45.8169 30.2454 2 29 6
2  45.0 45.0 0.00
108 18.8777 110.1304 9 21 7
2  45.0 45.0 0.00
109 19.5995 -38.0821 7 21 7
2  45.0 45.0 0.00
110 39.2894 -64.6919 8 18 6
2  45.0 45.0 0.00
111 34.6476 27.8326 9 16 9
2  45.0 45.0 0.00
112 37.5905 -88.7120 9 17 8
2  45.0 45.0 0.00
113 16.4184 -105.2558 2 20 8
2  45.0 45.0 0.00
114 -43.5385 168.1177 8 28 7
2  45.0 45.0 0.00
115 48.7907 -106.9522 6 22 7
2  45.0 45.0 0.00
116 28.9183 101.2654 10 19 8
2  45.0 45.0 0.00
117 -13.1780 -32.7437 10 15 9
2  45.0 45.0 0.00
118 -15.3783 -3.2238 4 16 7
2  45.0 45.0 0.00
119 -8.0015 43.3314 10 25 7
2  45.0 45.0 0.00
120 -2.4085 -171.2527 10 24 8
2  45.0 45.0 0.00
121 42.7881 -23.6327 7 27 8
2  45.0 45.0 0.00
122 13.1391 -144.2530 10 23 9
2  45.0 45.0 0.00
123 -45.2265 155.2088 1 23 8
2  45.0 45.0 0.00
124 -26.9404 -113.7898 8 22 7
2  45.0 45.0 0.00
125 10.4107 131.6601 5 20 7
2  45.0 45.0 0.00
126 -16.9680 -8.5136 2 15 7
2  45.0 45.0 0.00
127 26.3427 -137.4119 5 24 9
2  45.0 45.0 0.00
128 46.7805 38.8870 1 20 9
2  45.0 45.0 0.00
129 -25.9038 141.9042 8 17 7
2  45.0 45.0 0.00
130 -0.7019 -154.2136 10 29 8
2  45.0 45.0 0.00
131 -21.9038 -0.2844 8 18 6
2  45.0 45.0 0.00
132 -48.9785 -152.1315 1 20 7
2  45.0 45.0 0.00
133 -37.3541 -158.1366 6 16 7
2  45.0 45.0 0.00
134 48.2336 -62.9468 3 23 8
2  45.0 45.0 0.00
135 14.6096 123.9803 8 23 8
2  45.0 45.0 0.00
136 21.6278 71.1783 2 27 7
2  45.0 45.0 0.00
137 -24.5607 -3.2262 7 20 8
2  45.0 45.0 0.00
138 -26.5735 136.7253 2 19 9
2  45.0 45.0 0.00
139 38.5748 -83.4467 1 26 6
2  45.0 45.0 0.00
140 -32.3413 112.8270 6 25 6
2  45.0 45.0 0.00
141 -35.1675 -3.6284 10 19 9
2  45.0 45.0 0.00
142 -5.4091 149.2542 1 22 5
2  45.0 45.0 0.00
143 -16.9366 -100.7025 4 27 9
2  45.0 45.0 0.00
144 16.5958 81.7288 3 19 6
2  45.0 45.0 0.00
145 -45.0244 -178.7859 1 25 8
2  45.0 45.0 0.00
146 -13.8200 -162.3448 10 18 5
2  45.0 45.0 0.00
147 41.4066 -171.7468 10 24 7
2  45.0 45.0 0.00
148 29.5077 -119.1436 5 21 8
2  45.0 45.0 0.00
149 -17.5206 -52.4930 7 18 7
2  45.0 45.0 0.00
150 15.2261 -12.0108 7 28 5
2  45.0 45.0 0.00
151 -3.4059 5.2465 10 19 5
2  45.0 45.0 0.00
152 -35.5250 109.3202 9 25 9
2  45.0 45.0 0.00
153 -10.6075 74.1671 8 20 5
2  45.0 45.0 0.00
154 -19.3667 29.6058 5 18 7
2  45.0 45.0 0.00
155 -1.3230 -70.2328 6 24 8
2  45.0 45.0 0.00
156 23.4319 104.1099 7 17 9
2  45.0 45.0 0.00
157 42.7165 -125.5479 3 16 6
2  45.0 45.0 0.00
158 -13.1382 70.0753 6 21 8
2  45.0 45.0 0.00
159 50.3189 -10.6620 4 21 9
2  45.0 45.0 0.00
160 13.6413 171.9001 3 16 5
2  45.0 45.0 0.00
161 -46.4912 -95.2590 4 22 7
2  45.0 45.0 0.00
162 -35.7263 144.4823 5 25 7
2  45.0 45.0 0.00
163 -13.1796 52.3187 2 26 8
2  45.0 45.0 0.00
164 -26.6407 27.8447 9 17 8
2  45.0 45.0 0.00
165 13.0001 -132.5046 2 23 5
2  45.0 45.0 0.00
166 -51.1837 131.4118 6 24 6
2  45.0 45.0 0.00
167 25.8169 72.3202 1 16 7
2  45.0 45.0 0.00
168 17.7650 62.1512 3 23 9
2  45.0 45.0 0.00
169 -2.6802 -174.5353 4 29 7
2  45.0 45.0 0.00
170 -18.0860 70.3025 10 26 5
2  45.0 45.0 0.00
171 -47.5574 123.2347 1 22 9
2  45.0 45.0 0.00
172 45.5241 65.4421 8 20 5
2  45.0 45.0 0.00
173 -21.4197 -91.0821 5 19 7
2  45.0 45.0 0.00
174 18.5261 13.6795 5 18 7
2  45.0 45.0 0.00
175 8.0593 -176.1078 2 19 6
2  45.0 45.0 0.00
176 11.3910 -117.8357 7 15 5
2  45.0 45.0 0.00
177 -18.8838 -136.1932 3 22 6
2  45.0 45.0 0.00
178 42.5311 -99.1426 1 17 8
2  45.0 45.0 0.00
179 51.4959 -72.1184 3 23 7
2  45.0 45.0 0.00
180 -28.8616 67.2160 1 23 5
2  45.0 45.0 0.00
181 30.8861 -13.9401 3 19 9
2  45.0 45.0 0.00
182 -48.7034 10.3477 5 18 6
2  45.0 45.0 0.00
183 27.2202 48.3060 2 18 9
2  45.0 45.0 0.00
184 -34.3184 82.0119 1 15 7
2  45.0 45.0 0.00
185 -5.2819 -42.9053 6 21 5
2  45.0 45.0 0.00
186 -23.7059 -13.1909 2 28 6
2  45.0 45.0 0.00
187 44.5996 49.1396 4 29 9
2  45.0 45.0 0.00
188 38.2207 126.2020 5 23 9
2  45.0 45.0 0.00
189 -13.5157 -176.6006 10 27 8
2  45.0 45.0 0.00
190 -15.7275 -145.9883 6 26 6
2  45.0 45.0 0.00
191 -0.0096 57.6460 9 16 7
2  45.0 45.0 0.00
192 -9.4807 -176.9287 9 16 9
2  45.0 45.0 0.00
193 8.1806 48.2446 2 15 9
2  45.0 45.0 0.00
194 -40.2487 59.2260 3 19 6
2  45.0 45.0 0.00
195 -18.4779 -112.4429 3 17 7
2  45.0 45.0 0.00
196 -6.2829 17.1537 2 27 8
2  45.0 45.0 0.00
197 -33.7204 79.6708 9 23 6
2  45.0 45.0 0.00
198 -25.3739 2.4329 9 21 5
2  45.0 45.0 0.00
199 37.3164 92.4572 1 25 8
2  45.0 45.0 0.00
200 25.2789 -179.1220 4 28 6
2  45.0 45.0 0.00
201 19.8338 105.8283 5 20 5
2  45.0 45.0 0.00
202 -19.9014 -13.5574 6 25 6
2  45.0 45.0 0.00
203 38.4685 -113.5157 4 21 9
2  45.0 45.0 0.00
204 37.7220 -152.2029 1 25 5
2  45.0 45.0 0.00
205 12.0349 -91.4592 10 18 6
2  45.0 45.0 0.00
206 7.2986 -15.7622 4 23 5
2  45.0 45.0 0.00
207 -6.5414 50.4251 5 21 6
2  45.0 45.0 0.00
208 -11.8810 -49.5509 2 21 8
2  45.0 45.0 0.00
209 31.6180 110.6476 6 15 8
2  45.0 45.0 0.00
210 17.7405 -71.1216 2 26 8
2  45.0 45.0 0.00
211 17.0942 -62.3284 6 28 7
2  45.0 45.0 0.00
212 -6.2366 30.6799 9 29 8
2  45.0 45.0 0.00
213 37.7397 142.7831 10 25 9
2  45.0 45.0 0.00
214 -29.3789 92.9170 10 18 9
2  45.0 45.0 0.00
215 -0.6881 49.6832 7 28 7
2  45.0 45.0 0.00
216 32.4554 -99.3131 2 22 6
2  45.0 45.0 0.00
217 -24.7600 77.3244 8 29 7
2  45.0 45.0 0.00
218 -41.1891 93.4453 8 15 7
2  45.0 45.0 0.00
219 32.0855 -45.0827 7 25 8
2  45.0 45.0 0.00
220 42.5763 -129.8295 8 15 8
2  45.0 45.0 0.00
221 43.3816 -154.9224 10 28 9
2  45.0 45.0 0.00
222 -50.5347 -24.5962 1 21 6
2  45.0 45.0 0.00
223 -29.9944 -145.4231 10 26 5
2  45.0 45.0 0.00
224 -38.0280 161.3229 8 17 6
2  45.0 45.0 0.00
225 -3.8933 92.8118 9 27 5
2  45.0 45.0 0.00
226 -40.4137 161.3159 9 16 8
2  45.0 45.0 0.00
227 17.6830 -114.0464 3 25 6
2  45.0 45.0 0.00
228 -32.1440 119.4472 8 29 7
2  45.0 45.0 0.00
229 19.0531 -64.8393 8 26 7
2  45.0 45.0 0.00
230 21.9045 39.4965 5 24 5
2  45.0 45.0 0.00
231 48.0757 165.5006 6 27 9
2  45.0 45.0 0.00
232 -36.9463 -88.4597 5 25 5
2  45.0 45.0 0.00
233 -45.0333 -59.5142 10 25 9
2  45.0 45.0 0.00
234 -49.4141 -38.6862 4 22 6
2  45.0 45.0 0.00
235 -20.1986 176.3665 6 26 7
2  45.0 45.0 0.00
236 -37.8018 -176.0072 2 20 8
2  45.0 45.0 0.00
237 0.9568 -69.6410 2 15 5
2  45.0 45.0 0.00
238 21.9522 -47.3139 4 26 9
2  45.0 45.0 0.00
239 46.9025 -137.9445 7 26 7
2  45.0 45.0 0.00
240 -16.4233 32.6907 7 26 5
2  45.0 45.0 0.00
241 -19.7045 -129.1693 5 20 7
2  45.0 45.0 0.00
242 49.1455 -101.1999 3 19 9
2  45.0 45.0 0.00
243 -38.1220 128.9777 4 15 5
2  45.0 45.0 0.00
244 28.4721 -64.7617 5 24 8
2  45.0 45.0 0.00
245 17.5172 54.7972 7 24 8
2  45.0 45.0 0.00
246 -32.5816 -108.8117 6 18 9
2  45.0 45.0 0.00
247 5.5727 -91.1170 8 19 6
2  45.0 45.0 0.00
248 -14.0100 151.8100 9 21 9
2  45.0 45.0 0.00
249 -1.2500 -162.3977 4 28 7
2  45.0 45.0 0.00
250 -44.0743 -145.2691 5 26 5
2  45.0 45.0 0.00
251 -50.3546 174.0024 9 16 7
2  45.0 45.0 0.00
252 17.1607 2.3411 8 26 9
2  45.0 45.0 0.00
253 28.1845 174.9772 1 22 5
2  45.0 45.0 0.00
254 41.7069 18.1565 8 26 6
2  45.0 45.0 0.00
255 36.7725 132.8132 1 26 6
2  45.0 45.0 0.00
256 12.3343 83.6424 2 16 5
2  45.0 45.0 0.00
257 -42.8079 -16.5445 5 17 9
2  45.0 45.0 0.00
258 7.3386 -126.8191 8 27 7
2  45.0 45.0 0.00
259 38.3007 -124.8118 2 21 8
2  45.0 45.0 0.00
260 0.2289 24.4769 6 28 8
2  45.0 45.0 0.00
261 3.5796 -60.7665 7 22 5
2  45.0 45.0 0.00
262 -36.4607 -101.5357 1 26 6
2  45.0 45.0 0.00
263 45.5327 -40.9343 2 24 7
2  45.0 45.0 0.00
264 -19.9440 122.1894 10 22 6
2  45.0 45.0 0.00
265 26.0481 74.3979 2 19 5
2  45.0 45.0 0.00
266 20.5226 -34.3457 2 15 8
2  45.0 45.0 0.00
267 -47.8728 120.6877 7 20 7
2  45.0 45.0 0.00
268 28.0844 163.9140 10 16 9
2  45.0 45.0 0.00
269 -15.7648 -50.5054 7 22 6
2  45.0 45.0 0.00
270 -2.6465 0.5421 3 29 8
2  45.0 45.0 0.00
271 17.2509 -166.2175 3 24 7
2  45.0 45.0 0.00
272 34.6736 -163.1842 9 20 9
2  45.0 45.0 0.00
273 26.6522 -105.2097 4 15 8
2  45.0 45.0 0.00
274 -43.0031 -175.0315 2 17 7
2  45.0 45.0 0.00
275 -15.2076 81.0132 3 24 8
2  45.0 45.0 0.00
276 -12.0809 -111.2221 9 29 9
2  45.0 45.0 0.00
277 -32.6370 -23.4813 8 18 7
2  45.0 45.0 0.00
278 -51.9309 -112.2444 10 27 8
2  45.0 45.0 0.00
279 23.1331 21.5917 2 19 7
2  45.0 45.0 0.00
280 -37.7864 -73.8468 9 27 6
2  45.0 45.0 0.00
281 -4.1094 -50.4336 2 21 7
2  45.0 45.0 0.00
282 46.3970 -29.1208 10 15 8
2  45.0 45.0 0.00
283 14.4223 -149.3794 5 22 5
2  45.0 45.0 0.00
284 -19.4338 166.3089 2 24 8
2  45.0 45.0 0.00
285 43.0466 -111.0629 1 22 7
2  45.0 45.0 0.00
286 31.4348 -17.8976 6 15 8
2  45.0 45.0 0.00
287 -43.3371 -46.8502 8 26 8
2  45.0 45.0 0.00
288 35.2129 -179.6793 3 25 7
2  45.0 45.0 0.00
289 9.6435 -117.1602 1 16 5
2  45.0 45.0 0.00
290 14.1171 -159.8445 5 17 7
2  45.0 45.0 0.00
291 -33.7551 63.7511 6 16 5
2  45.0 45.0 0.00
292 -24.4076 132.4208 3 15 5
2  45.0 45.0 0.00
293 -1.3331 -49.1733 2 18 5
2  45.0 45.0 0.00
294 -24.7829 -58.7961 4 25 9
2  45.0 45.0 0.00
295 -19.5283 -88.2702 4 16 8
2  45.0 45.0 0.00
296 24.5438 -153.6816 6 19 9
2  45.0 45.0 0.00
297 25.5002 -72.8768 9 24 6
2  45.0 45.0 0.00
298 -9.1083 -82.0452 6 24 7
2  45.0 45.0 0.00
299 49.2223 169.7342 10 25 7
2  45.0 45.0 0.00
300 -28.8777 154.4513 6 16 8
2  45.0 45.0 0.00
301 -21.5708 -62.7759 3 19 5
2  45.0 45.0 0.00
302 45.2356 31.2343 3 21 8
2  45.0 45.0 0.00
303 -32.1569 18.2361 5 16 5
2  45.0 45.0 0.00
304 -32.8750 77.8421 4 15 7
2  45.0 45.0 0.00
305 52.3748 72.7526 10 17 9
2  45.0 45.0 0.00
306 -16.5056 28.3279 4 25 5
2  45.0 45.0 0.00
307 32.0664 164.1281 3 22 8
2  45.0 45.0 0.00
308 -9.0158 -176.2149 6 23 9
2  45.0 45.0 0.00
309 34.6950 131.2089 6 15 5
2  45.0 45.0 0.00
310 -9.1472 126.4143 8 22 5
2  45.0 45.0 0.00
311 1.2021 145.0991 4 24 9
2  45.0 45.0 0.00
312 10.0076 -123.3877 3 21 8
2  45.0 45.0 0.00
313 -16.1054 144.3087 9 18 6
2  45.0 45.0 0.00
314 -27.4835 -171.0401 7 21 7
2  45.0 45.0 0.00
315 -33.9895 -124.2665 10 15 9
2  45.0 45.0 0.00
316 -39.2589 62.2051 2 16 5
2  45.0 45.0 0.00
317 -0.7276 -158.6771 10 24 8
2  45.0 45.0 0.00
318 42.3428 -65.2582 8 25 7
2  45.0 45.0 0.00
319 -25.6850 36.9041 10 27 5
2  45.0 45.0 0.00
320 45.2041 36.4004 3 25 7
2  45.0 45.0 0.00
321 -11.7854 -32.1523 6 29 5
2  45.0 45.0 0.00
322 -15.2083 130.9700 2 26 8
2  45.0 45.0 0.00
323 44.6917 -154.5091 2 19 8
2  45.0 45.0 0.00
324 -22.3839 -94.7158 4 22 7
2  45.0 45.0 0.00
325 44.7314 -64.3934 8 29 7
2  45.0 45.0 0.00
326 8.1443 -64.5211 8 29 8
2  45.0 45.0 0.00
327 3.0232 168.4246 3 25 7
2  45.0 45.0 0.00
328 -44.2605 -137.3247 6 24 8
2  45.0 45.0 0.00
329 -49.2206 24.1655 5 15 6
2  45.0 45.0 0.00
330 -33.1906 -77.9159 1 15 8
2  45.0 45.0 0.00
331 20.0926 -134.6332 10 17 8
2  45.0 45.0 0.00
332 -45.8251 -30.6021 7 20 6
2  45.0 45.0 0.00
333 -49.2104 152.1939 6 16 7
2  45.0 45.0 0.00
334 48.1000 -40.0643 6 26 6
2  45.0 45.0 0.00
335 -34.9494 45.8513 4 27 5
2  45.0 45.0 0.00
336 -15.3840 -72.9776 8 24 7
2  45.0 45.0 0.00
337 -21.9138 -83.0093 6 18 8
2  45.0 45.0 0.00
338 -10.3348 114.3571 6 15 9
2  45.0 45.0 0.00
339 17.7501 98.3337 5 18 5
2  45.0 45.0 0.00
340 -41.0332 -16.2927 4 23 8
2  45.0 45.0 0.00
341 31.6061 1.5888 2 27 6
2  45.0 45.0 0.00
342 -46.4080 -85.4904 8 15 9
2  45.0 45.0 0.00
343 28.6628 93.0963 3 27 9
2  45.0 45.0 0.00
344 28.2312 66.4299 4 21 9
2  45.0 45.0 0.00
345 -38.5718 -60.1718 2 27 8
2  45.0 45.0 0.00
346 -10.9032 -49.5318 7 27 8
2  45.0 45.0 0.00
347 42.4133 85.5766 7 28 7
2  45.0 45.0 0.00
348 30.6184 -19.8446 8 27 9
2  45.0 45.0 0.00
349 -38.1626 111.2980 5 17 8
2  45.0 45.0 0.00
350 43.3384 166.0296 8 21 8
2  45.0 45.0 0.00
351 -7.5932 -171.3452 7 24 7
2  45.0 45.0 0.00
352 -3.6767 49.6000 10 16 8
2  45.0 45.0 0.00
353 21.1763 -32.1099 4 18 6
2  45.0 45.0 0.00
354 -49.5348 131.2419 4 20 5
2  45.0 45.0 0.00
355 -18.9256 121.0184 6 23 7
2  45.0 45.0 0.00
356 -18.3429 -122.1142 1 18 5
2  45.0 45.0 0.00
357 -6.7897 150.8704 8 17 5
2  45.0 45.0 0.00
358 39.8649 -138.1221 3 19 7
2  45.0 45.0 0.00
359 -36.9860 -50.7732 3 16 7
2  45.0 45.0 0.00
360 24.2920 23.4127 8 28 6
2  45.0 45.0 0.00
361 -48.3050 26.8531 7 20 5
2  45.0 45.0 0.00
362 9.7736 -4.4006 3 17 7
2  45.0 45.0 0.00
363 -20.7208 -31.9482 7 15 5
2  45.0 45.0 0.00
364 29.7534 -84.8543 10 16 5
2  45.0 45.0 0.00
365 44.1345 21.0343 5 28 9
2  45.0 45.0 0.00
366 49.0243 83.5831 4 15 8
2  45.0 45.0 0.00
367 27.7634 -92.5326 4 29 6
2  45.0 45.0 0.00
368 38.3036 26.1347 7 29 9
2  45.0 45.0 0.00
369 -11.8393 168.9224 7 26 9
2  45.0 45.0 0.00
370 25.4209 -74.1956 10 16 7
2  45.0 45.0 0.00
371 -3.7232 -9.2534 10 27 8
2  45.0 45.0 0.00
372 -1.4984 50.8956 8 22 9
2  45.0 45.0 0.00
373 38.1631 -15.8968 4 21 6
2  45.0 45.0 0.00
374 -46.4751 -17.0763 9 25 6
2  45.0 45.0 0.00
375 -30.9419 -70.0995 1 18 7
2  45.0 45.0 0.00
376 47.3962 110.0642 2 16 9
2  45.0 45.0 0.00
377 17.8707 48.9349 7 22 8
2  45.0 45.0 0.00
378 -22.5120 -43.8559 9 17 7
2  45.0 45.0 0.00
379 -29.6824 -157.1489 3 17 7
2  45.0 45.0 0.00
380 45.8414 11.6261 8 22 9
2  45.0 45.0 0.00
381 -22.5510 23.2557 9 26 7
2  45.0 45.0 0.00
382 -36.0828 -90.9308 8 21 8
2  45.0 45.0 0.00
383 19.0938 5.9517 9 24 5
2  45.0 45.0 0.00
384 -29.2455 170.6688 7 25 7
2  45.0 45.0 0.00
385 19.4380 -84.4148 6 17 5
2  45.0 45.0 0.00
386 -37.6702 -119.8340 9 25 8
2  45.0 45.0 0.00
387 -9.0270 -71.5766 2 17 9
2  45.0 45.0 0.00
388 -41.9768 127.8301 4 15 9
2  45.0 45.0 0.00
389 -48.7379 164.6803 7 22 8
2  45.0 45.0 0.00
390 21.5652 -22.7629 6 29 9
2  45.0 45.0 0.00
391 48.5889 115.9539 6 16 6
2  45.0 45.0 0.00
392 -50.6956 -35.1607 3 25 7
2  45.0 45.0 0.00
393 52.2017 20.6477 7 25 7
2  45.0 45.0 0.00
394 -12.8309 -65.8933 5 24 9
2  45.0 45.0 0.00
395 -13.8844 161.8865 6 26 8
2  45.0 45.0 0.00
396 23.9488 87.1969 6 21 7
2  45.0 45.0 0.00
397 22.0322 -99.7114 2 27 5
2  45.0 45.0 0.00
398 9.8310 -106.4412 3 28 8
2  45.0 45.0 0.00
399 21.3761 -114.0642 4 21 6
2  45.0 45.0 0.00
400 -1.8175 -96.5489 7 15 6
2  45.0 45.0 0.00
401 -12.0329 107.6701 2 16 6
2  45.0 45.0 0.00
402 -52.0777 -157.2149 2 20 8
2  45.0 45.0 0.00
403 -23.3702 174.7819 5 16 7
2  45.0 45.0 0.00
404 28.5612 88.4421 10 23 6
2  45.0 45.0 0.00
405 -34.4899 -19.0100 9 27 7
2  45.0 45.0 0.00
406 -33.2988 3.5385 9 21 5
2  45.0 45.0 0.00
407 -0.6229 74.6071 1 16 7
2  45.0 45.0 0.00
408 43.3293 -131.9733 8 22 5
2  45.0 45.0 0.00
409 3.1220 120.3721 3 16 6
2  45.0 45.0 0.00
410 22.9126 -146.2342 1 15 6
2  45.0 45.0 0.00
411 25.1412 63.5068 10 26 7
2  45.0 45.0 0.00
412 46.5645 158.5436 10 23 7
2  45.0 45.0 0.00
413 -0.1196 45.0625 10 19 8
2  45.0 45.0 0.00
414 7.6621 146.6525 10 24 8
2  45.0 45.0 0.00
415 14.4200 -87.1500 1 23 5
2  45.0 45.0 0.00
416 -16.9328 -53.2939 3 23 7
2  45.0 45.0 0.00
417 -43.2410 -5.3525 2 15 5
2  45.0 45.0 0.00
418 33.6779 159.6832 4 23 7
2  45.0 45.0 0.00
419 49.6470 28.9645 9 15 5
2  45.0 45.0 0.00
420 42.8536 1.0540 8 20 6
2  45.0 45.0 0.00
421 32.7315 -21.7427 5 20 6
2  45.0 45.0 0.00
422 -2.1980 -131.2565 3 25 6
2  45.0 45.0 0.00
423 9.2566 -44.4131 7 15 6
2  45.0 45.0 0.00
424 -51.5435 30.5551 9 18 6
2  45.0 45.0 0.00
425 13.6443 -52.5916 2 17 8
2  45.0 45.0 0.00
426 -47.1085 -93.1328 1 22 6
2  45.0 45.0 0.00
427 35.7569 165.1864 4 18 5
2  45.0 45.0 0.00
428 16.1611 -146.6303 4 24 9
2  45.0 45.0 0.00
429 19.3257 -92.5752 9 19 9
2  45.0 45.0 0.00
430 9.7242 9.3162 3 25 5
2  45.0 45.0 0.00
431 -19.1431 -75.2046 7 15 5
2  45.0 45.0 0.00
432 -4.7831 -90.7880 9 24 6
2  45.0 45.0 0.00
433 -27.7755 49.9666 3 20 9
2  45.0 45.0 0.00
434 13.6184 -137.5864 8 15 5
2  45.0 45.0 0.00
435 44.6309 154.1881 3 20 7
2  45.0 45.0 0.00
436 -12.0974 -165.3903 5 20 7
2  45.0 45.0 0.00
437 3.1484 21.3057 5 19 8
2  45.0 45.0 0.00
438 4.9005 155.7478 1 16 5
2  45.0 45.0 0.00
439 -10.1069 -3.9952 9 19 8
2  45.0 45.0 0.00
440 -48.3867 142.4257 7 21 5
2  45.0 45.0 0.00
441 -2.7642 1.3179 7 25 9
2  45.0 45.0 0.00
442 -11.5430 149.7606 8 22 8
2  45.0 45.0 0.00
443 -9.0849 138.9243 5 16 9
2  45.0 45.0 0.00
444 18.9511 -68.8744 7 25 8
2  45.0 45.0 0.00
445 20.7593 177.0153 3 27 5
2  45.0 45.0 0.00
446 -7.1927 39.4992 9 26 9
2  45.0 45.0 0.00
447 -1.0339 31.3577 5 19 9
2  45.0 45.0 0.00
448 -50.2396 138.1411 10 20 9
2  45.0 45.0 0.00
449 13.8043 -29.7579 7 22 8
2  45.0 45.0 0.00
450 1.9876 -29.7099 5 21 9
2  45.0 45.0 0.00
451 24.8930 -105.7739 10 24 8
2  45.0 45.0 0.00
452 -1.8854 63.5451 10 23 5
2  45.0 45.0 0.00
453 29.8267 -125.8770 4 24 5
2  45.0 45.0 0.00
454 34.6820 21.1267 10 17 9
2  45.0 45.0 0.00
455 31.2762 151.0567 7 27 5
2  45.0 45.0 0.00
456 -23.4787 3.0180 7 16 8
2  45.0 45.0 0.00
457 -51.4448 -116.9480 4 27 9
2  45.0 45.0 0.00
458 -22.8893 155.7387 8 23 9
2  45.0 45.0 0.00
459 -15.9501 -56.8952 5 19 7
2  45.0 45.0 0.00
460 -2.1319 106.1892 9 19 8
2  45.0 45.0 0.00
461 48.7669 -89.7859 7 22 6
2  45.0 45.0 0.00
462 33.4152 -36.0570 2 22 5
2  45.0 45.0 0.00
463 50.2260 33.4876 7 28 9
2  45.0 45.0 0.00
464 11.2614 -73.2511 4 25 7
2  45.0 45.0 0.00
465 41.8256 -173.8049 7 17 7
2  45.0 45.0 0.00
466 -4.9713 54.2707 4 18 6
2  45.0 45.0 0.00
467 -1.7455 -100.2846 2 19 5
2  45.0 45.0 0.00
468 27.9922 52.0222 4 24 9
2  45.0 45.0 0.00
469 40.7275 -33.3632 9 20 6
2  45.0 45.0 0.00
470 27.1896 -8.9267 6 21 6
2  45.0 45.0 0.00
471 -33.5636 -134.5287 3 27 5
2  45.0 45.0 0.00
472 46.9428 -159.7318 8 16 9
2  45.0 45.0 0.00
473 -35.5646 -131.7349 7 19 5
2  45.0 45.0 0.00
474 26.7542 -74.8760 2 27 7
2  45.0 45.0 0.00
475 48.9438 65.8795 6 27 7
2  45.0 45.0 0.00
476 -1.3508 51.3877 8 28 9
2  45.0 45.0 0.00
477 50.6571 -107.9714 6 15 9
2  45.0 45.0 0.00
478 -15.1342 -29.0567 10 17 6
2  45.0 45.0 0.00
479 22.0243 7.1822 4 25 5
2  45.0 45.0 0.00
480 26.5161 -135.7657 8 20 5
2  45.0 45.0 0.00
481 -3.7636 54.7114 8 29 8
2  45.0 45.0 0.00
482 0.0386 -83.8082 4 18 6
2  45.0 45.0 0.00
483 -21.1880 -114.7947 3 18 6
2  45.0 45.0 0.00
484 49.2270 -150.8367 8 19 5
2  45.0 45.0 0.00
485 -17.6902 -145.3045 9 22 5
2  45.0 45.0 0.00
486 -6.1710 175.5856 9 26 9
2  45.0 45.0 0.00
487 -14.3753 -73.2779 1 25 5
2  45.0 45.0 0.00
488 -18.4523 -98.7849 2 21 8
2  45.0 45.0 0.00
489 -43.4574 -105.9769 5 28 5
2  45.0 45.0 0.00
490 2.8250 -80.1165 1 20 7
2  45.0 45.0 0.00
491 17.9291 106.9596 8 19 6
2  45.0 45.0 0.00
492 -13.9795 -131.2669 5 28 8
2  45.0 45.0 0.00
493 1.3384 9.5707 9 20 6
2  45.0 45.0 0.00
494 -52.6117 -16.1498 9 16 6
2  45.0 45.0 0.00
495 25.3137 63.6758 4 25 8
2  45.0 45.0 0.00
496 -39.4859 -103.2371 8 21 9
2  45.0 45.0 0.00
497 -35.5811 52.2802 4 20 5
2  45.0 45.0 0.00
498 7.1310 -171.7734 4 20 8
2  45.0 45.0 0.00
499 -32.8015 -61.8566 8 24 8
2  45.0 45.0 0.00
