s1
0
 2013 04 20 06 51  2.851     2013 04 20 06 53 37.977     155.1
1
 2013 04 20 05 04 41.546     2013 04 20 05 07 17.422     155.9
 2013 04 20 16 55 16.771     2013 04 20 16 55 19.815       3.0
2
 2013 04 20 07 34 16.846     2013 04 20 07 34 25.156       8.3
 2013 04 20 17 36 23.485     2013 04 20 17 39 19.021     175.5
3
 2013 04 20 06 01 14.698     2013 04 20 06 03 50.880     156.2
 2013 04 20 16 00 23.997     2013 04 20 16 03 21.081     177.1
4
 2013 04 20 06 45 46.706     2013 04 20 06 48 46.993     180.3
 2013 04 20 16 48 48.085     2013 04 20 16 52 29.841     221.8
5
 2013 04 20 20 17 14.475     2013 04 20 20 19 49.709     155.2
6
 2013 04 20 06 39  9.426     2013 04 20 06 42  3.507     174.1
 2013 04 20 18 30 13.647     2013 04 20 18 33 35.605     202.0
7
 2013 04 20 09 11 58.490     2013 04 20 09 15 36.110     217.6
8
 2013 04 20 10 04 37.315     2013 04 20 10 08  7.685     210.4
 2013 04 20 16 40 16.209     2013 04 20 16 42 57.812     161.6
9
 2013 04 20 18 38  1.656     2013 04 20 18 40 59.110     177.5
10
 2013 04 20 14 46 11.837     2013 04 20 14 49 43.305     211.5
 2013 04 20 22 58 41.374     2013 04 20 23 02 29.647     228.3
11
12
 2013 04 20 11 57 33.999     2013 04 20 12 00 11.062     157.1
13
 2013 04 20 07 19 24.601     2013 04 20 07 22 22.530     177.9
 2013 04 20 20 58 29.875     2013 04 20 21 02 12.270     222.4
14
 2013 04 20 22 15   .563     2013 04 20 22 17 52.001     171.4
15
 2013 04 20 01 42 55.110     2013 04 20 01 45 38.870     163.8
 2013 04 20 18 44   .118     2013 04 20 18 47 26.766     206.6
16
 2013 04 20 03 35 23.235     2013 04 20 03 37 54.535     151.3
17
 2013 04 20 01 06   .196     2013 04 20 01 08 48.731     168.5
18
 2013 04 20 07 30 52.192     2013 04 20 07 34 24.648     212.5
19
 2013 04 20 14 35 34.308     2013 04 20 14 36 19.295      45.0
20
 2013 04 20 10 48 40.894     2013 04 20 10 51 25.968     165.1
 2013 04 20 19 04  7.449     2013 04 20 19 06 45.824     158.4
21
 2013 04 20 03 37 54.928     2013 04 20 03 40 39.509     164.6
 2013 04 20 13 39 41.600     2013 04 20 13 42 28.956     167.4
22
 2013 04 20 13 11 27.972     2013 04 20 13 15  8.720     220.7
 2013 04 20 21 26 23.423     2013 04 20 21 26 29.582       6.2
23
 2013 04 20 09 00 35.394     2013 04 20 09 03 59.550     204.2
24
 2013 04 20 06 55 39.993     2013 04 20 06 58 27.961     168.0
 2013 04 20 13 29 38.587     2013 04 20 13 32 28.219     169.6
25
 2013 04 20 06 06 44.306     2013 04 20 06 09 19.637     155.3
 2013 04 20 14 20 27.743     2013 04 20 14 23 56.298     208.6
26
 2013 04 20 20 12 37.244     2013 04 20 20 16 20.094     222.9
27
 2013 04 20 05 05 15.628     2013 04 20 05 07 47.183     151.6
 2013 04 20 16 54 40.642     2013 04 20 16 58 13.303     212.7
28
 2013 04 20 06 33 35.141     2013 04 20 06 36 32.000     176.9
 2013 04 20 20 11 18.649     2013 04 20 20 13 52.583     153.9
29
 2013 04 20 08 20 26.453     2013 04 20 08 22 56.905     150.5
30
 2013 04 20 05 55 31.800     2013 04 20 05 58 37.276     185.5
 2013 04 20 17 39 36.636     2013 04 20 17 41 25.561     108.9
31
 2013 04 20 23 07  3.389     2013 04 20 23 10  7.668     184.3
32
 2013 04 20 22 33 55.693     2013 04 20 22 36 59.008     183.3
33
 2013 04 20 16 02 18.582     2013 04 20 16 05 20.050     181.5
34
 2013 04 20 09 18 31.735     2013 04 20 09 21 33.735     182.0
 2013 04 20 15 52 44.005     2013 04 20 15 55 35.386     171.4
35
 2013 04 20 19 12 51.328     2013 04 20 19 15 24.455     153.1
36
 2013 04 20 21 36 17.480     2013 04 20 21 39 49.644     212.2
37
 2013 04 20 06 01  9.419     2013 04 20 06 04 24.628     195.2
 2013 04 20 15 59 21.284     2013 04 20 16 02  4.364     163.1
38
39
 2013 04 20 09 15 26.228     2013 04 20 09 18  2.259     156.0
 2013 04 20 17 29 44.187     2013 04 20 17 32 56.526     192.3
40
 2013 04 20 08 21 11.544     2013 04 20 08 24 12.522     181.0
 2013 04 20 18 21 33.136     2013 04 20 18 24 56.648     203.5
41
 2013 04 20 10 39 13.856     2013 04 20 10 42 46.889     213.0
42
 2013 04 20 22 28 43.136     2013 04 20 22 29 14.496      31.4
43
 2013 04 20 01 41  4.594     2013 04 20 01 44 32.146     207.6
 2013 04 20 18 43 35.140     2013 04 20 18 46 18.391     163.3
44
 2013 04 20 02 48  3.153     2013 04 20 02 51 46.607     223.5
45
 2013 04 20 05 02 34.341     2013 04 20 05 06   .856     206.5
46
 2013 04 20 08 09 15.364     2013 04 20 08 12  2.215     166.9
 2013 04 20 21 44  1.839     2013 04 20 21 46 44.679     162.8
47
 2013 04 20 05 22 18.383     2013 04 20 05 23 36.012      77.6
 2013 04 20 11 56 58.958     2013 04 20 12 00 14.011     195.1
48
 2013 04 20 03 14 26.526     2013 04 20 03 17 41.970     195.4
 2013 04 20 21 55 18.517     2013 04 20 21 59  5.602     227.1
49
 2013 04 20 11 25  6.149     2013 04 20 11 27 51.066     164.9
 2013 04 20 23 11 36.069     2013 04 20 23 14 17.826     161.8
50
 2013 04 20 20 55 48.777     2013 04 20 20 58 32.185     163.4
51
 2013 04 20 17 55 30.713     2013 04 20 17 55 33.229       2.5
52
 2013 04 20 13 12 47.244     2013 04 20 13 15 23.316     156.1
 2013 04 20 19 51 19.788     2013 04 20 19 51 36.525      16.7
53
 2013 04 20 08 31 33.403     2013 04 20 08 34 35.942     182.5
 2013 04 20 15 05 21.471     2013 04 20 15 08 34.586     193.1
54
 2013 04 20 05 45 19.951     2013 04 20 05 48 49.445     209.5
 2013 04 20 19 25 22.937     2013 04 20 19 25 54.864      31.9
55
 2013 04 20 05 43  8.640     2013 04 20 05 45 43.199     154.6
 2013 04 20 21 01 54.442     2013 04 20 21 02 45.102      50.7
56
 2013 04 20 21 33 30.500     2013 04 20 21 36 14.748     164.2
57
 2013 04 20 19 06 59.856     2013 04 20 19 09 32.721     152.9
58
 2013 04 20 06 57 36.980     2013 04 20 07 00 14.820     157.8
 2013 04 20 11 52 16.145     2013 04 20 11 53 19.592      63.4
 2013 04 20 13 30 10.370     2013 04 20 13 33 57.301     226.9
59
 2013 04 20 01 15 45.593     2013 04 20 01 18 24.757     159.2
 2013 04 20 11 16 55.455     2013 04 20 11 16 56.749       1.3
60
 2013 04 20 03 00 44.334     2013 04 20 03 04 31.508     227.2
 2013 04 20 09 35 13.791     2013 04 20 09 38 32.062     198.3
61
 2013 04 20 08 18 30.096     2013 04 20 08 21  7.789     157.7
62
 2013 04 20 19 26  2.620     2013 04 20 19 28 59.754     177.1
63
 2013 04 20 15 29 53.461     2013 04 20 15 33 17.757     204.3
64
 2013 04 20 19 26 38.913     2013 04 20 19 29 46.078     187.2
65
 2013 04 20 03 24 55.906     2013 04 20 03 27 42.183     166.3
 2013 04 20 17 01  2.631     2013 04 20 17 03 44.375     161.7
66
 2013 04 20 15 37 10.023     2013 04 20 15 40 37.657     207.6
 2013 04 20 20 32 42.465     2013 04 20 20 33 18.591      36.1
67
 2013 04 20 16 40 49.136     2013 04 20 16 43 58.969     189.8
68
 2013 04 20 04 15 22.508     2013 04 20 04 17 56.038     153.5
69
 2013 04 20 02 26 34.999     2013 04 20 02 30 14.432     219.4
 2013 04 20 21 07 51.115     2013 04 20 21 11 13.970     202.9
70
 2013 04 20 05 23 24.046     2013 04 20 05 26 13.682     169.6
 2013 04 20 10 18 21.562     2013 04 20 10 21 56.521     215.0
71
 2013 04 20 12 28 29.893     2013 04 20 12 31 53.417     203.5
 2013 04 20 17 24  1.591     2013 04 20 17 27 33.226     211.6
72
 2013 04 20 09 39  7.400     2013 04 20 09 42  2.008     174.6
73
 2013 04 20 01 57 43.807     2013 04 20 02 00 13.572     149.8
 2013 04 20 13 45 44.683     2013 04 20 13 48 18.334     153.7
74
 2013 04 20 01 05 19.948     2013 04 20 01 08 32.182     192.2
75
 2013 04 20 07 15 18.467     2013 04 20 07 17 54.719     156.3
 2013 04 20 22 37  1.075     2013 04 20 22 40 12.247     191.2
76
 2013 04 20 08 10 39.133     2013 04 20 08 10 52.125      13.0
 2013 04 20 21 47 20.320     2013 04 20 21 47 22.331       2.0
77
 2013 04 20 02 38 37.276     2013 04 20 02 41 13.137     155.9
 2013 04 20 16 14  3.105     2013 04 20 16 16 56.441     173.3
78
 2013 04 20 23 06 41.280     2013 04 20 23 06 51.865      10.6
79
 2013 04 20 06 52 51.701     2013 04 20 06 56  7.030     195.3
 2013 04 20 15 07 20.215     2013 04 20 15 09 57.480     157.3
80
 2013 04 20 08 57 43.275     2013 04 20 09 00 45.638     182.4
81
82
 2013 04 20 07 13 42.380     2013 04 20 07 17 12.427     210.0
83
84
 2013 04 20 23 08 58.090     2013 04 20 23 11 37.918     159.8
85
 2013 04 20 00 58 33.150     2013 04 20 01 01 29.635     176.5
 2013 04 20 16 19 54.928     2013 04 20 16 22 41.192     166.3
86
 2013 04 20 06 37 53.428     2013 04 20 06 38 25.180      31.8
 2013 04 20 18 31  5.513     2013 04 20 18 34 49.169     223.7
87
 2013 04 20 02 57 41.134     2013 04 20 02 58 29.227      48.1
88
 2013 04 20 06 05 57.937     2013 04 20 06 08 37.173     159.2
 2013 04 20 14 20 46.380     2013 04 20 14 23 24.961     158.6
89
 2013 04 20 16 10 37.648     2013 04 20 16 13 45.139     187.5
90
91
 2013 04 20 14 45 46.074     2013 04 20 14 48 33.216     167.1
 2013 04 20 23 00 48.685     2013 04 20 23 03 54.776     186.1
92
 2013 04 20 09 09 19.628     2013 04 20 09 12  3.360     163.7
 2013 04 20 19 10  4.951     2013 04 20 19 12 36.579     151.6
93
 2013 04 20 09 07 18.053     2013 04 20 09 09 51.845     153.8
94
 2013 04 20 02 04 59.762     2013 04 20 02 07 31.193     151.4
 2013 04 20 12 04 12.315     2013 04 20 12 07  3.452     171.1
95
 2013 04 20 11 29 56.554     2013 04 20 11 32 36.266     159.7
 2013 04 20 21 31 52.852     2013 04 20 21 35  2.178     189.3
96
 2013 04 20 00 39   .898     2013 04 20 00 42 26.159     205.3
 2013 04 20 07 13 20.429     2013 04 20 07 16 29.042     188.6
97
 2013 04 20 12 48  5.857     2013 04 20 12 50 57.643     171.8
98
 2013 04 20 04 23 17.524     2013 04 20 04 26 49.577     212.1
99
 2013 04 20 03 12 39.474     2013 04 20 03 16 27.137     227.7
 2013 04 20 04 50 30.602     2013 04 20 04 54 15.924     225.3
 2013 04 20 21 54 55.723     2013 04 20 21 57 31.557     155.8
100
 2013 04 20 04 20 18.771     2013 04 20 04 23  6.884     168.1
 2013 04 20 16 06 52.922     2013 04 20 16 10 29.196     216.3
101
 2013 04 20 03 23 16.318     2013 04 20 03 26  9.118     172.8
 2013 04 20 17 02 16.141     2013 04 20 17 02 44.113      28.0
102
 2013 04 20 08 04 27.792     2013 04 20 08 07  2.675     154.9
 2013 04 20 23 24 10.665     2013 04 20 23 27 34.821     204.2
103
 2013 04 20 04 31 11.379     2013 04 20 04 34   .043     168.7
 2013 04 20 12 47  9.160     2013 04 20 12 49 44.790     155.6
104
105
 2013 04 20 19 26 28.430     2013 04 20 19 29   .674     152.2
106
 2013 04 20 20 16 59.759     2013 04 20 20 19 57.738     178.0
107
 2013 04 20 09 20 14.730     2013 04 20 09 23 42.453     207.7
 2013 04 20 14 15 50.302     2013 04 20 14 18 36.266     166.0
108
 2013 04 20 02 36 57.593     2013 04 20 02 39 44.071     166.5
 2013 04 20 16 13 50.354     2013 04 20 16 17  8.807     198.5
109
 2013 04 20 07 21 43.855     2013 04 20 07 24 48.959     185.1
 2013 04 20 20 56 41.615     2013 04 20 20 59 14.657     153.0
110
111
 2013 04 20 05 06 27.028     2013 04 20 05 09 40.459     193.4
 2013 04 20 16 55 15.603     2013 04 20 16 58 12.372     176.8
112
 2013 04 20 10 45 11.499     2013 04 20 10 48 50.303     218.8
 2013 04 20 20 41 47.217     2013 04 20 20 45 14.648     207.4
113
 2013 04 20 04 14 39.063     2013 04 20 04 18 14.941     215.9
114
 2013 04 20 06 05 38.369     2013 04 20 06 08 57.647     199.3
 2013 04 20 14 21 54.733     2013 04 20 14 24 43.240     168.5
115
 2013 04 20 14 36   .000     2013 04 20 14 37  4.617      64.6
116
 2013 04 20 19 57 37.823     2013 04 20 20 01 18.554     220.7
117
 2013 04 20 05 46 15.184     2013 04 20 05 49 58.785     223.6
 2013 04 20 19 21 57.911     2013 04 20 19 24 45.735     167.8
118
119
 2013 04 20 01 07   .859     2013 04 20 01 07  3.769       2.9
120
121
 2013 04 20 06 01 20.737     2013 04 20 06 04 42.459     201.7
 2013 04 20 15 59  5.824     2013 04 20 16 01 59.082     173.3
122
 2013 04 20 01 05 29.892     2013 04 20 01 06   .284      30.4
123
 2013 04 20 05 09 22.232     2013 04 20 05 10 58.444      96.2
124
 2013 04 20 17 44 53.248     2013 04 20 17 47 33.803     160.6
125
 2013 04 20 09 50 49.397     2013 04 20 09 51 16.663      27.3
 2013 04 20 21 36  3.649     2013 04 20 21 38 54.325     170.7
126
 2013 04 20 01 02 12.324     2013 04 20 01 04 59.752     167.4
 2013 04 20 14 40 32.257     2013 04 20 14 43 37.793     185.5
127
 2013 04 20 01 27 45.993     2013 04 20 01 31 14.336     208.3
 2013 04 20 06 23 23.313     2013 04 20 06 26 16.716     173.4
128
 2013 04 20 03 38 11.189     2013 04 20 03 40 58.488     167.3
 2013 04 20 13 38 27.257     2013 04 20 13 41 25.534     178.3
129
 2013 04 20 00 31 11.213     2013 04 20 00 33 51.908     160.7
 2013 04 20 10 29 13.790     2013 04 20 10 30 20.650      66.9
130
 2013 04 20 04 32 30.890     2013 04 20 04 35 23.195     172.3
131
132
 2013 04 20 03 33 44.956     2013 04 20 03 36 16.870     151.9
 2013 04 20 15 18 49.266     2013 04 20 15 19 11.559      22.3
133
 2013 04 20 13 35 52.783     2013 04 20 13 38 30.044     157.3
134
 2013 04 20 03 46 38.745     2013 04 20 03 49 44.590     185.8
 2013 04 20 10 21 57.610     2013 04 20 10 24 53.318     175.7
135
 2013 04 20 04 28 38.499     2013 04 20 04 28 42.951       4.5
 2013 04 20 12 50 50.459     2013 04 20 12 51 44.739      54.3
136
 2013 04 20 10 42  3.984     2013 04 20 10 44 50.321     166.3
 2013 04 20 20 47 28.858     2013 04 20 20 48 29.471      60.6
137
 2013 04 20 02 11 25.783     2013 04 20 02 14 54.344     208.6
 2013 04 20 08 47 17.713     2013 04 20 08 51  1.660     223.9
138
 2013 04 20 10 35 19.569     2013 04 20 10 38  1.013     161.4
139
140
 2013 04 20 16 03 23.014     2013 04 20 16 06 42.480     199.5
141
 2013 04 20 13 35 44.015     2013 04 20 13 38 20.384     156.4
142
 2013 04 20 02 31 22.627     2013 04 20 02 34 47.480     204.9
 2013 04 20 17 52 34.381     2013 04 20 17 56 10.459     216.1
143
 2013 04 20 08 11 38.653     2013 04 20 08 15  8.821     210.2
144
 2013 04 20 12 08 54.139     2013 04 20 12 11 33.461     159.3
145
146
 2013 04 20 10 39 13.893     2013 04 20 10 41 53.772     159.9
147
 2013 04 20 22 22 16.000     2013 04 20 22 24 48.088     152.1
148
 2013 04 20 06 40 37.802     2013 04 20 06 43 24.845     167.0
 2013 04 20 18 28 39.896     2013 04 20 18 31 25.116     165.2
149
 2013 04 20 17 45  7.849     2013 04 20 17 48 31.638     203.8
150
 2013 04 20 08 55 17.271     2013 04 20 08 58 11.669     174.4
 2013 04 20 22 31 35.446     2013 04 20 22 34 24.433     169.0
151
 2013 04 20 15 34 32.672     2013 04 20 15 37  9.902     157.2
 2013 04 20 22 08 53.966     2013 04 20 22 08 58.425       4.5
152
 2013 04 20 03 32 13.998     2013 04 20 03 32 57.049      43.1
153
 2013 04 20 12 06 24.941     2013 04 20 12 09 30.535     185.6
154
 2013 04 20 04 53 26.497     2013 04 20 04 54 20.220      53.7
 2013 04 20 20 14 13.944     2013 04 20 20 17 14.847     180.9
155
 2013 04 20 15 35 47.749     2013 04 20 15 38 41.902     174.2
 2013 04 20 22 09 21.560     2013 04 20 22 11 56.217     154.7
156
 2013 04 20 02 38 56.378     2013 04 20 02 39 33.455      37.1
157
 2013 04 20 09 41 44.168     2013 04 20 09 44 31.333     167.2
 2013 04 20 23 20  8.575     2013 04 20 23 23 18.658     190.1
158
 2013 04 20 15 33 51.330     2013 04 20 15 36 38.585     167.3
159
 2013 04 20 02 57 21.265     2013 04 20 03 00 48.256     207.0
 2013 04 20 11 10 40.291     2013 04 20 11 13 52.047     191.8
160
161
 2013 04 20 00 11 56.014     2013 04 20 00 15 30.672     214.7
 2013 04 20 15 32 21.288     2013 04 20 15 32 36.572      15.3
162
 2013 04 20 22 34 20.115     2013 04 20 22 37  4.342     164.2
163
 2013 04 20 00 26 20.218     2013 04 20 00 26 23.597       3.4
 2013 04 20 12 09 40.765     2013 04 20 12 12 45.628     184.9
164
 2013 04 20 10 05 48.607     2013 04 20 10 08 29.420     160.8
 2013 04 20 16 39 34.474     2013 04 20 16 42 24.696     170.2
165
166
 2013 04 20 06 32   .768     2013 04 20 06 34 36.819     156.1
167
 2013 04 20 01 18 33.303     2013 04 20 01 19   .359      27.1
168
 2013 04 20 02 30 49.185     2013 04 20 02 32  6.709      77.5
 2013 04 20 17 55  4.698     2013 04 20 17 58 28.575     203.9
169
 2013 04 20 00 56  3.238     2013 04 20 00 58 53.974     170.7
 2013 04 20 17 57 29.132     2013 04 20 17 58 10.050      40.9
170
 2013 04 20 15 10 10.715     2013 04 20 15 12 59.475     168.8
171
172
 2013 04 20 23 14 34.327     2013 04 20 23 17 52.468     198.1
173
 2013 04 20 08 03 47.851     2013 04 20 08 07  8.536     200.7
 2013 04 20 23 23 19.224     2013 04 20 23 26  7.141     167.9
174
 2013 04 20 11 33  3.514     2013 04 20 11 35 48.965     165.5
175
 2013 04 20 00 06 55.686     2013 04 20 00 09 37.179     161.5
 2013 04 20 17 10 25.191     2013 04 20 17 13 20.010     174.8
 2013 04 20 23 43 48.661     2013 04 20 23 46 26.353     157.7
176
 2013 04 20 05 36 37.261     2013 04 20 05 40  8.661     211.4
 2013 04 20 22 39 21.155     2013 04 20 22 42 37.387     196.2
177
 2013 04 20 02 35 24.010     2013 04 20 02 38 27.305     183.3
178
 2013 04 20 20 05 39.804     2013 04 20 20 08 48.149     188.3
179
 2013 04 20 04 28 53.968     2013 04 20 04 31 43.296     169.3
180
181
 2013 04 20 10 51  1.643     2013 04 20 10 53 12.983     131.3
 2013 04 20 17 27 15.940     2013 04 20 17 30 42.898     207.0
182
 2013 04 20 19 12 32.012     2013 04 20 19 15 45.648     193.6
183
184
 2013 04 20 15 28 27.788     2013 04 20 15 31 31.200     183.4
185
 2013 04 20 03 23 55.807     2013 04 20 03 24 16.779      21.0
 2013 04 20 18 39 24.646     2013 04 20 18 42 17.371     172.7
186
 2013 04 20 01 45 42.757     2013 04 20 01 48 15.438     152.7
 2013 04 20 17 06 44.237     2013 04 20 17 09 19.662     155.4
187
 2013 04 20 12 29 43.239     2013 04 20 12 30 13.535      30.3
 2013 04 20 14 04 13.970     2013 04 20 14 07 42.268     208.3
 2013 04 20 18 59 36.236     2013 04 20 19 02 11.081     154.8
188
 2013 04 20 02 01 59.041     2013 04 20 02 04 50.267     171.2
189
 2013 04 20 05 57  8.668     2013 04 20 06 00  5.836     177.2
190
 2013 04 20 07 25 10.628     2013 04 20 07 28 24.523     193.9
191
 2013 04 20 15 06 31.669     2013 04 20 15 09 15.502     163.8
192
 2013 04 20 08 58 48.851     2013 04 20 09 01 44.312     175.5
193
 2013 04 20 11 39  5.278     2013 04 20 11 42  5.048     179.8
 2013 04 20 18 12 55.524     2013 04 20 18 15 38.343     162.8
194
 2013 04 20 03 19 22.244     2013 04 20 03 22  9.036     166.8
 2013 04 20 18 40 34.193     2013 04 20 18 43 32.439     178.2
195
 2013 04 20 10 03 33.277     2013 04 20 10 06 37.488     184.2
 2013 04 20 16 40 55.094     2013 04 20 16 41 37.703      42.6
196
 2013 04 20 01 48 12.048     2013 04 20 01 49 33.753      81.7
 2013 04 20 15 28 36.817     2013 04 20 15 32 12.458     215.6
197
 2013 04 20 10 51  7.299     2013 04 20 10 53 52.273     165.0
 2013 04 20 17 25 20.038     2013 04 20 17 26 20.099      60.1
198
 2013 04 20 05 53  5.642     2013 04 20 05 53 41.327      35.7
 2013 04 20 17 43   .436     2013 04 20 17 46   .503     180.1
199
 2013 04 20 10 36 51.509     2013 04 20 10 39 37.274     165.8
 2013 04 20 22 25 54.626     2013 04 20 22 28 24.946     150.3
200
 2013 04 20 11 31 33.147     2013 04 20 11 34 12.512     159.4
 2013 04 20 21 31 22.416     2013 04 20 21 34 11.852     169.4
201
 2013 04 20 11 09 54.445     2013 04 20 11 13 29.492     215.0
202
 2013 04 20 06 33 53.851     2013 04 20 06 36 53.584     179.7
 2013 04 20 20 09 43.465     2013 04 20 20 12 23.584     160.1
203
 2013 04 20 06 01  7.686     2013 04 20 06 03 55.360     167.7
 2013 04 20 15 59 52.455     2013 04 20 16 02 32.622     160.2
204
 2013 04 20 10 00 23.837     2013 04 20 10 03 11.952     168.1
 2013 04 20 18 16 19.112     2013 04 20 18 16 49.990      30.9
205
 2013 04 20 13 58  4.653     2013 04 20 14 01 20.144     195.5
 2013 04 20 22 14  8.872     2013 04 20 22 17  1.368     172.5
206
207
208
 2013 04 20 09 10 14.530     2013 04 20 09 13 21.938     187.4
 2013 04 20 19 08 17.588     2013 04 20 19 11  6.942     169.4
209
 2013 04 20 04 04 38.449     2013 04 20 04 08   .318     201.9
 2013 04 20 21 06 57.623     2013 04 20 21 10 42.078     224.5
210
211
 2013 04 20 08 01 36.122     2013 04 20 08 04 17.495     161.4
212
 2013 04 20 11 36 22.826     2013 04 20 11 39  7.560     164.7
 2013 04 20 19 52  8.102     2013 04 20 19 54 48.376     160.3
213
 2013 04 20 01 51  2.617     2013 04 20 01 53 40.143     157.5
 2013 04 20 15 26 36.314     2013 04 20 15 29 10.828     154.5
214
 2013 04 20 02 31 43.946     2013 04 20 02 34 26.383     162.4
 2013 04 20 17 53 18.798     2013 04 20 17 56 43.712     204.9
215
 2013 04 20 13 06 37.213     2013 04 20 13 10 12.777     215.6
216
 2013 04 20 13 58 41.797     2013 04 20 13 59 22.319      40.5
217
218
 2013 04 20 05 17 16.755     2013 04 20 05 17 36.464      19.7
 2013 04 20 13 35 23.008     2013 04 20 13 37 57.826     154.8
219
 2013 04 20 18 26 48.615     2013 04 20 18 29 25.819     157.2
220
 2013 04 20 21 35 29.887     2013 04 20 21 38 20.207     170.3
221
 2013 04 20 18 26 35.191     2013 04 20 18 29 11.450     156.3
222
 2013 04 20 14 28 11.447     2013 04 20 14 30 46.489     155.0
223
 2013 04 20 12 07  4.871     2013 04 20 12 10  6.464     181.6
224
 2013 04 20 20 52 30.533     2013 04 20 20 54 10.856     100.3
225
226
 2013 04 20 00 12 54.060     2013 04 20 00 15 32.867     158.8
227
 2013 04 20 05 04 47.604     2013 04 20 05 05  9.876      22.3
 2013 04 20 16 56 32.419     2013 04 20 16 59  6.083     153.7
228
 2013 04 20 08 48  5.414     2013 04 20 08 49  1.724      56.3
229
 2013 04 20 11 39  4.545     2013 04 20 11 42 15.703     191.2
 2013 04 20 18 14 26.503     2013 04 20 18 17 14.364     167.9
230
 2013 04 20 04 26   .795     2013 04 20 04 28 44.138     163.3
 2013 04 20 14 25 50.091     2013 04 20 14 28 22.505     152.4
231
 2013 04 20 00 20 51.789     2013 04 20 00 23 48.811     177.0
232
 2013 04 20 04 15 52.219     2013 04 20 04 18  7.589     135.4
233
 2013 04 20 07 42 52.565     2013 04 20 07 46 10.938     198.4
 2013 04 20 14 16 37.287     2013 04 20 14 19 15.253     158.0
234
 2013 04 20 06 03 34.996     2013 04 20 06 07 17.705     222.7
235
 2013 04 20 00 17   .208     2013 04 20 00 17 39.961      39.8
236
237
238
239
 2013 04 20 10 05  6.512     2013 04 20 10 08   .740     174.2
 2013 04 20 16 39 53.009     2013 04 20 16 42 28.939     155.9
240
 2013 04 20 18 15   .422     2013 04 20 18 18 22.755     202.3
241
 2013 04 20 05 00   .849     2013 04 20 05 02 44.807     164.0
 2013 04 20 18 35 21.577     2013 04 20 18 37 56.321     154.7
242
 2013 04 20 02 54 35.013     2013 04 20 02 57 44.814     189.8
243
 2013 04 20 09 57 17.559     2013 04 20 09 58 24.338      66.8
244
 2013 04 20 21 04 21.899     2013 04 20 21 07 44.913     203.0
245
 2013 04 20 01 23 43.288     2013 04 20 01 25   .698      77.4
246
 2013 04 20 02 37 52.592     2013 04 20 02 39  3.305      70.7
247
 2013 04 20 10 45 43.468     2013 04 20 10 48 45.665     182.2
248
 2013 04 20 09 58 42.292     2013 04 20 10 01 17.612     155.3
249
 2013 04 20 03 25 22.446     2013 04 20 03 28 47.396     204.9
 2013 04 20 17 00 17.530     2013 04 20 17 02 51.168     153.6
250
 2013 04 20 06 34  4.792     2013 04 20 06 37  4.658     179.9
 2013 04 20 20 11  3.411     2013 04 20 20 13 47.267     163.9
251
 2013 04 20 05 19 57.709     2013 04 20 05 23   .253     182.5
252
 2013 04 20 08 58 52.978     2013 04 20 09 01 29.549     156.6
253
 2013 04 20 04 58 15.793     2013 04 20 05 01 45.079     209.3
 2013 04 20 18 37 24.346     2013 04 20 18 40  6.263     161.9
254
255
 2013 04 20 07 34 44.608     2013 04 20 07 38  2.336     197.7
 2013 04 20 17 34 11.710     2013 04 20 17 36 47.702     156.0
256
 2013 04 20 06 46 20.972     2013 04 20 06 48 52.040     151.1
 2013 04 20 16 48  2.834     2013 04 20 16 51 43.353     220.5
257
258
259
 2013 04 20 23 10   .306     2013 04 20 23 11 25.720      85.4
260
 2013 04 20 08 51 56.026     2013 04 20 08 54 59.684     183.7
261
 2013 04 20 00 38 42.193     2013 04 20 00 41 23.544     161.4
 2013 04 20 07 12  6.534     2013 04 20 07 14 47.486     161.0
262
 2013 04 20 12 00 19.171     2013 04 20 12 00 53.866      34.7
263
 2013 04 20 20 17 21.100     2013 04 20 20 19 57.186     156.1
264
 2013 04 20 14 45 53.662     2013 04 20 14 47 21.842      88.2
265
 2013 04 20 13 15 57.955     2013 04 20 13 19 15.744     197.8
 2013 04 20 18 11 25.871     2013 04 20 18 14 39.188     193.3
266
267
 2013 04 20 00 21 31.154     2013 04 20 00 24 45.536     194.4
 2013 04 20 12 14  9.612     2013 04 20 12 14 23.867      14.3
268
 2013 04 20 15 38 41.156     2013 04 20 15 41 55.482     194.3
 2013 04 20 20 33 52.018     2013 04 20 20 36 26.682     154.7
269
 2013 04 20 10 35 42.985     2013 04 20 10 38 33.880     170.9
 2013 04 20 22 26 18.020     2013 04 20 22 29 17.255     179.2
270
 2013 04 20 22 11 32.394     2013 04 20 22 14 10.138     157.7
271
 2013 04 20 06 24 27.892     2013 04 20 06 27 33.084     185.2
 2013 04 20 23 27  8.004     2013 04 20 23 30  2.839     174.8
272
 2013 04 20 03 24  7.486     2013 04 20 03 27 48.675     221.2
 2013 04 20 17 00 12.159     2013 04 20 17 03 31.969     199.8
273
 2013 04 20 08 30 32.549     2013 04 20 08 33  8.761     156.2
 2013 04 20 15 04 32.684     2013 04 20 15 07 11.460     158.8
274
 2013 04 20 06 52  3.162     2013 04 20 06 53 15.365      72.2
 2013 04 20 16 44 55.810     2013 04 20 16 45 12.854      17.0
275
 2013 04 20 16 11 28.446     2013 04 20 16 14 35.327     186.9
276
 2013 04 20 01 01 44.585     2013 04 20 01 05  1.172     196.6
 2013 04 20 14 41  1.797     2013 04 20 14 44  8.460     186.7
277
 2013 04 20 11 14 54.743     2013 04 20 11 17 47.337     172.6
278
279
 2013 04 20 01 06 58.281     2013 04 20 01 07 14.001      15.7
280
 2013 04 20 15 37 51.299     2013 04 20 15 38  6.575      15.3
 2013 04 20 17 11 53.466     2013 04 20 17 12 44.873      51.4
 2013 04 20 22 07 57.298     2013 04 20 22 11 19.917     202.6
281
282
283
 2013 04 20 09 03 49.448     2013 04 20 09 06 30.103     160.7
 2013 04 20 20 50  7.956     2013 04 20 20 53 40.942     213.0
284
 2013 04 20 13 57   .261     2013 04 20 13 58  7.690      67.4
 2013 04 20 22 14 53.272     2013 04 20 22 17 25.490     152.2
285
 2013 04 20 17 59 34.412     2013 04 20 18 03  9.570     215.2
 2013 04 20 22 55 17.744     2013 04 20 22 58 14.218     176.5
286
 2013 04 20 13 08 13.348     2013 04 20 13 11  6.963     173.6
287
 2013 04 20 11 22  9.271     2013 04 20 11 24 40.999     151.7
288
 2013 04 20 01 00 40.866     2013 04 20 01 03 46.583     185.7
289
 2013 04 20 12 53 38.538     2013 04 20 12 56 22.141     163.6
290
291
 2013 04 20 20 59 39.951     2013 04 20 21 02 21.527     161.6
292
 2013 04 20 05 13 26.195     2013 04 20 05 16  2.171     156.0
 2013 04 20 15 13  5.247     2013 04 20 15 15 39.056     153.8
293
 2013 04 20 02 47 23.326     2013 04 20 02 50 21.232     177.9
294
295
 2013 04 20 02 49 14.130     2013 04 20 02 52 56.071     221.9
296
297
 2013 04 20 12 16 34.198     2013 04 20 12 19 28.560     174.4
 2013 04 20 22 19 19.315     2013 04 20 22 22 55.574     216.3
298
 2013 04 20 15 24 26.857     2013 04 20 15 27 47.162     200.3
299
300
 2013 04 20 02 45 47.253     2013 04 20 02 47 12.032      84.8
301
 2013 04 20 14 02  3.647     2013 04 20 14 04 56.134     172.5
 2013 04 20 19 00 17.321     2013 04 20 19 00 26.359       9.0
 2013 04 20 20 34 45.295     2013 04 20 20 37 51.437     186.1
302
 2013 04 20 02 11 21.805     2013 04 20 02 13 56.470     154.7
303
 2013 04 20 02 07 20.321     2013 04 20 02 10  6.455     166.1
304
305
 2013 04 20 01 52  5.275     2013 04 20 01 55 13.652     188.4
306
 2013 04 20 08 55 47.543     2013 04 20 08 56 46.760      59.2
 2013 04 20 22 32 44.220     2013 04 20 22 36 14.179     210.0
307
 2013 04 20 05 59  1.429     2013 04 20 06 02 23.748     202.3
 2013 04 20 16 02 42.179     2013 04 20 16 03 25.644      43.5
308
 2013 04 20 06 06 39.238     2013 04 20 06 09 19.688     160.4
 2013 04 20 14 20 48.247     2013 04 20 14 24 18.696     210.4
309
 2013 04 20 06 08 15.279     2013 04 20 06 12  5.449     230.2
 2013 04 20 12 44 17.739     2013 04 20 12 47  1.388     163.6
310
 2013 04 20 06 07 37.684     2013 04 20 06 11 22.806     225.1
 2013 04 20 12 41 33.925     2013 04 20 12 44 38.793     184.9
311
 2013 04 20 23 17 12.561     2013 04 20 23 19 52.589     160.0
312
 2013 04 20 13 41  1.502     2013 04 20 13 43 39.095     157.6
313
 2013 04 20 03 40 48.032     2013 04 20 03 43 43.846     175.8
314
 2013 04 20 05 16 19.986     2013 04 20 05 19 27.653     187.7
315
 2013 04 20 00 16   .729     2013 04 20 00 16 23.060      22.3
316
 2013 04 20 13 48 12.520     2013 04 20 13 50 45.658     153.1
317
 2013 04 20 05 15 32.454     2013 04 20 05 18  7.085     154.6
318
 2013 04 20 10 34  4.727     2013 04 20 10 36 40.047     155.3
319
320
 2013 04 20 23 03 56.748     2013 04 20 23 07 25.100     208.4
321
 2013 04 20 16 51 25.333     2013 04 20 16 54   .976     155.6
322
 2013 04 20 03 16  7.713     2013 04 20 03 18 53.798     166.1
 2013 04 20 20 19 36.352     2013 04 20 20 22 17.447     161.1
323
 2013 04 20 19 11 21.548     2013 04 20 19 14  4.266     162.7
324
325
 2013 04 20 20 00 14.114     2013 04 20 20 02 47.900     153.8
326
 2013 04 20 07 39 29.995     2013 04 20 07 42 17.851     167.9
 2013 04 20 15 56  8.941     2013 04 20 15 58 48.887     159.9
327
 2013 04 20 22 30  9.629     2013 04 20 22 32 42.326     152.7
328
 2013 04 20 06 00 12.327     2013 04 20 06 03 22.066     189.7
 2013 04 20 16 01 30.171     2013 04 20 16 04  6.262     156.1
329
 2013 04 20 23 26 39.554     2013 04 20 23 29 14.912     155.4
330
 2013 04 20 23 07 37.253     2013 04 20 23 10 57.412     200.2
331
 2013 04 20 11 22 45.540     2013 04 20 11 25 20.138     154.6
 2013 04 20 23 15 59.860     2013 04 20 23 16 24.914      25.1
332
 2013 04 20 02 13 16.090     2013 04 20 02 16 25.535     189.4
 2013 04 20 03 50 46.185     2013 04 20 03 51 35.452      49.3
 2013 04 20 07 11 17.790     2013 04 20 07 11 36.299      18.5
 2013 04 20 08 45 58.939     2013 04 20 08 49   .204     181.3
333
 2013 04 20 09 18  4.565     2013 04 20 09 20 58.180     173.6
 2013 04 20 15 51 30.427     2013 04 20 15 54  7.369     156.9
334
 2013 04 20 07 39 15.288     2013 04 20 07 41 54.983     159.7
 2013 04 20 15 55 11.618     2013 04 20 15 58 18.088     186.5
335
 2013 04 20 17 38  3.049     2013 04 20 17 40 33.805     150.8
336
 2013 04 20 13 16 14.460     2013 04 20 13 16 18.541       4.1
 2013 04 20 14 50  5.191     2013 04 20 14 50 47.006      41.8
 2013 04 20 19 46  7.848     2013 04 20 19 49 38.090     210.2
337
 2013 04 20 20 06 49.049     2013 04 20 20 09 31.228     162.2
338
 2013 04 20 07 15 20.557     2013 04 20 07 19  4.877     224.3
 2013 04 20 22 38 36.052     2013 04 20 22 41  9.178     153.1
339
 2013 04 20 01 24 58.925     2013 04 20 01 27 34.477     155.6
 2013 04 20 07 59 25.606     2013 04 20 08 02 30.191     184.6
340
 2013 04 20 10 53  2.760     2013 04 20 10 55 48.517     165.8
 2013 04 20 17 26 55.938     2013 04 20 17 29 44.698     168.8
341
 2013 04 20 02 39 59.531     2013 04 20 02 43  6.756     187.2
342
 2013 04 20 09 47 34.473     2013 04 20 09 50  8.190     153.7
343
 2013 04 20 06 31 48.211     2013 04 20 06 35 17.735     209.5
344
 2013 04 20 04 20 40.414     2013 04 20 04 23 24.691     164.3
 2013 04 20 16 05 58.086     2013 04 20 16 09 14.371     196.3
345
 2013 04 20 15 36 40.951     2013 04 20 15 39 17.197     156.2
 2013 04 20 22 09 42.603     2013 04 20 22 12 45.770     183.2
346
 2013 04 20 13 40 44.526     2013 04 20 13 43 17.991     153.5
347
 2013 04 20 11 57 24.509     2013 04 20 11 57 59.814      35.3
348
349
 2013 04 20 17 04 33.051     2013 04 20 17 07 25.616     172.6
350
 2013 04 20 16 05 45.522     2013 04 20 16 09  3.476     198.0
351
 2013 04 20 08 01 45.582     2013 04 20 08 04 29.533     164.0
352
353
 2013 04 20 08 01 32.219     2013 04 20 08 03 15.118     102.9
 2013 04 20 23 25 40.261     2013 04 20 23 29  6.176     205.9
354
 2013 04 20 10 03 33.500     2013 04 20 10 06 41.755     188.3
355
 2013 04 20 09 10 25.014     2013 04 20 09 13 28.427     183.4
 2013 04 20 19 09 13.614     2013 04 20 19 10 10.451      56.8
356
 2013 04 20 22 28 42.726     2013 04 20 22 31 23.090     160.4
357
 2013 04 20 11 30  7.349     2013 04 20 11 33 14.337     187.0
 2013 04 20 21 30 23.588     2013 04 20 21 33 46.078     202.5
358
 2013 04 20 20 13 16.159     2013 04 20 20 16 31.316     195.2
359
 2013 04 20 14 34  8.620     2013 04 20 14 37 24.197     195.6
360
361
 2013 04 20 22 39  9.471     2013 04 20 22 42 20.482     191.0
362
 2013 04 20 07 44 39.318     2013 04 20 07 47 15.698     156.4
 2013 04 20 12 39  4.983     2013 04 20 12 39 21.643      16.7
 2013 04 20 14 17 13.239     2013 04 20 14 20 40.723     207.5
363
 2013 04 20 06 30  9.505     2013 04 20 06 32 51.180     161.7
 2013 04 20 21 49 40.658     2013 04 20 21 53 27.845     227.2
364
 2013 04 20 10 41 31.931     2013 04 20 10 44  5.419     153.5
365
366
 2013 04 20 05 03 39.717     2013 04 20 05 06 17.020     157.3
367
368
 2013 04 20 08 58 25.041     2013 04 20 09 01 40.455     195.4
369
 2013 04 20 02 53 57.430     2013 04 20 02 56 36.512     159.1
370
 2013 04 20 02 29 22.037     2013 04 20 02 32 11.824     169.8
 2013 04 20 19 31 26.289     2013 04 20 19 34  6.134     159.8
371
 2013 04 20 18 33 42.581     2013 04 20 18 36 16.624     154.0
372
 2013 04 20 09 57 11.907     2013 04 20 10 00 28.652     196.7
 2013 04 20 19 55 30.236     2013 04 20 19 58 11.391     161.2
373
 2013 04 20 07 25 40.058     2013 04 20 07 29 13.660     213.6
374
 2013 04 20 07 39 11.646     2013 04 20 07 42   .386     168.7
 2013 04 20 15 56  5.825     2013 04 20 15 59   .732     174.9
375
 2013 04 20 12 20  4.671     2013 04 20 12 23 37.742     213.1
 2013 04 20 22 15 52.652     2013 04 20 22 16 15.739      23.1
376
 2013 04 20 03 32 27.659     2013 04 20 03 34 57.361     149.7
 2013 04 20 15 20  1.394     2013 04 20 15 22 39.611     158.2
377
 2013 04 20 06 38 33.749     2013 04 20 06 41  9.924     156.2
378
 2013 04 20 07 18 52.115     2013 04 20 07 21 29.965     157.9
379
 2013 04 20 00 39 33.384     2013 04 20 00 43  7.126     213.7
 2013 04 20 05 39  3.953     2013 04 20 05 39 17.747      13.8
 2013 04 20 07 13  4.128     2013 04 20 07 13 37.357      33.2
380
381
 2013 04 20 14 48  6.323     2013 04 20 14 51 10.205     183.9
 2013 04 20 21 23 17.972     2013 04 20 21 26  3.578     165.6
382
 2013 04 20 07 39 16.839     2013 04 20 07 42 37.088     200.2
 2013 04 20 15 54 35.535     2013 04 20 15 57 26.318     170.8
383
 2013 04 20 08 10 57.939     2013 04 20 08 11 28.449      30.5
384
 2013 04 20 02 28 23.108     2013 04 20 02 31 22.598     179.5
 2013 04 20 19 32 20.963     2013 04 20 19 35 20.467     179.5
385
 2013 04 20 02 59 30.048     2013 04 20 03 02  9.870     159.8
 2013 04 20 09 33 40.865     2013 04 20 09 36 36.829     176.0
386
 2013 04 20 00 08 16.309     2013 04 20 00 11 12.615     176.3
 2013 04 20 17 10 44.914     2013 04 20 17 13 55.028     190.1
 2013 04 20 23 45 11.504     2013 04 20 23 47 59.794     168.3
387
 2013 04 20 05 42  4.470     2013 04 20 05 45 43.016     218.5
 2013 04 20 21 01 21.846     2013 04 20 21 04 13.592     171.7
388
 2013 04 20 09 55 23.176     2013 04 20 09 57 58.970     155.8
 2013 04 20 19 57 16.100     2013 04 20 20 00 37.645     201.5
389
 2013 04 20 04 10 39.216     2013 04 20 04 13 48.761     189.5
 2013 04 20 17 49 50.372     2013 04 20 17 53  5.504     195.1
390
 2013 04 20 12 15 23.946     2013 04 20 12 18 38.221     194.3
391
 2013 04 20 10 47 43.041     2013 04 20 10 50 30.327     167.3
 2013 04 20 19 03 41.791     2013 04 20 19 07 25.785     224.0
392
 2013 04 20 02 55 42.399     2013 04 20 02 58 37.161     174.8
 2013 04 20 11 11 25.544     2013 04 20 11 14 38.537     193.0
393
 2013 04 20 08 53 11.357     2013 04 20 08 56   .862     169.5
394
 2013 04 20 01 49 32.720     2013 04 20 01 52 43.296     190.6
 2013 04 20 15 26  5.007     2013 04 20 15 29 40.801     215.8
395
 2013 04 20 19 11 29.220     2013 04 20 19 14   .945     151.7
396
 2013 04 20 08 01 44.556     2013 04 20 08 04 47.473     182.9
 2013 04 20 23 24 58.591     2013 04 20 23 26  1.271      62.7
397
 2013 04 20 04 07 56.559     2013 04 20 04 11 42.255     225.7
 2013 04 20 19 26 31.415     2013 04 20 19 29 49.897     198.5
398
399
 2013 04 20 00 58 56.520     2013 04 20 01 02 33.632     217.1
 2013 04 20 16 19 45.801     2013 04 20 16 21 14.929      89.1
400
 2013 04 20 06 43 33.804     2013 04 20 06 46  8.619     154.8
401
 2013 04 20 03 48 29.772     2013 04 20 03 51 29.875     180.1
 2013 04 20 10 21 44.142     2013 04 20 10 25 25.139     221.0
402
 2013 04 20 13 59  8.089     2013 04 20 14 02 42.559     214.5
 2013 04 20 22 11 19.197     2013 04 20 22 11 41.203      22.0
403
 2013 04 20 22 23 24.486     2013 04 20 22 26 51.223     206.7
404
 2013 04 20 01 01 10.126     2013 04 20 01 03 55.390     165.3
405
 2013 04 20 10 50 52.895     2013 04 20 10 53 28.321     155.4
406
407
408
409
 2013 04 20 16 04 13.299     2013 04 20 16 06 45.737     152.4
410
 2013 04 20 09 54 17.545     2013 04 20 09 57 19.201     181.7
411
 2013 04 20 11 30 26.599     2013 04 20 11 33 45.054     198.5
 2013 04 20 21 30 17.305     2013 04 20 21 33 16.083     178.8
412
 2013 04 20 05 42 37.653     2013 04 20 05 42 44.746       7.1
413
414
 2013 04 20 00 57  6.089     2013 04 20 00 59 47.275     161.2
 2013 04 20 16 19 32.971     2013 04 20 16 23  1.311     208.3
415
 2013 04 20 18 37 59.742     2013 04 20 18 39  2.966      63.2
416
 2013 04 20 01 21 40.063     2013 04 20 01 24 33.748     173.7
 2013 04 20 09 37  7.961     2013 04 20 09 39 53.656     165.7
417
 2013 04 20 00 33 54.805     2013 04 20 00 36 44.836     170.0
 2013 04 20 08 49 40.551     2013 04 20 08 53  3.510     203.0
418
 2013 04 20 16 43 51.277     2013 04 20 16 47 35.307     224.0
419
 2013 04 20 08 14 30.166     2013 04 20 08 17 14.109     163.9
 2013 04 20 20 04 27.471     2013 04 20 20 07 11.126     163.7
420
 2013 04 20 13 57  7.409     2013 04 20 13 59 43.451     156.0
 2013 04 20 22 13 12.322     2013 04 20 22 16 18.679     186.4
421
 2013 04 20 13 07 13.585     2013 04 20 13 09 59.423     165.8
422
 2013 04 20 02 52 58.573     2013 04 20 02 55 55.720     177.1
 2013 04 20 12 50  2.835     2013 04 20 12 53 30.487     207.7
423
 2013 04 20 18 43  7.698     2013 04 20 18 45 50.175     162.5
424
 2013 04 20 04 04 49.370     2013 04 20 04 07 39.872     170.5
 2013 04 20 21 06 31.912     2013 04 20 21 10 14.002     222.1
425
 2013 04 20 01 54   .726     2013 04 20 01 56 43.538     162.8
426
 2013 04 20 05 08 12.905     2013 04 20 05 11 20.992     188.1
 2013 04 20 16 52 22.618     2013 04 20 16 55 59.905     217.3
427
428
 2013 04 20 02 58 45.170     2013 04 20 03 01 57.940     192.8
 2013 04 20 09 34 19.113     2013 04 20 09 38  6.404     227.3
429
 2013 04 20 04 48  3.812     2013 04 20 04 51  2.669     178.9
 2013 04 20 23 30  6.720     2013 04 20 23 32 45.772     159.1
430
 2013 04 20 10 53 46.645     2013 04 20 10 56 22.555     155.9
 2013 04 20 15 48 18.640     2013 04 20 15 52  6.537     227.9
 2013 04 20 17 26 11.237     2013 04 20 17 29 54.223     223.0
431
 2013 04 20 04 29 36.929     2013 04 20 04 33 19.288     222.4
 2013 04 20 12 45  8.150     2013 04 20 12 48 43.825     215.7
432
 2013 04 20 17 38 51.384     2013 04 20 17 41 26.784     155.4
433
434
 2013 04 20 05 59 21.140     2013 04 20 06 02 13.404     172.3
 2013 04 20 16 01 31.496     2013 04 20 16 04 24.829     173.3
435
436
 2013 04 20 18 20 11.829     2013 04 20 18 22 48.500     156.7
437
 2013 04 20 11 24 17.022     2013 04 20 11 26 55.368     158.3
 2013 04 20 23 12 57.568     2013 04 20 23 15 31.834     154.3
438
 2013 04 20 06 57 33.279     2013 04 20 07 00 40.923     187.6
 2013 04 20 11 52 46.098     2013 04 20 11 52 49.703       3.6
 2013 04 20 13 30 39.214     2013 04 20 13 31 31.722      52.5
439
 2013 04 20 12 25 21.036     2013 04 20 12 28  4.716     163.7
440
 2013 04 20 09 06 57.959     2013 04 20 09 09 53.341     175.4
441
 2013 04 20 07 44 40.174     2013 04 20 07 45  8.220      28.0
 2013 04 20 12 40 44.412     2013 04 20 12 40 53.513       9.1
442
 2013 04 20 01 26 42.262     2013 04 20 01 29 27.866     165.6
 2013 04 20 07 59 55.771     2013 04 20 08 03 16.214     200.4
443
 2013 04 20 05 17 14.921     2013 04 20 05 20 36.919     202.0
 2013 04 20 13 34 54.869     2013 04 20 13 37 43.336     168.5
444
 2013 04 20 04 34 43.786     2013 04 20 04 37 42.604     178.8
 2013 04 20 11 08   .737     2013 04 20 11 10 40.667     159.9
445
 2013 04 20 17 55 55.979     2013 04 20 17 58 29.929     154.0
446
 2013 04 20 06 56 36.726     2013 04 20 06 59 13.545     156.8
 2013 04 20 13 30  6.749     2013 04 20 13 32 47.373     160.6
447
 2013 04 20 21 33 32.579     2013 04 20 21 36 19.198     166.6
448
 2013 04 20 05 50 45.926     2013 04 20 05 54  3.417     197.5
449
450
 2013 04 20 08 56 57.951     2013 04 20 08 59 31.558     153.6
 2013 04 20 22 31 21.312     2013 04 20 22 34 39.848     198.5
451
452
453
 2013 04 20 08 59 11.877     2013 04 20 09 01 51.148     159.3
454
 2013 04 20 01 22 56.608     2013 04 20 01 23  8.282      11.7
455
 2013 04 20 03 59 58.697     2013 04 20 04 03 11.244     192.5
 2013 04 20 22 42 22.343     2013 04 20 22 45  2.699     160.4
456
 2013 04 20 09 58 48.583     2013 04 20 10 01 20.131     151.5
457
 2013 04 20 04 09 26.610     2013 04 20 04 12 12.246     165.6
458
 2013 04 20 14 29 15.511     2013 04 20 14 32 40.235     204.7
459
 2013 04 20 03 19 24.206     2013 04 20 03 21 57.269     153.1
 2013 04 20 18 41 11.213     2013 04 20 18 44  7.490     176.3
460
 2013 04 20 10 47 57.757     2013 04 20 10 51 44.521     226.8
 2013 04 20 19 03 11.713     2013 04 20 19 06  7.374     175.7
461
 2013 04 20 13 12 47.754     2013 04 20 13 16 23.081     215.3
 2013 04 20 19 46 42.687     2013 04 20 19 49 48.201     185.5
462
 2013 04 20 13 48 52.262     2013 04 20 13 51 29.394     157.1
463
 2013 04 20 09 49 57.195     2013 04 20 09 50 22.985      25.8
 2013 04 20 21 38 25.393     2013 04 20 21 39 53.026      87.6
464
 2013 04 20 00 27 31.973     2013 04 20 00 28 54.263      82.3
 2013 04 20 12 08   .671     2013 04 20 12 08 18.192      17.5
465
466
 2013 04 20 10 36 12.658     2013 04 20 10 38 47.313     154.7
 2013 04 20 22 25 22.390     2013 04 20 22 28 27.673     185.3
467
 2013 04 20 23 08 57.442     2013 04 20 23 11 49.495     172.1
468
 2013 04 20 02 59 40.892     2013 04 20 03 00 27.506      46.6
 2013 04 20 09 35 36.402     2013 04 20 09 38  9.848     153.4
469
 2013 04 20 03 18 18.918     2013 04 20 03 20 52.540     153.6
470
471
 2013 04 20 11 34 41.935     2013 04 20 11 37 55.308     193.4
 2013 04 20 19 50 23.654     2013 04 20 19 50 42.687      19.0
472
 2013 04 20 02 53 52.556     2013 04 20 02 56 38.307     165.8
473
 2013 04 20 23 22 31.648     2013 04 20 23 25  8.066     156.4
474
 2013 04 20 02 04 54.450     2013 04 20 02 07 52.007     177.6
 2013 04 20 12 03 27.822     2013 04 20 12 06  8.844     161.0
475
476
477
 2013 04 20 09 48 41.509     2013 04 20 09 51 24.355     162.8
 2013 04 20 21 37 40.802     2013 04 20 21 41 17.988     217.2
478
 2013 04 20 06 54 42.920     2013 04 20 06 57 40.037     177.1
 2013 04 20 13 28 47.854     2013 04 20 13 28 57.160       9.3
479
 2013 04 20 04 27  8.850     2013 04 20 04 29 51.993     163.1
 2013 04 20 14 25 39.231     2013 04 20 14 29 13.808     214.6
480
 2013 04 20 13 48 51.573     2013 04 20 13 51 24.770     153.2
481
 2013 04 20 02 55 46.961     2013 04 20 02 58 22.500     155.5
 2013 04 20 11 11 56.978     2013 04 20 11 15  9.217     192.2
482
 2013 04 20 06 00 39.183     2013 04 20 06 03 13.101     153.9
 2013 04 20 16 00 39.365     2013 04 20 16 03 10.809     151.4
483
 2013 04 20 08 56 16.344     2013 04 20 08 58 55.692     159.3
 2013 04 20 22 31 38.619     2013 04 20 22 34 13.728     155.1
484
 2013 04 20 05 07 16.881     2013 04 20 05 07 29.613      12.7
485
486
 2013 04 20 13 13 57.464     2013 04 20 13 16 39.427     162.0
 2013 04 20 19 47 47.482     2013 04 20 19 50 24.333     156.9
487
 2013 04 20 00 19 50.267     2013 04 20 00 22 58.680     188.4
488
489
 2013 04 20 05 23 16.171     2013 04 20 05 26 39.413     203.2
 2013 04 20 10 18 46.461     2013 04 20 10 22 28.362     221.9
490
 2013 04 20 09 17  1.450     2013 04 20 09 20 38.405     217.0
 2013 04 20 15 52 56.429     2013 04 20 15 55 54.629     178.2
491
 2013 04 20 00 55  2.529     2013 04 20 00 57 55.630     173.1
 2013 04 20 17 58  3.194     2013 04 20 18 00 45.077     161.9
492
 2013 04 20 20 55 33.180     2013 04 20 20 58 14.505     161.3
493
 2013 04 20 23 10 22.383     2013 04 20 23 12 56.056     153.7
494
 2013 04 20 09 05 42.834     2013 04 20 09 08 21.048     158.2
495
 2013 04 20 01 06 21.702     2013 04 20 01 09 48.278     206.6
496
 2013 04 20 08 29  6.927     2013 04 20 08 32 37.721     210.8
 2013 04 20 15 03  5.845     2013 04 20 15 06 38.243     212.4
497
 2013 04 20 22 58 36.871     2013 04 20 23 01 23.640     166.8
498
499
 2013 04 20 09 51 42.543     2013 04 20 09 52 16.154      33.6
500
 2013 04 20 10 44 38.780     2013 04 20 10 45 19.759      41.0
 2013 04 20 20 42  9.742     2013 04 20 20 45  2.707     173.0
501
 2013 04 20 10 05 47.781     2013 04 20 10 08 23.483     155.7
 2013 04 20 16 39 24.240     2013 04 20 16 42 12.743     168.5
502
 2013 04 20 04 54 21.732     2013 04 20 04 57 13.955     172.2
 2013 04 20 20 16 14.403     2013 04 20 20 18 49.843     155.4
503
 2013 04 20 07 39 45.783     2013 04 20 07 43 19.142     213.4
 2013 04 20 15 54 29.094     2013 04 20 15 57  2.288     153.2
504
 2013 04 20 00 29 48.489     2013 04 20 00 30 43.680      55.2
 2013 04 20 10 28 38.623     2013 04 20 10 31 13.031     154.4
505
 2013 04 20 05 58 16.548     2013 04 20 05 59 38.468      81.9
 2013 04 20 16 02 20.518     2013 04 20 16 05 27.935     187.4
506
 2013 04 20 03 47 40.520     2013 04 20 03 48 18.746      38.2
 2013 04 20 10 22 38.555     2013 04 20 10 25 44.604     186.0
507
 2013 04 20 17 51 23.898     2013 04 20 17 54 12.799     168.9
508
 2013 04 20 10 41 33.918     2013 04 20 10 45 14.163     220.2
 2013 04 20 20 45 32.785     2013 04 20 20 48 59.617     206.8
509
 2013 04 20 10 55   .125     2013 04 20 10 57 46.565     166.4
 2013 04 20 15 49 49.799     2013 04 20 15 52 27.763     158.0
510
 2013 04 20 09 00 17.372     2013 04 20 09 03 32.787     195.4
511
 2013 04 20 03 49  7.457     2013 04 20 03 52 35.852     208.4
 2013 04 20 08 44 44.912     2013 04 20 08 47 59.582     194.7
512
 2013 04 20 00 39  9.743     2013 04 20 00 42  8.879     179.1
 2013 04 20 02 16 34.128     2013 04 20 02 17  1.760      27.6
 2013 04 20 05 33 26.839     2013 04 20 05 37 14.144     227.3
 2013 04 20 07 11 32.085     2013 04 20 07 14 52.651     200.6
513
 2013 04 20 08 26 57.007     2013 04 20 08 29 43.032     166.0
 2013 04 20 16 43 21.533     2013 04 20 16 45 57.422     155.9
514
 2013 04 20 07 37 55.040     2013 04 20 07 41 34.285     219.2
515
 2013 04 20 13 42 18.797     2013 04 20 13 45 29.395     190.6
516
517
 2013 04 20 03 41 13.013     2013 04 20 03 43 45.412     152.4
518
519
 2013 04 20 23 22 22.530     2013 04 20 23 25  1.357     158.8
520
 2013 04 20 00 21 39.433     2013 04 20 00 24 18.534     159.1
 2013 04 20 12 13 48.485     2013 04 20 12 14 51.628      63.1
521
 2013 04 20 10 36 44.334     2013 04 20 10 39 23.975     159.6
 2013 04 20 22 25 51.705     2013 04 20 22 28 22.376     150.7
522
 2013 04 20 06 44 37.221     2013 04 20 06 47 21.664     164.4
523
 2013 04 20 03 17  2.793     2013 04 20 03 20 21.304     198.5
 2013 04 20 20 19 59.011     2013 04 20 20 23  8.223     189.2
524
 2013 04 20 09 03  6.643     2013 04 20 09 06  5.636     179.0
 2013 04 20 20 50 55.866     2013 04 20 20 54  3.742     187.9
525
 2013 04 20 08 52 51.105     2013 04 20 08 55 37.571     166.5
526
 2013 04 20 08 28  6.792     2013 04 20 08 30 48.719     161.9
 2013 04 20 16 41 59.864     2013 04 20 16 45  5.819     186.0
527
 2013 04 20 03 14 15.709     2013 04 20 03 16 59.612     163.9
 2013 04 20 21 55 58.470     2013 04 20 21 58 54.446     176.0
528
529
 2013 04 20 08 30 32.195     2013 04 20 08 34 12.097     219.9
 2013 04 20 10 08 22.967     2013 04 20 10 11 58.531     215.6
 2013 04 20 15 03 35.384     2013 04 20 15 06 20.333     164.9
530
531
 2013 04 20 00 18 53.107     2013 04 20 00 20  8.884      75.8
 2013 04 20 13 51  5.227     2013 04 20 13 53 38.805     153.6
532
 2013 04 20 04 25  7.129     2013 04 20 04 25 57.022      49.9
 2013 04 20 14 27 37.848     2013 04 20 14 30 15.022     157.2
533
 2013 04 20 01 25 46.317     2013 04 20 01 26 29.398      43.1
 2013 04 20 09 35 59.313     2013 04 20 09 38 57.669     178.4
534
 2013 04 20 04 18 55.181     2013 04 20 04 19 49.092      53.9
 2013 04 20 16 08 15.522     2013 04 20 16 11 29.549     194.0
535
 2013 04 20 00 55 15.468     2013 04 20 00 58  7.814     172.3
 2013 04 20 17 56 47.790     2013 04 20 17 59 48.259     180.5
536
 2013 04 20 20 11 32.797     2013 04 20 20 13  6.529      93.7
537
538
 2013 04 20 08 56 16.551     2013 04 20 08 58 57.513     161.0
 2013 04 20 22 32 10.900     2013 04 20 22 34 59.789     168.9
539
 2013 04 20 05 12 38.985     2013 04 20 05 12 50.167      11.2
 2013 04 20 15 14 36.242     2013 04 20 15 17 34.721     178.5
540
 2013 04 20 14 23 32.994     2013 04 20 14 27 14.960     222.0
541
 2013 04 20 15 09 38.894     2013 04 20 15 13 13.043     214.1
542
 2013 04 20 15 22 38.135     2013 04 20 15 25 49.074     190.9
543
 2013 04 20 09 58 38.127     2013 04 20 10 01  9.681     151.6
544
 2013 04 20 06 34 47.090     2013 04 20 06 37 24.013     156.9
 2013 04 20 20 09 48.062     2013 04 20 20 12 31.441     163.4
545
546
547
 2013 04 20 08 10 24.445     2013 04 20 08 10 47.749      23.3
548
 2013 04 20 03 14 33.633     2013 04 20 03 17 43.536     189.9
 2013 04 20 21 55 22.257     2013 04 20 21 59 12.954     230.7
549
 2013 04 20 14 27 30.320     2013 04 20 14 30 38.492     188.2
550
 2013 04 20 03 17 37.196     2013 04 20 03 20 45.852     188.7
 2013 04 20 20 19 32.501     2013 04 20 20 20 55.459      83.0
551
552
 2013 04 20 02 50 42.773     2013 04 20 02 51  1.132      18.4
553
 2013 04 20 09 59 21.724     2013 04 20 10 01 54.376     152.7
554
 2013 04 20 02 56  2.807     2013 04 20 02 58 43.663     160.9
 2013 04 20 11 12 33.344     2013 04 20 11 15 19.818     166.5
555
 2013 04 20 08 53  3.758     2013 04 20 08 55 38.507     154.7
556
 2013 04 20 02 46 12.995     2013 04 20 02 49 17.291     184.3
557
 2013 04 20 04 33 44.885     2013 04 20 04 34 10.226      25.3
 2013 04 20 06 11 41.028     2013 04 20 06 15 21.185     220.2
 2013 04 20 11 07 19.787     2013 04 20 11 09 54.613     154.8
558
 2013 04 20 00 28 58.672     2013 04 20 00 32 31.554     212.9
 2013 04 20 10 31 19.223     2013 04 20 10 33 53.314     154.1
559
 2013 04 20 08 03 12.556     2013 04 20 08 06 25.181     192.6
 2013 04 20 23 23 39.013     2013 04 20 23 26 14.405     155.4
560
 2013 04 20 01 04  1.543     2013 04 20 01 06 37.524     156.0
 2013 04 20 14 39 41.870     2013 04 20 14 42 28.632     166.8
561
562
 2013 04 20 09 51 13.254     2013 04 20 09 51 51.090      37.8
563
564
 2013 04 20 11 39  5.049     2013 04 20 11 41 39.129     154.1
 2013 04 20 18 13 32.287     2013 04 20 18 16 32.187     179.9
565
 2013 04 20 16 40 48.913     2013 04 20 16 43 55.133     186.2
566
 2013 04 20 03 18 58.419     2013 04 20 03 21 31.411     153.0
 2013 04 20 18 40 57.321     2013 04 20 18 44 26.166     208.8
567
 2013 04 20 15 15 57.825     2013 04 20 15 18 43.081     165.3
568
 2013 04 20 02 54 16.348     2013 04 20 02 56 59.566     163.2
569
 2013 04 20 13 15 12.174     2013 04 20 13 17 54.564     162.4
 2013 04 20 18 09 32.001     2013 04 20 18 13 17.950     225.9
 2013 04 20 19 47 29.702     2013 04 20 19 51  1.705     212.0
570
 2013 04 20 01 14 22.709     2013 04 20 01 18   .692     218.0
571
 2013 04 20 01 41 38.663     2013 04 20 01 44 21.978     163.3
 2013 04 20 18 44 16.466     2013 04 20 18 46 55.493     159.0
572
573
 2013 04 20 01 39 44.087     2013 04 20 01 42 28.440     164.4
 2013 04 20 20 21 29.919     2013 04 20 20 24 23.096     173.2
574
 2013 04 20 06 06 42.011     2013 04 20 06 09 30.052     168.0
 2013 04 20 14 20   .600     2013 04 20 14 23 27.968     207.4
575
 2013 04 20 10 50 10.239     2013 04 20 10 53 30.306     200.1
576
 2013 04 20 22 15 19.474     2013 04 20 22 15 46.946      27.5
577
 2013 04 20 15 27 36.081     2013 04 20 15 28 39.564      63.5
578
 2013 04 20 06 02 39.956     2013 04 20 06 06 17.435     217.5
579
 2013 04 20 10 39 29.251     2013 04 20 10 42 23.696     174.4
580
 2013 04 20 07 26 19.913     2013 04 20 07 29 42.497     202.6
581
 2013 04 20 08 10 52.696     2013 04 20 08 14 18.761     206.1
582
 2013 04 20 02 30  7.205     2013 04 20 02 32 47.372     160.2
 2013 04 20 19 32   .743     2013 04 20 19 35 16.370     195.6
583
584
 2013 04 20 16 51  3.931     2013 04 20 16 53 37.269     153.3
585
 2013 04 20 01 44 33.547     2013 04 20 01 47 17.527     164.0
 2013 04 20 17 06   .612     2013 04 20 17 09 25.296     204.7
586
 2013 04 20 16 21 19.427     2013 04 20 16 24  2.002     162.6
587
 2013 04 20 09 13 24.647     2013 04 20 09 16 20.475     175.8
 2013 04 20 17 29 11.611     2013 04 20 17 32 37.184     205.6
588
 2013 04 20 20 58 49.002     2013 04 20 20 59 17.479      28.5
589
 2013 04 20 02 54  2.647     2013 04 20 02 54  6.026       3.4
 2013 04 20 11 17 15.879     2013 04 20 11 17 24.879       9.0
590
 2013 04 20 12 26 40.887     2013 04 20 12 29 26.019     165.1
 2013 04 20 19 00 33.282     2013 04 20 19 03  9.569     156.3
591
 2013 04 20 01 42  7.538     2013 04 20 01 45 32.385     204.8
 2013 04 20 18 45 45.038     2013 04 20 18 48 29.614     164.6
592
 2013 04 20 17 59  8.368     2013 04 20 18 01 50.024     161.7
 2013 04 20 22 53 55.924     2013 04 20 22 57 28.315     212.4
593
 2013 04 20 01 24 30.578     2013 04 20 01 27  6.693     156.1
 2013 04 20 07 59  6.617     2013 04 20 08 02 52.948     226.3
594
 2013 04 20 05 58 14.019     2013 04 20 06 01 30.081     196.1
 2013 04 20 16 04 23.771     2013 04 20 16 05 34.580      70.8
595
596
597
 2013 04 20 05 45 56.301     2013 04 20 05 49 41.278     225.0
 2013 04 20 19 24 35.087     2013 04 20 19 27  8.266     153.2
598
 2013 04 20 08 55  5.417     2013 04 20 08 57 39.971     154.6
 2013 04 20 22 32 10.809     2013 04 20 22 35  6.334     175.5
599
 2013 04 20 18 19  9.880     2013 04 20 18 21 48.284     158.4
600
 2013 04 20 00 25  3.560     2013 04 20 00 25 31.838      28.3
 2013 04 20 12 12 52.095     2013 04 20 12 13 40.369      48.3
601
 2013 04 20 09 17 43.344     2013 04 20 09 20 40.926     177.6
 2013 04 20 15 52 40.563     2013 04 20 15 55 17.982     157.4
602
603
 2013 04 20 16 56 35.197     2013 04 20 16 59 19.080     163.9
604
 2013 04 20 00 06 52.114     2013 04 20 00 09 42.416     170.3
 2013 04 20 17 09 34.127     2013 04 20 17 12 22.291     168.2
 2013 04 20 23 43 38.785     2013 04 20 23 46 36.416     177.6
605
 2013 04 20 00 13  7.864     2013 04 20 00 16 22.615     194.8
606
 2013 04 20 13 32 11.236     2013 04 20 13 34 50.398     159.2
607
 2013 04 20 09 18 34.763     2013 04 20 09 21 10.620     155.9
 2013 04 20 15 52  5.422     2013 04 20 15 54 52.511     167.1
608
 2013 04 20 08 55 31.402     2013 04 20 08 58  8.516     157.1
 2013 04 20 22 32   .828     2013 04 20 22 34 38.368     157.5
609
 2013 04 20 11 37 43.360     2013 04 20 11 41   .946     197.6
610
 2013 04 20 20 46 18.383     2013 04 20 20 49  1.358     163.0
611
 2013 04 20 17 07 55.378     2013 04 20 17 11 31.153     215.8
612
 2013 04 20 08 54 35.484     2013 04 20 08 57 53.868     198.4
 2013 04 20 22 33 23.719     2013 04 20 22 36  2.249     158.5
613
 2013 04 20 01 46 50.192     2013 04 20 01 49 22.595     152.4
 2013 04 20 17 05 59.724     2013 04 20 17 09 40.415     220.7
614
615
 2013 04 20 10 26  2.075     2013 04 20 10 26 28.486      26.4
616
 2013 04 20 12 09 30.373     2013 04 20 12 12 25.650     175.3
617
 2013 04 20 08 22 43.205     2013 04 20 08 25 34.897     171.7
 2013 04 20 18 21 28.318     2013 04 20 18 24  7.360     159.0
618
 2013 04 20 11 28 32.551     2013 04 20 11 31 28.788     176.2
619
 2013 04 20 01 10 34.255     2013 04 20 01 11 10.221      36.0
620
 2013 04 20 09 49  2.319     2013 04 20 09 51 54.408     172.1
 2013 04 20 21 37 30.994     2013 04 20 21 40 44.793     193.8
621
 2013 04 20 08 28 16.931     2013 04 20 08 31 12.259     175.3
 2013 04 20 16 41 32.954     2013 04 20 16 44 57.169     204.2
622
 2013 04 20 08 26 11.912     2013 04 20 08 29  4.809     172.9
 2013 04 20 16 43 21.120     2013 04 20 16 46 27.965     186.8
623
624
 2013 04 20 02 40 53.450     2013 04 20 02 43 45.519     172.1
625
626
 2013 04 20 06 26   .335     2013 04 20 06 29 12.666     192.3
 2013 04 20 23 28 50.828     2013 04 20 23 31 59.007     188.2
627
 2013 04 20 10 26 41.423     2013 04 20 10 26 57.560      16.1
628
 2013 04 20 09 11 19.282     2013 04 20 09 14  9.615     170.3
 2013 04 20 19 07 30.236     2013 04 20 19 07 31.942       1.7
629
 2013 04 20 07 40 59.126     2013 04 20 07 43 36.691     157.6
 2013 04 20 15 55 19.136     2013 04 20 15 58 34.769     195.6
630
 2013 04 20 06 01  3.071     2013 04 20 06 04  9.444     186.4
 2013 04 20 15 59 34.588     2013 04 20 16 02 12.814     158.2
631
 2013 04 20 06 44 19.416     2013 04 20 06 47 35.145     195.7
632
 2013 04 20 08 08 15.788     2013 04 20 08 11 17.620     181.8
 2013 04 20 21 44 10.070     2013 04 20 21 46 53.612     163.5
633
 2013 04 20 19 06 33.294     2013 04 20 19 09 14.546     161.3
634
 2013 04 20 12 22 39.542     2013 04 20 12 22 58.600      19.1
 2013 04 20 20 40 28.524     2013 04 20 20 43  3.455     154.9
635
636
637
 2013 04 20 04 34  9.487     2013 04 20 04 37 26.750     197.3
 2013 04 20 11 09 31.879     2013 04 20 11 12 10.250     158.4
638
 2013 04 20 14 28 38.628     2013 04 20 14 32 15.509     216.9
639
 2013 04 20 04 16 36.229     2013 04 20 04 19 18.364     162.1
640
 2013 04 20 06 58  8.315     2013 04 20 07 00 44.650     156.3
 2013 04 20 11 52 48.472     2013 04 20 11 55 57.514     189.0
641
 2013 04 20 09 18 34.263     2013 04 20 09 22 11.465     217.2
 2013 04 20 15 53  2.492     2013 04 20 15 56 12.946     190.5
642
 2013 04 20 10 28  9.157     2013 04 20 10 31  7.267     178.1
643
644
 2013 04 20 12 15 39.518     2013 04 20 12 18 15.526     156.0
645
 2013 04 20 12 17  8.852     2013 04 20 12 20 24.169     195.3
 2013 04 20 22 17 32.091     2013 04 20 22 21  6.908     214.8
646
 2013 04 20 01 59 18.330     2013 04 20 02 02 33.657     195.3
647
 2013 04 20 01 16 37.276     2013 04 20 01 19 20.141     162.9
 2013 04 20 11 16 58.389     2013 04 20 11 19 45.821     167.4
648
 2013 04 20 00 08 35.408     2013 04 20 00 12  7.442     212.0
 2013 04 20 17 10 50.483     2013 04 20 17 11 33.282      42.8
649
 2013 04 20 17 08 33.893     2013 04 20 17 11 14.551     160.7
650
 2013 04 20 18 24 14.311     2013 04 20 18 27 29.979     195.7
651
 2013 04 20 22 33 36.525     2013 04 20 22 37 15.363     218.8
652
 2013 04 20 05 43 42.482     2013 04 20 05 46 17.167     154.7
653
 2013 04 20 07 30  3.898     2013 04 20 07 32 41.175     157.3
 2013 04 20 19 14 32.477     2013 04 20 19 15 10.436      38.0
654
 2013 04 20 13 10 40.411     2013 04 20 13 13 14.653     154.2
 2013 04 20 21 26  2.897     2013 04 20 21 28 37.833     154.9
655
 2013 04 20 14 02  7.197     2013 04 20 14 04 43.007     155.8
 2013 04 20 20 35 21.228     2013 04 20 20 38 17.060     175.8
656
 2013 04 20 04 05 51.681     2013 04 20 04 08 57.094     185.4
 2013 04 20 19 28 59.840     2013 04 20 19 32 18.518     198.7
657
 2013 04 20 11 41 34.225     2013 04 20 11 44 22.016     167.8
 2013 04 20 16 36 31.556     2013 04 20 16 39 42.209     190.7
658
 2013 04 20 01 21 59.039     2013 04 20 01 24 34.053     155.0
 2013 04 20 09 37 44.625     2013 04 20 09 40 20.309     155.7
659
 2013 04 20 06 11 39.832     2013 04 20 06 14 27.289     167.5
 2013 04 20 11 06 29.355     2013 04 20 11 09  5.985     156.6
660
 2013 04 20 00 07 11.051     2013 04 20 00 09 47.973     156.9
 2013 04 20 17 10 24.282     2013 04 20 17 13  7.390     163.1
 2013 04 20 23 44  3.060     2013 04 20 23 46 37.863     154.8
661
 2013 04 20 08 27 40.532     2013 04 20 08 30 28.863     168.3
 2013 04 20 16 42  7.383     2013 04 20 16 44 50.441     163.1
662
 2013 04 20 02 44 29.608     2013 04 20 02 47 12.643     163.0
 2013 04 20 14 33 33.632     2013 04 20 14 36  3.492     149.9
663
 2013 04 20 02 35 11.546     2013 04 20 02 35 25.548      14.0
 2013 04 20 16 16  4.402     2013 04 20 16 19 34.170     209.8
664
 2013 04 20 08 52 16.698     2013 04 20 08 53 11.252      54.6
665
 2013 04 20 01 23 11.363     2013 04 20 01 23 33.866      22.5
666
 2013 04 20 06 03 40.667     2013 04 20 06 06 55.940     195.3
667
668
 2013 04 20 07 29  2.447     2013 04 20 07 32  9.021     186.6
 2013 04 20 19 15  1.744     2013 04 20 19 17 44.544     162.8
669
 2013 04 20 09 10  8.455     2013 04 20 09 10 25.360      16.9
670
 2013 04 20 09 36  7.312     2013 04 20 09 38 45.474     158.2
671
672
 2013 04 20 01 19 45.330     2013 04 20 01 22 54.766     189.4
673
 2013 04 20 01 08 40.136     2013 04 20 01 09 33.616      53.5
 2013 04 20 13 00 20.139     2013 04 20 13 02 50.820     150.7
674
 2013 04 20 19 53 32.031     2013 04 20 19 56 26.276     174.2
675
676
 2013 04 20 06 25 51.034     2013 04 20 06 28 56.666     185.6
 2013 04 20 23 28 50.925     2013 04 20 23 31 45.608     174.7
677
 2013 04 20 16 04 28.177     2013 04 20 16 07  2.611     154.4
678
 2013 04 20 05 15 12.437     2013 04 20 05 18  4.443     172.0
679
680
681
682
 2013 04 20 10 07  8.080     2013 04 20 10 09 53.230     165.1
 2013 04 20 15 02  2.109     2013 04 20 15 05 10.404     188.3
683
684
 2013 04 20 08 59 35.018     2013 04 20 09 03  1.796     206.8
685
 2013 04 20 06 37 56.778     2013 04 20 06 41 25.017     208.2
 2013 04 20 18 34 52.223     2013 04 20 18 34 53.376       1.2
686
 2013 04 20 06 53 44.978     2013 04 20 06 56 40.360     175.4
 2013 04 20 15 08 16.876     2013 04 20 15 11 56.282     219.4
687
688
 2013 04 20 21 47 49.473     2013 04 20 21 51  3.500     194.0
689
 2013 04 20 09 10 15.249     2013 04 20 09 13 53.042     217.8
 2013 04 20 19 07 47.862     2013 04 20 19 10 42.739     174.9
690
 2013 04 20 04 13 56.382     2013 04 20 04 16 50.536     174.2
 2013 04 20 17 46 57.444     2013 04 20 17 50 33.114     215.7
691
 2013 04 20 20 08 38.034     2013 04 20 20 11 25.394     167.4
692
 2013 04 20 11 38 29.861     2013 04 20 11 41 34.959     185.1
 2013 04 20 18 13 54.638     2013 04 20 18 17 27.870     213.2
693
 2013 04 20 01 09 26.745     2013 04 20 01 12 11.282     164.5
 2013 04 20 12 59 19.174     2013 04 20 13 01 59.277     160.1
694
 2013 04 20 09 42 34.190     2013 04 20 09 45 11.521     157.3
 2013 04 20 23 19  8.643     2013 04 20 23 21 59.186     170.5
695
 2013 04 20 10 06 38.170     2013 04 20 10 09 29.951     171.8
 2013 04 20 15 01 36.496     2013 04 20 15 05 25.658     229.2
 2013 04 20 16 39 18.850     2013 04 20 16 39 49.787      30.9
696
697
 2013 04 20 03 46  2.211     2013 04 20 03 48 52.598     170.4
 2013 04 20 10 21  8.666     2013 04 20 10 21 32.392      23.7
698
 2013 04 20 02 05 14.019     2013 04 20 02 05 56.760      42.7
699
700
 2013 04 20 01 53 51.641     2013 04 20 01 57  3.354     191.7
701
 2013 04 20 07 13 55.494     2013 04 20 07 17 33.847     218.4
 2013 04 20 22 41 57.634     2013 04 20 22 42  8.419      10.8
702
 2013 04 20 05 43  3.015     2013 04 20 05 46 25.090     202.1
 2013 04 20 21 00 46.211     2013 04 20 21 01  1.498      15.3
703
 2013 04 20 13 35 30.903     2013 04 20 13 38 55.209     204.3
704
 2013 04 20 09 11 56.581     2013 04 20 09 14 38.632     162.1
705
 2013 04 20 17 58 43.986     2013 04 20 18 02 16.163     212.2
 2013 04 20 22 57 53.110     2013 04 20 22 58 22.973      29.9
706
 2013 04 20 01 54 30.923     2013 04 20 01 57   .850     149.9
707
 2013 04 20 02 10 51.726     2013 04 20 02 14  5.343     193.6
708
 2013 04 20 02 06 26.884     2013 04 20 02 09 10.156     163.3
709
 2013 04 20 15 16 24.063     2013 04 20 15 18 57.314     153.3
710
 2013 04 20 14 22 16.448     2013 04 20 14 25 32.835     196.4
711
 2013 04 20 09 08 11.652     2013 04 20 09 11   .727     169.1
 2013 04 20 19 10 22.818     2013 04 20 19 13 24.683     181.9
712
 2013 04 20 04 51  2.179     2013 04 20 04 53 42.768     160.6
 2013 04 20 21 53 19.961     2013 04 20 21 55 57.225     157.3
713
 2013 04 20 08 15 34.544     2013 04 20 08 15 37.362       2.8
714
 2013 04 20 20 53 16.420     2013 04 20 20 56 24.042     187.6
715
 2013 04 20 05 39 16.286     2013 04 20 05 41 54.344     158.1
 2013 04 20 22 40 44.487     2013 04 20 22 44 18.625     214.1
716
 2013 04 20 14 34 35.450     2013 04 20 14 37 33.661     178.2
717
 2013 04 20 06 40 46.129     2013 04 20 06 43 36.991     170.9
 2013 04 20 18 29 46.414     2013 04 20 18 32 22.943     156.5
718
 2013 04 20 05 17 13.011     2013 04 20 05 19 46.213     153.2
 2013 04 20 13 33 45.995     2013 04 20 13 37 17.643     211.6
719
 2013 04 20 10 47 16.524     2013 04 20 10 51   .659     224.1
 2013 04 20 19 05 40.142     2013 04 20 19 08 52.585     192.4
720
 2013 04 20 14 50 52.115     2013 04 20 14 53 34.420     162.3
 2013 04 20 19 45 40.698     2013 04 20 19 48 29.128     168.4
721
 2013 04 20 10 51 46.130     2013 04 20 10 54 47.556     181.4
 2013 04 20 17 25 40.988     2013 04 20 17 28 27.023     166.0
722
 2013 04 20 12 19 32.232     2013 04 20 12 22 13.346     161.1
 2013 04 20 22 17 25.216     2013 04 20 22 20 36.227     191.0
723
 2013 04 20 01 20 12.778     2013 04 20 01 23 17.247     184.5
724
 2013 04 20 10 02 40.958     2013 04 20 10 05 26.389     165.4
 2013 04 20 18 16 17.532     2013 04 20 18 19 32.330     194.8
725
 2013 04 20 12 22 34.088     2013 04 20 12 25 17.794     163.7
 2013 04 20 20 38 26.697     2013 04 20 20 41 38.566     191.9
726
 2013 04 20 05 43 41.221     2013 04 20 05 46 21.097     159.9
727
 2013 04 20 13 35 35.752     2013 04 20 13 38 27.806     172.1
728
 2013 04 20 05 56 29.309     2013 04 20 06 00   .515     211.2
729
 2013 04 20 19 59 21.410     2013 04 20 20 03  6.369     225.0
730
731
 2013 04 20 21 40 35.292     2013 04 20 21 44   .489     205.2
732
 2013 04 20 08 25 23.609     2013 04 20 08 28 12.723     169.1
733
 2013 04 20 17 32  2.006     2013 04 20 17 35   .599     178.6
734
 2013 04 20 05 42 54.828     2013 04 20 05 45 48.473     173.6
 2013 04 20 21 01 27.927     2013 04 20 21 05  4.367     216.4
735
 2013 04 20 05 40 31.548     2013 04 20 05 43 51.224     199.7
 2013 04 20 21 03 47.784     2013 04 20 21 06 41.357     173.6
736
 2013 04 20 09 50 35.702     2013 04 20 09 54  6.351     210.6
 2013 04 20 21 37 47.570     2013 04 20 21 38   .186      12.6
737
 2013 04 20 15 24  2.824     2013 04 20 15 27 11.524     188.7
738
 2013 04 20 04 52 18.478     2013 04 20 04 52 23.890       5.4
739
 2013 04 20 21 27 56.531     2013 04 20 21 30 31.507     155.0
740
 2013 04 20 05 07 21.766     2013 04 20 05 10  9.641     167.9
 2013 04 20 16 53 34.930     2013 04 20 16 56 20.910     166.0
741
 2013 04 20 13 48 34.671     2013 04 20 13 51 52.388     197.7
742
 2013 04 20 18 33 26.891     2013 04 20 18 33 29.604       2.7
743
 2013 04 20 10 46 31.655     2013 04 20 10 50  1.807     210.2
744
 2013 04 20 03 41 41.340     2013 04 20 03 44 58.074     196.7
745
 2013 04 20 01 17 10.992     2013 04 20 01 20 46.658     215.7
 2013 04 20 11 15 59.598     2013 04 20 11 18 30.869     151.3
746
 2013 04 20 00 12 40.509     2013 04 20 00 15 14.005     153.5
 2013 04 20 15 31 16.811     2013 04 20 15 31 20.848       4.0
747
 2013 04 20 01 42 34.120     2013 04 20 01 45 38.969     184.8
 2013 04 20 18 45 23.689     2013 04 20 18 48 25.449     181.8
748
 2013 04 20 03 14 47.502     2013 04 20 03 17 39.290     171.8
 2013 04 20 20 21 42.865     2013 04 20 20 21 50.358       7.5
 2013 04 20 21 55 40.467     2013 04 20 21 59 26.965     226.5
749
 2013 04 20 09 52   .222     2013 04 20 09 55 29.654     209.4
 2013 04 20 21 34 58.451     2013 04 20 21 35  6.938       8.5
750
 2013 04 20 02 39 54.324     2013 04 20 02 43 37.280     223.0
751
 2013 04 20 01 48  5.578     2013 04 20 01 50 59.388     173.8
752
 2013 04 20 20 54 33.874     2013 04 20 20 57  4.630     150.8
753
 2013 04 20 00 02 59.709     2013 04 20 00 06 31.070     211.4
 2013 04 20 01 40 47.814     2013 04 20 01 44 20.373     212.6
 2013 04 20 18 45 27.091     2013 04 20 18 48 40.067     193.0
 2013 04 20 20 23  3.149     2013 04 20 20 26 48.467     225.3
 2013 04 20 23 39 46.645     2013 04 20 23 43 24.135     217.5
754
 2013 04 20 19 57 40.670     2013 04 20 19 57 57.952      17.3
755
 2013 04 20 13 53 57.503     2013 04 20 13 57 39.637     222.1
756
 2013 04 20 11 26 55.709     2013 04 20 11 30  5.518     189.8
757
 2013 04 20 09 08  5.624     2013 04 20 09 11 15.768     190.1
 2013 04 20 19 08 38.275     2013 04 20 19 08 51.404      13.1
758
 2013 04 20 02 39 30.353     2013 04 20 02 43  7.126     216.8
759
 2013 04 20 13 11 58.576     2013 04 20 13 14 39.978     161.4
 2013 04 20 21 25   .580     2013 04 20 21 28 45.050     224.5
760
 2013 04 20 12 22 30.677     2013 04 20 12 25 19.441     168.8
 2013 04 20 20 39 27.961     2013 04 20 20 42 28.094     180.1
761
 2013 04 20 06 59 28.276     2013 04 20 06 59 37.106       8.8
 2013 04 20 08 33 37.434     2013 04 20 08 37   .020     202.6
 2013 04 20 13 28 53.018     2013 04 20 13 31 29.538     156.5
762
 2013 04 20 13 13 10.202     2013 04 20 13 15 53.230     163.0
 2013 04 20 19 48  3.872     2013 04 20 19 51 31.090     207.2
763
 2013 04 20 10 01 43.490     2013 04 20 10 04 55.420     191.9
 2013 04 20 18 16 20.483     2013 04 20 18 18 56.198     155.7
764
 2013 04 20 00 57 47.375     2013 04 20 01 00 37.711     170.3
 2013 04 20 16 20  1.973     2013 04 20 16 22 39.864     157.9
765
 2013 04 20 02 32 57.110     2013 04 20 02 34 12.731      75.6
 2013 04 20 17 54 40.615     2013 04 20 17 58  4.498     203.9
766
 2013 04 20 14 34 24.142     2013 04 20 14 36  9.319     105.2
767
 2013 04 20 12 15  4.746     2013 04 20 12 17 55.781     171.0
768
769
 2013 04 20 14 49 46.176     2013 04 20 14 53 24.553     218.4
 2013 04 20 19 49  7.130     2013 04 20 19 49 31.803      24.7
 2013 04 20 21 23 16.524     2013 04 20 21 23 31.292      14.8
770
 2013 04 20 03 25 40.121     2013 04 20 03 28 20.022     159.9
 2013 04 20 17 01 34.943     2013 04 20 17 04 27.493     172.6
771
 2013 04 20 17 03  8.532     2013 04 20 17 03 35.313      26.8
772
 2013 04 20 08 01 28.460     2013 04 20 08 05  8.589     220.1
 2013 04 20 23 25 30.548     2013 04 20 23 29  8.983     218.4
773
 2013 04 20 07 41 36.940     2013 04 20 07 44 42.496     185.6
774
 2013 04 20 09 52 38.585     2013 04 20 09 52 42.815       4.2
775
776
 2013 04 20 01 45 26.965     2013 04 20 01 48 43.459     196.5
 2013 04 20 17 07 32.682     2013 04 20 17 10 15.029     162.3
777
 2013 04 20 08 01 48.693     2013 04 20 08 04 23.650     155.0
778
 2013 04 20 19 30 15.417     2013 04 20 19 32 50.135     154.7
779
780
 2013 04 20 13 14 55.822     2013 04 20 13 17 41.972     166.1
 2013 04 20 19 48 32.630     2013 04 20 19 51 36.269     183.6
781
 2013 04 20 01 06  9.779     2013 04 20 01 09  7.484     177.7
782
 2013 04 20 02 28 57.382     2013 04 20 02 31 43.013     165.6
 2013 04 20 19 32 20.834     2013 04 20 19 34 57.488     156.7
783
784
 2013 04 20 19 13  3.807     2013 04 20 19 16 33.255     209.4
785
 2013 04 20 01 05 47.287     2013 04 20 01 09 27.038     219.8
786
 2013 04 20 02 10 10.791     2013 04 20 02 10 53.480      42.7
787
 2013 04 20 23 14 46.428     2013 04 20 23 17 19.564     153.1
788
789
 2013 04 20 06 56 50.131     2013 04 20 07 00 28.959     218.8
 2013 04 20 13 31 19.660     2013 04 20 13 34 32.195     192.5
790
 2013 04 20 03 43 19.978     2013 04 20 03 45 53.373     153.4
 2013 04 20 11 59 32.398     2013 04 20 12 02 22.105     169.7
791
 2013 04 20 03 45 17.910     2013 04 20 03 48 41.165     203.3
792
 2013 04 20 02 33 31.257     2013 04 20 02 36 25.125     173.9
 2013 04 20 17 52 55.885     2013 04 20 17 55 55.441     179.6
793
794
 2013 04 20 11 40 30.599     2013 04 20 11 43 58.395     207.8
 2013 04 20 18 14 29.735     2013 04 20 18 17 58.939     209.2
795
 2013 04 20 11 40 34.852     2013 04 20 11 43 13.445     158.6
 2013 04 20 18 13 51.132     2013 04 20 18 17   .559     189.4
796
 2013 04 20 04 59 45.706     2013 04 20 04 59 46.530        .8
 2013 04 20 20 12 56.717     2013 04 20 20 13  3.232       6.5
797
 2013 04 20 01 58 28.805     2013 04 20 01 59  1.406      32.6
798
 2013 04 20 04 31 58.134     2013 04 20 04 34 44.509     166.4
 2013 04 20 12 46 37.005     2013 04 20 12 49 55.139     198.1
799
800
 2013 04 20 10 49 52.017     2013 04 20 10 49 52.893        .9
801
 2013 04 20 20 12 52.123     2013 04 20 20 16 11.613     199.5
802
 2013 04 20 04 58 59.163     2013 04 20 05 02 11.035     191.9
 2013 04 20 18 37  2.535     2013 04 20 18 39 36.489     154.0
803
 2013 04 20 06 00 50.968     2013 04 20 06 03 40.412     169.4
 2013 04 20 16 00 54.163     2013 04 20 16 03 44.102     169.9
804
 2013 04 20 10 40 19.844     2013 04 20 10 44  3.738     223.9
805
 2013 04 20 06 27 42.103     2013 04 20 06 30 52.266     190.2
 2013 04 20 21 50 52.403     2013 04 20 21 54   .067     187.7
806
 2013 04 20 04 57 45.026     2013 04 20 05 01  4.393     199.4
 2013 04 20 18 37 14.662     2013 04 20 18 40 32.376     197.7
807
 2013 04 20 13 57   .545     2013 04 20 14 00 41.550     221.0
 2013 04 20 22 12 12.742     2013 04 20 22 15  3.791     171.0
808
 2013 04 20 00 54 10.177     2013 04 20 00 57 20.588     190.4
 2013 04 20 17 58 13.334     2013 04 20 18 00 55.344     162.0
809
 2013 04 20 21 33 15.067     2013 04 20 21 36 34.245     199.2
810
 2013 04 20 07 31 59.951     2013 04 20 07 34 41.891     161.9
811
 2013 04 20 04 04  1.123     2013 04 20 04 06 50.052     168.9
 2013 04 20 21 06 54.266     2013 04 20 21 09 36.830     162.6
812
 2013 04 20 04 14 39.639     2013 04 20 04 17 24.004     164.4
813
814
 2013 04 20 08 30 59.172     2013 04 20 08 34 26.210     207.0
 2013 04 20 10 08 43.876     2013 04 20 10 12 21.057     217.2
 2013 04 20 13 25 16.610     2013 04 20 13 26  8.678      52.1
 2013 04 20 15 03 37.215     2013 04 20 15 06 40.500     183.3
815
816
 2013 04 20 13 48  6.671     2013 04 20 13 51 41.068     214.4
817
 2013 04 20 01 45 12.289     2013 04 20 01 48 55.201     222.9
 2013 04 20 17 05 25.997     2013 04 20 17 08   .819     154.8
818
 2013 04 20 17 08 30.810     2013 04 20 17 11  6.061     155.3
819
 2013 04 20 12 28 13.295     2013 04 20 12 30 49.322     156.0
 2013 04 20 17 22 45.464     2013 04 20 17 26 35.849     230.4
 2013 04 20 19 00 40.839     2013 04 20 19 04 21.681     220.8
820
 2013 04 20 02 40 58.351     2013 04 20 02 44 20.417     202.1
821
 2013 04 20 11 36 32.573     2013 04 20 11 39  5.983     153.4
 2013 04 20 19 51 32.956     2013 04 20 19 54 12.109     159.2
822
823
824
 2013 04 20 09 07 45.859     2013 04 20 09 10 32.903     167.0
 2013 04 20 19 10 14.579     2013 04 20 19 13 50.655     216.1
825
 2013 04 20 12 06 29.524     2013 04 20 12 06 40.849      11.3
826
 2013 04 20 08 10 36.966     2013 04 20 08 13 12.320     155.4
827
828
 2013 04 20 12 13 34.888     2013 04 20 12 13 40.665       5.8
829
 2013 04 20 06 56 20.207     2013 04 20 06 59 54.223     214.0
 2013 04 20 08 34  8.989     2013 04 20 08 37 43.136     214.1
 2013 04 20 11 50 37.180     2013 04 20 11 50 43.606       6.4
 2013 04 20 13 29  7.293     2013 04 20 13 32  3.177     175.9
830
831
832
 2013 04 20 05 49 54.708     2013 04 20 05 53 37.320     222.6
833
 2013 04 20 06 51 47.395     2013 04 20 06 53 24.942      97.5
 2013 04 20 15 09 42.158     2013 04 20 15 12 18.458     156.3
834
 2013 04 20 09 08 17.519     2013 04 20 09 10 51.637     154.1
 2013 04 20 19 09 49.646     2013 04 20 19 13  8.032     198.4
835
 2013 04 20 10 53  1.940     2013 04 20 10 56 44.498     222.6
 2013 04 20 17 27 32.823     2013 04 20 17 30 45.841     193.0
836
837
 2013 04 20 21 28 27.079     2013 04 20 21 31 39.458     192.4
838
 2013 04 20 06 26 33.831     2013 04 20 06 29 14.240     160.4
 2013 04 20 23 27 20.234     2013 04 20 23 31  6.636     226.4
839
 2013 04 20 09 47 46.941     2013 04 20 09 51 21.328     214.4
840
 2013 04 20 01 09 19.422     2013 04 20 01 12 13.009     173.6
 2013 04 20 12 59 30.707     2013 04 20 13 02  8.897     158.2
841
 2013 04 20 18 38 32.996     2013 04 20 18 42  6.469     213.5
842
 2013 04 20 14 30 37.013     2013 04 20 14 33 21.882     164.9
843
 2013 04 20 02 31 34.088     2013 04 20 02 34 34.410     180.3
 2013 04 20 17 52 55.574     2013 04 20 17 56 27.405     211.8
844
 2013 04 20 18 42 38.056     2013 04 20 18 45 27.422     169.4
845
 2013 04 20 05 12 10.460     2013 04 20 05 14 55.653     165.2
 2013 04 20 15 12 52.721     2013 04 20 15 16 24.316     211.6
846
847
 2013 04 20 09 45 28.166     2013 04 20 09 48   .375     152.2
848
 2013 04 20 02 50 57.687     2013 04 20 02 54  1.922     184.2
 2013 04 20 12 52 41.485     2013 04 20 12 55 12.184     150.7
849
 2013 04 20 04 29 18.927     2013 04 20 04 32 53.620     214.7
 2013 04 20 12 47 36.184     2013 04 20 12 51  4.880     208.7
850
 2013 04 20 05 07 19.934     2013 04 20 05 09 56.408     156.5
 2013 04 20 16 54 19.238     2013 04 20 16 57 28.659     189.4
851
 2013 04 20 12 26 12.331     2013 04 20 12 29 42.626     210.3
 2013 04 20 19 01 55.422     2013 04 20 19 04 41.684     166.3
852
 2013 04 20 20 58 45.791     2013 04 20 21 01 55.720     189.9
853
854
 2013 04 20 11 14  5.636     2013 04 20 11 14 59.589      54.0
855
 2013 04 20 04 26 32.091     2013 04 20 04 29 16.646     164.6
 2013 04 20 14 26 16.225     2013 04 20 14 29  9.653     173.4
856
 2013 04 20 21 00 28.005     2013 04 20 21 03 48.753     200.7
857
 2013 04 20 21 04 50.141     2013 04 20 21 07 35.492     165.4
858
 2013 04 20 01 19 55.776     2013 04 20 01 22 31.993     156.2
859
 2013 04 20 08 06 37.415     2013 04 20 08 06 58.856      21.4
 2013 04 20 21 46 43.496     2013 04 20 21 49 31.373     167.9
860
 2013 04 20 10 52 40.971     2013 04 20 10 53 57.736      76.8
 2013 04 20 17 27 47.651     2013 04 20 17 30 42.121     174.5
861
 2013 04 20 23 03  1.296     2013 04 20 23 03 43.636      42.3
862
 2013 04 20 13 56 25.614     2013 04 20 13 59  4.047     158.4
 2013 04 20 22 16 41.902     2013 04 20 22 17 17.567      35.7
863
864
 2013 04 20 04 29 54.478     2013 04 20 04 32 51.673     177.2
 2013 04 20 12 47 12.617     2013 04 20 12 50 25.721     193.1
865
 2013 04 20 04 21 48.552     2013 04 20 04 25 12.649     204.1
866
 2013 04 20 07 22 22.781     2013 04 20 07 25 39.279     196.5
 2013 04 20 20 55 59.939     2013 04 20 20 59  2.273     182.3
867
868
 2013 04 20 00 09   .833     2013 04 20 00 12  2.817     182.0
 2013 04 20 23 45 45.162     2013 04 20 23 48 58.663     193.5
869
 2013 04 20 16 22 22.469     2013 04 20 16 25 51.388     208.9
 2013 04 20 22 58  3.399     2013 04 20 23 00 50.195     166.8
870
871
 2013 04 20 01 19 51.706     2013 04 20 01 22 37.959     166.3
872
 2013 04 20 08 26  7.851     2013 04 20 08 28 42.045     154.2
 2013 04 20 16 42 18.728     2013 04 20 16 45 56.847     218.1
873
 2013 04 20 13 59  8.757     2013 04 20 14 02 11.608     182.9
 2013 04 20 22 11 54.067     2013 04 20 22 15 39.212     225.1
874
 2013 04 20 05 13 12.567     2013 04 20 05 14  5.871      53.3
 2013 04 20 15 14  4.631     2013 04 20 15 17 30.600     206.0
875
876
 2013 04 20 17 44 13.334     2013 04 20 17 47 22.735     189.4
877
 2013 04 20 06 09  9.106     2013 04 20 06 11 49.177     160.1
 2013 04 20 12 42 52.753     2013 04 20 12 45 27.165     154.4
878
 2013 04 20 00 53 15.634     2013 04 20 00 55 52.667     157.0
 2013 04 20 18 00 17.321     2013 04 20 18 00 30.540      13.2
 2013 04 20 19 34 27.338     2013 04 20 19 38  1.938     214.6
879
 2013 04 20 20 01  3.620     2013 04 20 20 04  9.483     185.9
880
881
 2013 04 20 03 25 43.016     2013 04 20 03 26 36.588      53.6
882
 2013 04 20 08 01 55.798     2013 04 20 08 05  5.202     189.4
 2013 04 20 23 25 12.843     2013 04 20 23 28 39.788     206.9
883
 2013 04 20 05 16 49.599     2013 04 20 05 19 37.173     167.6
 2013 04 20 13 36 45.251     2013 04 20 13 36 58.626      13.4
884
 2013 04 20 10 47 44.153     2013 04 20 10 50 18.782     154.6
 2013 04 20 19 04 13.584     2013 04 20 19 07 56.805     223.2
885
 2013 04 20 16 44 30.679     2013 04 20 16 47 55.987     205.3
886
 2013 04 20 17 31 56.465     2013 04 20 17 34 36.040     159.6
887
888
 2013 04 20 02 42  2.010     2013 04 20 02 44 39.584     157.6
889
 2013 04 20 22 19 37.584     2013 04 20 22 23 15.058     217.5
890
 2013 04 20 06 05 14.445     2013 04 20 06 07 52.276     157.8
 2013 04 20 14 20 55.952     2013 04 20 14 23 36.624     160.7
891
 2013 04 20 01 09 51.586     2013 04 20 01 12 26.587     155.0
 2013 04 20 12 58 32.270     2013 04 20 13 01 14.616     162.3
892
 2013 04 20 02 05 20.113     2013 04 20 02 08 21.925     181.8
 2013 04 20 12 04  4.799     2013 04 20 12 05  2.091      57.3
893
 2013 04 20 14 01 26.746     2013 04 20 14 04 19.562     172.8
 2013 04 20 20 34 55.105     2013 04 20 20 37 31.244     156.1
894
 2013 04 20 04 32 15.181     2013 04 20 04 35 58.352     223.2
895
 2013 04 20 07 33 34.507     2013 04 20 07 37 16.636     222.1
 2013 04 20 17 33 46.032     2013 04 20 17 37 28.394     222.4
896
 2013 04 20 18 29  3.713     2013 04 20 18 29 42.143      38.4
897
 2013 04 20 08 09 25.952     2013 04 20 08 09 39.258      13.3
898
899
900
 2013 04 20 09 17 19.513     2013 04 20 09 19 58.145     158.6
 2013 04 20 15 51 59.056     2013 04 20 15 55  2.617     183.6
901
902
 2013 04 20 10 37 28.213     2013 04 20 10 40 48.373     200.2
 2013 04 20 22 24  5.871     2013 04 20 22 26 36.255     150.4
903
 2013 04 20 02 55 39.885     2013 04 20 02 58 25.937     166.1
 2013 04 20 11 12 34.769     2013 04 20 11 15 40.958     186.2
904
 2013 04 20 04 23 13.067     2013 04 20 04 25 54.117     161.1
905
 2013 04 20 22 15 42.561     2013 04 20 22 19  7.612     205.1
906
 2013 04 20 11 35  3.072     2013 04 20 11 37 38.715     155.6
 2013 04 20 19 51 44.984     2013 04 20 19 55 15.409     210.4
907
 2013 04 20 02 44 14.861     2013 04 20 02 47  4.653     169.8
 2013 04 20 14 33 46.499     2013 04 20 14 36 16.694     150.2
908
 2013 04 20 17 27 21.096     2013 04 20 17 28  3.566      42.5
909
 2013 04 20 08 17 54.192     2013 04 20 08 17 57.300       3.1
 2013 04 20 20 05 18.558     2013 04 20 20 05 56.087      37.5
910
 2013 04 20 02 47 19.454     2013 04 20 02 47 48.088      28.6
 2013 04 20 14 31 27.802     2013 04 20 14 34 44.964     197.2
911
 2013 04 20 02 56 38.141     2013 04 20 02 59 25.640     167.5
 2013 04 20 11 12 41.958     2013 04 20 11 15 15.458     153.5
912
 2013 04 20 04 35  6.459     2013 04 20 04 38 32.360     205.9
 2013 04 20 11 09 35.193     2013 04 20 11 12 34.895     179.7
913
 2013 04 20 09 58 44.399     2013 04 20 10 01 15.971     151.6
914
 2013 04 20 12 17 47.119     2013 04 20 12 20 20.905     153.8
 2013 04 20 22 18 45.091     2013 04 20 22 21 30.583     165.5
915
916
 2013 04 20 01 59 19.113     2013 04 20 02 01 59.372     160.3
 2013 04 20 13 43 54.109     2013 04 20 13 47 37.078     223.0
917
 2013 04 20 16 22  7.252     2013 04 20 16 24 47.571     160.3
 2013 04 20 22 56 18.293     2013 04 20 22 59 37.456     199.2
918
 2013 04 20 02 04  3.405     2013 04 20 02 06 49.684     166.3
 2013 04 20 12 04   .440     2013 04 20 12 06 42.686     162.2
919
 2013 04 20 00 16 38.092     2013 04 20 00 19 35.341     177.2
 2013 04 20 13 52 49.928     2013 04 20 13 55 53.407     183.5
920
 2013 04 20 21 26 45.238     2013 04 20 21 27 28.155      42.9
921
 2013 04 20 04 59  5.891     2013 04 20 05 00  4.448      58.6
922
 2013 04 20 10 40 23.808     2013 04 20 10 44  5.814     222.0
923
924
 2013 04 20 11 36 58.473     2013 04 20 11 40 35.804     217.3
 2013 04 20 19 49 55.500     2013 04 20 19 53 21.148     205.6
925
 2013 04 20 10 07 39.634     2013 04 20 10 10 28.538     168.9
 2013 04 20 15 02 34.363     2013 04 20 15 05 15.912     161.5
926
 2013 04 20 04 03 38.829     2013 04 20 04 06 41.904     183.1
 2013 04 20 21 07 10.158     2013 04 20 21 09 45.004     154.8
927
 2013 04 20 02 35  2.051     2013 04 20 02 37 46.080     164.0
928
 2013 04 20 09 49  4.311     2013 04 20 09 49 10.473       6.2
929
 2013 04 20 10 35 47.634     2013 04 20 10 38 46.622     179.0
 2013 04 20 22 26 26.747     2013 04 20 22 29 14.215     167.5
930
 2013 04 20 00 11 10.566     2013 04 20 00 14  3.700     173.1
 2013 04 20 15 31 34.151     2013 04 20 15 34  9.114     155.0
931
 2013 04 20 09 39 53.471     2013 04 20 09 42 38.395     164.9
932
 2013 04 20 04 12 33.261     2013 04 20 04 15  7.163     153.9
 2013 04 20 17 48 41.947     2013 04 20 17 51 13.143     151.2
933
 2013 04 20 09 45 57.584     2013 04 20 09 48 51.714     174.1
934
 2013 04 20 13 07 33.658     2013 04 20 13 10 47.504     193.8
935
 2013 04 20 09 11 50.958     2013 04 20 09 12 56.052      65.1
936
 2013 04 20 22 35 15.343     2013 04 20 22 38  4.293     168.9
937
 2013 04 20 18 24 51.333     2013 04 20 18 27 40.296     169.0
938
 2013 04 20 06 06 44.158     2013 04 20 06 09 59.032     194.9
 2013 04 20 14 19 25.084     2013 04 20 14 23  9.258     224.2
939
 2013 04 20 03 29 58.973     2013 04 20 03 32 29.637     150.7
940
941
 2013 04 20 21 41 49.193     2013 04 20 21 45 17.953     208.8
942
 2013 04 20 10 49 32.496     2013 04 20 10 50 10.997      38.5
 2013 04 20 19 04 58.552     2013 04 20 19 05  9.861      11.3
943
 2013 04 20 01 59  7.831     2013 04 20 02 01 40.396     152.6
 2013 04 20 13 44 18.289     2013 04 20 13 47 52.015     213.7
944
 2013 04 20 23 02 51.897     2013 04 20 23 06 28.530     216.6
945
 2013 04 20 07 16 14.205     2013 04 20 07 16 39.921      25.7
 2013 04 20 22 38 11.123     2013 04 20 22 41 35.002     203.9
946
 2013 04 20 01 00 17.984     2013 04 20 01 03 10.627     172.6
947
 2013 04 20 01 45 23.757     2013 04 20 01 48 17.172     173.4
 2013 04 20 17 06  3.992     2013 04 20 17 08 40.252     156.3
948
 2013 04 20 05 21 42.713     2013 04 20 05 24 56.693     194.0
 2013 04 20 06 59 10.752     2013 04 20 06 59 17.004       6.3
 2013 04 20 11 54 58.522     2013 04 20 11 57 38.142     159.6
949
 2013 04 20 13 12 39.601     2013 04 20 13 16 21.666     222.1
 2013 04 20 19 46 35.272     2013 04 20 19 49 45.956     190.7
950
 2013 04 20 04 33 50.610     2013 04 20 04 34 28.206      37.6
 2013 04 20 12 45 15.631     2013 04 20 12 47 51.850     156.2
951
 2013 04 20 06 26 35.451     2013 04 20 06 29 18.754     163.3
 2013 04 20 23 27 13.490     2013 04 20 23 28 59.241     105.8
952
 2013 04 20 06 32 30.276     2013 04 20 06 35 57.641     207.4
 2013 04 20 20 13  4.817     2013 04 20 20 13 17.462      12.6
953
 2013 04 20 04 59  9.511     2013 04 20 05 01 50.252     160.7
 2013 04 20 18 35 39.022     2013 04 20 18 38 30.868     171.8
954
 2013 04 20 04 53  4.946     2013 04 20 04 56 46.313     221.4
 2013 04 20 20 14  6.586     2013 04 20 20 17 37.997     211.4
955
956
 2013 04 20 10 49  3.200     2013 04 20 10 51 43.918     160.7
 2013 04 20 19 04 51.859     2013 04 20 19 07 25.599     153.7
957
 2013 04 20 00 37 13.083     2013 04 20 00 39 46.950     153.9
 2013 04 20 07 11 37.152     2013 04 20 07 15 26.799     229.6
958
 2013 04 20 02 43 45.312     2013 04 20 02 46 19.071     153.8
 2013 04 20 14 33  7.501     2013 04 20 14 36 18.812     191.3
959
 2013 04 20 22 22 23.703     2013 04 20 22 25  7.265     163.6
960
 2013 04 20 05 54  4.147     2013 04 20 05 57 30.170     206.0
 2013 04 20 17 40 37.020     2013 04 20 17 43  7.450     150.4
961
 2013 04 20 01 07 36.361     2013 04 20 01 10 59.912     203.6
962
 2013 04 20 05 15 39.812     2013 04 20 05 18 14.771     155.0
963
964
 2013 04 20 10 50 24.694     2013 04 20 10 53   .604     155.9
 2013 04 20 19 03 43.542     2013 04 20 19 04 24.532      41.0
965
 2013 04 20 08 07   .207     2013 04 20 08 10  6.508     186.3
 2013 04 20 21 47 57.767     2013 04 20 21 48  4.490       6.7
966
 2013 04 20 06 31 46.038     2013 04 20 06 34 17.591     151.6
967
 2013 04 20 06 27 24.102     2013 04 20 06 30 43.805     199.7
 2013 04 20 21 51 40.551     2013 04 20 21 52 36.792      56.2
968
 2013 04 20 08 02 29.352     2013 04 20 08 02 47.623      18.3
 2013 04 20 23 26  2.653     2013 04 20 23 28 37.974     155.3
969
 2013 04 20 20 36 40.713     2013 04 20 20 39 53.972     193.3
970
 2013 04 20 00 07 36.450     2013 04 20 00 11  4.369     207.9
 2013 04 20 17 11 19.567     2013 04 20 17 14  2.973     163.4
 2013 04 20 23 44 33.574     2013 04 20 23 47 50.289     196.7
971
 2013 04 20 00 16 36.425     2013 04 20 00 19 41.001     184.6
 2013 04 20 13 51 35.161     2013 04 20 13 54 10.083     154.9
972
 2013 04 20 14 45 45.083     2013 04 20 14 48 33.137     168.1
 2013 04 20 22 59 52.134     2013 04 20 23 02 45.442     173.3
973
 2013 04 20 09 12 50.556     2013 04 20 09 16 31.457     220.9
 2013 04 20 17 31 10.119     2013 04 20 17 34 22.594     192.5
974
975
 2013 04 20 09 02 55.292     2013 04 20 09 03 17.740      22.4
 2013 04 20 20 49 17.217     2013 04 20 20 51 47.395     150.2
976
 2013 04 20 04 49 14.222     2013 04 20 04 52 25.731     191.5
 2013 04 20 21 52   .982     2013 04 20 21 52 46.772      45.8
977
 2013 04 20 04 07 12.626     2013 04 20 04 09 50.344     157.7
 2013 04 20 19 28 37.395     2013 04 20 19 31 10.036     152.6
978
 2013 04 20 06 51 16.530     2013 04 20 06 53 50.004     153.5
979
 2013 04 20 09 10  1.411     2013 04 20 09 11 21.355      79.9
980
 2013 04 20 01 41 40.575     2013 04 20 01 44 15.076     154.5
 2013 04 20 18 44 44.782     2013 04 20 18 47 27.135     162.4
981
 2013 04 20 00 29 43.495     2013 04 20 00 32 26.676     163.2
 2013 04 20 10 29 35.525     2013 04 20 10 32 13.485     158.0
982
 2013 04 20 06 30 47.963     2013 04 20 06 33 44.919     177.0
983
984
 2013 04 20 20 13 51.360     2013 04 20 20 16 26.578     155.2
985
 2013 04 20 15 36 29.645     2013 04 20 15 39 10.010     160.4
 2013 04 20 22 10 10.724     2013 04 20 22 13   .837     170.1
986
 2013 04 20 20 45 32.175     2013 04 20 20 48 27.125     175.0
987
 2013 04 20 01 07 14.884     2013 04 20 01 10 32.959     198.1
988
 2013 04 20 06 45   .497     2013 04 20 06 48  5.302     184.8
989
 2013 04 20 01 47 51.346     2013 04 20 01 51 13.973     202.6
990
 2013 04 20 18 20 26.843     2013 04 20 18 23  9.391     162.5
991
992
 2013 04 20 20 06 18.702     2013 04 20 20 09 15.597     176.9
993
 2013 04 20 09 19 33.192     2013 04 20 09 22 34.000     180.8
 2013 04 20 14 14 42.371     2013 04 20 14 18 18.974     216.6
994
 2013 04 20 02 44 48.588     2013 04 20 02 47 23.608     155.0
 2013 04 20 14 32 51.974     2013 04 20 14 35 22.274     150.3
995
996
 2013 04 20 12 07  4.750     2013 04 20 12 09 57.470     172.7
997
 2013 04 20 13 05 26.651     2013 04 20 13 08 33.812     187.2
 2013 04 20 23 04 53.312     2013 04 20 23 07 30.773     157.5
998
 2013 04 20 09 17 48.934     2013 04 20 09 21 10.221     201.3
 2013 04 20 10 55 22.153     2013 04 20 10 55 55.661      33.5
 2013 04 20 15 51  7.138     2013 04 20 15 53 44.758     157.6
999
 2013 04 20 07 44 32.043     2013 04 20 07 47 28.080     176.0
 2013 04 20 14 17 58.168     2013 04 20 14 21 21.243     203.1
