0 -32.6397 6.5925 2 23 5
2  45.0 45.0 0.00
1 6.1933 8.4832 7 21 5
2  45.0 45.0 0.00
2 19.7148 171.4460 3 22 6
2  45.0 45.0 0.00
3 24.6867 -167.4306 10 15 9
2  45.0 45.0 0.00
4 -15.4536 -2.4772 2 19 8
2  45.0 45.0 0.00
5 42.7313 -8.6651 5 28 5
2  45.0 45.0 0.00
6 6.4137 -14.1270 2 16 9
2  45.0 45.0 0.00
7 35.0488 145.1684 6 19 7
2  45.0 45.0 0.00
8 -44.6391 -22.6302 4 28 6
2  45.0 45.0 0.00
9 27.4812 5.2968 2 27 5
2  45.0 45.0 0.00
10 -45.7476 -108.6611 10 19 8
2  45.0 45.0 0.00
11 21.0897 -105.9722 8 29 8
2  45.0 45.0 0.00
12 -44.2554 53.2820 7 19 9
2  45.0 45.0 0.00
13 -29.1256 141.2477 8 24 8
2  45.0 45.0 0.00
14 34.9426 89.2972 2 23 7
2  45.0 45.0 0.00
15 44.2098 24.6164 1 28 7
2  45.0 45.0 0.00
16 -11.8283 39.5079 7 27 5
2  45.0 45.0 0.00
17 -14.5916 -115.1594 2 20 5
2  45.0 45.0 0.00
18 13.2517 156.3599 9 25 8
2  45.0 45.0 0.00
19 -7.3277 -124.0438 3 16 8
2  45.0 45.0 0.00
20 38.8916 128.4092 10 16 9
2  45.0 45.0 0.00
21 -19.0407 46.3774 2 26 8
2  45.0 45.0 0.00
22 -39.1585 -77.2025 9 22 9
2  45.0 45.0 0.00
23 -2.8882 124.7392 4 17 8
2  45.0 45.0 0.00
24 -48.2176 18.2980 4 24 9
2  45.0 45.0 0.00
25 41.9033 -154.3387 6 26 6
2  45.0 45.0 0.00
26 27.7338 -15.7272 7 18 7
2  45.0 45.0 0.00
27 3.3623 7.8035 9 28 9
2  45.0 45.0 0.00
28 24.7528 -23.8798 9 24 5
2  45.0 45.0 0.00
29 -17.0165 -29.0067 8 26 7
2  45.0 45.0 0.00
30 8.9435 179.4493 9 21 6
2  45.0 45.0 0.00
31 -19.4961 -91.8137 9 17 7
2  45.0 45.0 0.00
32 -26.5965 125.4128 3 22 5
2  45.0 45.0 0.00
33 18.4723 -163.5617 1 15 5
2  45.0 45.0 0.00
34 47.8141 171.6866 8 17 9
2  45.0 45.0 0.00
35 11.8137 147.8667 7 21 5
2  45.0 45.0 0.00
36 -2.5558 -66.9252 2 19 7
2  45.0 45.0 0.00
37 27.8959 -170.6018 1 28 8
2  45.0 45.0 0.00
38 -22.6037 -63.1021 6 21 8
2  45.0 45.0 0.00
39 40.8257 157.6771 6 23 5
2  45.0 45.0 0.00
40 -21.8566 -29.4662 1 24 8
2  45.0 45.0 0.00
41 11.3914 107.5205 9 23 8
2  45.0 45.0 0.00
42 -10.0346 117.9042 3 15 6
2  45.0 45.0 0.00
43 46.1092 16.9390 8 15 5
2  45.0 45.0 0.00
44 15.7050 -131.0697 4 20 7
2  45.0 45.0 0.00
45 13.3941 7.9620 5 22 6
2  45.0 45.0 0.00
46 18.3866 -49.6631 8 19 5
2  45.0 45.0 0.00
47 -46.8796 55.0353 9 24 7
2  45.0 45.0 0.00
48 49.2371 -11.7680 5 17 6
2  45.0 45.0 0.00
49 -4.3199 -85.5242 2 18 9
2  45.0 45.0 0.00
50 -17.1619 137.6675 7 22 8
2  45.0 45.0 0.00
51 -36.2639 -167.3111 5 16 6
2  45.0 45.0 0.00
52 -43.9530 -77.8455 3 18 9
2  45.0 45.0 0.00
53 -48.4116 5.0297 7 15 6
2  45.0 45.0 0.00
54 -23.0956 160.8691 8 22 8
2  45.0 45.0 0.00
55 -33.8299 158.3200 4 15 7
2  45.0 45.0 0.00
56 -14.4238 -70.3888 1 24 8
2  45.0 45.0 0.00
57 30.8512 136.4663 4 23 8
2  45.0 45.0 0.00
58 -50.6158 28.8271 8 20 6
2  45.0 45.0 0.00
59 19.1583 -101.3138 4 18 8
2  45.0 45.0 0.00
60 47.1991 -89.0419 1 27 5
2  45.0 45.0 0.00
61 -11.5289 -33.3652 4 27 7
2  45.0 45.0 0.00
62 -29.8803 175.2881 3 23 5
2  45.0 45.0 0.00
63 29.7726 56.6560 9 23 7
2  45.0 45.0 0.00
64 -35.5934 171.7701 9 20 8
2  45.0 45.0 0.00
65 21.4164 20.3490 8 16 6
2  45.0 45.0 0.00
66 49.0014 81.3073 7 19 7
2  45.0 45.0 0.00
67 -41.2059 -21.5499 1 22 6
2  45.0 45.0 0.00
68 -12.3247 -164.3001 1 16 6
2  45.0 45.0 0.00
69 -49.2284 177.6550 6 18 7
2  45.0 45.0 0.00
70 -50.5238 55.2696 6 24 9
2  45.0 45.0 0.00
71 49.6224 130.1036 9 18 7
2  45.0 45.0 0.00
72 35.4794 -79.3878 7 22 8
2  45.0 45.0 0.00
73 -0.8208 58.6059 3 17 5
2  45.0 45.0 0.00
74 -16.8822 -114.8841 8 18 7
2  45.0 45.0 0.00
75 -40.2161 127.5533 5 15 5
2  45.0 45.0 0.00
76 22.1069 -56.1468 7 24 8
2  45.0 45.0 0.00
77 -20.2725 -143.6935 7 21 7
2  45.0 45.0 0.00
78 -26.5142 -106.8656 2 15 8
2  45.0 45.0 0.00
79 -41.9494 8.2086 2 20 5
2  45.0 45.0 0.00
80 -13.4846 120.3067 1 16 8
2  45.0 45.0 0.00
81 36.3032 -25.9465 3 15 7
2  45.0 45.0 0.00
82 -40.9350 120.7768 8 16 8
2  45.0 45.0 0.00
83 -0.9884 46.6462 10 26 5
2  45.0 45.0 0.00
84 -11.5111 -92.3055 10 24 9
2  45.0 45.0 0.00
85 -38.4162 -130.2779 6 22 7
2  45.0 45.0 0.00
86 10.3669 -13.1271 4 29 5
2  45.0 45.0 0.00
87 39.6832 -99.8450 4 28 7
2  45.0 45.0 0.00
88 40.3673 -157.4230 9 29 8
2  45.0 45.0 0.00
89 -9.0762 -149.1609 1 19 8
2  45.0 45.0 0.00
90 -2.6841 95.2778 7 19 5
2  45.0 45.0 0.00
91 -39.3058 -105.3132 7 17 6
2  45.0 45.0 0.00
92 21.6628 143.8439 1 24 5
2  45.0 45.0 0.00
93 15.9302 138.2622 2 15 7
2  45.0 45.0 0.00
94 -24.5896 71.8390 1 18 6
2  45.0 45.0 0.00
95 -18.1587 -74.2516 2 28 9
2  45.0 45.0 0.00
96 -47.4966 125.4718 1 26 8
2  45.0 45.0 0.00
97 35.3129 -127.3676 9 27 7
2  45.0 45.0 0.00
98 17.6921 -153.4432 2 25 7
2  45.0 45.0 0.00
99 51.0133 -20.1255 2 27 7
2  45.0 45.0 0.00
100 3.2132 -154.0481 4 27 8
2  45.0 45.0 0.00
101 29.1633 20.8571 5 15 9
2  45.0 45.0 0.00
102 35.5572 -57.8832 3 17 5
2  45.0 45.0 0.00
103 37.7183 -131.4734 1 28 6
2  45.0 45.0 0.00
104 0.4329 -171.0060 4 23 6
2  45.0 45.0 0.00
105 -32.4091 173.2445 4 25 5
2  45.0 45.0 0.00
106 40.7671 -6.5070 2 19 8
2  45.0 45.0 0.00
107 50.8620 -178.4347 6 15 6
2  45.0 45.0 0.00
108 -23.8284 -148.9705 1 28 5
2  45.0 45.0 0.00
109 -18.2645 141.3361 4 24 7
2  45.0 45.0 0.00
110 36.7249 24.5979 3 22 6
2  45.0 45.0 0.00
111 0.5650 13.7660 9 23 6
2  45.0 45.0 0.00
112 31.1524 118.4262 3 28 9
2  45.0 45.0 0.00
113 -15.5268 -160.8732 5 23 7
2  45.0 45.0 0.00
114 37.2574 -153.2390 1 23 5
2  45.0 45.0 0.00
115 -8.7036 -123.4966 1 20 9
2  45.0 45.0 0.00
116 -21.0247 -42.9081 1 19 9
2  45.0 45.0 0.00
117 -19.4756 162.5377 3 15 8
2  45.0 45.0 0.00
118 -6.1913 -26.2883 1 26 5
2  45.0 45.0 0.00
119 -5.6983 -118.1664 3 29 8
2  45.0 45.0 0.00
120 -23.8963 -63.1268 10 15 7
2  45.0 45.0 0.00
121 28.8453 -170.3661 5 19 5
2  45.0 45.0 0.00
122 -16.0721 -112.0962 5 24 6
2  45.0 45.0 0.00
123 -9.2135 20.1555 10 15 7
2  45.0 45.0 0.00
124 -10.3852 -177.8230 1 27 7
2  45.0 45.0 0.00
125 -8.0021 -62.7075 7 21 9
2  45.0 45.0 0.00
126 -26.9101 -122.4261 7 23 9
2  45.0 45.0 0.00
127 50.5626 -59.4768 8 27 7
2  45.0 45.0 0.00
128 -22.3122 43.5373 6 28 6
2  45.0 45.0 0.00
129 -26.1852 98.3802 8 22 6
2  45.0 45.0 0.00
130 41.3670 -127.0859 9 20 8
2  45.0 45.0 0.00
131 -24.5373 7.0186 6 23 9
2  45.0 45.0 0.00
132 -5.6908 37.8007 10 21 7
2  45.0 45.0 0.00
133 -33.0244 40.4416 2 25 7
2  45.0 45.0 0.00
134 -44.7009 70.9546 10 23 5
2  45.0 45.0 0.00
135 29.7955 -133.1988 9 22 8
2  45.0 45.0 0.00
136 16.0304 116.8365 4 18 5
2  45.0 45.0 0.00
137 -42.4904 93.7155 8 28 6
2  45.0 45.0 0.00
138 -4.5040 102.5992 6 15 7
2  45.0 45.0 0.00
139 19.5576 -107.0529 1 19 5
2  45.0 45.0 0.00
140 14.9070 -160.6926 6 15 6
2  45.0 45.0 0.00
141 -32.5252 38.6753 8 19 9
2  45.0 45.0 0.00
142 -38.3176 -163.9366 9 26 7
2  45.0 45.0 0.00
143 12.9073 -39.4884 4 20 9
2  45.0 45.0 0.00
144 -7.6184 77.3125 1 20 9
2  45.0 45.0 0.00
145 -21.9107 54.7056 5 15 5
2  45.0 45.0 0.00
146 8.3167 109.1805 2 19 6
2  45.0 45.0 0.00
147 10.3454 100.9510 8 29 6
2  45.0 45.0 0.00
148 -0.8781 -15.5972 6 15 7
2  45.0 45.0 0.00
149 -9.2338 -172.2037 4 23 5
2  45.0 45.0 0.00
150 -21.8153 115.9316 5 22 5
2  45.0 45.0 0.00
151 45.1427 64.9597 1 16 8
2  45.0 45.0 0.00
152 4.3671 26.3443 6 18 8
2  45.0 45.0 0.00
153 -17.4652 76.9060 3 22 8
2  45.0 45.0 0.00
154 36.1828 -19.0980 8 17 6
2  45.0 45.0 0.00
155 49.9741 68.6722 6 27 7
2  45.0 45.0 0.00
156 -24.2062 -153.6399 1 27 8
2  45.0 45.0 0.00
157 27.1812 -74.0125 9 19 5
2  45.0 45.0 0.00
158 44.2184 61.8603 8 17 8
2  45.0 45.0 0.00
159 44.3649 -110.2166 10 19 6
2  45.0 45.0 0.00
160 21.1217 8.4324 1 27 7
2  45.0 45.0 0.00
161 36.8080 65.8404 6 18 7
2  45.0 45.0 0.00
162 -28.0774 124.9957 2 23 8
2  45.0 45.0 0.00
163 -3.3945 77.5913 3 24 9
2  45.0 45.0 0.00
164 -48.6726 -21.8625 5 19 9
2  45.0 45.0 0.00
165 -35.0316 -73.1892 9 21 6
2  45.0 45.0 0.00
166 29.4268 -28.9021 7 22 7
2  45.0 45.0 0.00
167 26.3109 -88.5031 4 21 5
2  45.0 45.0 0.00
168 -45.2051 -156.5680 10 27 5
2  45.0 45.0 0.00
169 -45.5859 -138.3468 6 21 7
2  45.0 45.0 0.00
170 -31.4814 13.8407 6 20 9
2  45.0 45.0 0.00
171 -25.4410 -109.0483 1 27 8
2  45.0 45.0 0.00
172 5.3582 -78.3901 5 29 8
2  45.0 45.0 0.00
173 33.4327 -62.6806 4 15 6
2  45.0 45.0 0.00
174 -30.3353 -70.7782 5 24 9
2  45.0 45.0 0.00
175 50.4280 45.3667 4 19 7
2  45.0 45.0 0.00
176 -47.2961 134.7169 8 28 8
2  45.0 45.0 0.00
177 -27.6486 -152.9224 5 25 7
2  45.0 45.0 0.00
178 5.4195 -30.9898 2 26 7
2  45.0 45.0 0.00
179 30.8764 -137.4444 5 15 8
2  45.0 45.0 0.00
180 25.8701 -156.8972 8 15 5
2  45.0 45.0 0.00
181 42.3589 143.4435 4 20 7
2  45.0 45.0 0.00
182 14.2010 151.5215 1 21 9
2  45.0 45.0 0.00
183 18.6915 -40.0335 4 17 6
2  45.0 45.0 0.00
184 25.4598 52.1482 2 23 6
2  45.0 45.0 0.00
185 31.7895 8.2172 10 15 7
2  45.0 45.0 0.00
186 37.8977 34.8758 7 23 8
2  45.0 45.0 0.00
187 51.9014 112.8335 10 28 7
2  45.0 45.0 0.00
188 -16.8847 64.1071 6 18 7
2  45.0 45.0 0.00
189 13.8049 -177.5634 5 28 6
2  45.0 45.0 0.00
190 -10.3359 152.8711 8 25 8
2  45.0 45.0 0.00
191 -42.4847 3.6791 10 27 5
2  45.0 45.0 0.00
192 -13.0606 126.4851 6 28 9
2  45.0 45.0 0.00
193 -49.0680 -53.7511 2 25 9
2  45.0 45.0 0.00
194 38.4683 6.9944 4 26 8
2  45.0 45.0 0.00
195 -46.4162 -33.8270 8 16 8
2  45.0 45.0 0.00
196 31.0721 46.7387 4 27 8
2  45.0 45.0 0.00
197 45.8856 136.0293 3 29 8
2  45.0 45.0 0.00
198 -2.1819 -177.0301 10 26 9
2  45.0 45.0 0.00
199 -1.1275 107.8801 2 21 6
2  45.0 45.0 0.00
200 -23.3684 -71.1422 5 15 9
2  45.0 45.0 0.00
201 40.6046 -119.1340 9 29 9
2  45.0 45.0 0.00
202 20.4755 -27.8831 10 15 8
2  45.0 45.0 0.00
203 26.1774 -169.7694 8 16 8
2  45.0 45.0 0.00
204 -36.1210 -42.6596 3 29 9
2  45.0 45.0 0.00
205 37.5938 87.1839 9 27 7
2  45.0 45.0 0.00
206 -25.1809 -179.0521 3 26 6
2  45.0 45.0 0.00
207 -0.9805 44.8083 1 29 9
2  45.0 45.0 0.00
208 27.9640 142.0516 4 16 8
2  45.0 45.0 0.00
209 -46.9719 175.1658 3 29 6
2  45.0 45.0 0.00
210 -4.1398 67.5706 5 26 5
2  45.0 45.0 0.00
211 42.1925 -68.1774 3 15 9
2  45.0 45.0 0.00
212 -38.0662 -59.0078 1 21 7
2  45.0 45.0 0.00
213 20.1964 45.8602 7 25 8
2  45.0 45.0 0.00
214 -40.0161 -161.7862 3 18 6
2  45.0 45.0 0.00
215 -24.9473 -90.3418 5 18 8
2  45.0 45.0 0.00
216 39.0173 91.9095 9 24 5
2  45.0 45.0 0.00
217 7.9233 -97.0762 9 26 5
2  45.0 45.0 0.00
218 -33.9060 38.1603 2 15 9
2  45.0 45.0 0.00
219 -7.6615 -18.1895 2 23 5
2  45.0 45.0 0.00
220 -7.4752 -67.1853 6 18 9
2  45.0 45.0 0.00
221 -9.5028 -17.0000 4 21 7
2  45.0 45.0 0.00
222 15.7932 -142.7596 1 18 5
2  45.0 45.0 0.00
223 -12.1285 73.2292 2 20 8
2  45.0 45.0 0.00
224 -4.2200 138.1910 1 24 8
2  45.0 45.0 0.00
225 1.7478 -173.4416 1 20 5
2  45.0 45.0 0.00
226 33.4085 64.2352 1 16 6
2  45.0 45.0 0.00
227 5.7996 13.1819 5 24 8
2  45.0 45.0 0.00
228 -40.0711 96.4540 5 17 5
2  45.0 45.0 0.00
229 -44.8713 -47.9317 5 28 8
2  45.0 45.0 0.00
230 23.7766 -146.9218 8 27 5
2  45.0 45.0 0.00
231 4.8353 76.6350 1 23 9
2  45.0 45.0 0.00
232 -11.4339 -158.3334 9 19 7
2  45.0 45.0 0.00
233 49.8795 -174.4998 2 29 8
2  45.0 45.0 0.00
234 36.9902 -165.7730 7 23 6
2  45.0 45.0 0.00
235 20.3796 77.3632 10 23 5
2  45.0 45.0 0.00
236 -37.1390 -148.1392 10 25 6
2  45.0 45.0 0.00
237 23.6688 128.0444 4 15 6
2  45.0 45.0 0.00
238 36.2348 166.3066 9 26 9
2  45.0 45.0 0.00
239 -46.4507 -23.3895 1 24 9
2  45.0 45.0 0.00
240 -46.4908 -39.6023 6 18 5
2  45.0 45.0 0.00
241 19.5875 -2.2771 10 22 5
2  45.0 45.0 0.00
242 35.0561 -117.3814 4 21 9
2  45.0 45.0 0.00
243 -20.8151 -56.4197 7 29 6
2  45.0 45.0 0.00
244 -40.8225 163.9009 5 26 9
2  45.0 45.0 0.00
245 41.0222 -74.5176 8 24 6
2  45.0 45.0 0.00
246 -25.7335 -154.3892 10 25 8
2  45.0 45.0 0.00
247 27.5217 125.3303 10 24 6
2  45.0 45.0 0.00
248 -28.6607 -44.2146 7 15 9
2  45.0 45.0 0.00
249 17.7972 20.2265 1 27 6
2  45.0 45.0 0.00
250 23.1618 -22.7258 8 21 6
2  45.0 45.0 0.00
251 -41.7505 42.6814 4 21 6
2  45.0 45.0 0.00
252 -11.4712 123.5489 1 17 5
2  45.0 45.0 0.00
253 27.5151 0.2198 2 26 5
2  45.0 45.0 0.00
254 -4.7179 68.4477 10 24 7
2  45.0 45.0 0.00
255 25.1963 163.6507 3 28 8
2  45.0 45.0 0.00
256 -17.9334 -3.9001 2 20 8
2  45.0 45.0 0.00
257 33.9580 45.9183 2 19 6
2  45.0 45.0 0.00
258 -38.0456 -25.4022 9 20 6
2  45.0 45.0 0.00
259 -12.0390 -96.6747 3 27 8
2  45.0 45.0 0.00
260 -35.2676 113.2866 3 26 6
2  45.0 45.0 0.00
261 -49.9923 117.9530 3 28 5
2  45.0 45.0 0.00
262 -36.9365 67.6662 7 24 5
2  45.0 45.0 0.00
263 42.6772 -7.7721 8 22 9
2  45.0 45.0 0.00
264 -39.0053 -100.7223 3 22 6
2  45.0 45.0 0.00
265 -50.2384 -60.9628 8 19 6
2  45.0 45.0 0.00
266 0.6616 -141.7993 9 17 7
2  45.0 45.0 0.00
267 1.7100 77.2903 10 29 6
2  45.0 45.0 0.00
268 52.2274 87.7937 2 16 8
2  45.0 45.0 0.00
269 -4.9695 106.3527 7 17 8
2  45.0 45.0 0.00
270 43.2494 75.8389 4 28 7
2  45.0 45.0 0.00
271 47.3896 -54.8107 2 23 8
2  45.0 45.0 0.00
272 20.9579 17.4756 3 23 6
2  45.0 45.0 0.00
273 -48.1845 -3.2979 2 16 6
2  45.0 45.0 0.00
274 -33.0805 -1.0983 3 17 9
2  45.0 45.0 0.00
275 -11.8556 -147.7068 3 27 7
2  45.0 45.0 0.00
276 -28.5534 -121.4398 4 25 9
2  45.0 45.0 0.00
277 31.3312 -100.3354 10 26 6
2  45.0 45.0 0.00
278 -35.1513 -121.5293 10 20 5
2  45.0 45.0 0.00
279 -5.9182 -118.2135 5 27 7
2  45.0 45.0 0.00
280 49.0015 60.7318 7 28 6
2  45.0 45.0 0.00
281 -9.4272 22.4776 2 16 5
2  45.0 45.0 0.00
282 37.8810 1.2092 8 29 6
2  45.0 45.0 0.00
283 3.7151 133.7647 10 24 6
2  45.0 45.0 0.00
284 34.3587 86.4682 4 26 6
2  45.0 45.0 0.00
285 -50.2969 -130.4996 1 15 6
2  45.0 45.0 0.00
286 -30.0483 -89.1202 9 20 9
2  45.0 45.0 0.00
287 6.5645 -89.5482 4 19 9
2  45.0 45.0 0.00
288 -28.2872 -129.6290 6 23 8
2  45.0 45.0 0.00
289 17.4926 -116.3868 2 15 5
2  45.0 45.0 0.00
290 7.6955 23.3873 10 22 5
2  45.0 45.0 0.00
291 -29.4586 145.4017 8 24 6
2  45.0 45.0 0.00
292 -24.0023 21.7717 2 26 6
2  45.0 45.0 0.00
293 11.1219 -131.1322 6 15 9
2  45.0 45.0 0.00
294 -22.9179 30.5501 5 26 9
2  45.0 45.0 0.00
295 19.5273 -128.9805 2 17 5
2  45.0 45.0 0.00
296 36.9726 -146.9233 4 27 7
2  45.0 45.0 0.00
297 16.0654 93.5360 3 18 5
2  45.0 45.0 0.00
298 16.7518 39.0924 2 29 8
2  45.0 45.0 0.00
299 18.3023 -36.1739 3 19 5
2  45.0 45.0 0.00
300 3.1038 -126.9553 6 16 8
2  45.0 45.0 0.00
301 51.7002 95.7379 7 25 5
2  45.0 45.0 0.00
302 -44.4810 87.7641 2 22 9
2  45.0 45.0 0.00
303 -33.7416 75.2780 3 19 5
2  45.0 45.0 0.00
304 36.5808 142.0946 9 27 9
2  45.0 45.0 0.00
305 18.5716 52.1801 8 16 7
2  45.0 45.0 0.00
306 -22.8215 124.3116 5 16 8
2  45.0 45.0 0.00
307 21.3538 -174.8966 9 17 8
2  45.0 45.0 0.00
308 40.8759 -153.2565 3 18 5
2  45.0 45.0 0.00
309 43.9101 -142.4848 1 29 6
2  45.0 45.0 0.00
310 49.1371 -153.8463 1 19 5
2  45.0 45.0 0.00
311 14.2648 -76.2182 7 18 9
2  45.0 45.0 0.00
312 -16.6639 51.1605 10 17 7
2  45.0 45.0 0.00
313 -28.0838 53.1702 9 28 5
2  45.0 45.0 0.00
314 -35.2442 26.8478 6 23 8
2  45.0 45.0 0.00
315 28.7063 58.7493 1 26 9
2  45.0 45.0 0.00
316 7.5254 62.4114 9 25 7
2  45.0 45.0 0.00
317 -30.5223 26.4357 5 28 9
2  45.0 45.0 0.00
318 -9.2041 101.0055 3 17 9
2  45.0 45.0 0.00
319 -27.1880 155.4665 10 24 6
2  45.0 45.0 0.00
320 -24.7455 -103.4741 9 27 9
2  45.0 45.0 0.00
321 -11.7681 5.6432 10 23 5
2  45.0 45.0 0.00
322 49.9664 -0.8396 10 21 5
2  45.0 45.0 0.00
323 17.9594 147.5443 4 25 5
2  45.0 45.0 0.00
324 17.1323 81.5330 7 29 9
2  45.0 45.0 0.00
325 -11.9847 -42.7748 2 26 8
2  45.0 45.0 0.00
326 35.9301 178.8505 8 23 9
2  45.0 45.0 0.00
327 -15.0072 115.5423 6 28 7
2  45.0 45.0 0.00
328 20.8161 -166.9316 1 26 5
2  45.0 45.0 0.00
329 44.0431 -54.8595 3 16 7
2  45.0 45.0 0.00
330 -17.6316 -89.9244 3 23 8
2  45.0 45.0 0.00
331 4.2475 -88.8333 2 29 8
2  45.0 45.0 0.00
332 -52.1733 93.6572 6 26 7
2  45.0 45.0 0.00
333 50.3049 165.0089 1 21 7
2  45.0 45.0 0.00
334 36.9386 175.3012 1 17 9
2  45.0 45.0 0.00
335 13.2844 171.5894 10 29 8
2  45.0 45.0 0.00
336 -48.8317 -83.7170 3 20 7
2  45.0 45.0 0.00
337 9.4078 -30.7029 5 28 9
2  45.0 45.0 0.00
338 -41.8507 134.3170 1 19 5
2  45.0 45.0 0.00
339 46.2392 -76.7077 1 20 9
2  45.0 45.0 0.00
340 48.4571 146.4868 3 24 6
2  45.0 45.0 0.00
341 -16.2480 -138.7562 5 23 8
2  45.0 45.0 0.00
342 6.7240 -66.0270 6 19 6
2  45.0 45.0 0.00
343 25.4767 -32.8836 5 18 9
2  45.0 45.0 0.00
344 6.3452 -156.5045 5 23 7
2  45.0 45.0 0.00
345 50.3897 73.5834 10 16 9
2  45.0 45.0 0.00
346 -17.1294 49.7398 10 29 6
2  45.0 45.0 0.00
347 -38.9639 49.8524 3 29 5
2  45.0 45.0 0.00
348 -2.7362 117.0213 1 17 6
2  45.0 45.0 0.00
349 30.5905 31.1772 5 28 7
2  45.0 45.0 0.00
350 2.9216 -162.8165 4 20 7
2  45.0 45.0 0.00
351 41.5390 -67.7916 8 17 7
2  45.0 45.0 0.00
352 15.0857 178.9412 5 25 8
2  45.0 45.0 0.00
353 45.0784 -60.4931 2 28 5
2  45.0 45.0 0.00
354 -42.2021 -28.0264 4 17 9
2  45.0 45.0 0.00
355 24.8889 147.4843 1 19 9
2  45.0 45.0 0.00
356 -11.7903 111.1239 2 23 7
2  45.0 45.0 0.00
357 -22.1890 -77.4962 5 22 8
2  45.0 45.0 0.00
358 33.9970 -21.8096 5 23 8
2  45.0 45.0 0.00
359 -2.4245 -128.2376 5 20 5
2  45.0 45.0 0.00
360 -4.5976 69.4114 6 27 5
2  45.0 45.0 0.00
361 -41.8262 140.2702 3 21 7
2  45.0 45.0 0.00
362 51.1131 -165.4140 10 18 6
2  45.0 45.0 0.00
363 35.3659 -32.7053 1 16 6
2  45.0 45.0 0.00
364 14.8967 114.2816 9 18 8
2  45.0 45.0 0.00
365 17.2196 132.0469 6 22 7
2  45.0 45.0 0.00
366 9.6477 6.8782 6 16 6
2  45.0 45.0 0.00
367 20.7719 -178.7734 7 21 6
2  45.0 45.0 0.00
368 -10.4908 121.2189 4 15 8
2  45.0 45.0 0.00
369 29.7022 -115.6100 5 19 7
2  45.0 45.0 0.00
370 -45.7946 -170.2153 7 16 6
2  45.0 45.0 0.00
371 14.7528 -6.1427 10 16 8
2  45.0 45.0 0.00
372 -27.7066 -50.7846 6 29 9
2  45.0 45.0 0.00
373 -3.9122 147.7249 4 28 7
2  45.0 45.0 0.00
374 35.0048 178.1007 4 26 9
2  45.0 45.0 0.00
375 32.2044 95.5171 5 22 6
2  45.0 45.0 0.00
376 -1.7397 35.0468 8 29 9
2  45.0 45.0 0.00
377 6.7667 -18.4971 5 28 7
2  45.0 45.0 0.00
378 -30.4194 138.2713 1 26 8
2  45.0 45.0 0.00
379 -48.5375 128.4572 2 16 6
2  45.0 45.0 0.00
380 39.2054 -75.3593 10 25 5
2  45.0 45.0 0.00
381 -45.2353 -95.9757 8 16 8
2  45.0 45.0 0.00
382 39.6283 173.8811 2 27 9
2  45.0 45.0 0.00
383 14.9740 -39.3604 1 16 7
2  45.0 45.0 0.00
384 -51.4658 -169.6284 9 21 7
2  45.0 45.0 0.00
385 47.2915 -101.3826 2 15 9
2  45.0 45.0 0.00
386 47.3809 52.1999 5 17 6
2  45.0 45.0 0.00
387 -32.5505 153.0694 9 26 5
2  45.0 45.0 0.00
388 -17.9738 -50.8673 4 16 6
2  45.0 45.0 0.00
389 -28.6177 -169.7704 2 28 8
2  45.0 45.0 0.00
390 16.0519 86.9013 5 24 7
2  45.0 45.0 0.00
391 36.1515 125.7241 10 16 5
2  45.0 45.0 0.00
392 37.6162 -114.1004 9 18 6
2  45.0 45.0 0.00
393 -28.7416 111.6150 2 23 9
2  45.0 45.0 0.00
394 22.9036 41.7097 10 15 5
2  45.0 45.0 0.00
395 16.5118 145.6436 5 16 6
2  45.0 45.0 0.00
396 44.2795 -63.0219 10 21 7
2  45.0 45.0 0.00
397 -31.2067 177.7874 8 24 6
2  45.0 45.0 0.00
398 -16.5693 108.3147 1 26 6
2  45.0 45.0 0.00
399 -37.3776 -126.5559 6 27 5
2  45.0 45.0 0.00
400 -8.4821 -8.2140 10 28 8
2  45.0 45.0 0.00
401 -49.2293 78.1180 8 23 5
2  45.0 45.0 0.00
402 46.2676 83.7956 3 26 5
2  45.0 45.0 0.00
403 3.1727 100.9202 10 26 7
2  45.0 45.0 0.00
404 -28.0902 -127.8279 10 17 9
2  45.0 45.0 0.00
405 44.0110 136.2814 6 26 7
2  45.0 45.0 0.00
406 0.7754 -148.1862 4 29 7
2  45.0 45.0 0.00
407 -6.3019 -25.5334 6 24 8
2  45.0 45.0 0.00
408 -1.2081 -27.8921 8 24 5
2  45.0 45.0 0.00
409 11.7576 -162.4307 2 24 6
2  45.0 45.0 0.00
410 -14.0930 -51.0313 1 19 5
2  45.0 45.0 0.00
411 -23.8439 -77.1644 8 29 5
2  45.0 45.0 0.00
412 -36.3566 164.2871 9 15 8
2  45.0 45.0 0.00
413 36.9002 95.9270 8 19 8
2  45.0 45.0 0.00
414 -42.3092 -135.9528 5 16 8
2  45.0 45.0 0.00
415 33.1225 -0.3775 5 16 9
2  45.0 45.0 0.00
416 38.8378 -88.9816 10 21 7
2  45.0 45.0 0.00
417 -37.1987 101.6714 10 26 8
2  45.0 45.0 0.00
418 -36.5813 -4.8543 3 22 9
2  45.0 45.0 0.00
419 3.4185 -37.2573 7 29 6
2  45.0 45.0 0.00
420 36.5124 80.0071 3 15 9
2  45.0 45.0 0.00
421 -27.0624 -91.9760 10 23 8
2  45.0 45.0 0.00
422 29.2673 -120.6487 9 16 6
2  45.0 45.0 0.00
423 42.8436 17.9711 10 22 8
2  45.0 45.0 0.00
424 -46.0364 173.2051 7 24 6
2  45.0 45.0 0.00
425 12.1201 53.9686 4 18 5
2  45.0 45.0 0.00
426 -8.9073 11.0938 10 27 7
2  45.0 45.0 0.00
427 -37.7199 -96.2229 2 22 8
2  45.0 45.0 0.00
428 42.8831 -99.1885 8 16 9
2  45.0 45.0 0.00
429 51.9430 -39.7867 5 18 9
2  45.0 45.0 0.00
430 51.1270 148.0483 8 18 8
2  45.0 45.0 0.00
431 38.5131 -140.5990 2 24 7
2  45.0 45.0 0.00
432 10.0468 172.3988 3 21 8
2  45.0 45.0 0.00
433 -26.9992 -60.0606 5 22 5
2  45.0 45.0 0.00
434 18.1759 -169.6698 9 27 9
2  45.0 45.0 0.00
435 36.1691 142.6136 8 26 9
2  45.0 45.0 0.00
436 -29.1649 -30.6961 4 20 7
2  45.0 45.0 0.00
437 0.5007 -84.1497 10 17 6
2  45.0 45.0 0.00
438 -49.3213 31.4349 3 29 6
2  45.0 45.0 0.00
439 45.1213 111.3543 2 19 6
2  45.0 45.0 0.00
440 16.6276 136.1885 3 16 5
2  45.0 45.0 0.00
441 48.0853 -157.3104 1 19 9
2  45.0 45.0 0.00
442 49.5214 -67.9843 4 25 6
2  45.0 45.0 0.00
443 -33.9149 35.7835 1 29 8
2  45.0 45.0 0.00
444 50.7782 -123.1289 10 16 9
2  45.0 45.0 0.00
445 -44.0800 -151.7140 8 22 9
2  45.0 45.0 0.00
446 -49.6185 22.7464 9 22 8
2  45.0 45.0 0.00
447 -16.2648 -67.3231 7 19 7
2  45.0 45.0 0.00
448 -6.1801 171.2465 1 18 5
2  45.0 45.0 0.00
449 23.6963 130.2676 3 25 6
2  45.0 45.0 0.00
450 -18.4150 120.9264 10 23 6
2  45.0 45.0 0.00
451 -0.1178 93.2409 3 18 6
2  45.0 45.0 0.00
452 39.7567 22.4945 10 21 5
2  45.0 45.0 0.00
453 -10.1762 123.8647 4 15 7
2  45.0 45.0 0.00
454 38.9080 -76.2364 8 23 8
2  45.0 45.0 0.00
455 -52.6444 148.0586 6 16 8
2  45.0 45.0 0.00
456 -29.4365 -44.8296 1 18 9
2  45.0 45.0 0.00
457 -32.2246 -174.1639 5 16 7
2  45.0 45.0 0.00
458 9.2809 -142.4891 2 15 7
2  45.0 45.0 0.00
459 40.1965 8.7580 2 16 8
2  45.0 45.0 0.00
460 40.2251 124.8554 9 16 7
2  45.0 45.0 0.00
461 -48.9676 -81.1161 1 26 9
2  45.0 45.0 0.00
462 9.2871 64.3782 3 23 6
2  45.0 45.0 0.00
463 -0.0435 -55.7600 8 23 8
2  45.0 45.0 0.00
464 -11.8946 82.6621 2 23 7
2  45.0 45.0 0.00
465 27.8631 -85.5820 2 16 8
2  45.0 45.0 0.00
466 -2.2231 104.6560 7 20 8
2  45.0 45.0 0.00
467 -13.1995 -89.2137 2 24 8
2  45.0 45.0 0.00
468 44.6595 -92.5759 5 19 6
2  45.0 45.0 0.00
469 43.3251 5.4150 6 27 8
2  45.0 45.0 0.00
470 3.6147 164.6778 7 22 7
2  45.0 45.0 0.00
471 -37.1143 -67.7674 5 25 7
2  45.0 45.0 0.00
472 29.2315 -115.1226 4 17 5
2  45.0 45.0 0.00
473 31.4718 -65.9073 8 27 5
2  45.0 45.0 0.00
474 -26.7750 69.4645 4 26 6
2  45.0 45.0 0.00
475 -37.6361 -24.8668 3 19 9
2  45.0 45.0 0.00
476 -26.7313 -13.6959 3 20 9
2  45.0 45.0 0.00
477 2.2884 -64.7241 2 26 6
2  45.0 45.0 0.00
478 -46.2458 14.5364 1 18 7
2  45.0 45.0 0.00
479 25.5568 -141.9256 7 17 7
2  45.0 45.0 0.00
480 9.7311 63.4376 8 26 6
2  45.0 45.0 0.00
481 36.1613 -112.5606 4 18 6
2  45.0 45.0 0.00
482 23.2076 -169.3585 4 28 6
2  45.0 45.0 0.00
483 -19.7358 118.5842 1 17 5
2  45.0 45.0 0.00
484 -2.4706 17.4344 3 23 5
2  45.0 45.0 0.00
485 21.9448 -8.7741 3 19 7
2  45.0 45.0 0.00
486 -48.8469 -75.4805 5 26 5
2  45.0 45.0 0.00
487 7.5899 74.5925 7 29 8
2  45.0 45.0 0.00
488 -17.5687 -157.7741 3 20 9
2  45.0 45.0 0.00
489 -49.3791 57.3646 4 15 6
2  45.0 45.0 0.00
490 43.6403 168.2031 4 16 6
2  45.0 45.0 0.00
491 -48.4023 -141.7698 4 26 5
2  45.0 45.0 0.00
492 -14.2552 140.1059 7 25 9
2  45.0 45.0 0.00
493 -7.5676 -89.2260 3 27 7
2  45.0 45.0 0.00
494 11.3009 134.8533 6 22 8
2  45.0 45.0 0.00
495 -9.0148 -118.8726 9 24 8
2  45.0 45.0 0.00
496 -47.9459 -10.2756 3 28 6
2  45.0 45.0 0.00
497 -45.3734 -113.6609 6 22 8
2  45.0 45.0 0.00
498 -3.6668 168.4054 6 27 9
2  45.0 45.0 0.00
499 -5.8221 -52.9096 10 21 8
2  45.0 45.0 0.00
500 29.8930 117.1001 9 21 9
2  45.0 45.0 0.00
501 -49.0665 -22.7075 8 20 6
2  45.0 45.0 0.00
502 39.5990 -11.3764 9 15 9
2  45.0 45.0 0.00
503 41.7704 174.9548 7 22 6
2  45.0 45.0 0.00
504 -27.1008 91.0943 3 16 9
2  45.0 45.0 0.00
505 14.7148 -168.5273 1 24 9
2  45.0 45.0 0.00
506 -46.4359 78.6922 5 15 9
2  45.0 45.0 0.00
507 -29.4253 -161.7910 5 15 7
2  45.0 45.0 0.00
508 14.3127 118.9222 6 16 9
2  45.0 45.0 0.00
509 52.6829 155.6829 8 29 6
2  45.0 45.0 0.00
510 -4.3366 124.4268 1 16 7
2  45.0 45.0 0.00
511 -49.9292 83.1817 7 21 9
2  45.0 45.0 0.00
512 -52.4446 119.3543 2 22 9
2  45.0 45.0 0.00
513 -36.5714 -12.4464 9 18 6
2  45.0 45.0 0.00
514 36.4089 170.0405 5 15 9
2  45.0 45.0 0.00
515 -9.1168 50.3990 6 18 6
2  45.0 45.0 0.00
516 21.8749 -161.4724 1 19 9
2  45.0 45.0 0.00
517 -30.0727 51.8615 10 23 5
2  45.0 45.0 0.00
518 -0.9177 45.5434 5 17 6
2  45.0 45.0 0.00
519 32.1695 -67.8150 6 17 5
2  45.0 45.0 0.00
520 3.3477 78.6638 6 23 9
2  45.0 45.0 0.00
521 -1.4041 107.1727 2 18 9
2  45.0 45.0 0.00
522 -11.7689 -5.5685 3 17 9
2  45.0 45.0 0.00
523 48.1001 5.5653 4 25 9
2  45.0 45.0 0.00
524 1.1582 133.8572 7 15 9
2  45.0 45.0 0.00
525 -30.0011 110.9643 10 25 6
2  45.0 45.0 0.00
526 -42.1490 -12.2887 8 18 8
2  45.0 45.0 0.00
527 51.7128 -12.3731 6 21 8
2  45.0 45.0 0.00
528 -8.6291 -24.2726 6 26 9
2  45.0 45.0 0.00
529 -52.2781 -4.9211 1 20 9
2  45.0 45.0 0.00
530 -22.4692 37.9055 6 18 7
2  45.0 45.0 0.00
531 16.9342 67.5465 1 24 9
2  45.0 45.0 0.00
532 18.9231 -141.7592 10 27 5
2  45.0 45.0 0.00
533 44.8495 -88.0352 2 21 6
2  45.0 45.0 0.00
534 -1.2568 -152.8328 5 16 7
2  45.0 45.0 0.00
535 -44.6949 -145.0190 2 16 9
2  45.0 45.0 0.00
536 24.4479 -17.7495 10 25 9
2  45.0 45.0 0.00
537 -0.3101 -92.6736 5 27 8
2  45.0 45.0 0.00
538 -21.1759 120.8088 9 22 8
2  45.0 45.0 0.00
539 -19.8889 27.2679 9 26 9
2  45.0 45.0 0.00
540 26.6433 -154.0386 2 15 7
2  45.0 45.0 0.00
541 -30.4684 11.5142 1 26 6
2  45.0 45.0 0.00
542 6.6342 41.5667 10 25 5
2  45.0 45.0 0.00
543 -28.8507 -45.1645 3 15 7
2  45.0 45.0 0.00
544 19.1367 -25.2367 7 26 7
2  45.0 45.0 0.00
545 16.1718 32.2848 2 21 8
2  45.0 45.0 0.00
546 0.2763 -52.3735 9 18 8
2  45.0 45.0 0.00
547 16.8037 -40.2069 2 17 8
2  45.0 45.0 0.00
548 49.2996 -11.2290 3 24 8
2  45.0 45.0 0.00
549 19.5850 -139.8586 3 21 7
2  45.0 45.0 0.00
550 46.4095 6.8198 6 18 6
2  45.0 45.0 0.00
551 -18.9258 -58.7293 5 24 7
2  45.0 45.0 0.00
552 13.0255 -133.4488 5 17 6
2  45.0 45.0 0.00
553 -30.9447 -43.1875 5 29 9
2  45.0 45.0 0.00
554 35.9880 -110.2102 6 19 6
2  45.0 45.0 0.00
555 -30.5570 112.5022 7 15 5
2  45.0 45.0 0.00
556 4.3524 -128.5054 5 29 5
2  45.0 45.0 0.00
557 51.2682 -127.8154 10 15 6
2  45.0 45.0 0.00
558 -18.9038 96.9984 9 26 6
2  45.0 45.0 0.00
559 35.5929 -64.1615 7 19 6
2  45.0 45.0 0.00
560 -20.6987 -119.9881 1 23 9
2  45.0 45.0 0.00
561 25.8603 -109.5482 8 29 7
2  45.0 45.0 0.00
562 0.9485 -67.7072 3 21 5
2  45.0 45.0 0.00
563 -2.1368 -120.4131 9 16 6
2  45.0 45.0 0.00
564 -46.3101 -51.6813 5 24 5
2  45.0 45.0 0.00
565 -45.5726 -15.9818 3 15 7
2  45.0 45.0 0.00
566 41.3350 7.3096 9 26 5
2  45.0 45.0 0.00
567 -13.3178 25.8599 2 16 6
2  45.0 45.0 0.00
568 30.5241 -114.4312 3 22 5
2  45.0 45.0 0.00
569 -51.9678 -70.1958 4 25 7
2  45.0 45.0 0.00
570 18.0478 -105.6606 2 28 8
2  45.0 45.0 0.00
571 47.5186 19.8000 1 23 8
2  45.0 45.0 0.00
572 -22.4339 -110.8446 7 20 8
2  45.0 45.0 0.00
573 51.7962 11.2518 4 20 9
2  45.0 45.0 0.00
574 43.2489 -155.7391 5 27 5
2  45.0 45.0 0.00
575 40.3835 138.5527 7 22 8
2  45.0 45.0 0.00
576 28.0961 84.9504 3 23 6
2  45.0 45.0 0.00
577 19.4462 38.9310 2 15 5
2  45.0 45.0 0.00
578 33.8522 -167.8325 2 22 7
2  45.0 45.0 0.00
579 10.1616 108.9301 10 26 8
2  45.0 45.0 0.00
580 -2.2809 149.0530 4 27 9
2  45.0 45.0 0.00
581 10.9043 -47.6928 3 25 5
2  45.0 45.0 0.00
582 -46.2775 -164.8931 2 27 6
2  45.0 45.0 0.00
583 5.5529 48.7039 10 29 7
2  45.0 45.0 0.00
584 -12.6668 4.4903 7 20 8
2  45.0 45.0 0.00
585 39.6663 30.0108 7 18 6
2  45.0 45.0 0.00
586 -44.6904 -129.1364 1 26 6
2  45.0 45.0 0.00
587 37.2083 149.7187 8 24 5
2  45.0 45.0 0.00
588 -19.5109 134.9392 6 29 9
2  45.0 45.0 0.00
589 29.4041 -109.5743 2 16 8
2  45.0 45.0 0.00
590 48.8210 116.1625 4 17 5
2  45.0 45.0 0.00
591 49.3970 28.3078 10 16 6
2  45.0 45.0 0.00
592 -50.9322 -136.9990 5 22 9
2  45.0 45.0 0.00
593 44.7460 -78.0831 1 22 8
2  45.0 45.0 0.00
594 14.4690 -170.3597 1 27 5
2  45.0 45.0 0.00
595 0.6011 22.0176 4 21 8
2  45.0 45.0 0.00
596 18.9298 -10.2201 10 23 9
2  45.0 45.0 0.00
597 -25.8938 169.8947 2 24 6
2  45.0 45.0 0.00
598 -24.1268 116.8391 8 20 8
2  45.0 45.0 0.00
599 -32.1723 -33.2838 6 29 9
2  45.0 45.0 0.00
600 -0.6048 76.5546 2 22 8
2  45.0 45.0 0.00
601 45.9825 168.0428 8 17 8
2  45.0 45.0 0.00
602 -10.0860 -121.7169 5 22 6
2  45.0 45.0 0.00
603 5.0771 15.1003 8 23 9
2  45.0 45.0 0.00
604 47.7214 42.2577 9 16 9
2  45.0 45.0 0.00
605 33.0664 67.4773 8 16 7
2  45.0 45.0 0.00
606 -42.5986 28.3540 2 23 7
2  45.0 45.0 0.00
607 49.3887 168.7652 5 29 5
2  45.0 45.0 0.00
608 -22.3730 117.3231 3 28 9
2  45.0 45.0 0.00
609 -41.2879 -52.3409 4 29 9
2  45.0 45.0 0.00
610 16.3815 124.5031 10 17 5
2  45.0 45.0 0.00
611 39.9527 43.4548 3 25 9
2  45.0 45.0 0.00
612 -26.8858 120.0638 10 24 7
2  45.0 45.0 0.00
613 34.5653 37.9147 4 15 9
2  45.0 45.0 0.00
614 8.3851 23.6527 8 20 8
2  45.0 45.0 0.00
615 -39.8237 71.8936 6 17 7
2  45.0 45.0 0.00
616 -4.5221 77.5906 7 17 7
2  45.0 45.0 0.00
617 -26.2579 -26.1728 5 22 6
2  45.0 45.0 0.00
618 -16.4063 -80.0732 6 17 6
2  45.0 45.0 0.00
619 -4.7252 -118.1516 10 19 7
2  45.0 45.0 0.00
620 0.5483 -64.5065 6 15 6
2  45.0 45.0 0.00
621 -43.5829 -12.3192 5 22 7
2  45.0 45.0 0.00
622 -34.2160 -13.9314 2 19 5
2  45.0 45.0 0.00
623 3.2681 72.0081 5 17 5
2  45.0 45.0 0.00
624 -10.7282 -141.8028 2 27 7
2  45.0 45.0 0.00
625 -21.0378 -38.2344 5 16 8
2  45.0 45.0 0.00
626 47.9654 -42.6757 1 23 9
2  45.0 45.0 0.00
627 -38.5285 73.3020 2 28 5
2  45.0 45.0 0.00
628 30.3694 144.9318 5 29 5
2  45.0 45.0 0.00
629 40.6957 -178.0295 4 15 9
2  45.0 45.0 0.00
630 27.0725 -170.5864 5 18 7
2  45.0 45.0 0.00
631 -10.6986 -4.2701 2 23 9
2  45.0 45.0 0.00
632 20.6750 -52.0685 2 27 7
2  45.0 45.0 0.00
633 31.3496 134.6638 2 21 9
2  45.0 45.0 0.00
634 34.6847 111.3933 4 15 8
2  45.0 45.0 0.00
635 -0.4026 -125.8584 4 26 5
2  45.0 45.0 0.00
636 -21.6180 -57.6764 6 19 6
2  45.0 45.0 0.00
637 45.1936 -119.3156 4 16 8
2  45.0 45.0 0.00
638 15.7288 -136.3786 8 15 5
2  45.0 45.0 0.00
639 -7.2993 -163.1478 8 22 9
2  45.0 45.0 0.00
640 -51.9553 30.9940 6 16 7
2  45.0 45.0 0.00
641 47.2733 174.4388 6 22 5
2  45.0 45.0 0.00
642 -26.6403 88.5057 7 22 6
2  45.0 45.0 0.00
643 -15.3425 -158.4208 9 24 5
2  45.0 45.0 0.00
644 13.4814 90.3303 3 26 5
2  45.0 45.0 0.00
645 21.8406 90.0179 7 15 9
2  45.0 45.0 0.00
646 -5.3646 64.7108 9 27 7
2  45.0 45.0 0.00
647 22.2560 -99.9270 6 26 8
2  45.0 45.0 0.00
648 46.8311 56.0915 4 29 5
2  45.0 45.0 0.00
649 42.6688 41.3533 6 26 5
2  45.0 45.0 0.00
650 -13.6532 -24.1284 4 19 8
2  45.0 45.0 0.00
651 -25.5525 126.6595 10 29 9
2  45.0 45.0 0.00
652 -32.2319 159.8955 9 22 6
2  45.0 45.0 0.00
653 7.3059 156.8595 3 29 8
2  45.0 45.0 0.00
654 -38.9196 -85.9036 1 29 9
2  45.0 45.0 0.00
655 49.9656 97.2997 3 25 8
2  45.0 45.0 0.00
656 -43.3357 177.8922 8 27 8
2  45.0 45.0 0.00
657 -51.2601 -39.1879 6 16 7
2  45.0 45.0 0.00
658 37.9618 -86.5745 3 29 8
2  45.0 45.0 0.00
659 52.7507 -132.1203 2 25 8
2  45.0 45.0 0.00
660 49.4824 45.7726 10 29 5
2  45.0 45.0 0.00
661 -41.3593 -13.9295 3 21 7
2  45.0 45.0 0.00
662 -1.2019 -132.7382 10 20 5
2  45.0 45.0 0.00
663 -31.6113 -144.6647 9 28 8
2  45.0 45.0 0.00
664 -34.1554 117.3176 3 20 7
2  45.0 45.0 0.00
665 39.5718 -75.6260 3 18 8
2  45.0 45.0 0.00
666 35.8677 -164.9866 3 28 8
2  45.0 45.0 0.00
667 -3.8132 -171.4252 9 26 7
2  45.0 45.0 0.00
668 5.8413 153.9035 5 25 8
2  45.0 45.0 0.00
669 24.0458 150.3159 8 28 9
2  45.0 45.0 0.00
670 42.3465 -91.7233 10 29 7
2  45.0 45.0 0.00
671 -38.0611 -98.0598 8 21 9
2  45.0 45.0 0.00
672 33.9083 -94.2952 4 26 5
2  45.0 45.0 0.00
673 -5.6225 -107.1236 2 25 6
2  45.0 45.0 0.00
674 -34.1361 -54.1038 4 22 6
2  45.0 45.0 0.00
675 -26.4714 -134.5446 7 26 8
2  45.0 45.0 0.00
676 48.3121 -43.7839 6 19 8
2  45.0 45.0 0.00
677 9.8751 -163.4564 4 20 9
2  45.0 45.0 0.00
678 -27.9400 28.8420 7 28 5
2  45.0 45.0 0.00
679 -19.3940 -134.0236 6 23 7
2  45.0 45.0 0.00
680 2.5878 -96.5083 4 24 8
2  45.0 45.0 0.00
681 5.2770 97.3302 8 25 9
2  45.0 45.0 0.00
682 -51.4452 -15.3887 6 25 6
2  45.0 45.0 0.00
683 -6.1997 165.8527 4 16 8
2  45.0 45.0 0.00
684 -10.4937 129.4876 6 27 8
2  45.0 45.0 0.00
685 10.3715 -14.3568 2 21 8
2  45.0 45.0 0.00
686 -40.0089 16.0014 4 18 7
2  45.0 45.0 0.00
687 23.7285 81.4800 10 25 9
2  45.0 45.0 0.00
688 34.2168 -45.5031 9 21 6
2  45.0 45.0 0.00
689 29.5911 141.3883 7 23 8
2  45.0 45.0 0.00
690 -15.2284 -168.3375 2 27 9
2  45.0 45.0 0.00
691 17.4609 -30.2991 10 15 7
2  45.0 45.0 0.00
692 -43.4957 -50.5170 2 29 8
2  45.0 45.0 0.00
693 -3.1567 -109.6439 5 18 6
2  45.0 45.0 0.00
694 22.8089 -75.3580 7 17 9
2  45.0 45.0 0.00
695 -50.0955 -17.0815 8 22 9
2  45.0 45.0 0.00
696 21.7405 150.3061 4 26 7
2  45.0 45.0 0.00
697 -43.4429 67.5025 10 19 7
2  45.0 45.0 0.00
698 -20.3501 62.7589 4 17 8
2  45.0 45.0 0.00
699 -3.9088 -23.3597 8 27 9
2  45.0 45.0 0.00
700 8.8751 49.8128 2 17 5
2  45.0 45.0 0.00
701 -46.0396 129.6597 5 29 6
2  45.0 45.0 0.00
702 -30.5096 155.7887 9 16 5
2  45.0 45.0 0.00
703 -34.7525 43.2568 5 20 8
2  45.0 45.0 0.00
704 29.9675 149.2825 4 26 5
2  45.0 45.0 0.00
705 -48.6701 -134.6900 4 21 5
2  45.0 45.0 0.00
706 9.7826 53.1257 3 23 8
2  45.0 45.0 0.00
707 -45.9266 84.4034 8 26 5
2  45.0 45.0 0.00
708 -28.6204 76.4274 10 15 8
2  45.0 45.0 0.00
709 -13.2212 27.9264 2 29 6
2  45.0 45.0 0.00
710 36.3545 -150.3151 6 17 7
2  45.0 45.0 0.00
711 17.9197 142.0760 4 17 8
2  45.0 45.0 0.00
712 46.6191 -26.1101 4 27 5
2  45.0 45.0 0.00
713 6.8478 -47.2792 4 19 7
2  45.0 45.0 0.00
714 -6.6046 137.7606 5 17 8
2  45.0 45.0 0.00
715 -45.5361 147.7067 1 16 9
2  45.0 45.0 0.00
716 -3.8928 -128.4080 10 17 7
2  45.0 45.0 0.00
717 1.0421 -11.6531 4 29 6
2  45.0 45.0 0.00
718 -34.7601 31.7548 1 16 8
2  45.0 45.0 0.00
719 32.0675 131.5235 10 29 6
2  45.0 45.0 0.00
720 -52.3001 -85.8649 6 23 9
2  45.0 45.0 0.00
721 48.7916 137.8062 2 21 7
2  45.0 45.0 0.00
722 27.4283 96.0023 4 18 8
2  45.0 45.0 0.00
723 31.4281 -87.8896 10 19 8
2  45.0 45.0 0.00
724 -42.7210 -36.0789 8 28 6
2  45.0 45.0 0.00
725 37.0454 102.9899 3 21 8
2  45.0 45.0 0.00
726 -31.2624 158.6695 3 27 6
2  45.0 45.0 0.00
727 -31.6104 37.3653 10 19 7
2  45.0 45.0 0.00
728 13.4658 -179.5413 5 22 5
2  45.0 45.0 0.00
729 -10.0275 -47.4377 4 21 9
2  45.0 45.0 0.00
730 4.9461 23.5108 2 19 7
2  45.0 45.0 0.00
731 11.3231 -59.6856 5 17 8
2  45.0 45.0 0.00
732 -34.5332 -20.1149 3 25 6
2  45.0 45.0 0.00
733 33.7090 162.6404 2 27 8
2  45.0 45.0 0.00
734 -32.5739 156.1014 8 28 5
2  45.0 45.0 0.00
735 -42.8561 155.6119 2 27 5
2  45.0 45.0 0.00
736 -1.9869 -55.9623 9 24 7
2  45.0 45.0 0.00
737 14.8150 38.6799 8 19 9
2  45.0 45.0 0.00
738 38.9637 -22.6333 4 25 5
2  45.0 45.0 0.00
739 -33.6115 -80.3330 3 18 9
2  45.0 45.0 0.00
740 -4.9160 10.2847 5 26 5
2  45.0 45.0 0.00
741 11.9829 60.6786 10 17 6
2  45.0 45.0 0.00
742 18.5040 -9.2573 4 16 8
2  45.0 45.0 0.00
743 34.9446 121.5814 9 17 7
2  45.0 45.0 0.00
744 -30.6801 56.5781 5 28 6
2  45.0 45.0 0.00
745 27.0904 -100.4102 9 26 9
2  45.0 45.0 0.00
746 33.7975 62.9243 10 28 7
2  45.0 45.0 0.00
747 47.9849 28.3742 4 22 7
2  45.0 45.0 0.00
748 49.9485 -10.0456 2 29 7
2  45.0 45.0 0.00
749 -11.3106 -60.5141 7 29 6
2  45.0 45.0 0.00
750 -16.4104 -137.0855 5 26 7
2  45.0 45.0 0.00
751 31.4249 43.2906 3 21 6
2  45.0 45.0 0.00
752 -11.4518 137.1305 3 18 6
2  45.0 45.0 0.00
753 52.9763 23.5242 6 23 6
2  45.0 45.0 0.00
754 -26.4100 -58.8013 9 23 6
2  45.0 45.0 0.00
755 25.2778 78.1358 6 19 8
2  45.0 45.0 0.00
756 -8.0916 -77.7529 5 22 7
2  45.0 45.0 0.00
757 21.1616 137.7875 7 21 6
2  45.0 45.0 0.00
758 -17.7618 -138.0750 6 18 6
2  45.0 45.0 0.00
759 -43.4288 -82.5731 8 23 5
2  45.0 45.0 0.00
760 34.7628 106.0959 7 23 7
2  45.0 45.0 0.00
761 -52.0967 16.5159 2 21 9
2  45.0 45.0 0.00
762 -44.5818 -75.6002 6 27 8
2  45.0 45.0 0.00
763 -41.5579 -39.7778 9 25 8
2  45.0 45.0 0.00
764 -40.5944 -132.9221 9 18 9
2  45.0 45.0 0.00
765 -38.7546 -150.6298 6 18 7
2  45.0 45.0 0.00
766 -3.4090 -126.5178 5 19 9
2  45.0 45.0 0.00
767 13.6691 87.0489 7 15 6
2  45.0 45.0 0.00
768 -36.7014 -27.1727 7 21 8
2  45.0 45.0 0.00
769 -48.5017 -86.5401 6 22 7
2  45.0 45.0 0.00
770 21.2835 24.7113 7 27 6
2  45.0 45.0 0.00
771 20.9010 15.3729 6 25 9
2  45.0 45.0 0.00
772 45.2554 -61.2093 1 27 7
2  45.0 45.0 0.00
773 45.6707 -178.7839 1 29 5
2  45.0 45.0 0.00
774 -14.1890 -59.7228 2 20 5
2  45.0 45.0 0.00
775 20.4064 59.4595 7 22 6
2  45.0 45.0 0.00
776 39.7267 38.3157 5 24 9
2  45.0 45.0 0.00
777 42.3148 -66.9479 8 16 6
2  45.0 45.0 0.00
778 -43.8574 -176.3034 10 17 6
2  45.0 45.0 0.00
779 34.3213 21.7767 8 28 8
2  45.0 45.0 0.00
780 -48.8598 -68.3317 6 19 6
2  45.0 45.0 0.00
781 -14.1314 -114.2729 3 25 7
2  45.0 45.0 0.00
782 -49.6065 -168.6575 9 21 7
2  45.0 45.0 0.00
783 -19.0264 60.5777 2 28 9
2  45.0 45.0 0.00
784 12.3831 153.2128 2 24 6
2  45.0 45.0 0.00
785 -15.2774 -112.7046 1 16 7
2  45.0 45.0 0.00
786 -39.0056 91.2303 9 27 8
2  45.0 45.0 0.00
787 6.8466 -81.6827 5 19 8
2  45.0 45.0 0.00
788 22.9619 30.3483 4 23 7
2  45.0 45.0 0.00
789 -47.1971 30.4819 10 25 5
2  45.0 45.0 0.00
790 -36.5154 57.2284 4 16 7
2  45.0 45.0 0.00
791 -40.9725 67.3715 10 16 6
2  45.0 45.0 0.00
792 -33.9462 -157.2257 10 19 8
2  45.0 45.0 0.00
793 -23.4688 -113.5478 8 25 9
2  45.0 45.0 0.00
794 -47.9754 -40.8611 7 18 7
2  45.0 45.0 0.00
795 -49.5527 -44.7830 5 17 6
2  45.0 45.0 0.00
796 28.7473 -13.4458 1 15 5
2  45.0 45.0 0.00
797 -2.8562 65.2355 8 20 8
2  45.0 45.0 0.00
798 40.0094 -129.3582 4 29 8
2  45.0 45.0 0.00
799 16.2561 -87.4289 2 28 8
2  45.0 45.0 0.00
800 39.2364 140.8046 7 26 7
2  45.0 45.0 0.00
801 28.5159 -16.4137 4 23 5
2  45.0 45.0 0.00
802 25.2136 0.6957 10 27 6
2  45.0 45.0 0.00
803 23.0129 -166.9261 2 19 9
2  45.0 45.0 0.00
804 10.3230 116.8603 3 28 8
2  45.0 45.0 0.00
805 43.1134 -37.2134 8 21 6
2  45.0 45.0 0.00
806 29.1902 -1.3814 9 22 8
2  45.0 45.0 0.00
807 40.2882 77.3919 2 23 8
2  45.0 45.0 0.00
808 -51.0233 -143.6732 10 20 9
2  45.0 45.0 0.00
809 -13.1955 -71.9189 6 25 8
2  45.0 45.0 0.00
810 12.4066 162.3028 5 28 6
2  45.0 45.0 0.00
811 -48.1724 170.1202 1 16 8
2  45.0 45.0 0.00
812 -13.5268 -166.6317 5 18 6
2  45.0 45.0 0.00
813 -27.3796 179.2951 2 17 5
2  45.0 45.0 0.00
814 -52.7747 -2.9007 3 24 5
2  45.0 45.0 0.00
815 -0.3732 -3.2911 3 16 5
2  45.0 45.0 0.00
816 11.2895 59.5412 4 26 9
2  45.0 45.0 0.00
817 34.4011 30.7928 2 16 8
2  45.0 45.0 0.00
818 43.1973 39.9951 2 26 6
2  45.0 45.0 0.00
819 51.0405 124.0670 6 16 8
2  45.0 45.0 0.00
820 -12.9879 -136.2785 4 24 6
2  45.0 45.0 0.00
821 -39.7393 -60.8098 5 28 5
2  45.0 45.0 0.00
822 5.7966 145.5920 6 15 6
2  45.0 45.0 0.00
823 21.9416 -83.2751 9 20 5
2  45.0 45.0 0.00
824 16.5536 141.1234 4 23 9
2  45.0 45.0 0.00
825 -11.5511 71.2048 4 20 7
2  45.0 45.0 0.00
826 16.0959 -44.6506 3 20 8
2  45.0 45.0 0.00
827 -1.5840 -169.3213 10 20 7
2  45.0 45.0 0.00
828 -0.6938 75.9613 1 29 5
2  45.0 45.0 0.00
829 -52.6715 20.1816 6 21 7
2  45.0 45.0 0.00
830 22.5604 -13.8241 9 16 6
2  45.0 45.0 0.00
831 -1.5409 25.7088 7 24 5
2  45.0 45.0 0.00
832 -7.7052 169.3030 1 20 9
2  45.0 45.0 0.00
833 -34.0563 13.5200 9 20 7
2  45.0 45.0 0.00
834 18.7973 140.6346 4 29 9
2  45.0 45.0 0.00
835 47.1873 150.8480 9 21 7
2  45.0 45.0 0.00
836 35.5066 -73.0699 4 28 8
2  45.0 45.0 0.00
837 -32.8336 -75.7309 6 29 9
2  45.0 45.0 0.00
838 43.8462 -46.1294 5 20 6
2  45.0 45.0 0.00
839 2.4558 -67.5943 7 16 6
2  45.0 45.0 0.00
840 -3.6524 -109.2182 4 29 5
2  45.0 45.0 0.00
841 34.1513 1.1383 2 16 7
2  45.0 45.0 0.00
842 7.0428 -139.0790 8 18 8
2  45.0 45.0 0.00
843 -39.1901 -162.9474 3 26 6
2  45.0 45.0 0.00
844 41.2423 17.0378 7 20 9
2  45.0 45.0 0.00
845 -20.6201 18.7832 5 23 6
2  45.0 45.0 0.00
846 14.0900 106.4811 4 18 5
2  45.0 45.0 0.00
847 14.6653 -68.2952 9 27 7
2  45.0 45.0 0.00
848 19.8312 -120.0087 8 21 6
2  45.0 45.0 0.00
849 31.7972 -133.5249 10 24 5
2  45.0 45.0 0.00
850 -2.5652 12.9260 6 27 7
2  45.0 45.0 0.00
851 44.3309 120.8461 5 15 8
2  45.0 45.0 0.00
852 -24.3793 148.2090 9 26 6
2  45.0 45.0 0.00
853 28.6900 130.9019 2 18 9
2  45.0 45.0 0.00
854 33.9190 -98.5294 6 19 7
2  45.0 45.0 0.00
855 23.5782 -143.0774 1 16 9
2  45.0 45.0 0.00
856 -34.3045 145.9724 7 21 9
2  45.0 45.0 0.00
857 -42.7160 162.6553 9 26 7
2  45.0 45.0 0.00
858 32.0828 -92.2745 10 17 7
2  45.0 45.0 0.00
859 29.1919 -47.1291 5 18 5
2  45.0 45.0 0.00
860 46.2538 150.1875 2 27 7
2  45.0 45.0 0.00
861 -26.5538 -105.8377 7 19 7
2  45.0 45.0 0.00
862 33.4593 79.6836 8 16 5
2  45.0 45.0 0.00
863 -14.3600 -12.7690 7 29 7
2  45.0 45.0 0.00
864 33.7971 -134.3155 1 25 9
2  45.0 45.0 0.00
865 8.0887 -149.4998 8 26 5
2  45.0 45.0 0.00
866 -15.5449 142.2922 3 29 9
2  45.0 45.0 0.00
867 -25.5264 -155.4006 7 28 5
2  45.0 45.0 0.00
868 41.4474 49.9888 6 18 8
2  45.0 45.0 0.00
869 -44.3796 -118.8926 2 16 9
2  45.0 45.0 0.00
870 -20.0483 -39.8358 2 27 5
2  45.0 45.0 0.00
871 32.8023 -93.2287 4 29 8
2  45.0 45.0 0.00
872 -35.5344 -17.2761 2 18 6
2  45.0 45.0 0.00
873 44.5621 84.4562 5 18 6
2  45.0 45.0 0.00
874 -21.6032 27.8539 5 27 9
2  45.0 45.0 0.00
875 -33.9218 142.6535 2 28 8
2  45.0 45.0 0.00
876 -9.9040 -179.9250 8 28 9
2  45.0 45.0 0.00
877 49.1845 -146.4477 10 28 7
2  45.0 45.0 0.00
878 -51.0757 -152.3807 9 16 5
2  45.0 45.0 0.00
879 -6.4658 -43.6978 5 29 6
2  45.0 45.0 0.00
880 -16.2473 155.4038 3 25 7
2  45.0 45.0 0.00
881 24.7502 14.3241 9 29 9
2  45.0 45.0 0.00
882 43.7987 -61.9332 2 19 5
2  45.0 45.0 0.00
883 -35.5565 28.7143 8 19 6
2  45.0 45.0 0.00
884 34.6828 127.2526 5 26 7
2  45.0 45.0 0.00
885 -29.7355 -11.3125 5 27 7
2  45.0 45.0 0.00
886 31.9447 158.3357 7 23 7
2  45.0 45.0 0.00
887 -2.6618 -76.7830 4 21 5
2  45.0 45.0 0.00
888 -8.0331 -139.0740 2 28 6
2  45.0 45.0 0.00
889 20.1602 101.6222 10 15 6
2  45.0 45.0 0.00
890 38.0795 -159.3537 3 24 9
2  45.0 45.0 0.00
891 -0.7161 -111.0499 5 18 5
2  45.0 45.0 0.00
892 -24.9189 75.2747 6 23 6
2  45.0 45.0 0.00
893 50.1777 93.1201 4 27 8
2  45.0 45.0 0.00
894 40.0518 -124.4562 3 17 5
2  45.0 45.0 0.00
895 22.6324 160.9263 1 21 7
2  45.0 45.0 0.00
896 -6.6576 -22.3814 8 22 5
2  45.0 45.0 0.00
897 25.8656 -58.8308 9 25 5
2  45.0 45.0 0.00
898 -22.9638 -155.6477 9 20 7
2  45.0 45.0 0.00
899 22.8026 13.9536 10 24 9
2  45.0 45.0 0.00
900 45.7415 164.5416 10 19 5
2  45.0 45.0 0.00
901 21.7249 128.7024 4 21 9
2  45.0 45.0 0.00
902 4.9001 104.8757 7 25 6
2  45.0 45.0 0.00
903 34.6712 -110.6963 2 21 7
2  45.0 45.0 0.00
904 14.5001 -151.9808 7 26 9
2  45.0 45.0 0.00
905 32.8815 93.1580 10 25 6
2  45.0 45.0 0.00
906 -34.4762 -63.6285 4 21 7
2  45.0 45.0 0.00
907 -2.1060 -132.6455 8 21 8
2  45.0 45.0 0.00
908 40.9698 143.6496 2 27 6
2  45.0 45.0 0.00
909 -0.8438 -43.3426 4 16 6
2  45.0 45.0 0.00
910 2.3965 -138.5826 1 17 6
2  45.0 45.0 0.00
911 37.4914 -107.8986 4 21 5
2  45.0 45.0 0.00
912 47.2951 -114.8368 6 17 7
2  45.0 45.0 0.00
913 -29.3649 -45.1984 6 17 7
2  45.0 45.0 0.00
914 20.7280 93.6588 7 24 6
2  45.0 45.0 0.00
915 25.2033 -88.4303 8 20 7
2  45.0 45.0 0.00
916 -7.3566 59.9712 5 19 5
2  45.0 45.0 0.00
917 -46.6713 -126.1911 8 15 5
2  45.0 45.0 0.00
918 -23.3358 68.1704 10 19 6
2  45.0 45.0 0.00
919 21.7829 73.6422 2 19 9
2  45.0 45.0 0.00
920 -40.5354 -96.2762 1 23 8
2  45.0 45.0 0.00
921 27.8192 -11.8751 4 27 8
2  45.0 45.0 0.00
922 10.5292 116.8904 7 28 8
2  45.0 45.0 0.00
923 -23.3631 132.1106 2 15 8
2  45.0 45.0 0.00
924 -45.2086 -61.8061 5 29 7
2  45.0 45.0 0.00
925 -52.3444 -12.4026 5 21 5
2  45.0 45.0 0.00
926 -49.4803 170.0202 1 22 7
2  45.0 45.0 0.00
927 -32.0086 -150.2537 4 24 8
2  45.0 45.0 0.00
928 9.8253 -72.7580 1 21 7
2  45.0 45.0 0.00
929 -4.7536 106.9834 4 24 5
2  45.0 45.0 0.00
930 35.8836 56.7639 10 23 7
2  45.0 45.0 0.00
931 30.6631 -81.6118 1 15 6
2  45.0 45.0 0.00
932 -21.5289 -169.4436 4 25 8
2  45.0 45.0 0.00
933 13.4677 -65.5913 6 21 6
2  45.0 45.0 0.00
934 -32.1218 -95.5259 10 19 8
2  45.0 45.0 0.00
935 29.2146 153.6617 9 20 6
2  45.0 45.0 0.00
936 -30.8451 127.5113 10 20 6
2  45.0 45.0 0.00
937 -13.1941 -22.2416 2 16 7
2  45.0 45.0 0.00
938 45.0216 -156.4244 6 20 6
2  45.0 45.0 0.00
939 6.7170 31.2989 8 26 9
2  45.0 45.0 0.00
940 -38.4406 -49.0192 8 18 5
2  45.0 45.0 0.00
941 11.0107 -50.9717 8 27 7
2  45.0 45.0 0.00
942 38.4182 139.0835 3 26 6
2  45.0 45.0 0.00
943 -6.0739 60.2078 2 22 7
2  45.0 45.0 0.00
944 -32.9833 -98.3502 3 29 8
2  45.0 45.0 0.00
945 -39.0635 137.9292 1 29 9
2  45.0 45.0 0.00
946 -33.0012 -126.2062 3 20 7
2  45.0 45.0 0.00
947 36.5883 32.1249 9 18 7
2  45.0 45.0 0.00
948 -51.1858 43.6524 6 23 5
2  45.0 45.0 0.00
949 -48.9308 -81.6890 7 15 5
2  45.0 45.0 0.00
950 41.9892 -138.7388 3 20 8
2  45.0 45.0 0.00
951 43.5181 -46.1885 6 21 5
2  45.0 45.0 0.00
952 23.3982 -31.3247 6 27 6
2  45.0 45.0 0.00
953 22.5789 -3.8037 1 19 7
2  45.0 45.0 0.00
954 37.4671 -20.1334 4 29 9
2  45.0 45.0 0.00
955 7.1635 68.9763 2 26 5
2  45.0 45.0 0.00
956 37.9894 132.0075 10 26 8
2  45.0 45.0 0.00
957 -45.1503 113.0477 5 24 9
2  45.0 45.0 0.00
958 -2.8117 -135.6990 9 16 9
2  45.0 45.0 0.00
959 11.0376 103.4534 9 19 5
2  45.0 45.0 0.00
960 5.1892 176.5439 10 22 9
2  45.0 45.0 0.00
961 -5.0827 -116.6822 5 22 7
2  45.0 45.0 0.00
962 -29.7916 28.3434 10 20 5
2  45.0 45.0 0.00
963 37.5294 49.1880 8 17 9
2  45.0 45.0 0.00
964 42.2927 135.3031 10 19 8
2  45.0 45.0 0.00
965 24.4229 -54.7762 9 29 5
2  45.0 45.0 0.00
966 29.7022 -30.4369 6 24 5
2  45.0 45.0 0.00
967 39.0070 -44.3127 5 29 6
2  45.0 45.0 0.00
968 42.2061 -56.7239 10 15 5
2  45.0 45.0 0.00
969 41.8427 97.3797 7 29 6
2  45.0 45.0 0.00
970 49.5545 52.2844 1 21 5
2  45.0 45.0 0.00
971 18.3500 68.8470 1 27 9
2  45.0 45.0 0.00
972 -41.9541 -109.0112 8 21 5
2  45.0 45.0 0.00
973 32.1703 155.3654 2 18 8
2  45.0 45.0 0.00
974 -2.4230 68.3119 9 28 9
2  45.0 45.0 0.00
975 5.9947 128.1419 1 19 9
2  45.0 45.0 0.00
976 48.7500 -34.2093 10 26 5
2  45.0 45.0 0.00
977 -38.6927 179.1898 7 22 5
2  45.0 45.0 0.00
978 -34.2646 5.7446 8 29 7
2  45.0 45.0 0.00
979 21.3039 135.7973 9 15 9
2  45.0 45.0 0.00
980 49.0963 21.3841 9 18 6
2  45.0 45.0 0.00
981 -23.5595 92.5149 6 22 5
2  45.0 45.0 0.00
982 33.6193 -29.8785 6 28 9
2  45.0 45.0 0.00
983 21.1186 -13.1847 8 21 6
2  45.0 45.0 0.00
984 32.4089 -17.6746 1 17 9
2  45.0 45.0 0.00
985 48.8855 74.2429 7 20 5
2  45.0 45.0 0.00
986 19.0099 123.9372 4 21 5
2  45.0 45.0 0.00
987 -10.5464 -111.2979 1 20 7
2  45.0 45.0 0.00
988 -12.9332 -3.6258 4 20 7
2  45.0 45.0 0.00
989 27.5330 37.7758 10 29 8
2  45.0 45.0 0.00
990 -27.8140 -30.6121 2 24 9
2  45.0 45.0 0.00
991 1.3004 -30.0272 1 18 8
2  45.0 45.0 0.00
992 7.5800 -30.5396 6 21 8
2  45.0 45.0 0.00
993 50.1267 176.1442 9 27 9
2  45.0 45.0 0.00
994 0.8897 -134.1853 4 29 5
2  45.0 45.0 0.00
995 -19.5235 -159.9869 7 23 5
2  45.0 45.0 0.00
996 -15.2373 77.2846 10 23 9
2  45.0 45.0 0.00
997 -24.9765 -99.7884 2 24 5
2  45.0 45.0 0.00
998 51.2949 163.4135 5 24 9
2  45.0 45.0 0.00
999 49.0590 -162.8516 8 25 8
2  45.0 45.0 0.00
