s1
0
1
2
3
 2013 04 20 17 03 14.824     2013 04 20 17 05 54.260     159.4
4
 2013 04 20 01 14 58.502     2013 04 20 01 17 38.265     159.8
5
 2013 04 20 02 48  3.570     2013 04 20 02 50 41.310     157.7
6
 2013 04 20 03 20 53.370     2013 04 20 03 21 36.548      43.2
7
 2013 04 20 09 18 35.880     2013 04 20 09 21 34.791     178.9
 2013 04 20 10 55 56.879     2013 04 20 10 55 58.419       1.5
 2013 04 20 14 12 51.947     2013 04 20 14 12 53.763       1.8
 2013 04 20 15 51 15.104     2013 04 20 15 54 21.451     186.3
8
 2013 04 20 19 13 51.950     2013 04 20 19 16 49.879     177.9
9
10
 2013 04 20 04 36 26.790     2013 04 20 04 39 10.416     163.6
 2013 04 20 09 31 17.808     2013 04 20 09 34 30.346     192.5
11
 2013 04 20 00 30 43.431     2013 04 20 00 33 45.793     182.4
 2013 04 20 10 29 46.619     2013 04 20 10 33 31.445     224.8
12
 2013 04 20 05 14 58.352     2013 04 20 05 18  3.699     185.3
 2013 04 20 15 11 11.079     2013 04 20 15 12 10.579      59.5
13
 2013 04 20 11 35 17.139     2013 04 20 11 37 55.007     157.9
 2013 04 20 19 51 14.115     2013 04 20 19 54 32.260     198.1
14
 2013 04 20 23 22 15.704     2013 04 20 23 24 52.029     156.3
15
 2013 04 20 07 36 11.725     2013 04 20 07 38 54.147     162.4
 2013 04 20 17 34 27.088     2013 04 20 17 36 29.445     122.4
16
 2013 04 20 08 58 28.732     2013 04 20 08 58 31.048       2.3
 2013 04 20 22 30 24.934     2013 04 20 22 31  2.249      37.3
17
 2013 04 20 14 28 21.656     2013 04 20 14 31 18.155     176.5
18
 2013 04 20 08 24  3.385     2013 04 20 08 26 49.499     166.1
 2013 04 20 18 20 18.490     2013 04 20 18 20 35.184      16.7
19
 2013 04 20 17 11 44.794     2013 04 20 17 14 27.845     163.1
 2013 04 20 22 06  8.772     2013 04 20 22 09 25.771     197.0
20
 2013 04 20 05 18 29.806     2013 04 20 05 21 47.245     197.4
 2013 04 20 13 34 34.302     2013 04 20 13 37 30.934     176.6
21
 2013 04 20 03 25  9.488     2013 04 20 03 28 43.634     214.1
 2013 04 20 17 00 15.080     2013 04 20 17 02 49.131     154.1
22
 2013 04 20 03 37 44.232     2013 04 20 03 40 44.589     180.4
 2013 04 20 13 38  8.857     2013 04 20 13 41 37.030     208.2
23
 2013 04 20 00 25 11.364     2013 04 20 00 28 34.696     203.3
 2013 04 20 12 08 17.768     2013 04 20 12 08 32.551      14.8
24
 2013 04 20 05 22 47.943     2013 04 20 05 25 55.627     187.7
 2013 04 20 11 56 22.612     2013 04 20 11 59 53.258     210.6
25
 2013 04 20 06 45 46.200     2013 04 20 06 46 34.136      47.9
 2013 04 20 16 49 36.652     2013 04 20 16 52 28.584     171.9
26
 2013 04 20 03 45 41.347     2013 04 20 03 48 44.286     182.9
27
28
 2013 04 20 05 39 59.763     2013 04 20 05 42 40.739     161.0
29
 2013 04 20 17 38 46.405     2013 04 20 17 41 20.866     154.5
30
31
32
 2013 04 20 11 35 30.377     2013 04 20 11 39  1.238     210.9
 2013 04 20 19 52 54.217     2013 04 20 19 55 28.811     154.6
33
 2013 04 20 12 55 28.076     2013 04 20 12 58 20.250     172.2
34
 2013 04 20 17 32  2.353     2013 04 20 17 34 40.617     158.3
35
 2013 04 20 02 09 57.391     2013 04 20 02 12 35.955     158.6
 2013 04 20 10 25  1.374     2013 04 20 10 27 55.234     173.9
36
 2013 04 20 21 34 25.544     2013 04 20 21 35 55.277      89.7
37
 2013 04 20 17 55 34.737     2013 04 20 17 58  8.650     153.9
38
 2013 04 20 01 49 16.773     2013 04 20 01 52  6.335     169.6
 2013 04 20 15 29 43.870     2013 04 20 15 30 21.709      37.8
39
 2013 04 20 06 32 31.469     2013 04 20 06 36  6.166     214.7
 2013 04 20 20 11 56.840     2013 04 20 20 14 44.013     167.2
40
 2013 04 20 08 58 19.682     2013 04 20 09 02  1.315     221.6
41
42
43
 2013 04 20 10 47 45.945     2013 04 20 10 50 33.685     167.7
 2013 04 20 19 03 43.077     2013 04 20 19 07 22.323     219.2
44
 2013 04 20 16 05 37.644     2013 04 20 16 08 55.861     198.2
45
 2013 04 20 10 00 26.492     2013 04 20 10 03 21.262     174.8
 2013 04 20 18 17 45.320     2013 04 20 18 21  7.825     202.5
46
47
 2013 04 20 02 46  1.717     2013 04 20 02 48 36.271     154.6
 2013 04 20 14 32  7.982     2013 04 20 14 35 32.263     204.3
48
 2013 04 20 16 57 54.711     2013 04 20 17 01 21.623     206.9
49
 2013 04 20 13 11  5.907     2013 04 20 13 14 28.199     202.3
 2013 04 20 21 26 42.513     2013 04 20 21 30  2.220     199.7
50
 2013 04 20 01 42 24.593     2013 04 20 01 45 29.409     184.8
 2013 04 20 18 43 49.231     2013 04 20 18 46 52.272     183.0
51
 2013 04 20 11 28 46.925     2013 04 20 11 31 23.945     157.0
52
 2013 04 20 10 50 57.308     2013 04 20 10 53 47.254     169.9
 2013 04 20 17 28 39.495     2013 04 20 17 29  8.933      29.4
53
 2013 04 20 09 02 34.644     2013 04 20 09 05 26.207     171.6
 2013 04 20 20 51 22.911     2013 04 20 20 53 58.788     155.9
54
 2013 04 20 04 25 53.334     2013 04 20 04 28 28.160     154.8
 2013 04 20 14 26 26.980     2013 04 20 14 28 58.446     151.5
55
 2013 04 20 12 29 17.503     2013 04 20 12 32  2.270     164.8
 2013 04 20 17 24  7.879     2013 04 20 17 26 51.249     163.4
56
 2013 04 20 10 50 56.180     2013 04 20 10 53 48.644     172.5
57
 2013 04 20 14 44 47.498     2013 04 20 14 47 32.325     164.8
 2013 04 20 23 00 11.791     2013 04 20 23 02 53.556     161.8
58
 2013 04 20 00 30 46.746     2013 04 20 00 33 21.304     154.6
 2013 04 20 10 29 15.007     2013 04 20 10 32 12.595     177.6
59
 2013 04 20 01 49 28.249     2013 04 20 01 52 14.891     166.6
 2013 04 20 15 27 48.795     2013 04 20 15 30 55.242     186.4
60
 2013 04 20 13 40 33.556     2013 04 20 13 40 47.910      14.4
61
 2013 04 20 07 38  9.434     2013 04 20 07 40 53.194     163.8
62
63
 2013 04 20 10 05 19.773     2013 04 20 10 07 54.080     154.3
 2013 04 20 16 39 21.760     2013 04 20 16 41 57.319     155.6
64
 2013 04 20 13 04 32.218     2013 04 20 13 07 16.968     164.8
 2013 04 20 23 05 13.665     2013 04 20 23 08 42.419     208.8
65
 2013 04 20 12 26 11.544     2013 04 20 12 28 50.286     158.7
 2013 04 20 19 00 25.949     2013 04 20 19 03 29.758     183.8
66
 2013 04 20 16 13 42.289     2013 04 20 16 14 14.258      32.0
67
 2013 04 20 03 38 26.412     2013 04 20 03 40 57.068     150.7
 2013 04 20 13 39  6.454     2013 04 20 13 41 47.004     160.6
68
 2013 04 20 00 34 20.792     2013 04 20 00 36 53.209     152.4
 2013 04 20 08 50 28.337     2013 04 20 08 53 22.578     174.2
69
 2013 04 20 10 37 22.607     2013 04 20 10 41  2.306     219.7
 2013 04 20 22 25 31.626     2013 04 20 22 29 10.782     219.2
70
 2013 04 20 00 28 28.834     2013 04 20 00 31  1.878     153.0
 2013 04 20 10 32 18.637     2013 04 20 10 33 38.496      79.9
71
 2013 04 20 16 22 15.439     2013 04 20 16 25  2.693     167.3
 2013 04 20 22 56 18.928     2013 04 20 22 59 21.626     182.7
72
 2013 04 20 06 59 37.973     2013 04 20 06 59 53.672      15.7
 2013 04 20 08 33 57.439     2013 04 20 08 37 13.349     195.9
 2013 04 20 13 28 52.524     2013 04 20 13 31 37.021     164.5
73
 2013 04 20 21 36 10.076     2013 04 20 21 38 43.114     153.0
74
 2013 04 20 20 53 50.183     2013 04 20 20 56 33.378     163.2
75
 2013 04 20 00 22 40.807     2013 04 20 00 25 14.944     154.1
 2013 04 20 12 11 46.067     2013 04 20 12 14 21.674     155.6
76
77
 2013 04 20 05 56 45.642     2013 04 20 05 59 37.496     171.9
78
 2013 04 20 14 44 17.219     2013 04 20 14 47  1.382     164.2
 2013 04 20 23 00  3.302     2013 04 20 23 03 14.252     190.9
79
 2013 04 20 23 16   .551     2013 04 20 23 18 34.588     154.0
80
 2013 04 20 10 01 34.970     2013 04 20 10 02 18.025      43.1
 2013 04 20 19 53 45.122     2013 04 20 19 53 53.725       8.6
81
82
 2013 04 20 18 23 45.254     2013 04 20 18 23 50.193       4.9
83
 2013 04 20 02 31  4.500     2013 04 20 02 33 43.711     159.2
84
 2013 04 20 23 10  3.157     2013 04 20 23 12 48.239     165.1
85
 2013 04 20 13 06 22.843     2013 04 20 13 09 35.622     192.8
 2013 04 20 23 04 18.525     2013 04 20 23 07  9.918     171.4
86
 2013 04 20 13 06  7.651     2013 04 20 13 09 29.536     201.9
 2013 04 20 23 04 21.448     2013 04 20 23 07  3.144     161.7
87
 2013 04 20 04 57 54.929     2013 04 20 05 00 37.802     162.9
 2013 04 20 18 36 32.023     2013 04 20 18 37  9.112      37.1
88
 2013 04 20 20 48   .596     2013 04 20 20 50 32.635     152.0
89
 2013 04 20 01 51 27.191     2013 04 20 01 54  9.638     162.4
 2013 04 20 15 26 54.442     2013 04 20 15 30  5.018     190.6
90
 2013 04 20 19 13 42.175     2013 04 20 19 16 57.285     195.1
91
 2013 04 20 12 26 15.489     2013 04 20 12 28 51.011     155.5
 2013 04 20 19 00 41.430     2013 04 20 19 03 44.737     183.3
92
 2013 04 20 06 49  2.531     2013 04 20 06 52 19.633     197.1
 2013 04 20 16 45 52.953     2013 04 20 16 49 18.926     206.0
93
 2013 04 20 10 03 56.932     2013 04 20 10 05 40.205     103.3
 2013 04 20 16 40  7.966     2013 04 20 16 43 21.842     193.9
94
 2013 04 20 16 57 23.096     2013 04 20 17 00 45.814     202.7
95
 2013 04 20 19 14 10.771     2013 04 20 19 16 49.178     158.4
96
 2013 04 20 17 38 32.596     2013 04 20 17 41 20.448     167.9
97
98
 2013 04 20 14 02 12.804     2013 04 20 14 02 25.475      12.7
 2013 04 20 20 36 28.416     2013 04 20 20 37 37.887      69.5
99
 2013 04 20 02 11 38.133     2013 04 20 02 15 13.169     215.0
 2013 04 20 08 47 35.185     2013 04 20 08 50 56.164     201.0
100
 2013 04 20 06 47 22.367     2013 04 20 06 50 51.143     208.8
 2013 04 20 16 46 45.365     2013 04 20 16 49 27.215     161.8
101
 2013 04 20 11 40  4.520     2013 04 20 11 42 46.653     162.1
 2013 04 20 18 13 19.770     2013 04 20 18 16  5.403     165.6
102
 2013 04 20 00 53 53.227     2013 04 20 00 56 50.134     176.9
 2013 04 20 17 57 48.603     2013 04 20 18 00 51.452     182.8
103
 2013 04 20 09 56 47.916     2013 04 20 10 00 28.581     220.7
 2013 04 20 19 55 23.298     2013 04 20 19 57 57.652     154.4
104
 2013 04 20 13 37  2.731     2013 04 20 13 39 38.709     156.0
105
 2013 04 20 01 19 13.593     2013 04 20 01 22 50.357     216.8
106
 2013 04 20 08 05  6.335     2013 04 20 08 07 41.858     155.5
107
 2013 04 20 00 36 23.756     2013 04 20 00 39 22.163     178.4
108
 2013 04 20 03 01  2.766     2013 04 20 03 03 53.722     171.0
 2013 04 20 09 34 33.219     2013 04 20 09 37 45.917     192.7
109
 2013 04 20 08 03 51.686     2013 04 20 08 06 26.979     155.3
 2013 04 20 23 24 37.636     2013 04 20 23 27 22.586     164.9
110
 2013 04 20 06 00 36.205     2013 04 20 06 03 38.171     182.0
 2013 04 20 15 59 53.255     2013 04 20 16 02 24.558     151.3
111
 2013 04 20 13 49  6.149     2013 04 20 13 49 22.383      16.2
112
 2013 04 20 03 22 29.467     2013 04 20 03 25  1.654     152.2
113
114
 2013 04 20 05 08 59.934     2013 04 20 05 09 30.805      30.9
115
 2013 04 20 06 10 57.222     2013 04 20 06 13 39.916     162.7
 2013 04 20 11 05 47.075     2013 04 20 11 08 56.212     189.1
116
 2013 04 20 04 17 48.711     2013 04 20 04 20 54.557     185.8
 2013 04 20 16 09 50.045     2013 04 20 16 10 32.968      42.9
117
 2013 04 20 14 23  1.168     2013 04 20 14 25 51.742     170.6
118
 2013 04 20 20 00 39.761     2013 04 20 20 04 13.461     213.7
119
 2013 04 20 01 07  6.853     2013 04 20 01 09 51.292     164.4
120
 2013 04 20 00 22 26.329     2013 04 20 00 25 37.980     191.7
 2013 04 20 12 12 20.154     2013 04 20 12 14 54.622     154.5
121
 2013 04 20 06 50 55.538     2013 04 20 06 53 31.857     156.3
122
123
 2013 04 20 07 35 49.655     2013 04 20 07 38 24.146     154.5
 2013 04 20 17 34 33.716     2013 04 20 17 37 29.088     175.4
124
 2013 04 20 05 55 27.012     2013 04 20 05 59  7.164     220.2
 2013 04 20 17 39  9.358     2013 04 20 17 42 48.750     219.4
125
 2013 04 20 02 27  3.101     2013 04 20 02 30 51.208     228.1
 2013 04 20 19 33 20.741     2013 04 20 19 33 49.493      28.8
126
 2013 04 20 02 53 27.032     2013 04 20 02 57  2.304     215.3
127
 2013 04 20 02 51 37.057     2013 04 20 02 54 59.436     202.4
 2013 04 20 12 50 39.529     2013 04 20 12 53 10.891     151.4
128
 2013 04 20 02 04   .352     2013 04 20 02 06 47.520     167.2
 2013 04 20 12 03 59.599     2013 04 20 12 06 43.785     164.2
129
 2013 04 20 09 42 18.799     2013 04 20 09 44 57.613     158.8
 2013 04 20 23 19 58.196     2013 04 20 23 22 44.392     166.2
130
 2013 04 20 12 09  8.230     2013 04 20 12 12  9.104     180.9
131
 2013 04 20 20 48 46.710     2013 04 20 20 52 27.231     220.5
132
 2013 04 20 05 42 30.274     2013 04 20 05 45 28.560     178.3
 2013 04 20 21 01 43.808     2013 04 20 21 04 48.520     184.7
133
 2013 04 20 07 23 41.827     2013 04 20 07 27 21.463     219.6
134
 2013 04 20 11 20 18.347     2013 04 20 11 23 45.722     207.4
135
 2013 04 20 03 18 41.272     2013 04 20 03 22 10.238     209.0
 2013 04 20 18 42 13.150     2013 04 20 18 45 12.872     179.7
136
 2013 04 20 20 12  8.058     2013 04 20 20 14 45.450     157.4
137
 2013 04 20 03 46  5.681     2013 04 20 03 47  9.003      63.3
 2013 04 20 10 22 20.711     2013 04 20 10 25 31.427     190.7
138
 2013 04 20 06 25 51.393     2013 04 20 06 29 19.112     207.7
 2013 04 20 23 26 47.494     2013 04 20 23 30 11.853     204.4
139
 2013 04 20 15 15 33.338     2013 04 20 15 18  6.925     153.6
140
 2013 04 20 19 06 34.577     2013 04 20 19 09 54.694     200.1
141
 2013 04 20 11 33 58.913     2013 04 20 11 35  5.505      66.6
 2013 04 20 19 52 43.996     2013 04 20 19 53  8.543      24.5
142
 2013 04 20 01 37 57.863     2013 04 20 01 41 21.662     203.8
 2013 04 20 03 15 28.533     2013 04 20 03 16 28.166      59.6
 2013 04 20 20 20 23.158     2013 04 20 20 23 12.351     169.2
 2013 04 20 21 57 40.513     2013 04 20 21 57 39.884       -.6
143
144
 2013 04 20 06 36  2.621     2013 04 20 06 39 35.616     213.0
145
 2013 04 20 18 20  8.775     2013 04 20 18 22 46.528     157.8
146
 2013 04 20 10 31 55.472     2013 04 20 10 32 20.332      24.9
147
148
149
 2013 04 20 17 45  6.489     2013 04 20 17 47 44.746     158.3
150
 2013 04 20 19 02 37.792     2013 04 20 19 05 41.278     183.5
151
 2013 04 20 16 13 25.830     2013 04 20 16 14 19.295      53.5
152
 2013 04 20 03 22 27.552     2013 04 20 03 25 10.045     162.5
153
 2013 04 20 09 58 16.946     2013 04 20 10 01 29.800     192.9
 2013 04 20 19 54 33.010     2013 04 20 19 56 10.375      97.4
154
 2013 04 20 16 03 39.256     2013 04 20 16 07 17.688     218.4
155
 2013 04 20 13 54 47.538     2013 04 20 13 57 43.961     176.4
156
 2013 04 20 11 34 55.894     2013 04 20 11 35 41.761      45.9
 2013 04 20 21 29 18.805     2013 04 20 21 32 10.726     171.9
157
 2013 04 20 04 19  3.688     2013 04 20 04 21 37.471     153.8
 2013 04 20 16 07 42.440     2013 04 20 16 10 13.235     150.8
158
 2013 04 20 07 36 17.422     2013 04 20 07 39 58.210     220.8
 2013 04 20 17 32 47.591     2013 04 20 17 36 18.025     210.4
159
 2013 04 20 19 25 54.774     2013 04 20 19 28 28.129     153.4
160
 2013 04 20 02 14 10.245     2013 04 20 02 17  5.179     174.9
 2013 04 20 07 09 10.061     2013 04 20 07 09 13.345       3.3
 2013 04 20 08 47  7.080     2013 04 20 08 48 53.467     106.4
161
 2013 04 20 02 56 35.242     2013 04 20 02 59 20.905     165.7
 2013 04 20 11 12 40.770     2013 04 20 11 15 13.480     152.7
162
 2013 04 20 01 52 30.196     2013 04 20 01 56  1.507     211.3
163
 2013 04 20 01 56 39.937     2013 04 20 01 59 31.506     171.6
 2013 04 20 13 45 11.678     2013 04 20 13 48 28.491     196.8
164
165
 2013 04 20 18 33 27.797     2013 04 20 18 36 43.020     195.2
166
 2013 04 20 20 12 35.548     2013 04 20 20 16 14.821     219.3
167
 2013 04 20 06 43 11.945     2013 04 20 06 45 54.890     162.9
168
169
 2013 04 20 03 43  7.818     2013 04 20 03 45 51.036     163.2
 2013 04 20 11 58 51.249     2013 04 20 12 01 55.060     183.8
170
 2013 04 20 14 30 19.622     2013 04 20 14 33 26.970     187.3
171
 2013 04 20 06 04  1.253     2013 04 20 06 07 45.038     223.8
 2013 04 20 14 19 33.443     2013 04 20 14 23 13.736     220.3
172
 2013 04 20 15 16   .517     2013 04 20 15 18 35.046     154.5
173
174
 2013 04 20 02 13 59.521     2013 04 20 02 16 40.264     160.7
 2013 04 20 08 47   .029     2013 04 20 08 50 27.104     207.1
175
 2013 04 20 08 22 17.245     2013 04 20 08 24 49.600     152.4
 2013 04 20 18 22 12.045     2013 04 20 18 24 45.786     153.7
176
 2013 04 20 07 45  5.062     2013 04 20 07 48 23.405     198.3
 2013 04 20 12 40 31.632     2013 04 20 12 44  5.675     214.0
177
 2013 04 20 09 42 58.165     2013 04 20 09 45 36.799     158.6
 2013 04 20 23 19  3.432     2013 04 20 23 21 39.867     156.4
178
 2013 04 20 19 20  6.979     2013 04 20 19 22 37.293     150.3
179
 2013 04 20 04 59 34.245     2013 04 20 05 03  6.949     212.7
 2013 04 20 18 36 41.770     2013 04 20 18 39 47.427     185.7
180
 2013 04 20 23 07 57.477     2013 04 20 23 10 31.142     153.7
181
 2013 04 20 09 11 21.108     2013 04 20 09 14  8.029     166.9
182
 2013 04 20 07 26 10.594     2013 04 20 07 29  2.111     171.5
 2013 04 20 19 17 19.978     2013 04 20 19 18 18.176      58.2
183
184
 2013 04 20 04 33 59.796     2013 04 20 04 36 36.541     156.7
 2013 04 20 11 08 32.258     2013 04 20 11 11 31.360     179.1
185
 2013 04 20 07 14 30.317     2013 04 20 07 17 47.925     197.6
 2013 04 20 22 38   .715     2013 04 20 22 41 32.527     211.8
186
 2013 04 20 19 06 35.077     2013 04 20 19 09 56.729     201.7
187
188
 2013 04 20 12 21 15.454     2013 04 20 12 23 50.175     154.7
189
 2013 04 20 09 50 59.086     2013 04 20 09 53 29.786     150.7
 2013 04 20 21 37 21.884     2013 04 20 21 40 35.933     194.0
190
 2013 04 20 10 39 47.799     2013 04 20 10 42 31.266     163.5
191
 2013 04 20 07 18 22.807     2013 04 20 07 21 30.787     188.0
192
 2013 04 20 00 07 48.245     2013 04 20 00 10 45.350     177.1
 2013 04 20 17 09 33.268     2013 04 20 17 12 23.046     169.8
 2013 04 20 23 44 33.722     2013 04 20 23 47 40.270     186.5
193
 2013 04 20 08 13 26.609     2013 04 20 08 15 59.569     153.0
 2013 04 20 20 08  6.399     2013 04 20 20 08 13.853       7.5
194
 2013 04 20 08 23  1.260     2013 04 20 08 24  4.089      62.8
195
 2013 04 20 12 00 26.191     2013 04 20 12 03 49.765     203.6
196
 2013 04 20 07 36 22.801     2013 04 20 07 40  8.824     226.0
197
 2013 04 20 14 02 43.485     2013 04 20 14 05 52.412     188.9
 2013 04 20 18 57 58.162     2013 04 20 18 58 22.676      24.5
 2013 04 20 20 35 45.254     2013 04 20 20 36 10.549      25.3
198
 2013 04 20 20 13 48.297     2013 04 20 20 17  8.227     199.9
199
