0 -1.7301 91.9122 2 22 8
2  45.0 45.0 0.00
1 -15.3121 -13.4430 6 18 6
2  45.0 45.0 0.00
2 22.0563 -160.1869 10 18 6
2  45.0 45.0 0.00
3 26.8522 27.0501 1 15 9
2  45.0 45.0 0.00
4 16.6517 -102.7979 9 29 9
2  45.0 45.0 0.00
5 10.7476 -127.2673 3 28 9
2  45.0 45.0 0.00
6 36.6797 19.2519 3 26 7
2  45.0 45.0 0.00
7 51.9750 167.0901 2 18 7
2  45.0 45.0 0.00
8 6.7351 148.4235 8 18 9
2  45.0 45.0 0.00
9 -3.6514 -72.7307 10 20 5
2  45.0 45.0 0.00
10 51.4277 -112.3536 4 21 5
2  45.0 45.0 0.00
11 -24.4619 98.9315 5 22 7
2  45.0 45.0 0.00
12 -30.8389 23.7698 10 19 9
2  45.0 45.0 0.00
13 -36.6123 -64.9189 1 25 5
2  45.0 45.0 0.00
14 30.6535 -66.5433 1 24 6
2  45.0 45.0 0.00
15 25.9492 170.3962 4 17 5
2  45.0 45.0 0.00
16 -20.8372 112.4275 9 27 8
2  45.0 45.0 0.00
17 16.7616 -138.9983 3 25 5
2  45.0 45.0 0.00
18 -30.1549 -23.1048 9 27 7
2  45.0 45.0 0.00
19 52.7362 51.6603 6 19 8
2  45.0 45.0 0.00
20 -37.5364 39.0501 8 18 5
2  45.0 45.0 0.00
21 18.0210 19.6497 6 18 8
2  45.0 45.0 0.00
22 -21.6341 42.2363 8 21 8
2  45.0 45.0 0.00
23 -10.9426 83.1767 7 24 8
2  45.0 45.0 0.00
24 -48.6850 54.0658 5 24 6
2  45.0 45.0 0.00
25 -15.5435 0.1685 9 18 8
2  45.0 45.0 0.00
26 -42.2619 67.2991 4 21 6
2  45.0 45.0 0.00
27 20.6647 34.9792 7 26 5
2  45.0 45.0 0.00
28 -42.0241 148.3322 7 28 6
2  45.0 45.0 0.00
29 10.4089 172.3328 6 17 8
2  45.0 45.0 0.00
30 -24.7547 -179.1216 2 24 6
2  45.0 45.0 0.00
31 -0.4558 165.3453 8 29 6
2  45.0 45.0 0.00
32 -35.0286 -58.3379 2 22 7
2  45.0 45.0 0.00
33 11.5501 -112.5911 7 17 9
2  45.0 45.0 0.00
34 31.7580 158.6599 10 23 5
2  45.0 45.0 0.00
35 -39.3606 85.0352 4 20 8
2  45.0 45.0 0.00
36 -13.2859 -62.3558 3 22 8
2  45.0 45.0 0.00
37 -42.5206 -152.1258 1 17 7
2  45.0 45.0 0.00
38 24.9797 41.7220 2 23 9
2  45.0 45.0 0.00
39 28.1531 -23.8361 5 22 8
2  45.0 45.0 0.00
40 -9.4393 120.5571 10 17 8
2  45.0 45.0 0.00
41 -18.4712 -11.2352 4 23 9
2  45.0 45.0 0.00
42 27.5061 34.7978 6 20 5
2  45.0 45.0 0.00
43 36.3317 125.8263 8 28 6
2  45.0 45.0 0.00
44 3.3427 -163.0418 6 23 9
2  45.0 45.0 0.00
45 -33.5268 -38.3113 3 23 8
2  45.0 45.0 0.00
46 20.6578 -84.6382 6 25 8
2  45.0 45.0 0.00
47 4.2167 -131.1399 8 26 6
2  45.0 45.0 0.00
48 13.7876 13.2884 8 17 5
2  45.0 45.0 0.00
49 -38.2664 -79.4841 5 22 5
2  45.0 45.0 0.00
50 44.1043 22.2538 6 16 5
2  45.0 45.0 0.00
51 -14.4325 -76.6231 5 20 7
2  45.0 45.0 0.00
52 45.8093 135.2174 2 28 6
2  45.0 45.0 0.00
53 -0.5727 132.5192 9 25 6
2  45.0 45.0 0.00
54 21.9452 -145.5330 3 23 8
2  45.0 45.0 0.00
55 52.4300 130.6695 10 23 7
2  45.0 45.0 0.00
56 42.8768 139.0836 2 21 5
2  45.0 45.0 0.00
57 -38.8947 -111.6548 7 24 6
2  45.0 45.0 0.00
58 -26.2220 95.2448 5 19 5
2  45.0 45.0 0.00
59 26.9736 45.7436 8 26 5
2  45.0 45.0 0.00
60 -24.2859 38.4477 10 18 9
2  45.0 45.0 0.00
61 33.9557 172.2165 9 20 5
2  45.0 45.0 0.00
62 0.0926 88.9232 5 29 6
2  45.0 45.0 0.00
63 -48.1431 -24.9880 3 28 8
2  45.0 45.0 0.00
64 -20.6966 -100.7882 8 21 9
2  45.0 45.0 0.00
65 46.9009 114.7454 10 21 9
2  45.0 45.0 0.00
66 -14.0390 -156.0572 2 21 7
2  45.0 45.0 0.00
67 -21.4439 45.6068 9 23 5
2  45.0 45.0 0.00
68 -36.6029 104.5525 9 22 8
2  45.0 45.0 0.00
69 0.5951 111.6434 10 28 9
2  45.0 45.0 0.00
70 -18.6689 90.8324 8 15 6
2  45.0 45.0 0.00
71 -47.6094 -126.0433 7 21 9
2  45.0 45.0 0.00
72 -52.8305 17.8015 10 22 9
2  45.0 45.0 0.00
73 -6.9572 -64.5143 1 21 7
2  45.0 45.0 0.00
74 -8.5718 137.2458 10 25 9
2  45.0 45.0 0.00
75 1.5185 82.4036 7 25 9
2  45.0 45.0 0.00
76 -38.9719 143.8615 5 22 5
2  45.0 45.0 0.00
77 12.2159 -178.0342 9 16 9
2  45.0 45.0 0.00
78 -37.3311 -112.9954 8 24 6
2  45.0 45.0 0.00
79 11.1555 -79.8704 9 22 8
2  45.0 45.0 0.00
80 -33.4091 -49.0436 5 21 9
2  45.0 45.0 0.00
81 -6.0801 -171.3218 4 17 8
2  45.0 45.0 0.00
82 -18.8727 -16.4534 1 23 7
2  45.0 45.0 0.00
83 -42.1897 -163.6218 9 20 5
2  45.0 45.0 0.00
84 -7.5361 -90.7413 5 23 8
2  45.0 45.0 0.00
85 -28.3009 -98.0404 8 22 5
2  45.0 45.0 0.00
86 -27.9641 -98.7690 1 15 6
2  45.0 45.0 0.00
87 28.4687 -3.4650 4 22 9
2  45.0 45.0 0.00
88 9.6607 125.2479 5 19 9
2  45.0 45.0 0.00
89 20.5135 49.3378 5 18 6
2  45.0 45.0 0.00
90 6.3331 147.7173 8 20 6
2  45.0 45.0 0.00
91 46.3092 115.7938 1 25 6
2  45.0 45.0 0.00
92 -30.2127 -1.3097 1 16 8
2  45.0 45.0 0.00
93 -42.7907 -23.9586 9 17 5
2  45.0 45.0 0.00
94 11.8306 12.4873 1 23 8
2  45.0 45.0 0.00
95 8.5854 152.1250 9 25 6
2  45.0 45.0 0.00
96 10.1719 171.2155 1 17 6
2  45.0 45.0 0.00
97 -18.4586 131.4267 5 27 6
2  45.0 45.0 0.00
98 47.3738 105.7932 4 19 8
2  45.0 45.0 0.00
99 -42.9537 94.8738 2 23 9
2  45.0 45.0 0.00
100 -25.4320 -4.9614 4 17 6
2  45.0 45.0 0.00
101 -50.3437 -49.1548 2 24 6
2  45.0 45.0 0.00
102 -51.4832 -146.0773 5 21 5
2  45.0 45.0 0.00
103 -27.6261 -52.0794 5 26 6
2  45.0 45.0 0.00
104 -28.4886 41.7532 6 27 8
2  45.0 45.0 0.00
105 33.6803 -96.1150 1 27 7
2  45.0 45.0 0.00
106 33.6503 -56.1460 8 26 9
2  45.0 45.0 0.00
107 -41.3673 113.6108 9 26 6
2  45.0 45.0 0.00
108 49.0147 -91.9261 5 22 9
2  45.0 45.0 0.00
109 37.3855 -59.4324 4 17 6
2  45.0 45.0 0.00
110 25.3808 -171.3571 10 19 7
2  45.0 45.0 0.00
111 15.2740 60.9450 2 21 6
2  45.0 45.0 0.00
112 30.9568 16.9264 3 16 7
2  45.0 45.0 0.00
113 18.0487 -61.8618 7 24 6
2  45.0 45.0 0.00
114 -8.0782 20.1069 4 22 9
2  45.0 45.0 0.00
115 51.5785 -136.1958 6 29 6
2  45.0 45.0 0.00
116 -1.8201 -162.0044 3 23 8
2  45.0 45.0 0.00
117 31.1055 -154.2763 1 19 8
2  45.0 45.0 0.00
118 -6.3122 -44.9807 2 23 9
2  45.0 45.0 0.00
119 -8.9692 -116.3530 7 29 5
2  45.0 45.0 0.00
120 2.6003 84.4627 7 28 9
2  45.0 45.0 0.00
121 -33.5396 4.5337 6 20 9
2  45.0 45.0 0.00
122 2.3760 73.0530 2 16 9
2  45.0 45.0 0.00
123 25.6581 167.9198 9 21 7
2  45.0 45.0 0.00
124 10.4745 178.5452 9 28 5
2  45.0 45.0 0.00
125 -47.8339 179.8794 10 23 6
2  45.0 45.0 0.00
126 32.8380 -120.5641 2 26 8
2  45.0 45.0 0.00
127 26.3103 -124.1294 8 25 5
2  45.0 45.0 0.00
128 -23.2294 68.0335 9 21 7
2  45.0 45.0 0.00
129 25.1778 -73.5337 7 23 5
2  45.0 45.0 0.00
130 -5.4122 76.7954 9 21 6
2  45.0 45.0 0.00
131 3.0287 124.3292 1 26 9
2  45.0 45.0 0.00
132 -33.5041 154.9106 5 16 8
2  45.0 45.0 0.00
133 -15.1245 151.6427 4 21 6
2  45.0 45.0 0.00
134 9.2073 -94.7081 1 20 8
2  45.0 45.0 0.00
135 43.4424 11.7140 6 20 7
2  45.0 45.0 0.00
136 26.8177 -21.1622 3 22 6
2  45.0 45.0 0.00
137 -42.7739 72.0890 8 22 7
2  45.0 45.0 0.00
138 42.7023 -49.5648 2 27 8
2  45.0 45.0 0.00
139 -15.8420 26.2189 7 26 5
2  45.0 45.0 0.00
140 33.5274 140.2746 4 19 5
2  45.0 45.0 0.00
141 -30.5260 -61.2662 3 27 8
2  45.0 45.0 0.00
142 52.5796 2.1904 2 20 8
2  45.0 45.0 0.00
143 25.7270 -14.0434 8 25 5
2  45.0 45.0 0.00
144 16.6493 -17.3645 3 27 5
2  45.0 45.0 0.00
145 -29.1986 -30.9284 2 26 9
2  45.0 45.0 0.00
146 -17.2776 103.7535 3 17 5
2  45.0 45.0 0.00
147 38.5147 -122.5868 4 21 5
2  45.0 45.0 0.00
148 28.2656 131.2959 5 26 7
2  45.0 45.0 0.00
149 -10.9427 -177.3157 2 16 9
2  45.0 45.0 0.00
150 41.2930 122.8564 10 25 9
2  45.0 45.0 0.00
151 -14.3597 -155.6591 7 17 9
2  45.0 45.0 0.00
152 31.5807 18.2216 1 28 7
2  45.0 45.0 0.00
153 -30.9700 -48.4049 9 18 6
2  45.0 45.0 0.00
154 8.8221 -166.7895 9 24 7
2  45.0 45.0 0.00
155 30.9899 73.0603 5 21 9
2  45.0 45.0 0.00
156 -29.9890 -75.2032 8 28 5
2  45.0 45.0 0.00
157 -0.4520 -157.6087 4 17 7
2  45.0 45.0 0.00
158 31.3476 166.3228 1 23 5
2  45.0 45.0 0.00
159 -30.0997 172.8021 7 19 7
2  45.0 45.0 0.00
160 -49.6901 102.2462 10 27 5
2  45.0 45.0 0.00
161 37.4032 -108.2079 4 17 7
2  45.0 45.0 0.00
162 17.1281 54.1022 9 19 5
2  45.0 45.0 0.00
163 0.7239 55.0976 9 28 5
2  45.0 45.0 0.00
164 -37.5630 -119.1783 4 26 6
2  45.0 45.0 0.00
165 12.8492 -2.7627 1 24 9
2  45.0 45.0 0.00
166 33.1093 -23.8571 3 27 9
2  45.0 45.0 0.00
167 -7.0948 -8.1273 8 28 8
2  45.0 45.0 0.00
168 -21.5907 131.6823 5 26 8
2  45.0 45.0 0.00
169 -37.5825 54.8561 4 21 5
2  45.0 45.0 0.00
170 6.6771 -140.2723 2 17 6
2  45.0 45.0 0.00
171 38.4013 -164.7059 9 22 9
2  45.0 45.0 0.00
172 -14.7833 27.7072 8 20 5
2  45.0 45.0 0.00
173 -28.8473 106.3170 1 21 6
2  45.0 45.0 0.00
174 -49.8831 100.0052 5 18 8
2  45.0 45.0 0.00
175 -23.3362 -25.8547 1 16 9
2  45.0 45.0 0.00
176 49.6972 -158.5614 10 21 8
2  45.0 45.0 0.00
177 21.4117 -74.6506 8 24 5
2  45.0 45.0 0.00
178 -11.5981 160.9354 9 28 9
2  45.0 45.0 0.00
179 23.2510 2.9363 2 23 7
2  45.0 45.0 0.00
180 -15.8869 -92.8785 2 15 8
2  45.0 45.0 0.00
181 30.2311 145.1544 2 22 5
2  45.0 45.0 0.00
182 -6.9860 153.2499 6 24 5
2  45.0 45.0 0.00
183 -21.0958 -136.5666 8 25 7
2  45.0 45.0 0.00
184 46.1332 -123.7913 4 20 7
2  45.0 45.0 0.00
185 -44.2696 130.0513 1 19 7
2  45.0 45.0 0.00
186 28.7993 133.6154 4 23 8
2  45.0 45.0 0.00
187 24.0447 -179.5432 6 25 7
2  45.0 45.0 0.00
188 31.6718 101.1760 10 22 7
2  45.0 45.0 0.00
189 -3.7217 -59.2079 5 28 5
2  45.0 45.0 0.00
190 10.4623 109.9220 9 16 6
2  45.0 45.0 0.00
191 -32.4372 139.6545 3 23 8
2  45.0 45.0 0.00
192 44.9383 45.8031 1 15 9
2  45.0 45.0 0.00
193 6.6717 -40.0182 8 27 7
2  45.0 45.0 0.00
194 -21.2303 -32.2933 1 18 7
2  45.0 45.0 0.00
195 -36.6576 65.6738 6 27 5
2  45.0 45.0 0.00
196 26.1638 174.7043 6 16 8
2  45.0 45.0 0.00
197 49.4333 103.9585 8 19 7
2  45.0 45.0 0.00
198 35.9242 -20.6462 4 29 7
2  45.0 45.0 0.00
199 -34.8147 93.9113 10 24 8
2  45.0 45.0 0.00
