s1
0
 2013 04 20 13 56 41.765     2013 04 20 14 00 16.610     214.8
 2013 04 20 22 12  8.400     2013 04 20 22 15 23.714     195.3
1
2
 2013 04 20 14 03 55.038     2013 04 20 14 06 47.485     172.4
 2013 04 20 18 58 52.334     2013 04 20 19 01 30.880     158.5
3
 2013 04 20 12 20 26.829     2013 04 20 12 24  1.805     215.0
4
 2013 04 20 12 21 19.050     2013 04 20 12 24 59.658     220.6
5
 2013 04 20 20 46  4.796     2013 04 20 20 48 51.615     166.8
6
7
 2013 04 20 00 18 21.277     2013 04 20 00 20 56.778     155.5
8
9
 2013 04 20 22 22  8.837     2013 04 20 22 24 47.465     158.6
10
 2013 04 20 10 45 42.105     2013 04 20 10 48 35.759     173.7
 2013 04 20 20 42   .035     2013 04 20 20 42 23.564      23.5
11
 2013 04 20 00 17 41.791     2013 04 20 00 20 16.704     154.9
 2013 04 20 13 51 37.724     2013 04 20 13 52 46.354      68.6
12
 2013 04 20 10 46  3.251     2013 04 20 10 49 39.641     216.4
13
14
 2013 04 20 10 44 19.939     2013 04 20 10 47 51.003     211.1
 2013 04 20 20 42 39.690     2013 04 20 20 45 16.510     156.8
15
 2013 04 20 12 26 56.726     2013 04 20 12 29 32.774     156.0
 2013 04 20 19 00 55.549     2013 04 20 19 03 29.742     154.2
16
 2013 04 20 13 58 43.191     2013 04 20 14 01 32.830     169.6
 2013 04 20 22 12 33.222     2013 04 20 22 15 36.838     183.6
17
 2013 04 20 12 23  5.521     2013 04 20 12 25 51.019     165.5
 2013 04 20 20 39 30.409     2013 04 20 20 42  5.373     155.0
18
 2013 04 20 10 41 24.232     2013 04 20 10 44 13.345     169.1
19
 2013 04 20 12 24  3.922     2013 04 20 12 26 48.264     164.3
 2013 04 20 20 39  6.230     2013 04 20 20 42  5.426     179.2
20
21
 2013 04 20 12 24 21.407     2013 04 20 12 27 27.448     186.0
 2013 04 20 20 37 39.934     2013 04 20 20 40 58.239     198.3
22
 2013 04 20 22 16 11.869     2013 04 20 22 18 43.629     151.8
23
24
 2013 04 20 13 59 58.583     2013 04 20 14 02 37.628     159.0
25
 2013 04 20 19 02 57.082     2013 04 20 19 05 34.756     157.7
26
 2013 04 20 10 42 33.332     2013 04 20 10 46  2.959     209.6
 2013 04 20 20 45 28.492     2013 04 20 20 48  6.014     157.5
27
 2013 04 20 13 53 20.621     2013 04 20 13 56 57.351     216.7
28
 2013 04 20 22 22 10.105     2013 04 20 22 25 22.750     192.6
29
 2013 04 20 15 37  9.582     2013 04 20 15 40   .387     170.8
 2013 04 20 20 32  4.476     2013 04 20 20 32  9.206       4.7
 2013 04 20 22 10  2.444     2013 04 20 22 13 49.910     227.5
30
 2013 04 20 10 40 43.739     2013 04 20 10 43 20.435     156.7
31
 2013 04 20 12 24 25.445     2013 04 20 12 27  5.486     160.0
 2013 04 20 20 38 44.555     2013 04 20 20 42  6.612     202.1
32
 2013 04 20 12 27 24.338     2013 04 20 12 30  8.996     164.7
 2013 04 20 19 00 33.471     2013 04 20 19 03 22.064     168.6
33
 2013 04 20 10 48 50.987     2013 04 20 10 52  1.316     190.3
 2013 04 20 19 03 41.732     2013 04 20 19 06 14.788     153.1
34
 2013 04 20 22 20 24.696     2013 04 20 22 22 55.593     150.9
35
 2013 04 20 10 43 57.450     2013 04 20 10 47  3.169     185.7
 2013 04 20 20 44 37.148     2013 04 20 20 47 25.181     168.0
36
 2013 04 20 13 58 14.460     2013 04 20 14 01 59.103     224.6
 2013 04 20 22 14  6.980     2013 04 20 22 17 33.863     206.9
37
 2013 04 20 13 56 42.225     2013 04 20 13 59 16.994     154.8
 2013 04 20 22 13  5.954     2013 04 20 22 16 46.888     220.9
38
 2013 04 20 13 59  1.435     2013 04 20 14 01 37.216     155.8
 2013 04 20 22 12 46.047     2013 04 20 22 16 10.213     204.2
39
 2013 04 20 12 17 26.037     2013 04 20 12 19 59.925     153.9
 2013 04 20 22 18 45.655     2013 04 20 22 21 50.269     184.6
40
 2013 04 20 10 38 26.329     2013 04 20 10 41 58.629     212.3
41
 2013 04 20 19 02 49.870     2013 04 20 19 05 32.585     162.7
42
 2013 04 20 12 28 47.739     2013 04 20 12 32 22.352     214.6
 2013 04 20 17 24 31.172     2013 04 20 17 27 37.611     186.4
43
 2013 04 20 10 47 58.266     2013 04 20 10 50 45.254     167.0
 2013 04 20 19 03 50.831     2013 04 20 19 07 12.195     201.4
44
 2013 04 20 12 23  3.620     2013 04 20 12 23 10.364       6.7
 2013 04 20 20 40 16.574     2013 04 20 20 43 10.870     174.3
45
 2013 04 20 22 24 44.826     2013 04 20 22 25 59.034      74.2
46
 2013 04 20 12 13 11.313     2013 04 20 12 15 49.470     158.2
47
48
 2013 04 20 13 57 30.355     2013 04 20 13 58  1.319      31.0
 2013 04 20 22 12  8.351     2013 04 20 22 14 41.642     153.3
49
 2013 04 20 10 51 42.778     2013 04 20 10 52 30.464      47.7
 2013 04 20 19 03  8.279     2013 04 20 19 05 41.605     153.3
50
 2013 04 20 10 44 15.582     2013 04 20 10 46 59.215     163.6
 2013 04 20 20 43 31.755     2013 04 20 20 46  4.665     152.9
51
 2013 04 20 10 43 37.863     2013 04 20 10 46 46.065     188.2
 2013 04 20 20 44 52.362     2013 04 20 20 47 28.669     156.3
52
 2013 04 20 00 16 52.202     2013 04 20 00 19 36.677     164.5
 2013 04 20 13 52 33.775     2013 04 20 13 55 39.094     185.3
53
 2013 04 20 12 22 58.119     2013 04 20 12 25 50.099     172.0
 2013 04 20 20 38 25.688     2013 04 20 20 41  9.906     164.2
54
 2013 04 20 20 45 30.516     2013 04 20 20 48 20.158     169.6
55
 2013 04 20 12 19 33.463     2013 04 20 12 23 18.788     225.3
 2013 04 20 22 16 15.236     2013 04 20 22 19 36.852     201.6
56
 2013 04 20 12 15 16.284     2013 04 20 12 18 53.582     217.3
57
 2013 04 20 12 15 24.975     2013 04 20 12 19  9.598     224.6
58
 2013 04 20 12 15 32.710     2013 04 20 12 18 10.977     158.3
59
 2013 04 20 13 57 35.497     2013 04 20 14 01 19.097     223.6
 2013 04 20 22 12 13.636     2013 04 20 22 14 46.848     153.2
60
 2013 04 20 00 18  2.723     2013 04 20 00 19   .188      57.5
61
 2013 04 20 12 21 10.640     2013 04 20 12 23 56.118     165.5
62
 2013 04 20 12 12 40.503     2013 04 20 12 15 35.415     174.9
63
 2013 04 20 10 38  4.678     2013 04 20 10 40 38.631     154.0
 2013 04 20 22 24 34.882     2013 04 20 22 27 29.909     175.0
64
 2013 04 20 10 45 49.088     2013 04 20 10 48 57.259     188.2
65
 2013 04 20 12 13 27.033     2013 04 20 12 13 32.022       5.0
66
67
 2013 04 20 09 04  2.050     2013 04 20 09 06 55.957     173.9
 2013 04 20 20 49 12.806     2013 04 20 20 52 24.787     192.0
68
 2013 04 20 14 00 27.241     2013 04 20 14 03  2.695     155.5
 2013 04 20 20 34 55.465     2013 04 20 20 38 20.439     205.0
69
 2013 04 20 15 37 32.753     2013 04 20 15 40 10.963     158.2
 2013 04 20 20 32   .358     2013 04 20 20 35  7.070     186.7
70
71
72
 2013 04 20 12 15 16.862     2013 04 20 12 19  1.456     224.6
73
 2013 04 20 12 26 13.013     2013 04 20 12 28 50.605     157.6
 2013 04 20 19 00 50.388     2013 04 20 19 03 57.141     186.8
74
 2013 04 20 00 21 14.225     2013 04 20 00 23 46.668     152.4
75
 2013 04 20 10 41 58.824     2013 04 20 10 43 16.950      78.1
76
 2013 04 20 12 27 44.143     2013 04 20 12 30 44.815     180.7
 2013 04 20 14 05  9.981     2013 04 20 14 05 53.690      43.7
 2013 04 20 17 22  3.122     2013 04 20 17 25 44.416     221.3
 2013 04 20 19 00  2.165     2013 04 20 19 03 26.495     204.3
77
 2013 04 20 10 41 55.605     2013 04 20 10 45  2.429     186.8
78
 2013 04 20 12 21  6.357     2013 04 20 12 23 45.558     159.2
79
 2013 04 20 22 15  6.576     2013 04 20 22 18 14.334     187.8
80
 2013 04 20 10 44  9.051     2013 04 20 10 44 26.475      17.4
81
 2013 04 20 10 38 51.516     2013 04 20 10 41 54.398     182.9
 2013 04 20 22 23  7.715     2013 04 20 22 26 45.007     217.3
82
 2013 04 20 14 00 33.922     2013 04 20 14 03 57.694     203.8
 2013 04 20 20 36 13.431     2013 04 20 20 39  8.378     174.9
83
 2013 04 20 13 54 47.356     2013 04 20 13 57 48.299     180.9
84
 2013 04 20 12 15 29.604     2013 04 20 12 19 11.508     221.9
85
 2013 04 20 22 15 51.063     2013 04 20 22 18 22.936     151.9
86
 2013 04 20 12 27 33.407     2013 04 20 12 30 29.924     176.5
 2013 04 20 19 01 33.490     2013 04 20 19 04 28.566     175.1
87
 2013 04 20 00 16 19.215     2013 04 20 00 19 28.214     189.0
 2013 04 20 13 53  8.520     2013 04 20 13 56  3.696     175.2
88
 2013 04 20 13 57 19.285     2013 04 20 14 00 37.769     198.5
 2013 04 20 22 12 30.837     2013 04 20 22 15 13.386     162.5
89
 2013 04 20 00 19 16.501     2013 04 20 00 21 51.609     155.1
90
 2013 04 20 13 55 35.620     2013 04 20 13 58 15.120     159.5
91
 2013 04 20 15 37 10.523     2013 04 20 15 40 35.046     204.5
 2013 04 20 20 32 40.125     2013 04 20 20 33 16.350      36.2
92
 2013 04 20 12 26 31.059     2013 04 20 12 29 45.112     194.1
 2013 04 20 19 01 49.547     2013 04 20 19 04 27.695     158.1
93
 2013 04 20 14 02  9.561     2013 04 20 14 05   .599     171.0
 2013 04 20 18 56 26.668     2013 04 20 18 56 39.652      13.0
 2013 04 20 20 34 44.386     2013 04 20 20 37 56.838     192.5
94
 2013 04 20 13 54 37.171     2013 04 20 13 57 59.091     201.9
95
 2013 04 20 00 20  1.710     2013 04 20 00 22 54.251     172.5
96
 2013 04 20 10 46  4.176     2013 04 20 10 48 39.269     155.1
97
 2013 04 20 13 58 37.811     2013 04 20 14 02   .417     202.6
 2013 04 20 22 11 59.452     2013 04 20 22 15 10.541     191.1
98
99
 2013 04 20 12 28 33.092     2013 04 20 12 31 38.712     185.6
 2013 04 20 17 23 47.828     2013 04 20 17 27 18.270     210.4
100
 2013 04 20 12 24 59.115     2013 04 20 12 27 38.855     159.7
101
102
 2013 04 20 13 59 20.075     2013 04 20 14 02 59.828     219.8
 2013 04 20 20 37 14.983     2013 04 20 20 37 27.412      12.4
103
 2013 04 20 00 22   .283     2013 04 20 00 22 55.015      54.7
 2013 04 20 12 12 45.698     2013 04 20 12 15 23.163     157.5
104
 2013 04 20 12 23 59.127     2013 04 20 12 27 28.451     209.3
 2013 04 20 20 37 33.105     2013 04 20 20 40 34.364     181.3
105
 2013 04 20 20 45 16.544     2013 04 20 20 46 27.443      70.9
106
 2013 04 20 12 15  3.467     2013 04 20 12 16 44.752     101.3
107
 2013 04 20 12 26 55.257     2013 04 20 12 29 40.709     165.5
 2013 04 20 19 01 26.230     2013 04 20 19 04   .313     154.1
108
 2013 04 20 00 18 22.588     2013 04 20 00 21 33.401     190.8
109
 2013 04 20 00 21 11.740     2013 04 20 00 22 42.239      90.5
 2013 04 20 12 13  4.536     2013 04 20 12 15 48.443     163.9
110
 2013 04 20 13 58 11.290     2013 04 20 14 00 47.375     156.1
 2013 04 20 22 13 17.016     2013 04 20 22 15 52.491     155.5
111
112
 2013 04 20 22 15 17.986     2013 04 20 22 18   .709     162.7
113
 2013 04 20 13 55 28.887     2013 04 20 13 56 11.606      42.7
 2013 04 20 22 18  6.332     2013 04 20 22 18 30.094      23.8
114
 2013 04 20 10 40 14.726     2013 04 20 10 43 44.612     209.9
115
 2013 04 20 12 24 13.554     2013 04 20 12 26 51.675     158.1
 2013 04 20 20 38 51.671     2013 04 20 20 41 56.139     184.5
116
 2013 04 20 12 14 46.722     2013 04 20 12 17 22.899     156.2
117
 2013 04 20 14 02  8.277     2013 04 20 14 05 15.912     187.6
 2013 04 20 15 39 40.318     2013 04 20 15 43 30.999     230.7
 2013 04 20 18 56 27.630     2013 04 20 19 00  5.048     217.4
 2013 04 20 20 34 23.790     2013 04 20 20 37 48.760     205.0
118
 2013 04 20 00 17 38.209     2013 04 20 00 20 46.377     188.2
119
 2013 04 20 00 20  6.917     2013 04 20 00 20 56.472      49.6
120
 2013 04 20 15 36 37.912     2013 04 20 15 39 35.360     177.4
 2013 04 20 22 10 26.295     2013 04 20 22 13 31.559     185.3
121
 2013 04 20 12 14 29.766     2013 04 20 12 17 13.899     164.1
122
 2013 04 20 13 56 23.740     2013 04 20 13 58 59.948     156.2
123
 2013 04 20 00 17 34.563     2013 04 20 00 21 11.185     216.6
124
 2013 04 20 12 14 56.890     2013 04 20 12 17 38.320     161.4
125
 2013 04 20 00 19 17.811     2013 04 20 00 21 48.807     151.0
126
 2013 04 20 13 58 39.349     2013 04 20 14 02 21.959     222.6
 2013 04 20 22 13 43.178     2013 04 20 22 14   .056      16.9
127
 2013 04 20 20 50 46.610     2013 04 20 20 51  6.850      20.2
128
 2013 04 20 12 24 23.341     2013 04 20 12 24 53.978      30.6
129
 2013 04 20 22 21  6.792     2013 04 20 22 23 38.080     151.3
130
 2013 04 20 14 02 33.532     2013 04 20 14 05 10.137     156.6
 2013 04 20 18 56 59.144     2013 04 20 18 57 47.847      48.7
 2013 04 20 20 35  1.903     2013 04 20 20 38 33.367     211.5
131
 2013 04 20 12 22 29.499     2013 04 20 12 25 24.649     175.2
 2013 04 20 20 39 36.090     2013 04 20 20 42 32.574     176.5
132
 2013 04 20 00 20 14.418     2013 04 20 00 23  3.134     168.7
133
 2013 04 20 10 42 16.371     2013 04 20 10 45 16.180     179.8
134
 2013 04 20 13 54 36.943     2013 04 20 13 57 11.285     154.3
135
 2013 04 20 00 15 42.375     2013 04 20 00 16 57.747      75.4
 2013 04 20 13 53 42.745     2013 04 20 13 56 33.610     170.9
136
 2013 04 20 12 24 24.239     2013 04 20 12 27 13.028     168.8
 2013 04 20 20 38 52.549     2013 04 20 20 42 22.354     209.8
137
 2013 04 20 00 17 52.979     2013 04 20 00 20 27.333     154.4
 2013 04 20 13 51 24.404     2013 04 20 13 51 37.032      12.6
138
 2013 04 20 12 21 53.419     2013 04 20 12 22 50.974      57.6
 2013 04 20 22 16 40.837     2013 04 20 22 19 24.999     164.2
139
 2013 04 20 12 22 57.094     2013 04 20 12 25 31.937     154.8
 2013 04 20 20 38 58.811     2013 04 20 20 41 45.752     166.9
140
 2013 04 20 22 16  9.358     2013 04 20 22 18 41.143     151.8
141
 2013 04 20 12 28 46.027     2013 04 20 12 32  6.503     200.5
 2013 04 20 17 24 16.472     2013 04 20 17 27 27.708     191.2
142
 2013 04 20 13 56 36.435     2013 04 20 13 58 46.852     130.4
 2013 04 20 22 14 48.568     2013 04 20 22 17 32.226     163.7
143
 2013 04 20 12 19 29.273     2013 04 20 12 22 46.797     197.5
144
 2013 04 20 10 42 54.296     2013 04 20 10 43 45.800      51.5
 2013 04 20 20 45 32.461     2013 04 20 20 48  7.240     154.8
145
 2013 04 20 12 15 12.187     2013 04 20 12 17 46.046     153.9
146
 2013 04 20 12 27 53.277     2013 04 20 12 29 47.754     114.5
 2013 04 20 19 01 49.833     2013 04 20 19 02 46.554      56.7
147
 2013 04 20 12 19 49.860     2013 04 20 12 22 42.567     172.7
148
 2013 04 20 12 17 22.588     2013 04 20 12 20  3.122     160.5
 2013 04 20 22 19  6.500     2013 04 20 22 22  2.696     176.2
149
 2013 04 20 12 16 53.134     2013 04 20 12 19 44.336     171.2
 2013 04 20 22 21 27.458     2013 04 20 22 21 51.022      23.6
150
 2013 04 20 12 15 41.241     2013 04 20 12 18 14.627     153.4
151
 2013 04 20 13 56 54.639     2013 04 20 14 00 22.545     207.9
 2013 04 20 22 12 17.736     2013 04 20 22 15 20.306     182.6
152
 2013 04 20 12 22 15.817     2013 04 20 12 25  8.768     173.0
 2013 04 20 20 38  7.190     2013 04 20 20 41 41.069     213.9
153
 2013 04 20 13 57 39.032     2013 04 20 14 01  1.022     202.0
 2013 04 20 22 14 25.546     2013 04 20 22 17  1.994     156.4
154
 2013 04 20 14 03 51.277     2013 04 20 14 06 33.177     161.9
 2013 04 20 18 58 35.760     2013 04 20 19 01 15.435     159.7
155
 2013 04 20 12 26 55.325     2013 04 20 12 30  6.714     191.4
 2013 04 20 14 04 21.065     2013 04 20 14 04 21.821        .8
 2013 04 20 19 00  9.864     2013 04 20 19 02 49.725     159.9
156
 2013 04 20 14 00 14.509     2013 04 20 14 03 19.978     185.5
 2013 04 20 20 34 16.482     2013 04 20 20 37 29.849     193.4
157
 2013 04 20 12 22  2.110     2013 04 20 12 24 37.581     155.5
 2013 04 20 20 41 54.598     2013 04 20 20 42 39.551      45.0
158
159
 2013 04 20 10 49 26.834     2013 04 20 10 50  8.698      41.9
 2013 04 20 19 02 47.113     2013 04 20 19 05 53.444     186.3
160
 2013 04 20 22 22 39.622     2013 04 20 22 25 17.507     157.9
161
 2013 04 20 10 48 10.213     2013 04 20 10 50 46.328     156.1
 2013 04 20 19 04 36.943     2013 04 20 19 07 40.502     183.6
162
163
164
 2013 04 20 00 19 48.355     2013 04 20 00 20 25.121      36.8
 2013 04 20 12 16 41.174     2013 04 20 12 17 13.186      32.0
165
 2013 04 20 10 53 43.028     2013 04 20 10 53 47.746       4.7
 2013 04 20 19 02 20.708     2013 04 20 19 05 49.740     209.0
166
 2013 04 20 12 13  3.260     2013 04 20 12 16 25.185     201.9
167
168
 2013 04 20 13 57 42.790     2013 04 20 14 00 20.509     157.7
 2013 04 20 22 13 44.817     2013 04 20 22 16 18.886     154.1
169
 2013 04 20 10 48  2.945     2013 04 20 10 50 55.342     172.4
 2013 04 20 19 05  5.183     2013 04 20 19 08  2.234     177.1
170
 2013 04 20 20 46  3.655     2013 04 20 20 48 58.805     175.2
171
 2013 04 20 12 28 55.678     2013 04 20 12 32  3.874     188.2
 2013 04 20 17 24 14.530     2013 04 20 17 27 16.656     182.1
172
 2013 04 20 12 24  2.631     2013 04 20 12 27 16.189     193.6
 2013 04 20 20 39 20.215     2013 04 20 20 42 42.582     202.4
173
 2013 04 20 13 58 20.588     2013 04 20 14 00 55.879     155.3
 2013 04 20 22 13 17.134     2013 04 20 22 15 57.617     160.5
174
 2013 04 20 22 16 26.526     2013 04 20 22 19 39.105     192.6
175
 2013 04 20 12 28 18.806     2013 04 20 12 31  3.477     164.7
 2013 04 20 17 22 42.362     2013 04 20 17 25 59.525     197.2
 2013 04 20 19 00  3.711     2013 04 20 19 00 25.805      22.1
176
 2013 04 20 14 02 22.474     2013 04 20 14 05 36.049     193.6
 2013 04 20 20 36  1.631     2013 04 20 20 39 32.688     211.1
177
 2013 04 20 10 42 35.940     2013 04 20 10 42 49.213      13.3
 2013 04 20 22 22 19.678     2013 04 20 22 25 49.834     210.2
178
 2013 04 20 13 54 12.006     2013 04 20 13 57 43.440     211.4
179
 2013 04 20 00 20 26.454     2013 04 20 00 23 53.686     207.2
180
 2013 04 20 10 45 11.534     2013 04 20 10 48 29.956     198.4
181
 2013 04 20 12 13  6.225     2013 04 20 12 15 54.094     167.9
182
 2013 04 20 20 47 42.534     2013 04 20 20 50 37.049     174.5
183
 2013 04 20 22 21 30.873     2013 04 20 22 24 37.641     186.8
184
 2013 04 20 10 40 56.525     2013 04 20 10 41 10.778      14.3
 2013 04 20 20 48  9.769     2013 04 20 20 49 35.481      85.7
185
 2013 04 20 00 16 30.945     2013 04 20 00 19 52.985     202.0
 2013 04 20 13 52 57.880     2013 04 20 13 56 17.421     199.5
186
 2013 04 20 12 28 54.738     2013 04 20 12 31 57.641     182.9
 2013 04 20 17 24  8.303     2013 04 20 17 27 11.981     183.7
187
 2013 04 20 12 13 14.977     2013 04 20 12 16 30.163     195.2
188
 2013 04 20 14 01 21.280     2013 04 20 14 04  8.943     167.7
 2013 04 20 20 35   .712     2013 04 20 20 37 35.006     154.3
189
 2013 04 20 22 15 20.479     2013 04 20 22 15 41.037      20.6
190
 2013 04 20 20 41 41.278     2013 04 20 20 44 22.223     160.9
191
 2013 04 20 10 48 49.325     2013 04 20 10 51 28.758     159.4
 2013 04 20 19 04 52.546     2013 04 20 19 07 25.655     153.1
192
 2013 04 20 09 03 37.266     2013 04 20 09 06 13.050     155.8
 2013 04 20 20 50 18.530     2013 04 20 20 53 27.684     189.2
193
 2013 04 20 12 13 50.921     2013 04 20 12 17  7.929     197.0
194
 2013 04 20 12 28 55.964     2013 04 20 12 32  5.666     189.7
 2013 04 20 17 24 16.285     2013 04 20 17 27 17.927     181.6
195
 2013 04 20 12 25 48.382     2013 04 20 12 28 26.867     158.5
 2013 04 20 19 00  7.099     2013 04 20 19 03 43.614     216.5
196
 2013 04 20 09 03 44.836     2013 04 20 09 06 18.947     154.1
 2013 04 20 20 49 58.634     2013 04 20 20 53  1.220     182.6
197
 2013 04 20 22 20 14.539     2013 04 20 22 23 41.081     206.5
198
 2013 04 20 12 13 34.128     2013 04 20 12 16  9.029     154.9
199
 2013 04 20 15 37  5.348     2013 04 20 15 39 58.655     173.3
 2013 04 20 20 36   .300     2013 04 20 20 36  9.278       9.0
 2013 04 20 22 10  7.351     2013 04 20 22 13 49.446     222.1
200
201
 2013 04 20 13 55  7.759     2013 04 20 13 57 47.517     159.8
202
203
 2013 04 20 00 23  3.823     2013 04 20 00 24  6.107      62.3
204
 2013 04 20 13 57 50.726     2013 04 20 14 01 37.274     226.5
 2013 04 20 22 14 26.489     2013 04 20 22 17 24.512     178.0
205
 2013 04 20 10 49 25.682     2013 04 20 10 52  1.425     155.7
 2013 04 20 19 04 31.316     2013 04 20 19 07 13.959     162.6
206
 2013 04 20 14 00 57.123     2013 04 20 14 01  5.938       8.8
 2013 04 20 22 11 56.130     2013 04 20 22 14 41.617     165.5
207
 2013 04 20 12 25 14.254     2013 04 20 12 27 49.874     155.6
208
 2013 04 20 22 20 28.517     2013 04 20 22 22 59.267     150.8
209
 2013 04 20 12 22 32.938     2013 04 20 12 25 44.444     191.5
 2013 04 20 20 38  2.095     2013 04 20 20 41  4.437     182.3
210
 2013 04 20 14 02 22.212     2013 04 20 14 05 46.639     204.4
 2013 04 20 20 36  6.915     2013 04 20 20 39 44.332     217.4
211
 2013 04 20 12 15 16.054     2013 04 20 12 18 18.920     182.9
212
 2013 04 20 12 21 30.925     2013 04 20 12 24 50.014     199.1
 2013 04 20 20 42 44.625     2013 04 20 20 43 30.722      46.1
213
 2013 04 20 15 37 20.585     2013 04 20 15 40  3.836     163.3
 2013 04 20 20 32  8.478     2013 04 20 20 35 50.405     221.9
 2013 04 20 22 09 46.820     2013 04 20 22 10 13.904      27.1
214
215
 2013 04 20 12 15 26.784     2013 04 20 12 18 27.603     180.8
216
 2013 04 20 00 18 29.508     2013 04 20 00 18 32.721       3.2
217
 2013 04 20 10 40 57.892     2013 04 20 10 44  9.915     192.0
218
 2013 04 20 22 16 47.182     2013 04 20 22 19 22.669     155.5
219
 2013 04 20 19 06  3.446     2013 04 20 19 06  6.625       3.2
220
 2013 04 20 22 15 15.184     2013 04 20 22 18 18.109     182.9
221
 2013 04 20 13 57 53.090     2013 04 20 14 01 26.438     213.3
 2013 04 20 22 14 21.885     2013 04 20 22 17 13.964     172.1
222
 2013 04 20 15 37 22.346     2013 04 20 15 40 31.261     188.9
 2013 04 20 20 32 39.159     2013 04 20 20 36 18.692     219.5
223
 2013 04 20 20 45 23.608     2013 04 20 20 45 35.372      11.8
224
225
 2013 04 20 10 38 47.929     2013 04 20 10 41 27.885     160.0
 2013 04 20 22 23 38.048     2013 04 20 22 27 15.488     217.4
226
 2013 04 20 22 16 33.930     2013 04 20 22 19 44.087     190.2
227
 2013 04 20 14 01 54.894     2013 04 20 14 04 38.171     163.3
 2013 04 20 20 35  2.837     2013 04 20 20 37 52.909     170.1
228
 2013 04 20 10 38 21.997     2013 04 20 10 41 22.350     180.4
229
230
 2013 04 20 10 39 11.996     2013 04 20 10 41 58.284     166.3
 2013 04 20 22 23  1.627     2013 04 20 22 23  5.231       3.6
231
 2013 04 20 10 39 10.880     2013 04 20 10 41 48.928     158.0
232
 2013 04 20 10 39 27.994     2013 04 20 10 42 36.845     188.9
233
 2013 04 20 10 48 32.643     2013 04 20 10 51  7.669     155.0
 2013 04 20 19 04 37.475     2013 04 20 19 07 20.708     163.2
234
 2013 04 20 22 23 10.080     2013 04 20 22 25 52.121     162.0
235
 2013 04 20 22 14 20.947     2013 04 20 22 16  1.334     100.4
236
 2013 04 20 12 27 51.361     2013 04 20 12 30 28.367     157.0
 2013 04 20 19 00 40.138     2013 04 20 19 03 52.141     192.0
237
 2013 04 20 14 00 54.089     2013 04 20 14 03 31.174     157.1
 2013 04 20 20 35 25.588     2013 04 20 20 38 17.726     172.1
238
239
240
 2013 04 20 12 18 42.594     2013 04 20 12 21 17.498     154.9
 2013 04 20 22 18 18.048     2013 04 20 22 20 51.766     153.7
241
 2013 04 20 22 14 59.588     2013 04 20 22 17 38.341     158.8
242
 2013 04 20 12 24 32.459     2013 04 20 12 27 15.605     163.1
 2013 04 20 20 38  1.212     2013 04 20 20 41 24.888     203.7
243
 2013 04 20 22 20 32.063     2013 04 20 22 23  3.715     151.7
244
 2013 04 20 12 16 43.318     2013 04 20 12 19 54.676     191.4
245
 2013 04 20 20 47 22.933     2013 04 20 20 50  1.091     158.2
246
 2013 04 20 19 02  2.100     2013 04 20 19 05 22.418     200.3
247
 2013 04 20 22 15  9.771     2013 04 20 22 17 48.626     158.9
248
 2013 04 20 13 56 46.341     2013 04 20 14 00  9.708     203.4
 2013 04 20 22 14 29.705     2013 04 20 22 17 18.807     169.1
249
 2013 04 20 19 02 37.535     2013 04 20 19 05 52.528     195.0
250
 2013 04 20 12 26 21.524     2013 04 20 12 29 10.841     169.3
 2013 04 20 19 00 20.961     2013 04 20 19 03  7.123     166.2
251
 2013 04 20 10 42 25.457     2013 04 20 10 42 35.657      10.2
 2013 04 20 22 22 34.651     2013 04 20 22 25 47.737     193.1
252
 2013 04 20 13 59 14.852     2013 04 20 14 01 50.382     155.5
 2013 04 20 22 12 35.360     2013 04 20 22 16 19.900     224.5
253
 2013 04 20 09 02 34.555     2013 04 20 09 05 47.731     193.2
 2013 04 20 20 49 55.381     2013 04 20 20 52 29.139     153.8
254
 2013 04 20 00 21  6.344     2013 04 20 00 23 38.606     152.3
255
 2013 04 20 10 40 25.956     2013 04 20 10 43   .428     154.5
256
 2013 04 20 10 43 16.473     2013 04 20 10 46 31.634     195.2
 2013 04 20 20 45  7.285     2013 04 20 20 47 38.485     151.2
257
 2013 04 20 22 23  3.119     2013 04 20 22 25 41.443     158.3
258
 2013 04 20 12 13 18.210     2013 04 20 12 16  3.309     165.1
259
260
 2013 04 20 10 49 16.466     2013 04 20 10 49 32.143      15.7
 2013 04 20 19 02 51.832     2013 04 20 19 05 47.947     176.1
261
 2013 04 20 14 00 22.253     2013 04 20 14 03 28.279     186.0
 2013 04 20 20 35 46.106     2013 04 20 20 39  4.534     198.4
262
 2013 04 20 10 45 39.563     2013 04 20 10 48 30.643     171.1
263
 2013 04 20 12 29 11.468     2013 04 20 12 31 51.353     159.9
 2013 04 20 17 23 55.401     2013 04 20 17 26 41.879     166.5
264
 2013 04 20 13 55 11.488     2013 04 20 13 58 17.963     186.5
265
 2013 04 20 12 24 23.255     2013 04 20 12 27 30.383     187.1
 2013 04 20 20 37 37.101     2013 04 20 20 40 58.459     201.4
266
 2013 04 20 10 47  3.524     2013 04 20 10 47 13.189       9.7
 2013 04 20 19 05 58.467     2013 04 20 19 09  6.018     187.6
267
 2013 04 20 10 44 28.586     2013 04 20 10 47 56.229     207.6
 2013 04 20 20 44  6.635     2013 04 20 20 45 36.227      89.6
268
 2013 04 20 12 22 35.253     2013 04 20 12 25 59.786     204.5
 2013 04 20 20 37 54.911     2013 04 20 20 40 49.501     174.6
269
 2013 04 20 00 19 25.105     2013 04 20 00 22 13.833     168.7
270
 2013 04 20 20 41 48.681     2013 04 20 20 45 29.739     221.1
271
 2013 04 20 13 58 55.073     2013 04 20 13 59 39.339      44.3
272
 2013 04 20 12 16 20.288     2013 04 20 12 19 56.222     215.9
 2013 04 20 22 20   .471     2013 04 20 22 23  8.992     188.5
273
 2013 04 20 22 16 51.383     2013 04 20 22 19 24.023     152.6
274
 2013 04 20 22 21 42.268     2013 04 20 22 24 45.613     183.3
275
 2013 04 20 12 13 15.606     2013 04 20 12 16 30.638     195.0
276
 2013 04 20 12 23 44.408     2013 04 20 12 26 20.656     156.2
 2013 04 20 20 38 48.135     2013 04 20 20 41 24.040     155.9
277
 2013 04 20 15 36 48.318     2013 04 20 15 39 28.592     160.3
 2013 04 20 22 10  2.487     2013 04 20 22 13 13.571     191.1
278
 2013 04 20 10 39 24.176     2013 04 20 10 42 15.771     171.6
279
 2013 04 20 10 42 51.894     2013 04 20 10 45 41.519     169.6
 2013 04 20 20 43 31.908     2013 04 20 20 46 55.533     203.6
280
 2013 04 20 10 50 28.018     2013 04 20 10 51 31.440      63.4
 2013 04 20 17 24 28.552     2013 04 20 17 28 17.096     228.5
281
 2013 04 20 22 26   .668     2013 04 20 22 26 35.987      35.3
282
 2013 04 20 12 18 32.110     2013 04 20 12 21 47.784     195.7
 2013 04 20 22 17 30.043     2013 04 20 22 20  1.464     151.4
283
 2013 04 20 12 23 18.219     2013 04 20 12 26 11.973     173.8
 2013 04 20 20 39 37.609     2013 04 20 20 42 10.566     153.0
284
285
 2013 04 20 10 44 25.218     2013 04 20 10 47 33.517     188.3
 2013 04 20 20 42 57.487     2013 04 20 20 45 34.942     157.5
286
287
 2013 04 20 12 23 58.681     2013 04 20 12 26 34.329     155.6
 2013 04 20 20 38 44.036     2013 04 20 20 41 28.748     164.7
288
 2013 04 20 12 20  2.451     2013 04 20 12 22 37.058     154.6
 2013 04 20 22 17 13.472     2013 04 20 22 17 25.433      12.0
289
 2013 04 20 20 39 40.887     2013 04 20 20 40  7.954      27.1
290
 2013 04 20 22 11 45.209     2013 04 20 22 14 41.446     176.2
291
 2013 04 20 12 26 34.002     2013 04 20 12 30 11.714     217.7
 2013 04 20 14 04 20.347     2013 04 20 14 08  6.357     226.0
 2013 04 20 18 59 51.926     2013 04 20 19 02 29.134     157.2
292
293
 2013 04 20 10 45 28.200     2013 04 20 10 48 16.206     168.0
 2013 04 20 20 42 22.671     2013 04 20 20 46  3.568     220.9
294
 2013 04 20 12 14  5.456     2013 04 20 12 16 55.884     170.4
295
 2013 04 20 10 37 36.743     2013 04 20 10 40 42.373     185.6
 2013 04 20 22 24 14.543     2013 04 20 22 26 46.614     152.1
296
 2013 04 20 00 20 36.374     2013 04 20 00 24   .892     204.5
 2013 04 20 12 12 49.129     2013 04 20 12 16 25.350     216.2
297
298
 2013 04 20 20 48 30.591     2013 04 20 20 51 38.513     187.9
299
 2013 04 20 10 46 53.440     2013 04 20 10 46 59.234       5.8
 2013 04 20 19 05 55.057     2013 04 20 19 09 14.624     199.6
300
 2013 04 20 14 03 51.705     2013 04 20 14 07 16.182     204.5
 2013 04 20 18 59 21.094     2013 04 20 19 01 59.642     158.5
301
302
303
 2013 04 20 20 47 15.548     2013 04 20 20 50 26.606     191.1
304
305
 2013 04 20 10 41 44.219     2013 04 20 10 44 26.256     162.0
306
 2013 04 20 12 13 14.478     2013 04 20 12 13 26.209      11.7
307
 2013 04 20 10 45 21.088     2013 04 20 10 47 55.184     154.1
 2013 04 20 20 42 58.427     2013 04 20 20 46 40.241     221.8
308
309
 2013 04 20 00 21 16.887     2013 04 20 00 23 48.911     152.0
 2013 04 20 12 14 59.105     2013 04 20 12 15 41.362      42.3
310
 2013 04 20 13 58 47.574     2013 04 20 14 01 44.437     176.9
 2013 04 20 22 13 28.302     2013 04 20 22 16 59.479     211.2
311
312
 2013 04 20 12 25 22.590     2013 04 20 12 28 53.506     210.9
 2013 04 20 19 01 17.174     2013 04 20 19 01 46.799      29.6
313
 2013 04 20 00 19 18.219     2013 04 20 00 22 27.477     189.3
314
315
316
 2013 04 20 00 19 40.777     2013 04 20 00 22 27.483     166.7
317
 2013 04 20 13 58 18.312     2013 04 20 14 01 34.127     195.8
 2013 04 20 22 12 20.204     2013 04 20 22 15  7.629     167.4
318
 2013 04 20 12 28  7.891     2013 04 20 12 30 45.406     157.5
 2013 04 20 17 26 23.086     2013 04 20 17 26 46.270      23.2
 2013 04 20 19 00 51.449     2013 04 20 19 04 23.652     212.2
319
 2013 04 20 15 38 24.118     2013 04 20 15 41 10.039     165.9
 2013 04 20 20 33 12.855     2013 04 20 20 35 50.772     157.9
320
 2013 04 20 10 38 22.674     2013 04 20 10 41  2.840     160.2
 2013 04 20 22 24  5.161     2013 04 20 22 27 12.534     187.4
321
 2013 04 20 20 46 50.638     2013 04 20 20 49 22.318     151.7
322
 2013 04 20 13 58  2.606     2013 04 20 14 01 11.282     188.7
 2013 04 20 22 14  7.569     2013 04 20 22 16 54.180     166.6
323
 2013 04 20 13 59  2.882     2013 04 20 14 01 57.551     174.7
 2013 04 20 22 13 13.013     2013 04 20 22 14 15.572      62.6
324
 2013 04 20 15 38 17.613     2013 04 20 15 41 10.239     172.6
 2013 04 20 20 33 16.624     2013 04 20 20 35 57.905     161.3
325
 2013 04 20 12 19 51.507     2013 04 20 12 23 19.302     207.8
326
 2013 04 20 12 19 46.393     2013 04 20 12 22 24.532     158.1
 2013 04 20 22 17 36.562     2013 04 20 22 18 38.241      61.7
327
 2013 04 20 22 16  9.129     2013 04 20 22 18 40.934     151.8
328
 2013 04 20 14 02 38.360     2013 04 20 14 05 21.354     163.0
 2013 04 20 19 01  6.074     2013 04 20 19 01 26.711      20.6
 2013 04 20 20 35 28.307     2013 04 20 20 39  6.327     218.0
329
 2013 04 20 10 50 35.520     2013 04 20 10 51 24.191      48.7
 2013 04 20 19 02 51.130     2013 04 20 19 06 22.325     211.2
330
331
 2013 04 20 12 27 15.658     2013 04 20 12 27 40.931      25.3
 2013 04 20 19 02 16.715     2013 04 20 19 05 23.899     187.2
332
 2013 04 20 12 24 24.809     2013 04 20 12 27 29.829     185.0
 2013 04 20 20 38 57.885     2013 04 20 20 40 37.927     100.0
333
 2013 04 20 20 46 22.100     2013 04 20 20 49 27.636     185.5
334
 2013 04 20 22 15 45.855     2013 04 20 22 16 45.382      59.5
335
 2013 04 20 20 42  2.825     2013 04 20 20 44 38.030     155.2
336
 2013 04 20 22 15  8.993     2013 04 20 22 18  2.798     173.8
337
 2013 04 20 13 56 35.527     2013 04 20 13 59 52.049     196.5
 2013 04 20 22 12 14.401     2013 04 20 22 15 48.409     214.0
338
 2013 04 20 10 48  9.466     2013 04 20 10 50 57.480     168.0
 2013 04 20 19 05  1.354     2013 04 20 19 07 54.861     173.5
339
 2013 04 20 22 20 37.868     2013 04 20 22 24  2.244     204.4
340
 2013 04 20 14 01  3.862     2013 04 20 14 01 46.637      42.8
 2013 04 20 20 36 52.949     2013 04 20 20 39 27.378     154.4
341
 2013 04 20 22 16 36.223     2013 04 20 22 19  8.572     152.3
342
 2013 04 20 22 20 53.438     2013 04 20 22 23 58.549     185.1
343
 2013 04 20 10 47  5.419     2013 04 20 10 47 16.535      11.1
 2013 04 20 20 42 30.922     2013 04 20 20 45 23.093     172.2
344
 2013 04 20 22 21 44.816     2013 04 20 22 24 25.884     161.1
345
 2013 04 20 20 42  3.602     2013 04 20 20 44 35.545     151.9
346
 2013 04 20 10 38 24.411     2013 04 20 10 41 40.970     196.6
347
 2013 04 20 22 22  7.687     2013 04 20 22 24 41.195     153.5
348
349
 2013 04 20 12 15 56.608     2013 04 20 12 18 30.746     154.1
350
 2013 04 20 13 56 30.958     2013 04 20 14 00  2.015     211.1
 2013 04 20 22 14 31.671     2013 04 20 22 17 31.537     179.9
351
 2013 04 20 12 17 59.165     2013 04 20 12 20 51.453     172.3
 2013 04 20 22 19 15.544     2013 04 20 22 21 46.336     150.8
352
 2013 04 20 10 53 11.076     2013 04 20 10 53 10.448       -.6
 2013 04 20 19 02 47.833     2013 04 20 19 05 33.778     165.9
353
 2013 04 20 10 46 10.199     2013 04 20 10 48 44.455     154.3
354
 2013 04 20 14 02 41.815     2013 04 20 14 05 18.940     157.1
 2013 04 20 18 57  8.392     2013 04 20 19 00 47.761     219.4
 2013 04 20 20 34 54.228     2013 04 20 20 38 39.443     225.2
355
 2013 04 20 10 48 56.496     2013 04 20 10 51 31.636     155.1
 2013 04 20 19 04 30.252     2013 04 20 19 07  3.334     153.1
356
 2013 04 20 22 21  5.717     2013 04 20 22 23 42.276     156.6
357
 2013 04 20 15 35 23.380     2013 04 20 15 38 53.152     209.8
 2013 04 20 22 10 57.494     2013 04 20 22 13 34.236     156.7
358
 2013 04 20 12 23 58.205     2013 04 20 12 26 59.638     181.4
 2013 04 20 20 38  2.542     2013 04 20 20 40 52.329     169.8
359
 2013 04 20 22 16 25.924     2013 04 20 22 19 10.499     164.6
360
 2013 04 20 10 43 30.601     2013 04 20 10 46 20.395     169.8
 2013 04 20 20 43 36.178     2013 04 20 20 46 19.762     163.6
361
 2013 04 20 09 07  7.357     2013 04 20 09 08 12.911      65.6
 2013 04 20 20 47 57.437     2013 04 20 20 51 33.303     215.9
362
 2013 04 20 10 44 15.007     2013 04 20 10 47  6.878     171.9
 2013 04 20 20 44 18.722     2013 04 20 20 47 11.032     172.3
363
 2013 04 20 12 18 16.405     2013 04 20 12 18 31.292      14.9
 2013 04 20 22 19 12.022     2013 04 20 22 22 47.734     215.7
364
 2013 04 20 20 42 11.212     2013 04 20 20 44 43.210     152.0
365
366
 2013 04 20 12 19 30.241     2013 04 20 12 23 15.185     224.9
367
 2013 04 20 22 18 18.511     2013 04 20 22 18 46.674      28.2
368
 2013 04 20 13 59  4.796     2013 04 20 13 59 17.960      13.2
369
 2013 04 20 15 37 57.158     2013 04 20 15 40 39.391     162.2
 2013 04 20 20 32 46.104     2013 04 20 20 35 42.177     176.1
370
371
 2013 04 20 10 48 53.672     2013 04 20 10 51 28.593     154.9
 2013 04 20 19 04 36.557     2013 04 20 19 07  9.913     153.4
372
373
 2013 04 20 12 28  5.686     2013 04 20 12 31 38.210     212.5
 2013 04 20 17 27 33.665     2013 04 20 17 27 46.906      13.2
 2013 04 20 19 01 34.547     2013 04 20 19 02   .952      26.4
374
 2013 04 20 09 08 22.029     2013 04 20 09 08 49.256      27.2
375
 2013 04 20 20 45  4.595     2013 04 20 20 48 22.347     197.8
376
 2013 04 20 12 17 52.559     2013 04 20 12 19  3.209      70.6
377
 2013 04 20 20 48 55.454     2013 04 20 20 51 33.828     158.4
378
 2013 04 20 10 46  7.399     2013 04 20 10 48 55.159     167.8
379
380
 2013 04 20 22 26 13.964     2013 04 20 22 26 13.336       -.6
381
 2013 04 20 20 47 59.855     2013 04 20 20 51 16.619     196.8
382
 2013 04 20 14 00 50.594     2013 04 20 14 03 48.108     177.5
 2013 04 20 20 35 56.382     2013 04 20 20 38 45.440     169.1
383
 2013 04 20 19 02 49.730     2013 04 20 19 05 23.677     153.9
384
385
386
 2013 04 20 12 26 39.030     2013 04 20 12 30 19.887     220.9
 2013 04 20 14 04 29.159     2013 04 20 14 08  8.423     219.3
 2013 04 20 18 59 49.043     2013 04 20 19 02 29.734     160.7
387
 2013 04 20 14 01 37.585     2013 04 20 14 05 22.651     225.1
 2013 04 20 20 36 38.593     2013 04 20 20 39 29.477     170.9
388
 2013 04 20 00 18 58.916     2013 04 20 00 22 33.184     214.3
389
 2013 04 20 10 41  3.436     2013 04 20 10 41 42.623      39.2
 2013 04 20 20 45 43.985     2013 04 20 20 45 49.743       5.8
390
 2013 04 20 12 15  2.130     2013 04 20 12 18 14.588     192.5
391
 2013 04 20 00 18 31.562     2013 04 20 00 22 10.564     219.0
392
 2013 04 20 15 36   .165     2013 04 20 15 39 10.430     190.3
 2013 04 20 22 10 47.040     2013 04 20 22 13 24.055     157.0
393
 2013 04 20 20 46 33.816     2013 04 20 20 50 14.030     220.2
394
395
 2013 04 20 14 01 20.687     2013 04 20 14 03 58.541     157.9
 2013 04 20 20 35 16.020     2013 04 20 20 37 50.571     154.6
396
 2013 04 20 10 47 46.652     2013 04 20 10 50 42.296     175.6
 2013 04 20 19 05  2.712     2013 04 20 19 08 16.647     193.9
397
 2013 04 20 12 24 38.514     2013 04 20 12 27 24.959     166.4
 2013 04 20 20 38 37.789     2013 04 20 20 40  3.513      85.7
398
 2013 04 20 12 22 42.077     2013 04 20 12 23 48.213      66.1
 2013 04 20 20 37 42.226     2013 04 20 20 40 23.075     160.8
399
 2013 04 20 00 19 26.952     2013 04 20 00 20 27.272      60.3
400
 2013 04 20 12 18  3.112     2013 04 20 12 20 50.888     167.8
 2013 04 20 22 18  6.440     2013 04 20 22 20 46.827     160.4
401
402
 2013 04 20 14 00 20.573     2013 04 20 14 03 30.423     189.8
 2013 04 20 20 34 19.524     2013 04 20 20 37 21.919     182.4
403
 2013 04 20 12 25 51.963     2013 04 20 12 29 20.644     208.7
 2013 04 20 18 59 44.953     2013 04 20 19 02 36.008     171.1
404
 2013 04 20 13 54 46.109     2013 04 20 13 58 28.833     222.7
405
 2013 04 20 14 00  3.863     2013 04 20 14 02 43.746     159.9
 2013 04 20 20 34 21.105     2013 04 20 20 34 37.481      16.4
406
 2013 04 20 12 24 17.578     2013 04 20 12 26 56.028     158.5
 2013 04 20 20 38 22.663     2013 04 20 20 41 25.951     183.3
407
 2013 04 20 00 17 52.692     2013 04 20 00 20 30.027     157.3
408
 2013 04 20 12 14 45.116     2013 04 20 12 17 57.027     191.9
409
 2013 04 20 20 43 53.884     2013 04 20 20 44 33.572      39.7
410
 2013 04 20 10 44 46.127     2013 04 20 10 48 25.460     219.3
 2013 04 20 20 42 11.712     2013 04 20 20 45  9.765     178.1
411
 2013 04 20 20 45 51.560     2013 04 20 20 48 22.399     150.8
412
 2013 04 20 10 37 30.457     2013 04 20 10 40 57.914     207.5
 2013 04 20 22 23 58.057     2013 04 20 22 26 28.915     150.9
413
414
 2013 04 20 14 00 12.959     2013 04 20 14 03 24.962     192.0
 2013 04 20 20 34 13.138     2013 04 20 20 37 23.315     190.2
415
 2013 04 20 22 20 34.391     2013 04 20 22 23 19.433     165.0
416
 2013 04 20 12 16 35.754     2013 04 20 12 19 31.419     175.7
 2013 04 20 22 19 21.498     2013 04 20 22 22 53.949     212.5
417
418
 2013 04 20 12 19 52.528     2013 04 20 12 23 40.268     227.7
419
420
 2013 04 20 22 15 48.038     2013 04 20 22 19  4.798     196.8
421
 2013 04 20 00 17 54.961     2013 04 20 00 20 33.552     158.6
422
 2013 04 20 20 37  8.227     2013 04 20 20 39 45.155     156.9
423
 2013 04 20 10 49  9.043     2013 04 20 10 51 52.032     163.0
 2013 04 20 19 04 52.782     2013 04 20 19 07 29.292     156.5
424
 2013 04 20 10 46  5.699     2013 04 20 10 49   .078     174.4
425
426
 2013 04 20 13 55  7.963     2013 04 20 13 58 25.546     197.6
427
 2013 04 20 15 36 58.982     2013 04 20 15 39 47.775     168.8
 2013 04 20 22 10  7.414     2013 04 20 22 13 37.164     209.8
428
 2013 04 20 10 37 37.589     2013 04 20 10 40 19.143     161.6
 2013 04 20 22 24 42.176     2013 04 20 22 27 15.444     153.3
429
 2013 04 20 14 01 55.182     2013 04 20 14 05  4.680     189.5
 2013 04 20 15 39 26.208     2013 04 20 15 40 40.819      74.6
 2013 04 20 18 56 12.405     2013 04 20 18 57  1.588      49.2
 2013 04 20 20 34 28.790     2013 04 20 20 37 37.560     188.8
430
 2013 04 20 12 23 31.307     2013 04 20 12 26 21.804     170.5
 2013 04 20 20 39 30.408     2013 04 20 20 42  6.809     156.4
431
432
 2013 04 20 09 06 39.000     2013 04 20 09 07 55.504      76.5
 2013 04 20 20 48 16.170     2013 04 20 20 51 33.225     197.1
433
 2013 04 20 13 58 43.201     2013 04 20 13 59 36.076      52.9
434
 2013 04 20 13 55 46.026     2013 04 20 13 58 51.102     185.1
435
 2013 04 20 15 37 49.807     2013 04 20 15 40 53.082     183.3
 2013 04 20 20 33  3.590     2013 04 20 20 36  8.227     184.6
436
 2013 04 20 00 21 46.840     2013 04 20 00 25  3.025     196.2
 2013 04 20 12 12 39.580     2013 04 20 12 15 18.196     158.6
437
 2013 04 20 12 28  3.915     2013 04 20 12 31 19.648     195.7
 2013 04 20 19 01 28.768     2013 04 20 19 05 15.976     227.2
438
 2013 04 20 10 40 14.366     2013 04 20 10 43 13.122     178.8
439
 2013 04 20 22 23  8.625     2013 04 20 22 26  4.538     175.9
440
 2013 04 20 10 48  2.910     2013 04 20 10 50 45.004     162.1
 2013 04 20 19 03 59.424     2013 04 20 19 07 16.082     196.7
441
 2013 04 20 10 48 14.118     2013 04 20 10 50 49.485     155.4
 2013 04 20 19 04 34.907     2013 04 20 19 07 35.068     180.2
442
 2013 04 20 13 55 38.263     2013 04 20 13 58 25.967     167.7
443
 2013 04 20 12 26 52.892     2013 04 20 12 30  5.153     192.3
 2013 04 20 14 04 18.963     2013 04 20 14 04 19.590        .6
 2013 04 20 19 00  9.452     2013 04 20 19 02 48.285     158.8
444
 2013 04 20 14 00 18.748     2013 04 20 14 03 32.240     193.5
 2013 04 20 20 35 51.585     2013 04 20 20 39 10.678     199.1
445
 2013 04 20 12 12 46.793     2013 04 20 12 15 35.035     168.2
446
 2013 04 20 12 20  7.916     2013 04 20 12 23  3.150     175.2
447
448
 2013 04 20 12 29 23.559     2013 04 20 12 32 14.872     171.3
 2013 04 20 17 24 20.683     2013 04 20 17 27   .894     160.2
449
 2013 04 20 09 04 29.594     2013 04 20 09 07 19.845     170.3
 2013 04 20 20 48 46.307     2013 04 20 20 50  5.982      79.7
450
 2013 04 20 20 45 19.897     2013 04 20 20 48 39.869     200.0
451
452
 2013 04 20 12 18 43.632     2013 04 20 12 21 23.186     159.6
 2013 04 20 22 18  6.272     2013 04 20 22 20 39.447     153.2
453
 2013 04 20 12 13 51.329     2013 04 20 12 16 26.734     155.4
454
 2013 04 20 22 21 39.436     2013 04 20 22 24 26.613     167.2
455
 2013 04 20 12 25 23.394     2013 04 20 12 28  1.077     157.7
456
 2013 04 20 00 21 47.100     2013 04 20 00 24 19.220     152.1
 2013 04 20 12 11 46.232     2013 04 20 12 15  7.133     200.9
457
 2013 04 20 13 56 52.082     2013 04 20 14 00 11.368     199.3
 2013 04 20 22 14 27.527     2013 04 20 22 17 13.868     166.3
458
 2013 04 20 00 18 32.905     2013 04 20 00 21  8.759     155.9
459
 2013 04 20 12 22 31.366     2013 04 20 12 25 50.385     199.0
 2013 04 20 20 40   .780     2013 04 20 20 42 41.718     160.9
460
 2013 04 20 12 27 14.392     2013 04 20 12 27 47.355      33.0
 2013 04 20 19 02 16.578     2013 04 20 19 05 21.157     184.6
461
 2013 04 20 12 25 55.652     2013 04 20 12 28 31.917     156.3
 2013 04 20 19 00 31.609     2013 04 20 19 04  2.804     211.2
462
 2013 04 20 13 57 36.266     2013 04 20 14 00 36.641     180.4
 2013 04 20 22 14 13.212     2013 04 20 22 16 45.671     152.5
463
464
 2013 04 20 12 27 51.335     2013 04 20 12 31  7.228     195.9
 2013 04 20 19 01 36.844     2013 04 20 19 05  4.556     207.7
465
 2013 04 20 10 40  1.525     2013 04 20 10 43 15.739     194.2
466
 2013 04 20 12 16  2.762     2013 04 20 12 18 36.268     153.5
467
 2013 04 20 09 04 28.959     2013 04 20 09 07 38.771     189.8
 2013 04 20 20 48 26.681     2013 04 20 20 50   .471      93.8
468
 2013 04 20 14 01 42.812     2013 04 20 14 04 18.798     156.0
 2013 04 20 20 35 24.814     2013 04 20 20 38  2.263     157.4
469
 2013 04 20 10 38 27.244     2013 04 20 10 41 21.577     174.3
 2013 04 20 22 24 24.657     2013 04 20 22 24 24.029       -.6
470
 2013 04 20 09 03 58.373     2013 04 20 09 07 27.983     209.6
 2013 04 20 20 48 41.563     2013 04 20 20 51 50.479     188.9
471
 2013 04 20 12 28 46.730     2013 04 20 12 31 26.834     160.1
 2013 04 20 17 23 32.640     2013 04 20 17 26 43.407     190.8
472
 2013 04 20 20 46 42.020     2013 04 20 20 47  4.221      22.2
473
474
475
 2013 04 20 10 45 34.185     2013 04 20 10 48 24.754     170.6
 2013 04 20 20 42 12.789     2013 04 20 20 43 25.547      72.8
476
 2013 04 20 12 21 23.392     2013 04 20 12 24 17.040     173.6
477
 2013 04 20 10 42  8.826     2013 04 20 10 44 45.186     156.4
478
 2013 04 20 12 15 52.233     2013 04 20 12 18 46.634     174.4
479
 2013 04 20 14 03 26.834     2013 04 20 14 06  6.448     159.6
 2013 04 20 18 58 11.714     2013 04 20 19 01  9.014     177.3
480
481
 2013 04 20 14 02 40.859     2013 04 20 14 05 51.888     191.0
 2013 04 20 18 57 57.019     2013 04 20 18 58  1.970       5.0
 2013 04 20 20 35 48.186     2013 04 20 20 36 25.185      37.0
482
 2013 04 20 22 20 28.813     2013 04 20 22 24  9.449     220.6
483
 2013 04 20 12 23 47.289     2013 04 20 12 26 22.321     155.0
 2013 04 20 20 38 57.265     2013 04 20 20 41 35.109     157.8
484
 2013 04 20 13 57 43.533     2013 04 20 14 00 20.821     157.3
 2013 04 20 22 13 43.677     2013 04 20 22 16 17.662     154.0
485
486
 2013 04 20 12 12 39.601     2013 04 20 12 13 20.392      40.8
487
 2013 04 20 22 22 29.048     2013 04 20 22 25 25.537     176.5
488
 2013 04 20 13 58 10.444     2013 04 20 14 01 14.297     183.9
 2013 04 20 22 12 36.431     2013 04 20 22 15 15.163     158.7
489
 2013 04 20 14 00 49.219     2013 04 20 14 04  1.239     192.0
 2013 04 20 20 36 11.027     2013 04 20 20 38 56.268     165.2
490
 2013 04 20 12 18 50.357     2013 04 20 12 22   .898     190.5
 2013 04 20 22 18 42.283     2013 04 20 22 22  1.100     198.8
491
 2013 04 20 15 35 53.497     2013 04 20 15 38 59.507     186.0
 2013 04 20 22 10 43.869     2013 04 20 22 13 18.242     154.4
492
 2013 04 20 10 46 57.008     2013 04 20 10 49 50.264     173.3
493
 2013 04 20 12 27 50.041     2013 04 20 12 31 31.442     221.4
 2013 04 20 19 01 48.398     2013 04 20 19 05 30.276     221.9
494
 2013 04 20 10 41 14.148     2013 04 20 10 44 34.367     200.2
495
 2013 04 20 12 21 10.374     2013 04 20 12 24 37.725     207.4
496
 2013 04 20 13 55 55.825     2013 04 20 13 58 46.577     170.8
497
 2013 04 20 10 46 26.707     2013 04 20 10 49  8.295     161.6
498
 2013 04 20 09 07 46.142     2013 04 20 09 07 55.334       9.2
 2013 04 20 20 48 19.393     2013 04 20 20 51 19.245     179.9
499
 2013 04 20 14 02 41.147     2013 04 20 14 02 42.670       1.5
 2013 04 20 22 11 17.324     2013 04 20 22 14 43.966     206.6
500
 2013 04 20 12 27 13.760     2013 04 20 12 29 49.455     155.7
 2013 04 20 19 01   .963     2013 04 20 19 03 37.637     156.7
501
 2013 04 20 13 57 38.646     2013 04 20 14 01  1.934     203.3
 2013 04 20 22 14 26.302     2013 04 20 22 17  2.954     156.7
502
 2013 04 20 10 42 27.939     2013 04 20 10 45 18.155     170.2
 2013 04 20 20 46 44.190     2013 04 20 20 47 21.172      37.0
503
 2013 04 20 12 19  4.448     2013 04 20 12 22 36.632     212.2
 2013 04 20 22 16 54.426     2013 04 20 22 19 42.429     168.0
504
 2013 04 20 22 22 43.857     2013 04 20 22 25 53.396     189.5
505
 2013 04 20 10 42 14.370     2013 04 20 10 45 21.251     186.9
 2013 04 20 20 45  8.384     2013 04 20 20 48 19.725     191.3
506
 2013 04 20 10 44 26.654     2013 04 20 10 44 43.212      16.6
507
 2013 04 20 14 00 30.457     2013 04 20 14 03  6.941     156.5
 2013 04 20 20 35  6.256     2013 04 20 20 38 27.373     201.1
508
 2013 04 20 10 43 32.190     2013 04 20 10 47 13.273     221.1
 2013 04 20 20 45  2.300     2013 04 20 20 47 53.624     171.3
509
510
 2013 04 20 10 46 20.245     2013 04 20 10 49 46.459     206.2
511
 2013 04 20 10 44 48.904     2013 04 20 10 47 26.041     157.1
 2013 04 20 20 43 18.803     2013 04 20 20 46 14.672     175.9
512
 2013 04 20 15 36 28.446     2013 04 20 15 39 17.047     168.6
 2013 04 20 22 10 22.259     2013 04 20 22 13 13.635     171.4
513
 2013 04 20 20 41 59.511     2013 04 20 20 45 28.787     209.3
514
515
 2013 04 20 10 41  5.939     2013 04 20 10 43 50.373     164.4
516
517
 2013 04 20 12 19 41.884     2013 04 20 12 22 19.009     157.1
 2013 04 20 22 17 22.502     2013 04 20 22 20 47.225     204.7
518
 2013 04 20 00 20 36.806     2013 04 20 00 23 20.676     163.9
519
 2013 04 20 12 15 47.680     2013 04 20 12 19 31.637     224.0
520
 2013 04 20 12 25 35.661     2013 04 20 12 28 41.072     185.4
 2013 04 20 19 01   .960     2013 04 20 19 04 48.366     227.4
521
522
 2013 04 20 13 59 33.728     2013 04 20 14 02 10.395     156.7
523
 2013 04 20 10 39 25.958     2013 04 20 10 41 59.516     153.6
524
 2013 04 20 10 38 55.339     2013 04 20 10 40 15.418      80.1
525
 2013 04 20 20 47 56.742     2013 04 20 20 50 27.102     150.4
526
 2013 04 20 00 21 17.479     2013 04 20 00 24 18.650     181.2
527
528
 2013 04 20 10 46 55.413     2013 04 20 10 50  2.692     187.3
529
 2013 04 20 12 24 17.981     2013 04 20 12 27 41.502     203.5
 2013 04 20 20 37 23.757     2013 04 20 20 40 46.118     202.4
530
 2013 04 20 12 22 50.745     2013 04 20 12 25 29.123     158.4
 2013 04 20 20 38 42.389     2013 04 20 20 41 36.084     173.7
531
 2013 04 20 09 07 19.519     2013 04 20 09 07 27.916       8.4
 2013 04 20 20 48 43.666     2013 04 20 20 51 22.057     158.4
532
 2013 04 20 10 45 33.371     2013 04 20 10 48 40.689     187.3
533
 2013 04 20 20 36 39.198     2013 04 20 20 37 57.271      78.1
534
 2013 04 20 10 39 25.680     2013 04 20 10 42   .591     154.9
535
 2013 04 20 09 04 56.694     2013 04 20 09 07 44.949     168.3
536
 2013 04 20 12 20 58.982     2013 04 20 12 23 44.695     165.7
537
 2013 04 20 10 45  3.283     2013 04 20 10 47 42.725     159.4
 2013 04 20 20 43  1.028     2013 04 20 20 46 11.288     190.3
538
 2013 04 20 10 44 19.656     2013 04 20 10 47 52.643     213.0
 2013 04 20 20 44 15.818     2013 04 20 20 47 55.359     219.5
539
 2013 04 20 13 58  4.790     2013 04 20 14 01 20.949     196.2
 2013 04 20 22 14  9.004     2013 04 20 22 17  2.054     173.1
540
541
542
 2013 04 20 22 22 33.278     2013 04 20 22 25 18.209     164.9
543
 2013 04 20 10 37  9.626     2013 04 20 10 37 13.127       3.5
 2013 04 20 22 23 49.816     2013 04 20 22 26 20.554     150.7
544
 2013 04 20 15 36 47.003     2013 04 20 15 39 24.644     157.6
 2013 04 20 22 09 33.543     2013 04 20 22 12 46.030     192.5
545
 2013 04 20 10 41 36.618     2013 04 20 10 44 14.356     157.7
546
 2013 04 20 15 36 15.304     2013 04 20 15 39 11.032     175.7
 2013 04 20 22 10 32.926     2013 04 20 22 13 15.450     162.5
547
 2013 04 20 10 38 19.044     2013 04 20 10 41 16.595     177.6
 2013 04 20 22 23 47.927     2013 04 20 22 26 48.184     180.3
548
 2013 04 20 12 13 59.877     2013 04 20 12 16 33.096     153.2
549
 2013 04 20 12 27 18.549     2013 04 20 12 30   .203     161.7
 2013 04 20 19 00 40.156     2013 04 20 19 03 22.527     162.4
550
 2013 04 20 12 14  5.665     2013 04 20 12 17 23.428     197.8
551
 2013 04 20 10 43  3.838     2013 04 20 10 46 35.930     212.1
 2013 04 20 20 42 56.363     2013 04 20 20 45 59.320     183.0
552
553
 2013 04 20 00 19 49.253     2013 04 20 00 23 14.053     204.8
554
555
556
 2013 04 20 12 18 29.096     2013 04 20 12 22 14.039     224.9
 2013 04 20 22 17  6.401     2013 04 20 22 19 38.224     151.8
557
 2013 04 20 10 48 50.389     2013 04 20 10 51 25.258     154.9
 2013 04 20 19 04 35.776     2013 04 20 19 07  9.994     154.2
558
559
 2013 04 20 12 18 23.208     2013 04 20 12 21 51.555     208.3
 2013 04 20 22 17 22.514     2013 04 20 22 19 54.004     151.5
560
 2013 04 20 12 27 47.067     2013 04 20 12 30 33.115     166.0
 2013 04 20 19 01 17.530     2013 04 20 19 04 23.974     186.4
561
 2013 04 20 10 41 43.664     2013 04 20 10 45 14.519     210.9
 2013 04 20 20 45 26.270     2013 04 20 20 48 50.360     204.1
562
 2013 04 20 09 03 40.115     2013 04 20 09 06 25.154     165.0
 2013 04 20 20 49 44.874     2013 04 20 20 52 36.572     171.7
563
564
565
 2013 04 20 10 41 53.043     2013 04 20 10 45 35.613     222.6
566
567
 2013 04 20 12 22  7.365     2013 04 20 12 24 47.603     160.2
 2013 04 20 20 38 16.736     2013 04 20 20 38 21.486       4.7
568
 2013 04 20 15 36 31.716     2013 04 20 15 39  7.544     155.8
 2013 04 20 22 09 49.739     2013 04 20 22 12 42.212     172.5
569
 2013 04 20 13 53 26.283     2013 04 20 13 53 42.498      16.2
570
 2013 04 20 22 11 23.592     2013 04 20 22 14 57.999     214.4
571
 2013 04 20 00 19 50.325     2013 04 20 00 19 53.030       2.7
 2013 04 20 12 13 20.655     2013 04 20 12 13 55.253      34.6
572
 2013 04 20 13 56 18.505     2013 04 20 13 59 56.370     217.9
 2013 04 20 22 14 32.880     2013 04 20 22 17 42.536     189.7
573
 2013 04 20 13 55 38.913     2013 04 20 13 59  4.529     205.6
574
 2013 04 20 13 56 23.453     2013 04 20 13 59 25.092     181.6
 2013 04 20 22 13 56.327     2013 04 20 22 17 31.616     215.3
575
 2013 04 20 09 04 10.174     2013 04 20 09 07 35.976     205.8
 2013 04 20 20 48 32.554     2013 04 20 20 51 54.418     201.9
576
 2013 04 20 00 18 20.464     2013 04 20 00 21 18.695     178.2
577
578
579
 2013 04 20 19 02 16.529     2013 04 20 19 05 41.349     204.8
580
 2013 04 20 22 20 39.022     2013 04 20 22 23 38.330     179.3
581
 2013 04 20 10 45 39.629     2013 04 20 10 49 22.940     223.3
 2013 04 20 20 41 11.450     2013 04 20 20 41 13.593       2.1
582
 2013 04 20 22 21 51.776     2013 04 20 22 24 58.772     187.0
583
 2013 04 20 13 55 14.228     2013 04 20 13 55 35.456      21.2
584
 2013 04 20 10 38 18.298     2013 04 20 10 39  4.866      46.6
585
586
 2013 04 20 12 17 19.755     2013 04 20 12 20  1.541     161.8
 2013 04 20 22 19  8.592     2013 04 20 22 22  6.070     177.5
587
 2013 04 20 12 23 48.189     2013 04 20 12 26 59.281     191.1
 2013 04 20 20 37 58.254     2013 04 20 20 40 42.512     164.3
588
 2013 04 20 10 47 39.525     2013 04 20 10 50 16.209     156.7
 2013 04 20 19 04 23.498     2013 04 20 19 05 41.114      77.6
589
 2013 04 20 12 28 37.056     2013 04 20 12 31 15.889     158.8
 2013 04 20 17 23 20.043     2013 04 20 17 26 41.998     202.0
590
 2013 04 20 13 56  8.645     2013 04 20 13 58 43.197     154.6
591
 2013 04 20 12 21 11.334     2013 04 20 12 23 53.355     162.0
592
 2013 04 20 14 00 53.276     2013 04 20 14 03 55.660     182.4
 2013 04 20 20 36  3.293     2013 04 20 20 38 48.411     165.1
593
 2013 04 20 14 02 21.595     2013 04 20 14 02 24.102       2.5
 2013 04 20 22 11 32.646     2013 04 20 22 14 35.491     182.8
594
 2013 04 20 15 37 30.710     2013 04 20 15 40  6.660     155.9
 2013 04 20 20 32  2.825     2013 04 20 20 35 19.302     196.5
595
 2013 04 20 00 19 49.050     2013 04 20 00 22 47.649     178.6
596
 2013 04 20 20 47 22.729     2013 04 20 20 50  2.442     159.7
597
 2013 04 20 22 20 48.117     2013 04 20 22 23 25.852     157.7
598
599
 2013 04 20 10 40 43.662     2013 04 20 10 43 53.449     189.8
600
 2013 04 20 20 36 58.477     2013 04 20 20 39 44.720     166.2
601
 2013 04 20 13 55 19.005     2013 04 20 13 58 57.079     218.1
602
 2013 04 20 22 16   .709     2013 04 20 22 18 33.209     152.5
603
 2013 04 20 09 02  7.602     2013 04 20 09 05 51.135     223.5
 2013 04 20 20 49 34.868     2013 04 20 20 52 23.194     168.3
604
605
 2013 04 20 10 44  2.986     2013 04 20 10 46 46.205     163.2
 2013 04 20 20 44 23.331     2013 04 20 20 47   .353     157.0
606
 2013 04 20 12 19  5.735     2013 04 20 12 21 58.929     173.2
 2013 04 20 22 17 32.585     2013 04 20 22 20 17.151     164.6
607
 2013 04 20 10 48 40.072     2013 04 20 10 51 31.601     171.5
 2013 04 20 19 05  9.486     2013 04 20 19 07 42.515     153.0
608
 2013 04 20 12 13 54.966     2013 04 20 12 16 28.992     154.0
609
 2013 04 20 09 03 10.551     2013 04 20 09 06 49.979     219.4
 2013 04 20 20 49 14.637     2013 04 20 20 51 48.160     153.5
610
611
 2013 04 20 12 16 21.813     2013 04 20 12 18 55.528     153.7
612
 2013 04 20 13 59  2.085     2013 04 20 14 00  9.231      67.1
613
 2013 04 20 10 43 14.346     2013 04 20 10 43 25.646      11.3
614
 2013 04 20 00 22   .199     2013 04 20 00 25 15.758     195.6
 2013 04 20 12 12 34.866     2013 04 20 12 15  9.129     154.3
615
 2013 04 20 00 19 13.879     2013 04 20 00 19 35.977      22.1
616
617
 2013 04 20 22 20 38.252     2013 04 20 22 23 20.458     162.2
618
 2013 04 20 12 17 48.446     2013 04 20 12 20 25.035     156.6
 2013 04 20 22 18 26.430     2013 04 20 22 21 15.977     169.5
619
 2013 04 20 12 25  4.824     2013 04 20 12 28 35.303     210.5
620
 2013 04 20 13 54 54.024     2013 04 20 13 58 17.521     203.5
621
 2013 04 20 00 19 50.602     2013 04 20 00 23 30.730     220.1
622
 2013 04 20 22 23 51.892     2013 04 20 22 25  6.533      74.6
623
 2013 04 20 13 56 44.988     2013 04 20 14 00 12.763     207.8
 2013 04 20 22 14 33.203     2013 04 20 22 17 21.002     167.8
624
 2013 04 20 13 57 56.476     2013 04 20 14 00 51.335     174.9
 2013 04 20 22 12 50.649     2013 04 20 22 15 23.755     153.1
625
 2013 04 20 12 21 32.285     2013 04 20 12 25 18.787     226.5
626
 2013 04 20 22 16 31.527     2013 04 20 22 19 38.385     186.9
627
 2013 04 20 10 43 25.749     2013 04 20 10 46  1.121     155.4
 2013 04 20 20 44 25.566     2013 04 20 20 47  3.607     158.0
628
 2013 04 20 10 39 53.230     2013 04 20 10 42 26.627     153.4
629
 2013 04 20 14 03 49.210     2013 04 20 14 07  4.459     195.2
 2013 04 20 18 59 11.137     2013 04 20 19 01 51.623     160.5
630
 2013 04 20 10 46 30.190     2013 04 20 10 49 14.061     163.9
631
632
633
 2013 04 20 14 00 51.948     2013 04 20 14 03 29.419     157.5
 2013 04 20 20 35 25.477     2013 04 20 20 38 19.726     174.2
634
 2013 04 20 12 27  6.776     2013 04 20 12 27 11.738       5.0
 2013 04 20 19 02 23.107     2013 04 20 19 05 22.880     179.8
635
 2013 04 20 20 48 31.047     2013 04 20 20 51  3.797     152.8
636
 2013 04 20 20 48 55.057     2013 04 20 20 51 25.725     150.7
637
 2013 04 20 20 40 33.732     2013 04 20 20 40 35.458       1.7
638
 2013 04 20 10 40 28.116     2013 04 20 10 43 55.795     207.7
639
 2013 04 20 10 49 31.351     2013 04 20 10 52 32.433     181.1
 2013 04 20 19 03 34.340     2013 04 20 19 06 24.967     170.6
640
641
 2013 04 20 12 22 26.259     2013 04 20 12 25 15.028     168.8
 2013 04 20 20 38 16.901     2013 04 20 20 41 37.466     200.6
642
643
 2013 04 20 13 58 49.530     2013 04 20 14 02 11.194     201.7
 2013 04 20 22 11 50.483     2013 04 20 22 15 16.928     206.4
644
 2013 04 20 09 06 57.053     2013 04 20 09 07 34.299      37.2
 2013 04 20 20 48 38.258     2013 04 20 20 51 26.756     168.5
645
 2013 04 20 00 18 30.150     2013 04 20 00 21  5.640     155.5
646
 2013 04 20 10 39 10.152     2013 04 20 10 42 42.059     211.9
 2013 04 20 22 22 17.956     2013 04 20 22 22 29.545      11.6
647
 2013 04 20 12 17 31.229     2013 04 20 12 20 23.133     171.9
 2013 04 20 22 19 22.434     2013 04 20 22 22  1.777     159.3
648
 2013 04 20 10 39 32.653     2013 04 20 10 42 27.679     175.0
649
650
 2013 04 20 13 56 17.238     2013 04 20 13 58 54.065     156.8
651
 2013 04 20 12 21 44.802     2013 04 20 12 25 31.926     227.1
 2013 04 20 20 37 18.681     2013 04 20 20 37 38.021      19.3
652
 2013 04 20 22 15   .022     2013 04 20 22 15 35.570      35.5
653
 2013 04 20 12 27 22.076     2013 04 20 12 30 29.810     187.7
 2013 04 20 19 01 45.789     2013 04 20 19 04 34.078     168.3
654
 2013 04 20 12 18 25.169     2013 04 20 12 21 45.444     200.3
 2013 04 20 22 17 28.725     2013 04 20 22 20   .144     151.4
655
 2013 04 20 13 55  4.862     2013 04 20 13 55 17.179      12.3
656
 2013 04 20 13 54 45.017     2013 04 20 13 55 23.468      38.5
657
 2013 04 20 22 24 47.155     2013 04 20 22 25 40.406      53.3
658
 2013 04 20 10 50 13.541     2013 04 20 10 50 35.156      21.6
 2013 04 20 17 28 20.073     2013 04 20 17 28 23.416       3.3
659
 2013 04 20 12 23 33.636     2013 04 20 12 27 15.288     221.7
 2013 04 20 20 37 38.026     2013 04 20 20 40 20.188     162.2
660
 2013 04 20 00 18 26.316     2013 04 20 00 21 59.129     212.8
661
662
 2013 04 20 12 20 52.807     2013 04 20 12 23 27.456     154.6
663
 2013 04 20 13 54 57.297     2013 04 20 13 58 11.364     194.1
664
665
 2013 04 20 10 44 54.781     2013 04 20 10 47 43.839     169.1
 2013 04 20 20 42 55.296     2013 04 20 20 45 54.922     179.6
666
 2013 04 20 12 27 16.376     2013 04 20 12 30 39.681     203.3
 2013 04 20 14 04 58.266     2013 04 20 14 08 39.668     221.4
 2013 04 20 17 21 34.902     2013 04 20 17 22 51.535      76.6
 2013 04 20 18 59 51.792     2013 04 20 19 02 57.430     185.6
667
 2013 04 20 12 18 16.444     2013 04 20 12 20 52.432     156.0
 2013 04 20 22 18 25.261     2013 04 20 22 20 58.045     152.8
668
 2013 04 20 12 19 54.122     2013 04 20 12 23  1.730     187.6
 2013 04 20 22 16 30.327     2013 04 20 22 20 10.342     220.0
669
 2013 04 20 12 18  7.174     2013 04 20 12 21 15.368     188.2
 2013 04 20 22 17 44.105     2013 04 20 22 20 21.404     157.3
670
 2013 04 20 13 56 32.217     2013 04 20 14 00  6.235     214.0
 2013 04 20 22 12  3.783     2013 04 20 22 15 32.894     209.1
671
 2013 04 20 12 24 12.521     2013 04 20 12 27 38.363     205.8
 2013 04 20 20 39 13.059     2013 04 20 20 40 38.500      85.4
672
 2013 04 20 13 55 19.294     2013 04 20 13 58 28.710     189.4
673
 2013 04 20 12 25 45.113     2013 04 20 12 29 15.150     210.0
 2013 04 20 19 01 36.391     2013 04 20 19 04 53.721     197.3
674
 2013 04 20 20 46 41.424     2013 04 20 20 50   .590     199.2
675
 2013 04 20 10 39 29.331     2013 04 20 10 42  4.705     155.4
676
 2013 04 20 10 39 10.065     2013 04 20 10 42 52.304     222.2
 2013 04 20 22 22  8.583     2013 04 20 22 22 16.646       8.1
677
 2013 04 20 15 37  9.164     2013 04 20 15 39 56.465     167.3
 2013 04 20 20 31 59.813     2013 04 20 20 32  3.985       4.2
 2013 04 20 22 09 59.411     2013 04 20 22 13 44.219     224.8
678
 2013 04 20 12 23 31.499     2013 04 20 12 26  7.426     155.9
 2013 04 20 20 38 53.045     2013 04 20 20 41 25.874     152.8
679
 2013 04 20 13 53 50.607     2013 04 20 13 57 17.084     206.5
680
 2013 04 20 10 47 52.086     2013 04 20 10 50 33.759     161.7
 2013 04 20 19 03 54.222     2013 04 20 19 07 26.432     212.2
681
 2013 04 20 13 59 47.989     2013 04 20 14 03 26.728     218.7
 2013 04 20 20 33 47.175     2013 04 20 20 37  9.623     202.4
682
 2013 04 20 00 20 10.038     2013 04 20 00 23  4.287     174.2
683
 2013 04 20 15 37 10.893     2013 04 20 15 39 47.258     156.4
 2013 04 20 20 31 44.662     2013 04 20 20 35 34.183     229.5
 2013 04 20 22 09 38.097     2013 04 20 22 13 21.427     223.3
684
 2013 04 20 20 37  1.168     2013 04 20 20 37 49.140      48.0
685
 2013 04 20 12 20 14.156     2013 04 20 12 23 56.109     222.0
686
687
 2013 04 20 00 18  2.818     2013 04 20 00 20 50.760     167.9
688
 2013 04 20 10 50 52.764     2013 04 20 10 51 25.160      32.4
 2013 04 20 19 02 47.797     2013 04 20 19 06 21.222     213.4
689
 2013 04 20 13 57 40.857     2013 04 20 14 00 26.255     165.4
 2013 04 20 22 13 57.848     2013 04 20 22 16 30.865     153.0
690
691
 2013 04 20 10 41 17.569     2013 04 20 10 43 57.679     160.1
692
 2013 04 20 12 20 50.295     2013 04 20 12 24  1.025     190.7
693
694
 2013 04 20 15 36 41.725     2013 04 20 15 39 34.030     172.3
 2013 04 20 22 10 20.223     2013 04 20 22 13 27.852     187.6
695
 2013 04 20 10 50 35.251     2013 04 20 10 54  9.698     214.4
 2013 04 20 17 24 36.520     2013 04 20 17 25 16.808      40.3
696
697
 2013 04 20 10 44 58.018     2013 04 20 10 47 46.323     168.3
 2013 04 20 20 43 35.138     2013 04 20 20 47 13.964     218.8
698
 2013 04 20 13 56 53.226     2013 04 20 13 57  9.254      16.0
 2013 04 20 22 15   .893     2013 04 20 22 17 33.057     152.2
699
 2013 04 20 12 14 32.167     2013 04 20 12 17 58.344     206.2
700
 2013 04 20 14 02 25.911     2013 04 20 14 05  3.818     157.9
 2013 04 20 20 35 26.409     2013 04 20 20 38 44.238     197.8
701
702
 2013 04 20 10 41 40.441     2013 04 20 10 44 15.055     154.6
703
704
 2013 04 20 13 59 52.384     2013 04 20 14 02 34.266     161.9
705
 2013 04 20 12 22 31.179     2013 04 20 12 25 19.686     168.5
 2013 04 20 20 38 19.644     2013 04 20 20 41 33.649     194.0
706
 2013 04 20 12 22 56.647     2013 04 20 12 25 32.098     155.5
 2013 04 20 20 38 53.368     2013 04 20 20 41 41.265     167.9
707
 2013 04 20 15 38 36.241     2013 04 20 15 41 51.018     194.8
 2013 04 20 20 33 50.165     2013 04 20 20 36 24.848     154.7
708
 2013 04 20 10 42  1.826     2013 04 20 10 45  2.560     180.7
 2013 04 20 20 44 58.513     2013 04 20 20 48 32.734     214.2
709
 2013 04 20 14 00 24.818     2013 04 20 14 03 45.192     200.4
 2013 04 20 20 34 18.568     2013 04 20 20 37  9.716     171.1
710
 2013 04 20 22 15 23.634     2013 04 20 22 16 28.096      64.5
711
 2013 04 20 13 58 14.513     2013 04 20 13 58 59.418      44.9
 2013 04 20 22 14  7.902     2013 04 20 22 17 49.699     221.8
712
 2013 04 20 12 26  5.160     2013 04 20 12 29  5.256     180.1
 2013 04 20 19 01 19.877     2013 04 20 19 04 26.890     187.0
713
 2013 04 20 13 57 10.027     2013 04 20 14 00 11.097     181.1
 2013 04 20 22 12 40.918     2013 04 20 22 15 37.196     176.3
714
 2013 04 20 22 22 26.941     2013 04 20 22 25 18.293     171.4
715
716
 2013 04 20 12 19 10.307     2013 04 20 12 22 11.630     181.3
 2013 04 20 22 18 21.161     2013 04 20 22 21 55.513     214.4
717
 2013 04 20 12 17 44.705     2013 04 20 12 21 27.395     222.7
 2013 04 20 22 19 42.574     2013 04 20 22 22 22.936     160.4
718
 2013 04 20 10 50 30.391     2013 04 20 10 50 54.195      23.8
719
720
 2013 04 20 10 49 16.252     2013 04 20 10 50  9.420      53.2
 2013 04 20 19 02 55.796     2013 04 20 19 05 49.963     174.2
721
 2013 04 20 12 15  1.642     2013 04 20 12 15 49.577      47.9
722
 2013 04 20 14 02 47.831     2013 04 20 14 06 26.341     218.5
 2013 04 20 18 58 31.684     2013 04 20 19 02 14.010     222.3
723
724
 2013 04 20 12 17   .498     2013 04 20 12 20 38.176     217.7
 2013 04 20 22 20  1.491     2013 04 20 22 22 36.165     154.7
725
 2013 04 20 10 41 21.683     2013 04 20 10 44 41.392     199.7
726
 2013 04 20 10 44 55.456     2013 04 20 10 48 19.712     204.3
 2013 04 20 20 42 17.227     2013 04 20 20 45 21.919     184.7
727
 2013 04 20 10 45 55.997     2013 04 20 10 49  8.648     192.7
728
 2013 04 20 14 02 24.938     2013 04 20 14 05 13.836     168.9
 2013 04 20 18 56 45.124     2013 04 20 19 00 25.294     220.2
 2013 04 20 20 34 38.852     2013 04 20 20 38 11.091     212.2
729
 2013 04 20 22 21 17.680     2013 04 20 22 24 53.018     215.3
730
 2013 04 20 15 36 47.484     2013 04 20 15 39 24.663     157.2
 2013 04 20 22 09 55.554     2013 04 20 22 13  4.854     189.3
731
 2013 04 20 10 44 48.645     2013 04 20 10 48 25.177     216.5
732
 2013 04 20 19 09 30.941     2013 04 20 19 09 50.505      19.6
733
 2013 04 20 20 49 56.562     2013 04 20 20 49 57.746       1.2
734
 2013 04 20 10 45 57.582     2013 04 20 10 49  9.474     191.9
735
 2013 04 20 14 01 27.854     2013 04 20 14 04 16.853     169.0
 2013 04 20 20 35 59.349     2013 04 20 20 38 33.278     153.9
736
 2013 04 20 12 25 54.810     2013 04 20 12 28 51.527     176.7
 2013 04 20 18 59 58.671     2013 04 20 19 03  8.265     189.6
737
 2013 04 20 22 15 40.286     2013 04 20 22 19  9.604     209.3
738
 2013 04 20 12 22 30.496     2013 04 20 12 25 30.043     179.5
 2013 04 20 20 39 41.633     2013 04 20 20 42 34.009     172.4
739
 2013 04 20 00 20 39.960     2013 04 20 00 24  8.385     208.4
740
741
 2013 04 20 09 04  6.329     2013 04 20 09 06 39.700     153.4
 2013 04 20 20 49 38.631     2013 04 20 20 53  8.021     209.4
742
 2013 04 20 20 51  6.198     2013 04 20 20 51 57.456      51.3
743
 2013 04 20 14 01  8.981     2013 04 20 14 04 11.564     182.6
 2013 04 20 20 36 10.036     2013 04 20 20 38 45.928     155.9
744
 2013 04 20 12 27 18.679     2013 04 20 12 30  5.263     166.6
 2013 04 20 19 00 32.100     2013 04 20 19 03 17.091     165.0
745
 2013 04 20 12 26 32.237     2013 04 20 12 29 39.061     186.8
 2013 04 20 19 00 12.643     2013 04 20 19 02 47.610     155.0
746
 2013 04 20 14 00 52.358     2013 04 20 14 04 13.672     201.3
 2013 04 20 20 36 21.207     2013 04 20 20 39  1.458     160.3
747
 2013 04 20 10 47 13.376     2013 04 20 10 50 20.286     186.9
748
 2013 04 20 12 19 28.898     2013 04 20 12 22 21.775     172.9
 2013 04 20 22 17 12.759     2013 04 20 22 20 19.150     186.4
749
 2013 04 20 14 01 26.978     2013 04 20 14 01 34.919       7.9
 2013 04 20 22 11 56.986     2013 04 20 22 14 30.310     153.3
750
 2013 04 20 22 15 18.999     2013 04 20 22 18 11.677     172.7
751
 2013 04 20 10 46 28.784     2013 04 20 10 49 34.865     186.1
752
753
 2013 04 20 13 56 24.041     2013 04 20 13 59  2.821     158.8
754
755
 2013 04 20 12 20 20.712     2013 04 20 12 23 33.071     192.4
756
 2013 04 20 15 35 53.153     2013 04 20 15 36 32.259      39.1
 2013 04 20 22 11 18.256     2013 04 20 22 14  4.508     166.3
757
 2013 04 20 20 41 20.689     2013 04 20 20 43 58.333     157.6
758
 2013 04 20 10 49 40.487     2013 04 20 10 53 20.207     219.7
 2013 04 20 19 02 47.607     2013 04 20 19 06  5.304     197.7
759
 2013 04 20 12 27 57.562     2013 04 20 12 29 45.469     107.9
 2013 04 20 19 01 46.946     2013 04 20 19 02 11.672      24.7
760
 2013 04 20 13 58 29.293     2013 04 20 14 01 28.591     179.3
 2013 04 20 22 13 44.892     2013 04 20 22 16 53.303     188.4
761
762
 2013 04 20 22 21 30.981     2013 04 20 22 22 54.118      83.1
763
 2013 04 20 20 46 23.024     2013 04 20 20 49 27.386     184.4
764
 2013 04 20 14 02  5.790     2013 04 20 14 05  7.496     181.7
 2013 04 20 15 39 31.225     2013 04 20 15 40  5.222      34.0
 2013 04 20 18 56 23.637     2013 04 20 19 00 12.866     229.2
 2013 04 20 20 34 32.314     2013 04 20 20 37 48.709     196.4
765
 2013 04 20 00 20 45.857     2013 04 20 00 23 26.365     160.5
766
 2013 04 20 12 22 18.101     2013 04 20 12 24 53.441     155.3
 2013 04 20 20 38 51.492     2013 04 20 20 42 23.322     211.8
767
 2013 04 20 12 22  3.800     2013 04 20 12 24 41.373     157.6
 2013 04 20 20 38 52.002     2013 04 20 20 39  6.984      15.0
768
 2013 04 20 14 02 21.520     2013 04 20 14 04 58.672     157.2
 2013 04 20 20 35  6.243     2013 04 20 20 38 21.348     195.1
769
 2013 04 20 10 42 43.583     2013 04 20 10 45 38.689     175.1
 2013 04 20 20 44 58.625     2013 04 20 20 47 50.705     172.1
770
 2013 04 20 10 37  3.175     2013 04 20 10 40 29.856     206.7
 2013 04 20 22 24 11.049     2013 04 20 22 26 44.202     153.2
771
 2013 04 20 10 43 19.021     2013 04 20 10 46  7.717     168.7
 2013 04 20 20 44 48.440     2013 04 20 20 47 21.834     153.4
772
 2013 04 20 12 16  5.958     2013 04 20 12 19 43.997     218.0
 2013 04 20 22 19 59.647     2013 04 20 22 23 23.414     203.8
773
 2013 04 20 12 23 44.872     2013 04 20 12 26 48.241     183.4
 2013 04 20 20 39 30.806     2013 04 20 20 42 23.695     172.9
774
 2013 04 20 12 23 32.964     2013 04 20 12 26 25.499     172.5
 2013 04 20 20 38 24.258     2013 04 20 20 40 57.869     153.6
775
 2013 04 20 19 06  3.577     2013 04 20 19 09  3.556     180.0
776
 2013 04 20 10 42 44.333     2013 04 20 10 45 36.404     172.1
 2013 04 20 20 44 55.073     2013 04 20 20 47 49.187     174.1
777
 2013 04 20 10 39 21.968     2013 04 20 10 42  3.700     161.7
778
 2013 04 20 15 35 37.833     2013 04 20 15 36 26.228      48.4
 2013 04 20 22 11 19.980     2013 04 20 22 13 56.161     156.2
779
 2013 04 20 12 23 44.343     2013 04 20 12 23 48.380       4.0
 2013 04 20 22 15 47.856     2013 04 20 22 19 20.306     212.4
780
 2013 04 20 20 40  1.435     2013 04 20 20 41  8.209      66.8
781
 2013 04 20 10 47 15.633     2013 04 20 10 47 34.995      19.4
 2013 04 20 20 42 31.945     2013 04 20 20 45  9.309     157.4
782
 2013 04 20 00 17  4.913     2013 04 20 00 19 49.575     164.7
 2013 04 20 13 52 21.323     2013 04 20 13 55 41.498     200.2
783
 2013 04 20 10 45 24.974     2013 04 20 10 48 22.086     177.1
784
 2013 04 20 20 48 18.831     2013 04 20 20 50 59.660     160.8
785
 2013 04 20 13 57  3.543     2013 04 20 13 59 51.266     167.7
 2013 04 20 22 12 50.450     2013 04 20 22 15 59.086     188.6
786
 2013 04 20 00 18 54.197     2013 04 20 00 22 19.018     204.8
787
 2013 04 20 22 15 19.399     2013 04 20 22 17 53.838     154.4
788
 2013 04 20 12 19 11.373     2013 04 20 12 22 14.802     183.4
 2013 04 20 22 18 20.010     2013 04 20 22 21 58.415     218.4
789
 2013 04 20 15 35 21.312     2013 04 20 15 39  9.201     227.9
 2013 04 20 22 11 10.678     2013 04 20 22 13 45.413     154.7
790
 2013 04 20 13 59   .629     2013 04 20 13 59 28.895      28.3
791
 2013 04 20 13 59 17.538     2013 04 20 14 01 56.861     159.3
 2013 04 20 22 12 20.780     2013 04 20 22 13 56.834      96.1
792
793
 2013 04 20 20 46 44.013     2013 04 20 20 50  6.046     202.0
794
 2013 04 20 20 46 42.691     2013 04 20 20 48  4.757      82.1
795
 2013 04 20 10 48 33.478     2013 04 20 10 51 42.978     189.5
 2013 04 20 19 05 25.416     2013 04 20 19 07 57.806     152.4
796
 2013 04 20 12 20 54.455     2013 04 20 12 21 11.439      17.0
797
 2013 04 20 12 27 33.093     2013 04 20 12 31  1.411     208.3
 2013 04 20 19 01 52.905     2013 04 20 19 05  2.378     189.5
798
 2013 04 20 10 42 27.642     2013 04 20 10 45 53.743     206.1
 2013 04 20 20 45 39.497     2013 04 20 20 46 42.915      63.4
799
 2013 04 20 00 17 40.250     2013 04 20 00 20 19.332     159.1
 2013 04 20 13 51 41.238     2013 04 20 13 52 25.364      44.1
800
 2013 04 20 14 02  4.282     2013 04 20 14 04 42.331     158.0
 2013 04 20 20 35 36.896     2013 04 20 20 38 28.988     172.1
801
 2013 04 20 22 11 22.466     2013 04 20 22 14  2.937     160.5
802
 2013 04 20 13 59 41.690     2013 04 20 14 02 17.651     156.0
803
 2013 04 20 12 27 39.185     2013 04 20 12 30 33.854     174.7
 2013 04 20 17 21 56.274     2013 04 20 17 22 20.928      24.7
 2013 04 20 19 00 12.720     2013 04 20 19 03 25.058     192.3
804
805
 2013 04 20 22 16  4.919     2013 04 20 22 18 45.423     160.5
806
807
808
 2013 04 20 15 35 37.395     2013 04 20 15 38 49.223     191.8
 2013 04 20 22 10 46.621     2013 04 20 22 13 21.240     154.6
809
 2013 04 20 10 39 17.086     2013 04 20 10 41 59.484     162.4
810
 2013 04 20 10 45 56.469     2013 04 20 10 48 30.682     154.2
811
 2013 04 20 12 17 35.172     2013 04 20 12 20 26.145     171.0
 2013 04 20 22 18  1.297     2013 04 20 22 21  6.427     185.1
812
 2013 04 20 10 45 16.092     2013 04 20 10 48  3.067     167.0
 2013 04 20 20 42 37.011     2013 04 20 20 46  1.604     204.6
813
 2013 04 20 13 54  2.935     2013 04 20 13 57  7.848     184.9
814
 2013 04 20 12 12 55.514     2013 04 20 12 15 34.739     159.2
815
 2013 04 20 12 17 53.312     2013 04 20 12 21 33.929     220.6
 2013 04 20 22 19 35.781     2013 04 20 22 22 21.114     165.3
816
 2013 04 20 14 03 10.747     2013 04 20 14 05 54.023     163.3
 2013 04 20 18 58  1.162     2013 04 20 19 01 18.192     197.0
817
 2013 04 20 10 50 12.336     2013 04 20 10 52 57.111     164.8
 2013 04 20 19 03 23.527     2013 04 20 19 06 59.128     215.6
818
 2013 04 20 15 36 56.832     2013 04 20 15 39 46.096     169.3
 2013 04 20 22 10  9.166     2013 04 20 22 13 35.970     206.8
819
 2013 04 20 10 40 24.184     2013 04 20 10 41 22.761      58.6
 2013 04 20 22 23 36.241     2013 04 20 22 26  7.087     150.8
820
821
822
 2013 04 20 14 02 42.308     2013 04 20 14 05 21.794     159.5
 2013 04 20 18 57 22.574     2013 04 20 18 57 55.213      32.6
 2013 04 20 20 35 20.002     2013 04 20 20 39  2.783     222.8
823
 2013 04 20 14 03 57.784     2013 04 20 14 06 41.571     163.8
 2013 04 20 18 58 42.991     2013 04 20 19 01 20.135     157.1
824
 2013 04 20 10 43 34.563     2013 04 20 10 47  7.128     212.6
 2013 04 20 20 42 56.272     2013 04 20 20 45 33.961     157.7
825
 2013 04 20 14 01 46.702     2013 04 20 14 04 36.374     169.7
 2013 04 20 20 34 55.632     2013 04 20 20 37 42.335     166.7
826
 2013 04 20 14 00 30.500     2013 04 20 14 03 35.289     184.8
 2013 04 20 20 35 51.216     2013 04 20 20 38 59.249     188.0
827
 2013 04 20 00 19 19.192     2013 04 20 00 21 50.895     151.7
828
 2013 04 20 20 46 30.043     2013 04 20 20 49 11.434     161.4
829
 2013 04 20 10 45 17.994     2013 04 20 10 48 34.325     196.3
830
 2013 04 20 12 20  7.604     2013 04 20 12 22 47.533     159.9
831
 2013 04 20 12 17 53.554     2013 04 20 12 20 30.281     156.7
 2013 04 20 22 18 57.321     2013 04 20 22 21 34.114     156.8
832
 2013 04 20 14 03 17.967     2013 04 20 14 06 42.526     204.6
 2013 04 20 18 58 52.246     2013 04 20 19 01 58.151     185.9
833
 2013 04 20 22 15 40.645     2013 04 20 22 18 19.768     159.1
834
 2013 04 20 12 25 58.223     2013 04 20 12 26 25.396      27.2
 2013 04 20 14 03 52.942     2013 04 20 14 07 36.929     224.0
 2013 04 20 18 59 38.119     2013 04 20 19 02 14.742     156.6
835
 2013 04 20 13 57  3.840     2013 04 20 14 00   .639     176.8
 2013 04 20 22 14  7.985     2013 04 20 22 16 57.018     169.0
836
 2013 04 20 12 13 51.161     2013 04 20 12 16 35.668     164.5
837
 2013 04 20 10 42 33.977     2013 04 20 10 46  3.579     209.6
 2013 04 20 20 42 51.344     2013 04 20 20 46 32.379     221.0
838
 2013 04 20 12 25 46.650     2013 04 20 12 28 39.808     173.2
 2013 04 20 19 00 55.537     2013 04 20 19 04 32.870     217.3
839
 2013 04 20 13 57  5.467     2013 04 20 14 00 19.816     194.3
 2013 04 20 22 14 25.604     2013 04 20 22 17  4.547     158.9
840
 2013 04 20 20 47 37.709     2013 04 20 20 50 48.030     190.3
841
 2013 04 20 12 26 33.821     2013 04 20 12 30 11.550     217.7
 2013 04 20 19 02  9.505     2013 04 20 19 04 43.415     153.9
842
 2013 04 20 20 45 56.627     2013 04 20 20 49 36.304     219.7
843
 2013 04 20 13 56 29.948     2013 04 20 13 59 51.369     201.4
 2013 04 20 22 12  8.529     2013 04 20 22 15 48.284     219.8
844
 2013 04 20 12 28 16.603     2013 04 20 12 31 52.221     215.6
 2013 04 20 17 23 57.227     2013 04 20 17 27 45.211     228.0
845
846
 2013 04 20 12 19 33.225     2013 04 20 12 23   .004     206.8
847
 2013 04 20 09 05  1.816     2013 04 20 09 08 10.921     189.1
848
 2013 04 20 13 54 53.167     2013 04 20 13 57 41.498     168.3
849
850
 2013 04 20 12 21 31.734     2013 04 20 12 24 16.158     164.4
851
 2013 04 20 12 15 36.128     2013 04 20 12 18 17.072     160.9
852
 2013 04 20 20 40  4.078     2013 04 20 20 43 29.079     205.0
853
854
 2013 04 20 12 21 57.112     2013 04 20 12 25 32.399     215.3
 2013 04 20 20 37 31.164     2013 04 20 20 41 10.290     219.1
855
 2013 04 20 12 27 50.380     2013 04 20 12 31  2.266     191.9
 2013 04 20 19 01 35.319     2013 04 20 19 04 59.280     204.0
856
 2013 04 20 12 26 33.992     2013 04 20 12 29 19.050     165.1
 2013 04 20 19 01 18.398     2013 04 20 19 04  1.817     163.4
857
 2013 04 20 15 37 35.633     2013 04 20 15 40 44.126     188.5
 2013 04 20 20 32 53.895     2013 04 20 20 36 15.079     201.2
858
 2013 04 20 15 36 24.157     2013 04 20 15 39 15.402     171.2
 2013 04 20 22 10 26.376     2013 04 20 22 13 14.648     168.3
859
 2013 04 20 10 52 58.556     2013 04 20 10 53 47.002      48.4
 2013 04 20 19 02 21.938     2013 04 20 19 06  1.026     219.1
860
861
 2013 04 20 00 20 20.390     2013 04 20 00 23  4.394     164.0
862
863
 2013 04 20 15 36 54.522     2013 04 20 15 40 18.877     204.4
 2013 04 20 22 10 31.948     2013 04 20 22 14 16.286     224.3
864
 2013 04 20 20 41 38.900     2013 04 20 20 44 19.323     160.4
865
 2013 04 20 10 48 42.452     2013 04 20 10 51 45.679     183.2
 2013 04 20 19 05 19.116     2013 04 20 19 07 51.782     152.7
866
 2013 04 20 15 37 45.765     2013 04 20 15 40 43.263     177.5
 2013 04 20 20 32 53.447     2013 04 20 20 36  3.092     189.6
867
 2013 04 20 22 15 57.719     2013 04 20 22 19  9.683     192.0
868
 2013 04 20 12 24 15.747     2013 04 20 12 27 48.465     212.7
 2013 04 20 20 37 16.205     2013 04 20 20 40 40.315     204.1
869
 2013 04 20 00 16 41.287     2013 04 20 00 19 51.451     190.2
 2013 04 20 13 52 47.674     2013 04 20 13 56  7.719     200.0
870
 2013 04 20 19 05 26.060     2013 04 20 19 05 45.931      19.9
871
 2013 04 20 00 24  7.800     2013 04 20 00 24 12.420       4.6
872
 2013 04 20 10 38 56.437     2013 04 20 10 42 12.194     195.8
 2013 04 20 22 22 49.366     2013 04 20 22 24 25.929      96.6
873
 2013 04 20 20 47  7.493     2013 04 20 20 49 37.757     150.3
874
875
 2013 04 20 00 21 55.059     2013 04 20 00 24 25.171     150.1
 2013 04 20 12 11 25.375     2013 04 20 12 14 50.035     204.7
876
 2013 04 20 10 48 19.480     2013 04 20 10 51 39.371     199.9
 2013 04 20 19 05 34.314     2013 04 20 19 08  7.587     153.3
877
 2013 04 20 12 15 25.270     2013 04 20 12 17 16.843     111.6
878
 2013 04 20 20 41 31.827     2013 04 20 20 44 57.120     205.3
879
 2013 04 20 10 42 10.739     2013 04 20 10 45  2.537     171.8
 2013 04 20 20 44 48.961     2013 04 20 20 48 22.605     213.6
880
 2013 04 20 12 21 39.626     2013 04 20 12 22 38.171      58.5
 2013 04 20 22 16 49.910     2013 04 20 22 19 26.438     156.5
881
 2013 04 20 12 18 35.713     2013 04 20 12 22 21.549     225.8
 2013 04 20 22 18 54.900     2013 04 20 22 22 32.081     217.2
882
 2013 04 20 14 02 24.979     2013 04 20 14 03 57.275      92.3
 2013 04 20 20 36 15.562     2013 04 20 20 36 40.935      25.4
883
884
 2013 04 20 14 00 17.574     2013 04 20 14 02 53.101     155.5
 2013 04 20 20 34 44.885     2013 04 20 20 38 24.204     219.3
885
 2013 04 20 10 38 26.641     2013 04 20 10 41  3.282     156.6
 2013 04 20 22 24  6.682     2013 04 20 22 27 20.758     194.1
886
 2013 04 20 10 41 46.748     2013 04 20 10 44 23.461     156.7
887
 2013 04 20 22 19 56.268     2013 04 20 22 22 55.921     179.7
888
 2013 04 20 13 58 47.479     2013 04 20 14 01 59.667     192.2
 2013 04 20 22 13 32.367     2013 04 20 22 15 25.217     112.8
889
 2013 04 20 14 01 27.886     2013 04 20 14 04 15.866     168.0
 2013 04 20 20 35   .617     2013 04 20 20 37 36.109     155.5
890
 2013 04 20 12 25 46.946     2013 04 20 12 29 12.162     205.2
 2013 04 20 18 59 42.812     2013 04 20 19 02 41.103     178.3
891
 2013 04 20 20 46 38.159     2013 04 20 20 49  8.546     150.4
892
 2013 04 20 12 25  9.743     2013 04 20 12 27 45.205     155.5
893
 2013 04 20 00 18 57.253     2013 04 20 00 19 36.967      39.7
894
895
 2013 04 20 20 41 33.598     2013 04 20 20 44 32.957     179.4
896
 2013 04 20 13 58 29.850     2013 04 20 13 58 31.710       1.9
897
 2013 04 20 22 15  4.822     2013 04 20 22 17 38.142     153.3
898
 2013 04 20 12 19 27.659     2013 04 20 12 22  8.666     161.0
 2013 04 20 22 17 29.812     2013 04 20 22 20 35.632     185.8
899
