0 39.0203 76.6757 9 27 8
2  45.0 45.0 0.00
1 21.2414 130.0842 6 27 8
2  45.0 45.0 0.00
2 52.3729 108.3285 5 24 5
2  45.0 45.0 0.00
3 28.2049 103.8846 7 28 6
2  45.0 45.0 0.00
4 36.4866 98.2235 9 15 7
2  45.0 45.0 0.00
5 17.1713 124.3811 9 15 8
2  45.0 45.0 0.00
6 26.2920 109.0147 10 21 7
2  45.0 45.0 0.00
7 14.5686 73.2367 6 26 8
2  45.0 45.0 0.00
8 35.3066 118.7440 4 25 6
2  45.0 45.0 0.00
9 11.7738 102.6310 9 25 8
2  45.0 45.0 0.00
10 30.3167 120.6746 6 15 8
2  45.0 45.0 0.00
11 18.0008 73.8837 2 19 9
2  45.0 45.0 0.00
12 28.4238 128.0646 3 17 8
2  45.0 45.0 0.00
13 22.3606 81.2191 10 16 7
2  45.0 45.0 0.00
14 28.0076 116.7935 4 18 9
2  45.0 45.0 0.00
15 48.3667 118.1197 3 26 8
2  45.0 45.0 0.00
16 42.4788 83.5578 7 20 5
2  45.0 45.0 0.00
17 36.5632 107.3779 5 27 6
2  45.0 45.0 0.00
18 13.8322 115.8388 3 27 7
2  45.0 45.0 0.00
19 39.4194 110.0794 9 29 6
2  45.0 45.0 0.00
20 4.9245 95.9417 5 16 6
2  45.0 45.0 0.00
21 43.8221 107.2805 1 17 6
2  45.0 45.0 0.00
22 30.4010 89.7238 3 24 6
2  45.0 45.0 0.00
23 19.6256 104.7493 5 29 6
2  45.0 45.0 0.00
24 43.7124 90.1513 3 26 6
2  45.0 45.0 0.00
25 42.3086 124.8420 2 27 5
2  45.0 45.0 0.00
26 17.4672 120.2744 5 20 6
2  45.0 45.0 0.00
27 23.3607 76.5215 7 16 5
2  45.0 45.0 0.00
28 7.9961 99.1092 7 22 5
2  45.0 45.0 0.00
29 49.8957 78.3356 8 23 9
2  45.0 45.0 0.00
30 12.9617 112.0058 6 25 5
2  45.0 45.0 0.00
31 40.6318 110.6815 7 27 5
2  45.0 45.0 0.00
32 50.6204 119.1537 3 16 9
2  45.0 45.0 0.00
33 41.0057 127.9987 10 21 8
2  45.0 45.0 0.00
34 16.6910 97.9552 1 26 8
2  45.0 45.0 0.00
35 21.9547 121.7582 2 24 7
2  45.0 45.0 0.00
36 37.8623 89.4631 3 28 7
2  45.0 45.0 0.00
37 34.9623 79.2446 3 18 7
2  45.0 45.0 0.00
38 41.9595 85.6435 9 29 9
2  45.0 45.0 0.00
39 19.5347 93.0755 7 23 5
2  45.0 45.0 0.00
40 4.0634 113.0710 10 28 9
2  45.0 45.0 0.00
41 42.1657 124.1252 3 15 9
2  45.0 45.0 0.00
42 50.0000 132.3149 3 19 9
2  45.0 45.0 0.00
43 36.9011 126.3951 6 23 7
2  45.0 45.0 0.00
44 35.8019 112.7871 4 27 9
2  45.0 45.0 0.00
45 6.1548 98.4979 4 27 5
2  45.0 45.0 0.00
46 5.2251 86.3763 9 22 7
2  45.0 45.0 0.00
47 4.4698 94.3990 2 15 6
2  45.0 45.0 0.00
48 42.3580 78.5740 6 19 6
2  45.0 45.0 0.00
49 42.5304 126.1763 10 16 7
2  45.0 45.0 0.00
50 25.0388 118.0943 10 15 9
2  45.0 45.0 0.00
51 20.9075 121.2436 4 16 7
2  45.0 45.0 0.00
52 20.9175 73.2099 2 29 5
2  45.0 45.0 0.00
53 38.8531 103.6669 3 26 8
2  45.0 45.0 0.00
54 19.0686 123.5383 5 19 5
2  45.0 45.0 0.00
55 31.1568 94.1631 6 23 9
2  45.0 45.0 0.00
56 11.8412 93.4677 6 21 5
2  45.0 45.0 0.00
57 17.6466 86.2963 4 24 6
2  45.0 45.0 0.00
58 14.2668 88.5502 9 22 5
2  45.0 45.0 0.00
59 42.1830 78.9509 2 18 5
2  45.0 45.0 0.00
60 16.9746 78.9793 2 20 9
2  45.0 45.0 0.00
61 32.9235 99.4122 7 28 6
2  45.0 45.0 0.00
62 3.2716 86.7976 8 17 9
2  45.0 45.0 0.00
63 3.8610 107.8669 1 29 8
2  45.0 45.0 0.00
64 27.7728 125.9176 10 23 9
2  45.0 45.0 0.00
65 6.1101 91.8686 3 18 9
2  45.0 45.0 0.00
66 26.1978 82.0420 8 22 8
2  45.0 45.0 0.00
67 6.8584 131.2313 3 22 6
2  45.0 45.0 0.00
68 45.6364 90.8076 8 19 7
2  45.0 45.0 0.00
69 52.7688 77.2172 9 22 5
2  45.0 45.0 0.00
70 13.1273 81.7447 2 22 5
2  45.0 45.0 0.00
71 22.8766 104.2742 7 22 8
2  45.0 45.0 0.00
72 17.1996 86.0620 6 15 7
2  45.0 45.0 0.00
73 45.7366 116.3475 4 22 8
2  45.0 45.0 0.00
74 5.3350 78.4668 10 23 9
2  45.0 45.0 0.00
75 12.9332 107.4761 1 17 5
2  45.0 45.0 0.00
76 52.5957 120.1076 3 17 8
2  45.0 45.0 0.00
77 18.9105 112.7861 6 20 5
2  45.0 45.0 0.00
78 30.7966 101.6440 9 27 8
2  45.0 45.0 0.00
79 34.7514 90.7005 6 25 5
2  45.0 45.0 0.00
80 16.6459 108.7243 10 26 5
2  45.0 45.0 0.00
81 8.5716 107.6072 1 23 5
2  45.0 45.0 0.00
82 44.1465 96.0706 6 21 6
2  45.0 45.0 0.00
83 27.9433 77.6853 7 18 5
2  45.0 45.0 0.00
84 12.5815 94.0836 10 21 9
2  45.0 45.0 0.00
85 31.4650 88.9005 4 26 7
2  45.0 45.0 0.00
86 48.1828 123.7716 5 29 5
2  45.0 45.0 0.00
87 22.8255 73.7463 1 29 8
2  45.0 45.0 0.00
88 40.0712 78.6655 5 19 7
2  45.0 45.0 0.00
89 11.5711 74.8873 1 21 5
2  45.0 45.0 0.00
90 30.8470 77.7987 1 25 5
2  45.0 45.0 0.00
91 49.0762 81.1229 8 27 8
2  45.0 45.0 0.00
92 45.3212 120.9224 6 17 8
2  45.0 45.0 0.00
93 51.8369 96.2159 6 20 6
2  45.0 45.0 0.00
94 27.3214 78.5544 3 22 8
2  45.0 45.0 0.00
95 7.8602 75.3596 3 29 9
2  45.0 45.0 0.00
96 29.8922 122.7814 3 23 6
2  45.0 45.0 0.00
97 44.1838 82.3858 9 27 6
2  45.0 45.0 0.00
98 16.0564 82.1278 1 18 5
2  45.0 45.0 0.00
99 50.1359 128.9902 6 25 9
2  45.0 45.0 0.00
100 42.2245 112.4264 1 15 9
2  45.0 45.0 0.00
101 26.2183 106.7279 6 16 9
2  45.0 45.0 0.00
102 47.1099 84.3845 7 29 7
2  45.0 45.0 0.00
103 3.8367 85.5892 10 26 8
2  45.0 45.0 0.00
104 44.0154 105.6497 8 16 6
2  45.0 45.0 0.00
105 19.7149 126.2972 10 20 5
2  45.0 45.0 0.00
106 11.2018 93.6314 4 15 9
2  45.0 45.0 0.00
107 47.0369 120.0980 5 24 9
2  45.0 45.0 0.00
108 16.0772 77.5864 5 28 8
2  45.0 45.0 0.00
109 6.5694 83.9710 2 24 5
2  45.0 45.0 0.00
110 39.6448 83.0018 6 29 5
2  45.0 45.0 0.00
111 15.0164 107.2245 3 25 5
2  45.0 45.0 0.00
112 31.8040 86.2717 2 15 8
2  45.0 45.0 0.00
113 29.9171 82.6999 6 16 5
2  45.0 45.0 0.00
114 14.5884 109.2971 2 28 6
2  45.0 45.0 0.00
115 40.1934 109.7974 6 22 5
2  45.0 45.0 0.00
116 10.5724 88.8269 9 17 7
2  45.0 45.0 0.00
117 52.8669 95.7707 6 28 8
2  45.0 45.0 0.00
118 18.5165 76.1301 2 23 8
2  45.0 45.0 0.00
119 5.0175 74.4264 9 19 5
2  45.0 45.0 0.00
120 48.4862 76.5991 7 21 5
2  45.0 45.0 0.00
121 9.3973 89.1279 4 24 8
2  45.0 45.0 0.00
122 34.3519 78.0771 5 24 5
2  45.0 45.0 0.00
123 18.6149 77.4843 1 23 5
2  45.0 45.0 0.00
124 10.9415 89.6804 6 22 9
2  45.0 45.0 0.00
125 11.9801 75.4031 8 18 7
2  45.0 45.0 0.00
126 39.0047 90.6472 5 21 7
2  45.0 45.0 0.00
127 7.5731 121.1261 10 15 5
2  45.0 45.0 0.00
128 39.4270 116.5114 5 18 5
2  45.0 45.0 0.00
129 14.2855 99.0895 6 20 8
2  45.0 45.0 0.00
130 51.2805 98.9632 6 19 7
2  45.0 45.0 0.00
131 34.5858 106.5537 5 22 6
2  45.0 45.0 0.00
132 7.3947 75.8537 2 17 5
2  45.0 45.0 0.00
133 19.6458 113.6216 8 17 6
2  45.0 45.0 0.00
134 28.5098 74.2643 10 21 8
2  45.0 45.0 0.00
135 24.6820 74.6301 8 20 7
2  45.0 45.0 0.00
136 40.2389 111.5476 6 23 9
2  45.0 45.0 0.00
137 17.3687 74.1614 6 27 9
2  45.0 45.0 0.00
138 29.6117 92.5972 4 26 9
2  45.0 45.0 0.00
139 37.0489 105.1523 4 16 6
2  45.0 45.0 0.00
140 30.4342 89.4883 3 17 8
2  45.0 45.0 0.00
141 50.2269 131.1602 1 25 8
2  45.0 45.0 0.00
142 33.2274 85.0084 1 15 8
2  45.0 45.0 0.00
143 25.2717 100.7514 5 18 8
2  45.0 45.0 0.00
144 18.6780 122.3359 5 18 9
2  45.0 45.0 0.00
145 12.1788 89.1301 5 22 6
2  45.0 45.0 0.00
146 47.8884 129.2740 2 29 6
2  45.0 45.0 0.00
147 26.4986 99.9546 1 28 9
2  45.0 45.0 0.00
148 18.9019 93.9786 6 16 9
2  45.0 45.0 0.00
149 19.6047 90.2646 8 15 7
2  45.0 45.0 0.00
150 13.9227 89.7299 10 21 9
2  45.0 45.0 0.00
151 39.3210 77.3688 10 19 6
2  45.0 45.0 0.00
152 36.7851 101.7567 9 21 8
2  45.0 45.0 0.00
153 36.3324 86.3427 2 27 8
2  45.0 45.0 0.00
154 52.8095 106.8809 10 20 5
2  45.0 45.0 0.00
155 51.1959 116.4100 2 19 5
2  45.0 45.0 0.00
156 47.7917 88.1426 1 28 6
2  45.0 45.0 0.00
157 33.9468 103.2739 9 16 6
2  45.0 45.0 0.00
158 22.8579 80.7508 3 24 5
2  45.0 45.0 0.00
159 44.9380 129.0116 9 21 8
2  45.0 45.0 0.00
160 8.4858 101.1278 1 19 8
2  45.0 45.0 0.00
161 35.6886 128.8925 10 20 8
2  45.0 45.0 0.00
162 3.1459 118.7911 10 17 5
2  45.0 45.0 0.00
163 24.1663 106.1788 10 16 8
2  45.0 45.0 0.00
164 11.1041 82.1782 6 22 7
2  45.0 45.0 0.00
165 46.3505 129.2361 6 19 6
2  45.0 45.0 0.00
166 4.5196 88.8930 4 23 5
2  45.0 45.0 0.00
167 24.3519 130.2838 10 19 7
2  45.0 45.0 0.00
168 37.3697 82.9636 3 19 6
2  45.0 45.0 0.00
169 34.6987 130.3358 3 21 5
2  45.0 45.0 0.00
170 17.2890 124.8987 5 25 5
2  45.0 45.0 0.00
171 50.8373 131.0000 9 28 5
2  45.0 45.0 0.00
172 38.8253 112.3030 1 16 7
2  45.0 45.0 0.00
173 39.9018 83.6817 10 16 6
2  45.0 45.0 0.00
174 26.4298 88.0510 6 24 7
2  45.0 45.0 0.00
175 52.8011 123.2189 9 16 5
2  45.0 45.0 0.00
176 48.5707 102.7365 10 17 8
2  45.0 45.0 0.00
177 11.2706 105.9408 1 21 5
2  45.0 45.0 0.00
178 26.0186 78.1208 1 18 6
2  45.0 45.0 0.00
179 4.6172 75.2194 6 28 7
2  45.0 45.0 0.00
180 25.7973 125.1083 6 18 8
2  45.0 45.0 0.00
181 4.7465 87.0501 10 18 6
2  45.0 45.0 0.00
182 8.9882 123.5293 10 25 5
2  45.0 45.0 0.00
183 14.0449 103.3745 2 20 7
2  45.0 45.0 0.00
184 12.4511 119.1031 8 28 5
2  45.0 45.0 0.00
185 22.1625 74.8270 1 18 9
2  45.0 45.0 0.00
186 50.9516 130.4944 9 24 7
2  45.0 45.0 0.00
187 5.1471 88.8845 5 23 8
2  45.0 45.0 0.00
188 49.5622 92.9360 10 16 6
2  45.0 45.0 0.00
189 33.9108 94.3959 9 15 6
2  45.0 45.0 0.00
190 29.3051 112.3169 4 22 8
2  45.0 45.0 0.00
191 37.3781 131.1919 4 15 7
2  45.0 45.0 0.00
192 3.2239 132.8963 7 18 7
2  45.0 45.0 0.00
193 11.0762 84.1875 10 17 8
2  45.0 45.0 0.00
194 50.8078 131.1423 1 24 7
2  45.0 45.0 0.00
195 45.8377 113.3616 9 24 6
2  45.0 45.0 0.00
196 4.3325 131.9994 5 29 8
2  45.0 45.0 0.00
197 18.1876 102.1810 4 28 6
2  45.0 45.0 0.00
198 6.6539 86.5873 8 29 5
2  45.0 45.0 0.00
199 49.6486 78.2513 10 24 6
2  45.0 45.0 0.00
200 24.5878 86.1336 8 19 5
2  45.0 45.0 0.00
201 30.8533 74.6476 4 15 9
2  45.0 45.0 0.00
202 3.7434 94.4713 6 26 5
2  45.0 45.0 0.00
203 4.0578 74.5527 6 23 5
2  45.0 45.0 0.00
204 36.7587 88.3709 7 28 9
2  45.0 45.0 0.00
205 39.4850 132.2638 1 22 7
2  45.0 45.0 0.00
206 41.4616 76.7039 9 19 7
2  45.0 45.0 0.00
207 43.3878 112.4171 1 26 6
2  45.0 45.0 0.00
208 16.8145 98.5509 8 15 8
2  45.0 45.0 0.00
209 38.7611 101.9380 8 27 7
2  45.0 45.0 0.00
210 48.3547 103.5134 10 21 8
2  45.0 45.0 0.00
211 11.7787 91.6995 1 20 5
2  45.0 45.0 0.00
212 31.4668 105.5980 7 24 5
2  45.0 45.0 0.00
213 50.6568 78.3735 8 17 5
2  45.0 45.0 0.00
214 21.2102 86.7113 8 18 7
2  45.0 45.0 0.00
215 15.4663 87.3506 4 17 6
2  45.0 45.0 0.00
216 15.3700 80.4897 4 28 7
2  45.0 45.0 0.00
217 16.0338 110.9433 10 23 7
2  45.0 45.0 0.00
218 27.8050 90.1830 9 24 8
2  45.0 45.0 0.00
219 39.6495 120.1448 2 29 9
2  45.0 45.0 0.00
220 34.2832 90.7210 8 26 8
2  45.0 45.0 0.00
221 36.9286 87.7182 7 29 6
2  45.0 45.0 0.00
222 49.8199 80.8645 9 17 9
2  45.0 45.0 0.00
223 25.2254 110.1534 4 17 5
2  45.0 45.0 0.00
224 19.0374 104.5503 5 25 6
2  45.0 45.0 0.00
225 6.8911 108.4488 3 23 6
2  45.0 45.0 0.00
226 26.1789 88.3760 7 17 7
2  45.0 45.0 0.00
227 50.6025 95.4757 7 17 9
2  45.0 45.0 0.00
228 3.7687 111.3165 3 18 8
2  45.0 45.0 0.00
229 21.2512 80.2921 9 26 6
2  45.0 45.0 0.00
230 8.6884 108.7729 8 28 7
2  45.0 45.0 0.00
231 7.9913 109.2313 5 22 7
2  45.0 45.0 0.00
232 7.3880 113.6438 6 26 8
2  45.0 45.0 0.00
233 37.0066 129.5538 4 26 5
2  45.0 45.0 0.00
234 6.4956 101.7647 5 20 8
2  45.0 45.0 0.00
235 37.1071 91.2311 5 15 6
2  45.0 45.0 0.00
236 50.8143 121.7548 10 18 7
2  45.0 45.0 0.00
237 46.3682 93.1220 6 25 9
2  45.0 45.0 0.00
238 20.4098 127.4123 6 24 6
2  45.0 45.0 0.00
239 19.8988 127.2206 3 22 6
2  45.0 45.0 0.00
240 24.1230 94.9275 3 23 9
2  45.0 45.0 0.00
241 34.7178 88.0978 7 17 5
2  45.0 45.0 0.00
242 42.7988 108.7235 8 16 7
2  45.0 45.0 0.00
243 16.7589 98.9122 6 18 5
2  45.0 45.0 0.00
244 20.2382 89.3328 5 27 8
2  45.0 45.0 0.00
245 11.1521 123.6486 1 15 7
2  45.0 45.0 0.00
246 41.9232 120.6246 2 25 5
2  45.0 45.0 0.00
247 32.5414 86.1594 5 20 9
2  45.0 45.0 0.00
248 33.7867 83.9782 9 24 5
2  45.0 45.0 0.00
249 40.6402 122.6736 8 15 8
2  45.0 45.0 0.00
250 48.3053 114.7233 10 19 9
2  45.0 45.0 0.00
251 10.5124 105.5173 9 29 9
2  45.0 45.0 0.00
252 42.5106 86.4511 5 23 9
2  45.0 45.0 0.00
253 3.1116 128.2667 1 28 5
2  45.0 45.0 0.00
254 5.7928 78.2686 10 20 6
2  45.0 45.0 0.00
255 11.0897 112.6894 9 25 9
2  45.0 45.0 0.00
256 19.7574 120.9235 4 19 8
2  45.0 45.0 0.00
257 7.1538 101.7657 3 27 6
2  45.0 45.0 0.00
258 5.4437 87.1817 4 22 6
2  45.0 45.0 0.00
259 22.5775 108.5995 1 25 5
2  45.0 45.0 0.00
260 44.5847 128.4417 8 29 8
2  45.0 45.0 0.00
261 43.9148 94.0868 9 15 9
2  45.0 45.0 0.00
262 27.4379 124.4180 8 17 7
2  45.0 45.0 0.00
263 52.5744 129.5418 2 29 8
2  45.0 45.0 0.00
264 29.1402 78.9719 10 23 8
2  45.0 45.0 0.00
265 43.9747 107.3499 10 29 6
2  45.0 45.0 0.00
266 31.4234 132.3903 5 23 5
2  45.0 45.0 0.00
267 23.5560 124.0551 5 22 8
2  45.0 45.0 0.00
268 39.5815 101.7505 4 27 7
2  45.0 45.0 0.00
269 12.5953 78.0998 9 15 6
2  45.0 45.0 0.00
270 25.4593 111.1516 2 29 5
2  45.0 45.0 0.00
271 39.6080 92.5844 3 17 9
2  45.0 45.0 0.00
272 15.2899 95.3558 1 26 7
2  45.0 45.0 0.00
273 27.9459 90.6941 2 16 5
2  45.0 45.0 0.00
274 10.0284 98.5287 8 18 6
2  45.0 45.0 0.00
275 5.1814 88.8943 3 29 9
2  45.0 45.0 0.00
276 39.7248 106.9613 8 26 5
2  45.0 45.0 0.00
277 49.6304 75.5683 1 20 9
2  45.0 45.0 0.00
278 7.2357 112.5243 8 25 8
2  45.0 45.0 0.00
279 20.9517 115.0881 2 19 7
2  45.0 45.0 0.00
280 47.8502 132.3256 4 29 7
2  45.0 45.0 0.00
281 4.1854 99.1514 10 24 9
2  45.0 45.0 0.00
282 26.3628 92.6772 3 19 5
2  45.0 45.0 0.00
283 36.9888 108.6840 4 24 7
2  45.0 45.0 0.00
284 25.8057 128.3944 3 19 6
2  45.0 45.0 0.00
285 27.0915 117.5027 7 22 5
2  45.0 45.0 0.00
286 20.1080 129.5818 9 23 7
2  45.0 45.0 0.00
287 40.2868 107.8093 9 19 5
2  45.0 45.0 0.00
288 27.8376 98.4542 1 20 7
2  45.0 45.0 0.00
289 40.8380 95.1371 3 23 6
2  45.0 45.0 0.00
290 41.2150 75.7765 5 27 6
2  45.0 45.0 0.00
291 51.6882 114.6390 9 25 8
2  45.0 45.0 0.00
292 17.0998 129.2856 5 21 5
2  45.0 45.0 0.00
293 29.2113 120.4036 9 26 6
2  45.0 45.0 0.00
294 7.9811 88.8923 6 22 7
2  45.0 45.0 0.00
295 4.5938 105.4656 8 25 9
2  45.0 45.0 0.00
296 8.6439 82.0693 10 16 8
2  45.0 45.0 0.00
297 17.7943 79.5335 1 19 8
2  45.0 45.0 0.00
298 5.5876 124.5305 9 23 8
2  45.0 45.0 0.00
299 30.9329 132.0266 8 18 8
2  45.0 45.0 0.00
300 51.3350 110.6349 8 20 9
2  45.0 45.0 0.00
301 27.9714 106.2480 4 20 7
2  45.0 45.0 0.00
302 24.6336 132.4381 9 26 9
2  45.0 45.0 0.00
303 9.5421 122.3105 4 25 5
2  45.0 45.0 0.00
304 23.7667 103.4036 6 16 6
2  45.0 45.0 0.00
305 15.0390 115.8844 6 27 8
2  45.0 45.0 0.00
306 5.4050 91.3964 2 29 6
2  45.0 45.0 0.00
307 27.2815 121.6542 10 19 6
2  45.0 45.0 0.00
308 40.0877 118.6712 6 26 8
2  45.0 45.0 0.00
309 6.0559 79.7965 5 25 6
2  45.0 45.0 0.00
310 39.8409 88.0505 6 17 5
2  45.0 45.0 0.00
311 25.9987 105.1257 4 29 6
2  45.0 45.0 0.00
312 42.2344 117.8447 2 23 6
2  45.0 45.0 0.00
313 9.3033 73.6502 9 23 9
2  45.0 45.0 0.00
314 18.9969 103.7266 9 20 7
2  45.0 45.0 0.00
315 35.7074 119.1221 9 19 9
2  45.0 45.0 0.00
316 9.3752 74.9696 5 22 5
2  45.0 45.0 0.00
317 42.8629 81.5335 5 27 9
2  45.0 45.0 0.00
318 50.5101 124.1089 5 15 6
2  45.0 45.0 0.00
319 52.7171 83.8362 8 20 9
2  45.0 45.0 0.00
320 5.5141 107.7326 4 26 7
2  45.0 45.0 0.00
321 14.2353 124.2683 3 25 6
2  45.0 45.0 0.00
322 37.5636 86.6301 7 15 9
2  45.0 45.0 0.00
323 40.5930 88.6815 1 21 9
2  45.0 45.0 0.00
324 52.1920 83.9561 1 25 7
2  45.0 45.0 0.00
325 26.4061 102.1398 10 17 8
2  45.0 45.0 0.00
326 26.6773 98.5237 9 20 8
2  45.0 45.0 0.00
327 30.4314 89.4594 5 15 9
2  45.0 45.0 0.00
328 50.1393 101.1892 2 22 5
2  45.0 45.0 0.00
329 39.1517 123.2452 8 18 6
2  45.0 45.0 0.00
330 39.6492 119.7205 1 20 9
2  45.0 45.0 0.00
331 46.3840 127.3841 4 19 7
2  45.0 45.0 0.00
332 39.9521 112.8693 9 29 7
2  45.0 45.0 0.00
333 16.2938 126.0547 3 20 7
2  45.0 45.0 0.00
334 26.8768 86.0108 5 22 8
2  45.0 45.0 0.00
335 28.7010 113.5416 1 22 8
2  45.0 45.0 0.00
336 34.5351 89.8229 3 29 8
2  45.0 45.0 0.00
337 37.7435 76.7820 2 20 6
2  45.0 45.0 0.00
338 35.1113 130.2635 6 22 5
2  45.0 45.0 0.00
339 16.9149 102.7571 5 15 9
2  45.0 45.0 0.00
340 44.9394 100.4391 6 26 8
2  45.0 45.0 0.00
341 28.8069 90.2123 6 23 9
2  45.0 45.0 0.00
342 12.5994 97.0451 9 25 6
2  45.0 45.0 0.00
343 25.9331 113.6927 2 19 6
2  45.0 45.0 0.00
344 13.1422 102.1418 6 16 9
2  45.0 45.0 0.00
345 29.1573 114.0975 9 20 6
2  45.0 45.0 0.00
346 3.9035 112.2531 8 23 5
2  45.0 45.0 0.00
347 11.6692 102.0655 4 18 5
2  45.0 45.0 0.00
348 23.4000 102.5528 6 22 7
2  45.0 45.0 0.00
349 15.0737 89.7681 4 18 9
2  45.0 45.0 0.00
350 33.0043 83.7422 10 24 7
2  45.0 45.0 0.00
351 20.6546 96.0967 4 28 9
2  45.0 45.0 0.00
352 44.5590 127.2871 1 18 5
2  45.0 45.0 0.00
353 29.8885 123.4224 8 23 9
2  45.0 45.0 0.00
354 51.7118 99.4958 10 18 8
2  45.0 45.0 0.00
355 38.5148 130.2005 2 23 7
2  45.0 45.0 0.00
356 15.1838 100.5883 6 21 6
2  45.0 45.0 0.00
357 44.9516 73.9161 2 17 8
2  45.0 45.0 0.00
358 42.4219 106.2184 1 19 5
2  45.0 45.0 0.00
359 28.1608 88.8347 8 21 8
2  45.0 45.0 0.00
360 23.0551 116.3122 9 19 9
2  45.0 45.0 0.00
361 10.9245 130.3020 1 27 6
2  45.0 45.0 0.00
362 22.9876 121.4657 7 21 6
2  45.0 45.0 0.00
363 21.5687 100.7627 8 28 9
2  45.0 45.0 0.00
364 29.1251 114.9151 10 26 9
2  45.0 45.0 0.00
365 24.0299 81.5690 3 17 5
2  45.0 45.0 0.00
366 25.3193 102.2379 7 28 8
2  45.0 45.0 0.00
367 29.0903 83.4574 2 22 6
2  45.0 45.0 0.00
368 47.2000 83.3242 1 27 5
2  45.0 45.0 0.00
369 52.0339 81.1514 7 28 6
2  45.0 45.0 0.00
370 5.0252 96.1458 4 23 8
2  45.0 45.0 0.00
371 38.1258 130.4050 3 20 8
2  45.0 45.0 0.00
372 3.7836 119.9823 6 27 8
2  45.0 45.0 0.00
373 48.6226 128.8778 2 25 5
2  45.0 45.0 0.00
374 12.8542 130.8597 3 23 9
2  45.0 45.0 0.00
375 20.5216 124.4023 1 23 6
2  45.0 45.0 0.00
376 17.2371 85.6914 3 28 8
2  45.0 45.0 0.00
377 6.0311 126.2665 6 16 7
2  45.0 45.0 0.00
378 31.2528 121.8644 5 26 8
2  45.0 45.0 0.00
379 8.0481 95.1418 1 17 5
2  45.0 45.0 0.00
380 5.4691 98.0006 8 25 9
2  45.0 45.0 0.00
381 6.8088 123.4586 2 26 8
2  45.0 45.0 0.00
382 45.2906 95.1739 10 15 7
2  45.0 45.0 0.00
383 43.2074 124.9499 4 17 5
2  45.0 45.0 0.00
384 4.2338 121.0066 2 19 8
2  45.0 45.0 0.00
385 22.1339 85.1054 8 27 8
2  45.0 45.0 0.00
386 52.0700 114.9560 10 23 8
2  45.0 45.0 0.00
387 46.4032 101.7082 2 29 7
2  45.0 45.0 0.00
388 13.9822 79.8078 5 21 7
2  45.0 45.0 0.00
389 12.7746 118.9542 7 18 7
2  45.0 45.0 0.00
390 14.7565 86.3159 3 15 9
2  45.0 45.0 0.00
391 15.4636 79.2523 7 15 6
2  45.0 45.0 0.00
392 46.7209 74.9815 9 29 8
2  45.0 45.0 0.00
393 10.3273 120.5291 10 21 6
2  45.0 45.0 0.00
394 19.2839 128.6795 5 25 8
2  45.0 45.0 0.00
395 48.5607 93.5659 9 27 5
2  45.0 45.0 0.00
396 33.8387 129.8674 6 20 7
2  45.0 45.0 0.00
397 40.9735 112.0784 8 25 9
2  45.0 45.0 0.00
398 41.1929 101.6153 10 25 8
2  45.0 45.0 0.00
399 12.3310 81.3239 7 26 7
2  45.0 45.0 0.00
400 23.1670 92.6186 5 28 9
2  45.0 45.0 0.00
401 18.3569 105.6183 9 21 5
2  45.0 45.0 0.00
402 48.3254 88.4186 8 28 8
2  45.0 45.0 0.00
403 49.3315 112.0070 2 20 9
2  45.0 45.0 0.00
404 27.7620 80.0185 3 22 7
2  45.0 45.0 0.00
405 45.4378 88.5496 7 15 9
2  45.0 45.0 0.00
406 41.6241 108.3270 8 20 8
2  45.0 45.0 0.00
407 17.4898 74.4763 2 21 8
2  45.0 45.0 0.00
408 13.7915 85.8422 5 24 5
2  45.0 45.0 0.00
409 28.3441 108.1576 1 28 7
2  45.0 45.0 0.00
410 29.8252 117.5255 7 26 6
2  45.0 45.0 0.00
411 17.3182 122.2301 10 22 6
2  45.0 45.0 0.00
412 5.3989 104.7817 1 21 6
2  45.0 45.0 0.00
413 18.8862 127.8955 10 18 8
2  45.0 45.0 0.00
414 48.1013 87.9119 9 25 7
2  45.0 45.0 0.00
415 17.0601 100.3685 10 20 6
2  45.0 45.0 0.00
416 16.1399 93.6679 2 23 6
2  45.0 45.0 0.00
417 4.5196 121.1692 2 15 8
2  45.0 45.0 0.00
418 26.4647 103.2190 9 16 8
2  45.0 45.0 0.00
419 37.3068 118.7855 4 20 5
2  45.0 45.0 0.00
420 32.5978 92.8727 8 19 7
2  45.0 45.0 0.00
421 17.3986 74.6642 8 18 6
2  45.0 45.0 0.00
422 44.5111 101.8340 7 17 5
2  45.0 45.0 0.00
423 38.1756 132.5449 8 17 5
2  45.0 45.0 0.00
424 28.7452 125.6474 10 23 9
2  45.0 45.0 0.00
425 22.9188 81.9042 5 16 5
2  45.0 45.0 0.00
426 28.9056 79.5026 3 17 8
2  45.0 45.0 0.00
427 49.5793 77.3426 6 29 7
2  45.0 45.0 0.00
428 3.1328 106.4000 9 25 9
2  45.0 45.0 0.00
429 52.4364 94.7729 10 29 9
2  45.0 45.0 0.00
430 37.6860 109.0436 7 17 6
2  45.0 45.0 0.00
431 38.7250 117.0124 2 21 5
2  45.0 45.0 0.00
432 9.9784 129.9170 4 16 5
2  45.0 45.0 0.00
433 39.0923 91.8245 2 21 7
2  45.0 45.0 0.00
434 34.5568 75.0348 9 25 6
2  45.0 45.0 0.00
435 50.9119 82.5885 10 24 9
2  45.0 45.0 0.00
436 4.7747 83.6049 5 18 7
2  45.0 45.0 0.00
437 48.8692 127.5347 7 29 7
2  45.0 45.0 0.00
438 12.9023 110.0636 9 27 5
2  45.0 45.0 0.00
439 5.7020 101.2055 8 25 8
2  45.0 45.0 0.00
440 36.7494 126.8787 3 21 9
2  45.0 45.0 0.00
441 35.9904 128.8739 1 28 6
2  45.0 45.0 0.00
442 30.7346 78.7010 3 24 8
2  45.0 45.0 0.00
443 51.1411 116.2286 4 24 7
2  45.0 45.0 0.00
444 43.6467 94.4193 3 29 8
2  45.0 45.0 0.00
445 3.6705 86.5357 7 23 7
2  45.0 45.0 0.00
446 27.4073 100.8009 10 27 7
2  45.0 45.0 0.00
447 9.8758 118.1523 8 18 7
2  45.0 45.0 0.00
448 52.3076 131.8570 10 25 6
2  45.0 45.0 0.00
449 8.1515 132.1341 4 16 8
2  45.0 45.0 0.00
450 19.6781 124.9828 8 19 7
2  45.0 45.0 0.00
451 18.9000 128.1716 5 26 6
2  45.0 45.0 0.00
452 24.7106 94.4361 1 20 6
2  45.0 45.0 0.00
453 7.5671 87.1490 8 16 9
2  45.0 45.0 0.00
454 13.5141 102.4391 3 17 7
2  45.0 45.0 0.00
455 44.5992 111.9955 3 25 6
2  45.0 45.0 0.00
456 4.3921 80.6559 6 27 8
2  45.0 45.0 0.00
457 34.0883 83.9902 6 20 5
2  45.0 45.0 0.00
458 13.8994 73.5549 5 28 7
2  45.0 45.0 0.00
459 34.4442 108.2357 6 20 7
2  45.0 45.0 0.00
460 46.3606 127.1682 3 17 7
2  45.0 45.0 0.00
461 45.1456 114.9968 6 27 6
2  45.0 45.0 0.00
462 36.4037 84.7809 7 20 8
2  45.0 45.0 0.00
463 18.3307 104.0194 1 24 8
2  45.0 45.0 0.00
464 48.4086 126.6104 2 29 7
2  45.0 45.0 0.00
465 13.0517 109.2710 1 26 9
2  45.0 45.0 0.00
466 15.2361 90.1724 7 18 5
2  45.0 45.0 0.00
467 9.2519 131.5026 7 19 5
2  45.0 45.0 0.00
468 49.0909 95.4503 8 16 7
2  45.0 45.0 0.00
469 4.0821 111.1024 8 16 7
2  45.0 45.0 0.00
470 8.5947 130.2065 3 23 6
2  45.0 45.0 0.00
471 51.6852 127.5560 4 24 7
2  45.0 45.0 0.00
472 14.9197 129.3174 4 27 7
2  45.0 45.0 0.00
473 22.0934 132.1245 4 18 5
2  45.0 45.0 0.00
474 19.5785 84.1642 9 21 5
2  45.0 45.0 0.00
475 29.7000 120.5079 2 22 8
2  45.0 45.0 0.00
476 31.2997 103.6289 10 20 8
2  45.0 45.0 0.00
477 17.5640 114.5831 6 27 9
2  45.0 45.0 0.00
478 13.7885 92.2634 8 27 9
2  45.0 45.0 0.00
479 52.1598 104.5280 5 22 5
2  45.0 45.0 0.00
480 4.8117 97.5652 4 29 7
2  45.0 45.0 0.00
481 49.2912 103.9217 9 23 5
2  45.0 45.0 0.00
482 12.0953 95.6066 8 29 7
2  45.0 45.0 0.00
483 39.3957 107.6845 8 16 5
2  45.0 45.0 0.00
484 37.4408 82.9264 1 20 6
2  45.0 45.0 0.00
485 3.5257 94.4902 7 24 7
2  45.0 45.0 0.00
486 3.4267 89.9975 3 21 6
2  45.0 45.0 0.00
487 10.8287 104.4497 10 27 9
2  45.0 45.0 0.00
488 41.7960 81.4355 7 24 5
2  45.0 45.0 0.00
489 44.9497 96.2100 6 19 5
2  45.0 45.0 0.00
490 23.2561 98.9667 8 21 9
2  45.0 45.0 0.00
491 46.5397 74.2041 8 23 9
2  45.0 45.0 0.00
492 31.3827 127.5959 9 15 9
2  45.0 45.0 0.00
493 47.9307 128.3125 8 24 7
2  45.0 45.0 0.00
494 13.1876 117.3406 7 18 7
2  45.0 45.0 0.00
495 30.4112 105.2197 4 19 9
2  45.0 45.0 0.00
496 34.1840 75.9155 9 23 8
2  45.0 45.0 0.00
497 31.7878 122.9487 9 22 8
2  45.0 45.0 0.00
498 9.8253 129.0929 1 29 5
2  45.0 45.0 0.00
499 46.2993 81.2411 1 24 6
2  45.0 45.0 0.00
500 48.8559 119.5265 7 26 6
2  45.0 45.0 0.00
501 36.3056 86.4042 6 15 8
2  45.0 45.0 0.00
502 19.6899 114.3195 2 25 5
2  45.0 45.0 0.00
503 28.9531 93.4034 3 18 5
2  45.0 45.0 0.00
504 6.3068 100.1431 2 29 7
2  45.0 45.0 0.00
505 16.4434 118.4744 6 17 7
2  45.0 45.0 0.00
506 23.5436 126.0292 5 15 6
2  45.0 45.0 0.00
507 45.4119 91.5323 10 17 6
2  45.0 45.0 0.00
508 20.6176 122.7804 2 27 7
2  45.0 45.0 0.00
509 25.3924 85.8323 8 29 8
2  45.0 45.0 0.00
510 29.2965 128.1860 6 22 5
2  45.0 45.0 0.00
511 26.2367 119.7258 6 18 9
2  45.0 45.0 0.00
512 48.4102 75.1094 3 23 6
2  45.0 45.0 0.00
513 25.4989 111.7243 8 22 5
2  45.0 45.0 0.00
514 13.5096 82.9126 4 29 5
2  45.0 45.0 0.00
515 14.8231 112.1226 9 23 8
2  45.0 45.0 0.00
516 5.7498 121.6141 1 21 9
2  45.0 45.0 0.00
517 27.5553 96.6869 10 29 8
2  45.0 45.0 0.00
518 6.4737 76.6802 5 19 9
2  45.0 45.0 0.00
519 18.8598 86.9711 3 23 8
2  45.0 45.0 0.00
520 43.1221 116.8584 3 27 6
2  45.0 45.0 0.00
521 21.0360 128.6816 4 22 6
2  45.0 45.0 0.00
522 43.6345 87.2145 4 22 9
2  45.0 45.0 0.00
523 7.8985 110.7716 3 25 6
2  45.0 45.0 0.00
524 5.7598 114.7765 3 27 8
2  45.0 45.0 0.00
525 10.4427 125.8826 4 15 8
2  45.0 45.0 0.00
526 3.1806 77.2349 6 27 7
2  45.0 45.0 0.00
527 19.2012 132.3151 3 15 7
2  45.0 45.0 0.00
528 31.1539 128.4915 6 25 6
2  45.0 45.0 0.00
529 44.6283 106.7269 7 21 8
2  45.0 45.0 0.00
530 37.3834 104.1426 2 19 7
2  45.0 45.0 0.00
531 8.3084 128.3299 3 17 5
2  45.0 45.0 0.00
532 26.9672 125.2714 2 25 8
2  45.0 45.0 0.00
533 40.1054 97.0514 4 15 7
2  45.0 45.0 0.00
534 8.4692 109.9748 10 17 8
2  45.0 45.0 0.00
535 9.5169 132.9752 7 21 5
2  45.0 45.0 0.00
536 32.3369 98.9430 5 20 8
2  45.0 45.0 0.00
537 27.2284 120.0195 9 20 6
2  45.0 45.0 0.00
538 23.0929 124.0168 2 29 7
2  45.0 45.0 0.00
539 37.5944 87.2340 1 29 5
2  45.0 45.0 0.00
540 24.5855 104.0387 9 28 8
2  45.0 45.0 0.00
541 6.5711 95.5286 1 23 8
2  45.0 45.0 0.00
542 8.3291 100.5935 2 16 7
2  45.0 45.0 0.00
543 5.3480 103.7986 6 15 9
2  45.0 45.0 0.00
544 50.9225 73.7615 9 27 7
2  45.0 45.0 0.00
545 15.9552 113.4711 6 26 8
2  45.0 45.0 0.00
546 47.6552 74.8512 1 21 5
2  45.0 45.0 0.00
547 6.4714 106.8702 1 23 8
2  45.0 45.0 0.00
548 8.4546 86.6591 8 24 5
2  45.0 45.0 0.00
549 50.0983 118.9198 1 20 9
2  45.0 45.0 0.00
550 11.9289 84.5834 1 16 5
2  45.0 45.0 0.00
551 23.9509 114.2935 10 21 6
2  45.0 45.0 0.00
552 22.8451 111.2936 8 28 8
2  45.0 45.0 0.00
553 6.7864 74.2124 3 28 7
2  45.0 45.0 0.00
554 27.1229 129.5479 6 21 5
2  45.0 45.0 0.00
555 39.5399 95.6549 8 25 6
2  45.0 45.0 0.00
556 27.6887 91.9670 6 28 8
2  45.0 45.0 0.00
557 38.0024 130.1955 9 18 6
2  45.0 45.0 0.00
558 22.0601 80.8104 7 19 9
2  45.0 45.0 0.00
559 26.5433 92.0970 4 28 9
2  45.0 45.0 0.00
560 49.0879 123.7515 10 27 6
2  45.0 45.0 0.00
561 14.8057 118.7721 6 29 7
2  45.0 45.0 0.00
562 5.0718 130.9896 2 15 8
2  45.0 45.0 0.00
563 7.0393 116.8068 3 19 9
2  45.0 45.0 0.00
564 9.1235 118.8240 6 25 9
2  45.0 45.0 0.00
565 20.6142 111.9155 2 23 8
2  45.0 45.0 0.00
566 23.6258 102.5546 3 27 7
2  45.0 45.0 0.00
567 35.3958 102.0712 7 23 5
2  45.0 45.0 0.00
568 49.8590 73.0842 6 27 5
2  45.0 45.0 0.00
569 23.7355 78.3049 6 23 7
2  45.0 45.0 0.00
570 40.0376 74.0944 3 29 6
2  45.0 45.0 0.00
571 10.9013 82.7459 9 29 5
2  45.0 45.0 0.00
572 32.3761 83.5784 3 17 5
2  45.0 45.0 0.00
573 30.4430 81.2115 8 24 5
2  45.0 45.0 0.00
574 32.8133 81.6028 7 18 6
2  45.0 45.0 0.00
575 9.0533 130.6110 6 24 6
2  45.0 45.0 0.00
576 16.1934 76.8155 8 15 7
2  45.0 45.0 0.00
577 22.7138 104.9984 6 21 7
2  45.0 45.0 0.00
578 27.2742 105.5336 5 20 9
2  45.0 45.0 0.00
579 41.0437 121.4077 1 24 6
2  45.0 45.0 0.00
580 16.8926 101.4384 1 22 9
2  45.0 45.0 0.00
581 32.8687 119.3598 7 24 8
2  45.0 45.0 0.00
582 12.8921 103.9851 8 24 7
2  45.0 45.0 0.00
583 29.1965 82.4070 10 25 8
2  45.0 45.0 0.00
584 3.7777 114.0466 4 15 7
2  45.0 45.0 0.00
585 5.7019 118.0884 2 20 6
2  45.0 45.0 0.00
586 18.7136 94.0083 9 20 6
2  45.0 45.0 0.00
587 42.4948 105.4676 5 16 8
2  45.0 45.0 0.00
588 34.0806 127.6910 10 24 9
2  45.0 45.0 0.00
589 51.4533 126.5904 3 28 9
2  45.0 45.0 0.00
590 33.2045 77.9033 5 29 9
2  45.0 45.0 0.00
591 32.6871 99.6440 1 29 8
2  45.0 45.0 0.00
592 45.2950 95.7386 7 19 9
2  45.0 45.0 0.00
593 45.3852 80.3020 5 21 5
2  45.0 45.0 0.00
594 52.1402 77.5380 2 29 8
2  45.0 45.0 0.00
595 8.2019 74.8130 8 17 6
2  45.0 45.0 0.00
596 11.0433 123.5530 2 22 9
2  45.0 45.0 0.00
597 14.6275 97.8959 3 23 6
2  45.0 45.0 0.00
598 20.2914 108.5730 9 19 5
2  45.0 45.0 0.00
599 15.1317 110.5883 1 25 7
2  45.0 45.0 0.00
600 45.3683 102.4091 5 27 8
2  45.0 45.0 0.00
601 29.4228 81.0844 5 17 5
2  45.0 45.0 0.00
602 31.1763 89.6187 10 24 8
2  45.0 45.0 0.00
603 3.1675 126.9087 5 21 8
2  45.0 45.0 0.00
604 24.6387 108.1862 2 17 6
2  45.0 45.0 0.00
605 22.4960 120.3800 9 27 8
2  45.0 45.0 0.00
606 26.8783 94.4812 6 25 9
2  45.0 45.0 0.00
607 36.5357 131.9569 4 25 6
2  45.0 45.0 0.00
608 7.8905 86.9960 7 21 6
2  45.0 45.0 0.00
609 6.4425 128.7035 3 24 8
2  45.0 45.0 0.00
610 20.2079 85.0820 1 28 6
2  45.0 45.0 0.00
611 16.0465 91.0907 1 24 9
2  45.0 45.0 0.00
612 39.9395 92.7066 2 22 7
2  45.0 45.0 0.00
613 13.2753 106.9157 5 27 6
2  45.0 45.0 0.00
614 4.0367 83.9411 9 15 5
2  45.0 45.0 0.00
615 12.9753 81.4237 1 28 9
2  45.0 45.0 0.00
616 26.0764 80.4860 8 17 8
2  45.0 45.0 0.00
617 16.8100 100.2671 2 21 9
2  45.0 45.0 0.00
618 21.4600 92.8851 1 26 6
2  45.0 45.0 0.00
619 41.4683 116.7852 10 28 9
2  45.0 45.0 0.00
620 28.1794 79.2931 1 20 9
2  45.0 45.0 0.00
621 11.0902 81.5323 1 27 6
2  45.0 45.0 0.00
622 9.0268 96.9783 9 25 6
2  45.0 45.0 0.00
623 33.7011 84.1775 7 28 6
2  45.0 45.0 0.00
624 40.5526 81.0414 2 29 6
2  45.0 45.0 0.00
625 37.4658 98.6572 5 26 5
2  45.0 45.0 0.00
626 26.4877 88.3589 4 15 9
2  45.0 45.0 0.00
627 20.8321 118.2509 3 19 7
2  45.0 45.0 0.00
628 9.6997 111.0940 1 18 5
2  45.0 45.0 0.00
629 51.4781 109.7340 10 22 8
2  45.0 45.0 0.00
630 32.1537 122.9406 4 22 8
2  45.0 45.0 0.00
631 21.4782 79.7423 4 17 7
2  45.0 45.0 0.00
632 39.7093 93.6942 4 25 9
2  45.0 45.0 0.00
633 46.2278 93.0690 4 27 9
2  45.0 45.0 0.00
634 45.9921 127.1475 3 20 6
2  45.0 45.0 0.00
635 8.8076 127.3705 1 29 6
2  45.0 45.0 0.00
636 6.8541 127.0089 5 17 9
2  45.0 45.0 0.00
637 34.8706 117.9854 8 21 7
2  45.0 45.0 0.00
638 15.2135 109.7252 9 27 5
2  45.0 45.0 0.00
639 42.4546 130.2124 3 19 8
2  45.0 45.0 0.00
640 34.7540 118.2303 1 22 6
2  45.0 45.0 0.00
641 37.0308 102.3837 5 17 8
2  45.0 45.0 0.00
642 26.1695 81.4220 3 27 9
2  45.0 45.0 0.00
643 44.7019 83.0146 3 28 5
2  45.0 45.0 0.00
644 8.7399 128.9318 8 19 5
2  45.0 45.0 0.00
645 15.3877 75.4189 1 17 5
2  45.0 45.0 0.00
646 11.1306 107.4397 3 19 6
2  45.0 45.0 0.00
647 19.1622 95.1636 9 27 6
2  45.0 45.0 0.00
648 10.3842 109.0055 1 26 6
2  45.0 45.0 0.00
649 8.1952 118.1920 4 28 9
2  45.0 45.0 0.00
650 34.1091 77.7142 5 17 9
2  45.0 45.0 0.00
651 38.1441 99.1639 10 20 6
2  45.0 45.0 0.00
652 35.0151 93.3948 3 16 6
2  45.0 45.0 0.00
653 47.4698 123.8882 1 24 5
2  45.0 45.0 0.00
654 26.2323 92.3388 10 23 5
2  45.0 45.0 0.00
655 28.7353 82.1756 6 29 8
2  45.0 45.0 0.00
656 27.7277 80.9678 10 18 8
2  45.0 45.0 0.00
657 7.2021 97.7703 7 19 6
2  45.0 45.0 0.00
658 47.3589 131.4625 2 23 5
2  45.0 45.0 0.00
659 43.3886 104.1721 5 21 6
2  45.0 45.0 0.00
660 15.7884 78.8072 6 26 9
2  45.0 45.0 0.00
661 17.9934 105.2819 10 15 7
2  45.0 45.0 0.00
662 30.4978 100.2938 5 24 6
2  45.0 45.0 0.00
663 28.3753 78.8791 8 21 8
2  45.0 45.0 0.00
664 26.8278 104.9418 10 21 9
2  45.0 45.0 0.00
665 27.5135 119.1685 1 21 8
2  45.0 45.0 0.00
666 52.7586 117.7544 8 25 6
2  45.0 45.0 0.00
667 22.8883 93.8752 7 19 8
2  45.0 45.0 0.00
668 30.3005 95.7205 4 28 8
2  45.0 45.0 0.00
669 24.6141 92.0505 6 17 6
2  45.0 45.0 0.00
670 38.4893 76.2806 9 24 6
2  45.0 45.0 0.00
671 39.1702 113.6150 1 26 9
2  45.0 45.0 0.00
672 29.5196 79.4631 5 19 8
2  45.0 45.0 0.00
673 43.2024 119.1359 5 21 8
2  45.0 45.0 0.00
674 10.9793 121.1364 4 27 7
2  45.0 45.0 0.00
675 7.8941 111.2446 5 24 7
2  45.0 45.0 0.00
676 11.6381 107.2396 7 15 9
2  45.0 45.0 0.00
677 50.0248 77.9536 1 20 5
2  45.0 45.0 0.00
678 39.0425 106.3948 10 21 5
2  45.0 45.0 0.00
679 24.9146 77.0666 8 18 6
2  45.0 45.0 0.00
680 36.1675 126.4359 8 22 5
2  45.0 45.0 0.00
681 48.3757 86.0052 8 18 9
2  45.0 45.0 0.00
682 7.2997 75.5417 10 20 6
2  45.0 45.0 0.00
683 50.9866 76.4786 4 22 8
2  45.0 45.0 0.00
684 39.0744 98.2484 6 18 8
2  45.0 45.0 0.00
685 33.1503 95.6972 7 25 8
2  45.0 45.0 0.00
686 4.5052 97.9246 10 19 8
2  45.0 45.0 0.00
687 17.1081 75.6338 10 15 5
2  45.0 45.0 0.00
688 39.1871 123.0502 2 21 6
2  45.0 45.0 0.00
689 36.9244 83.7778 9 17 9
2  45.0 45.0 0.00
690 22.0157 108.0351 9 23 9
2  45.0 45.0 0.00
691 15.1272 112.7205 1 27 7
2  45.0 45.0 0.00
692 29.4613 103.4361 2 24 9
2  45.0 45.0 0.00
693 36.5292 117.2240 10 26 6
2  45.0 45.0 0.00
694 48.7918 76.4152 1 20 7
2  45.0 45.0 0.00
695 47.3660 132.9503 8 29 9
2  45.0 45.0 0.00
696 24.1688 84.0289 10 28 8
2  45.0 45.0 0.00
697 25.3093 122.6972 6 22 7
2  45.0 45.0 0.00
698 34.0077 86.8373 8 23 9
2  45.0 45.0 0.00
699 13.8237 85.1449 7 22 6
2  45.0 45.0 0.00
700 50.0711 99.5183 3 29 8
2  45.0 45.0 0.00
701 19.1697 84.4279 10 16 5
2  45.0 45.0 0.00
702 15.1686 114.8791 2 29 7
2  45.0 45.0 0.00
703 20.2706 109.0292 8 27 6
2  45.0 45.0 0.00
704 45.1148 87.7284 5 17 7
2  45.0 45.0 0.00
705 37.2607 102.6108 5 21 9
2  45.0 45.0 0.00
706 37.2452 104.8580 6 24 8
2  45.0 45.0 0.00
707 52.0703 87.3998 10 17 9
2  45.0 45.0 0.00
708 15.7860 117.7283 3 22 7
2  45.0 45.0 0.00
709 49.1085 88.4959 5 15 6
2  45.0 45.0 0.00
710 33.7993 93.9225 3 16 9
2  45.0 45.0 0.00
711 37.7975 90.3997 4 21 6
2  45.0 45.0 0.00
712 44.4941 118.2272 3 17 7
2  45.0 45.0 0.00
713 38.6202 78.6926 5 20 7
2  45.0 45.0 0.00
714 8.2707 100.1704 8 29 5
2  45.0 45.0 0.00
715 7.8412 119.5458 3 25 5
2  45.0 45.0 0.00
716 24.3475 99.1124 6 17 8
2  45.0 45.0 0.00
717 19.8097 98.4067 10 25 6
2  45.0 45.0 0.00
718 37.5705 121.6309 3 27 8
2  45.0 45.0 0.00
719 28.0967 106.9376 5 15 9
2  45.0 45.0 0.00
720 44.3646 128.4902 8 23 7
2  45.0 45.0 0.00
721 11.1574 94.0178 2 15 8
2  45.0 45.0 0.00
722 49.0093 106.4447 3 21 9
2  45.0 45.0 0.00
723 22.7338 106.8176 9 22 7
2  45.0 45.0 0.00
724 17.4480 96.7132 2 15 6
2  45.0 45.0 0.00
725 17.7450 111.4544 1 20 8
2  45.0 45.0 0.00
726 29.5599 118.1559 7 26 6
2  45.0 45.0 0.00
727 28.1056 126.4524 7 25 7
2  45.0 45.0 0.00
728 52.2949 97.4354 8 29 5
2  45.0 45.0 0.00
729 9.6999 97.1455 4 29 9
2  45.0 45.0 0.00
730 49.9153 74.9694 1 23 8
2  45.0 45.0 0.00
731 24.6036 125.2390 5 19 7
2  45.0 45.0 0.00
732 29.1121 131.1783 9 20 5
2  45.0 45.0 0.00
733 11.3793 118.7699 8 17 5
2  45.0 45.0 0.00
734 28.1901 126.4684 4 15 8
2  45.0 45.0 0.00
735 47.0852 96.8361 2 15 9
2  45.0 45.0 0.00
736 47.6237 112.8064 10 23 8
2  45.0 45.0 0.00
737 27.9187 85.9973 8 15 8
2  45.0 45.0 0.00
738 34.5732 106.9203 3 17 8
2  45.0 45.0 0.00
739 3.8130 75.5759 3 29 6
2  45.0 45.0 0.00
740 21.5583 87.1111 3 27 7
2  45.0 45.0 0.00
741 5.3584 132.7929 6 27 8
2  45.0 45.0 0.00
742 4.7402 122.9701 7 22 7
2  45.0 45.0 0.00
743 45.9401 96.7689 10 26 6
2  45.0 45.0 0.00
744 50.5483 118.6638 3 21 9
2  45.0 45.0 0.00
745 49.9232 114.9330 7 20 7
2  45.0 45.0 0.00
746 44.9386 97.0727 2 26 8
2  45.0 45.0 0.00
747 35.8645 123.7891 6 16 5
2  45.0 45.0 0.00
748 28.0912 95.2974 8 20 5
2  45.0 45.0 0.00
749 42.9314 78.0165 3 24 8
2  45.0 45.0 0.00
750 34.0056 90.1405 5 26 5
2  45.0 45.0 0.00
751 33.5052 122.0329 3 28 9
2  45.0 45.0 0.00
752 20.4142 109.0712 7 21 7
2  45.0 45.0 0.00
753 34.6796 77.7836 8 27 5
2  45.0 45.0 0.00
754 3.6159 92.2810 4 25 7
2  45.0 45.0 0.00
755 31.9671 96.5687 8 19 8
2  45.0 45.0 0.00
756 45.7428 78.0052 9 25 5
2  45.0 45.0 0.00
757 30.6548 111.7326 6 25 6
2  45.0 45.0 0.00
758 45.0037 129.8894 10 18 7
2  45.0 45.0 0.00
759 48.0319 129.6185 4 28 6
2  45.0 45.0 0.00
760 38.9450 87.2966 6 23 6
2  45.0 45.0 0.00
761 17.9381 108.6698 5 18 6
2  45.0 45.0 0.00
762 13.8646 105.3183 7 17 9
2  45.0 45.0 0.00
763 16.2432 126.0160 8 21 9
2  45.0 45.0 0.00
764 52.4025 95.6817 3 21 5
2  45.0 45.0 0.00
765 6.2081 77.0937 5 18 5
2  45.0 45.0 0.00
766 34.7850 103.9027 9 28 5
2  45.0 45.0 0.00
767 33.8289 103.7483 2 20 7
2  45.0 45.0 0.00
768 50.9300 97.9556 3 20 8
2  45.0 45.0 0.00
769 18.0718 118.6825 8 19 8
2  45.0 45.0 0.00
770 3.8519 104.0506 2 28 5
2  45.0 45.0 0.00
771 20.0436 119.3743 6 21 9
2  45.0 45.0 0.00
772 14.5267 95.0119 4 16 7
2  45.0 45.0 0.00
773 38.1123 110.7010 1 15 8
2  45.0 45.0 0.00
774 40.6196 105.2764 2 27 8
2  45.0 45.0 0.00
775 31.6062 132.7762 3 26 7
2  45.0 45.0 0.00
776 18.1393 118.5040 2 22 5
2  45.0 45.0 0.00
777 8.9095 109.2902 9 26 7
2  45.0 45.0 0.00
778 45.1836 76.8323 9 21 6
2  45.0 45.0 0.00
779 32.5867 93.7784 10 28 8
2  45.0 45.0 0.00
780 36.6543 115.7592 1 22 7
2  45.0 45.0 0.00
781 26.9549 114.4230 4 17 9
2  45.0 45.0 0.00
782 20.2301 73.6236 1 15 8
2  45.0 45.0 0.00
783 26.6067 124.3065 1 15 8
2  45.0 45.0 0.00
784 7.8705 125.1005 10 22 9
2  45.0 45.0 0.00
785 37.4260 78.9058 3 23 8
2  45.0 45.0 0.00
786 14.2908 79.2170 7 16 7
2  45.0 45.0 0.00
787 32.5066 86.9428 5 28 8
2  45.0 45.0 0.00
788 24.3903 99.2816 4 28 7
2  45.0 45.0 0.00
789 44.6640 74.9643 5 25 6
2  45.0 45.0 0.00
790 39.8313 93.1297 6 18 8
2  45.0 45.0 0.00
791 43.2372 85.9931 10 23 6
2  45.0 45.0 0.00
792 22.0334 80.4145 7 21 6
2  45.0 45.0 0.00
793 15.0493 127.5604 8 24 6
2  45.0 45.0 0.00
794 14.9877 128.6877 5 19 6
2  45.0 45.0 0.00
795 35.9692 132.9524 5 29 7
2  45.0 45.0 0.00
796 35.7891 97.0438 5 20 6
2  45.0 45.0 0.00
797 47.5161 126.1764 10 20 7
2  45.0 45.0 0.00
798 21.6790 113.2932 7 24 5
2  45.0 45.0 0.00
799 18.2116 74.2591 10 24 8
2  45.0 45.0 0.00
800 49.1970 97.9865 3 21 8
2  45.0 45.0 0.00
801 43.4249 75.0815 3 28 6
2  45.0 45.0 0.00
802 43.2769 88.5855 3 16 9
2  45.0 45.0 0.00
803 51.9969 119.8711 1 17 6
2  45.0 45.0 0.00
804 20.7356 105.7922 9 16 7
2  45.0 45.0 0.00
805 31.4100 90.9101 1 18 6
2  45.0 45.0 0.00
806 34.9200 94.1963 2 18 6
2  45.0 45.0 0.00
807 14.9670 130.2154 6 23 9
2  45.0 45.0 0.00
808 45.7815 73.5726 2 16 6
2  45.0 45.0 0.00
809 8.6911 109.1144 9 26 5
2  45.0 45.0 0.00
810 29.1524 122.9332 10 20 9
2  45.0 45.0 0.00
811 21.8701 91.5854 9 28 8
2  45.0 45.0 0.00
812 28.4999 120.0172 8 22 5
2  45.0 45.0 0.00
813 25.6133 76.2863 7 27 6
2  45.0 45.0 0.00
814 4.3174 86.0470 8 18 5
2  45.0 45.0 0.00
815 20.2584 98.5948 1 27 8
2  45.0 45.0 0.00
816 51.3146 103.7251 10 18 7
2  45.0 45.0 0.00
817 43.3089 132.9693 7 20 6
2  45.0 45.0 0.00
818 49.4792 77.2299 2 27 6
2  45.0 45.0 0.00
819 6.6005 104.1636 7 16 8
2  45.0 45.0 0.00
820 5.9526 120.4249 5 22 6
2  45.0 45.0 0.00
821 18.2799 108.3994 10 17 9
2  45.0 45.0 0.00
822 50.5411 101.0110 6 18 8
2  45.0 45.0 0.00
823 52.8957 107.6669 8 16 6
2  45.0 45.0 0.00
824 25.6388 115.2649 9 21 5
2  45.0 45.0 0.00
825 50.7925 94.6109 9 15 7
2  45.0 45.0 0.00
826 44.2888 94.4979 10 17 6
2  45.0 45.0 0.00
827 11.7939 75.3205 9 28 7
2  45.0 45.0 0.00
828 13.8094 121.9186 4 23 9
2  45.0 45.0 0.00
829 26.1366 125.2290 3 16 7
2  45.0 45.0 0.00
830 27.7114 99.5040 7 25 9
2  45.0 45.0 0.00
831 20.7318 94.5257 10 19 7
2  45.0 45.0 0.00
832 50.2708 107.8452 10 24 9
2  45.0 45.0 0.00
833 32.6262 89.8169 8 29 9
2  45.0 45.0 0.00
834 50.9619 112.1213 6 24 5
2  45.0 45.0 0.00
835 34.8734 83.0283 6 23 9
2  45.0 45.0 0.00
836 7.2683 88.0610 4 22 9
2  45.0 45.0 0.00
837 22.2021 113.4140 5 19 6
2  45.0 45.0 0.00
838 43.8558 116.5281 6 22 7
2  45.0 45.0 0.00
839 34.7718 84.2910 5 25 5
2  45.0 45.0 0.00
840 12.1226 128.4903 7 18 9
2  45.0 45.0 0.00
841 45.1103 122.7290 7 24 6
2  45.0 45.0 0.00
842 12.3749 119.4280 4 20 5
2  45.0 45.0 0.00
843 37.7200 76.4357 10 25 6
2  45.0 45.0 0.00
844 48.9479 129.9275 4 25 6
2  45.0 45.0 0.00
845 14.6885 83.2460 8 17 8
2  45.0 45.0 0.00
846 25.4642 101.4043 10 21 6
2  45.0 45.0 0.00
847 11.0264 132.4387 2 24 6
2  45.0 45.0 0.00
848 30.7613 73.5917 7 15 9
2  45.0 45.0 0.00
849 5.1658 95.2294 4 21 7
2  45.0 45.0 0.00
850 31.9087 103.2083 8 19 9
2  45.0 45.0 0.00
851 14.6830 88.4581 7 29 5
2  45.0 45.0 0.00
852 36.5720 114.3248 5 15 6
2  45.0 45.0 0.00
853 38.7047 92.6893 9 15 9
2  45.0 45.0 0.00
854 38.1878 99.8887 8 20 8
2  45.0 45.0 0.00
855 48.4547 126.2385 8 25 9
2  45.0 45.0 0.00
856 46.1640 118.6706 8 23 9
2  45.0 45.0 0.00
857 50.2907 81.8741 4 24 8
2  45.0 45.0 0.00
858 48.1446 75.0634 10 21 9
2  45.0 45.0 0.00
859 46.3240 130.0045 10 26 5
2  45.0 45.0 0.00
860 38.7580 94.8568 7 22 9
2  45.0 45.0 0.00
861 9.5015 79.3466 1 23 5
2  45.0 45.0 0.00
862 20.3176 104.8245 8 15 7
2  45.0 45.0 0.00
863 48.5132 79.8997 6 17 9
2  45.0 45.0 0.00
864 31.3096 114.9101 10 20 9
2  45.0 45.0 0.00
865 36.4683 132.9490 9 22 8
2  45.0 45.0 0.00
866 50.9510 81.7719 10 25 6
2  45.0 45.0 0.00
867 27.9500 86.9718 10 26 9
2  45.0 45.0 0.00
868 45.0018 106.4514 3 23 9
2  45.0 45.0 0.00
869 21.6243 74.5045 7 29 6
2  45.0 45.0 0.00
870 40.5742 119.2898 1 26 5
2  45.0 45.0 0.00
871 3.8330 73.9806 1 24 9
2  45.0 45.0 0.00
872 9.5440 107.4082 4 27 5
2  45.0 45.0 0.00
873 13.0076 124.2389 9 25 7
2  45.0 45.0 0.00
874 36.8700 94.6936 1 19 8
2  45.0 45.0 0.00
875 3.4334 80.0039 2 22 6
2  45.0 45.0 0.00
876 35.2145 132.9602 5 18 8
2  45.0 45.0 0.00
877 12.3762 94.2401 2 23 6
2  45.0 45.0 0.00
878 27.1329 110.7459 10 26 7
2  45.0 45.0 0.00
879 16.3284 117.4365 2 21 5
2  45.0 45.0 0.00
880 28.9252 92.1771 5 23 6
2  45.0 45.0 0.00
881 22.4962 100.3104 4 16 5
2  45.0 45.0 0.00
882 47.9963 105.7165 1 19 7
2  45.0 45.0 0.00
883 9.5771 93.8921 8 16 9
2  45.0 45.0 0.00
884 45.3075 90.0995 7 22 7
2  45.0 45.0 0.00
885 5.4151 108.1197 6 27 7
2  45.0 45.0 0.00
886 16.4030 113.8734 9 21 9
2  45.0 45.0 0.00
887 19.2337 100.1757 10 29 6
2  45.0 45.0 0.00
888 39.6175 89.1572 8 23 5
2  45.0 45.0 0.00
889 49.8692 93.3702 1 19 9
2  45.0 45.0 0.00
890 48.9183 111.7452 10 21 7
2  45.0 45.0 0.00
891 14.6756 123.4676 6 16 8
2  45.0 45.0 0.00
892 43.2298 112.0911 4 22 5
2  45.0 45.0 0.00
893 13.9351 80.7215 9 20 7
2  45.0 45.0 0.00
894 36.9307 95.2375 4 26 6
2  45.0 45.0 0.00
895 31.8432 116.2067 10 19 6
2  45.0 45.0 0.00
896 38.4399 91.9407 7 29 8
2  45.0 45.0 0.00
897 34.1153 87.5101 10 29 6
2  45.0 45.0 0.00
898 27.1773 95.8482 8 19 5
2  45.0 45.0 0.00
899 7.0416 119.8901 10 20 6
2  45.0 45.0 0.00
