s1
0
 2013 04 20 10 49 14.052     2013 04 20 10 50 14.953      60.9
 2013 04 20 19 02 57.701     2013 04 20 19 05 49.523     171.8
1
 2013 04 20 20 45 18.307     2013 04 20 20 48 21.069     182.8
2
3
 2013 04 20 13 55 29.502     2013 04 20 13 58 15.136     165.6
4
 2013 04 20 20 47  3.723     2013 04 20 20 49 55.729     172.0
5
 2013 04 20 14 04 18.645     2013 04 20 14 07 17.649     179.0
 2013 04 20 18 59 11.868     2013 04 20 19 01 47.013     155.1
6
 2013 04 20 10 40  7.383     2013 04 20 10 43 12.660     185.3
7
 2013 04 20 12 21 24.566     2013 04 20 12 22 12.841      48.3
 2013 04 20 22 17  1.590     2013 04 20 22 19 33.506     151.9
8
 2013 04 20 14 03 20.748     2013 04 20 14 06 40.375     199.6
 2013 04 20 18 58 50.475     2013 04 20 19 01 54.154     183.7
9
 2013 04 20 13 57 45.632     2013 04 20 14 01 28.402     222.8
 2013 04 20 22 14 29.163     2013 04 20 22 17 19.626     170.5
10
 2013 04 20 12 23  5.859     2013 04 20 12 24  8.199      62.3
 2013 04 20 20 37 41.561     2013 04 20 20 40 14.800     153.2
11
 2013 04 20 14 01 32.705     2013 04 20 14 04 15.969     163.3
 2013 04 20 20 35  6.961     2013 04 20 20 37 42.909     155.9
12
 2013 04 20 12 22  7.816     2013 04 20 12 25 31.713     203.9
 2013 04 20 20 37 42.748     2013 04 20 20 41 12.288     209.5
13
 2013 04 20 10 49 20.182     2013 04 20 10 52 30.559     190.4
 2013 04 20 19 03 31.109     2013 04 20 19 06 15.069     164.0
14
 2013 04 20 12 15 53.308     2013 04 20 12 19   .482     187.2
15
 2013 04 20 13 57 14.725     2013 04 20 13 58 52.865      98.1
 2013 04 20 22 14 47.620     2013 04 20 22 17 21.647     154.0
16
 2013 04 20 10 51 43.548     2013 04 20 10 51 50.102       6.6
 2013 04 20 19 02 53.035     2013 04 20 19 05 59.234     186.2
17
 2013 04 20 10 50 27.031     2013 04 20 10 51  4.656      37.6
 2013 04 20 19 06 25.002     2013 04 20 19 06 41.243      16.2
18
 2013 04 20 22 22 39.421     2013 04 20 22 25 18.924     159.5
19
 2013 04 20 20 41 40.929     2013 04 20 20 44 50.778     189.8
20
 2013 04 20 22 11 27.371     2013 04 20 22 15  8.431     221.1
21
 2013 04 20 20 41 16.396     2013 04 20 20 44  6.163     169.8
22
 2013 04 20 13 58 18.556     2013 04 20 14 01 57.858     219.3
 2013 04 20 22 14  2.802     2013 04 20 22 17 30.885     208.1
23
 2013 04 20 14 00 18.301     2013 04 20 14 02 56.961     158.7
 2013 04 20 20 34 36.426     2013 04 20 20 38  9.729     213.3
24
 2013 04 20 14 03 20.664     2013 04 20 14 06  9.265     168.6
 2013 04 20 18 58 18.427     2013 04 20 19 01 24.605     186.2
25
 2013 04 20 12 25 14.689     2013 04 20 12 28 57.292     222.6
 2013 04 20 19 04 28.968     2013 04 20 19 05 18.440      49.5
26
 2013 04 20 10 37 36.514     2013 04 20 10 40 18.073     161.6
 2013 04 20 22 24 42.889     2013 04 20 22 27 15.773     152.9
27
 2013 04 20 13 58 15.577     2013 04 20 14 00 50.622     155.0
 2013 04 20 22 13 25.518     2013 04 20 22 16  3.593     158.1
28
29
 2013 04 20 13 59 45.206     2013 04 20 14 02 51.269     186.1
 2013 04 20 20 33 49.971     2013 04 20 20 33 55.367       5.4
30
31
 2013 04 20 00 18 39.950     2013 04 20 00 21 25.709     165.8
32
 2013 04 20 13 57 28.628     2013 04 20 13 57 46.095      17.5
 2013 04 20 22 12  7.387     2013 04 20 22 14 40.753     153.4
33
 2013 04 20 12 14 48.416     2013 04 20 12 18  6.570     198.2
34
 2013 04 20 12 23 23.067     2013 04 20 12 26 38.565     195.5
 2013 04 20 20 39 49.076     2013 04 20 20 42 30.127     161.1
35
 2013 04 20 10 41 14.594     2013 04 20 10 44 58.236     223.6
 2013 04 20 20 48 13.997     2013 04 20 20 49 20.371      66.4
36
 2013 04 20 13 55 12.415     2013 04 20 13 57 48.071     155.7
37
 2013 04 20 14 02 17.140     2013 04 20 14 02 24.421       7.3
 2013 04 20 22 11 32.633     2013 04 20 22 14 37.056     184.4
38
 2013 04 20 13 58 46.196     2013 04 20 13 59 11.175      25.0
39
 2013 04 20 12 28 20.160     2013 04 20 12 30 57.223     157.1
 2013 04 20 17 22 47.936     2013 04 20 17 26 18.575     210.6
 2013 04 20 19 00 22.387     2013 04 20 19 01 16.665      54.3
40
 2013 04 20 22 16 18.832     2013 04 20 22 19 11.474     172.6
41
 2013 04 20 10 47  4.222     2013 04 20 10 49 39.015     154.8
42
43
 2013 04 20 12 23 56.851     2013 04 20 12 26 33.942     157.1
 2013 04 20 20 38 39.706     2013 04 20 20 41 22.855     163.1
44
45
46
 2013 04 20 00 16 50.074     2013 04 20 00 16 53.013       2.9
47
 2013 04 20 12 16  4.331     2013 04 20 12 19  3.396     179.1
48
 2013 04 20 12 27  3.864     2013 04 20 12 30 12.633     188.8
 2013 04 20 14 04 28.883     2013 04 20 14 04 32.126       3.2
 2013 04 20 19 00 10.552     2013 04 20 19 02 54.999     164.4
49
 2013 04 20 12 25 21.434     2013 04 20 12 27 56.797     155.4
50
 2013 04 20 12 18 26.008     2013 04 20 12 21   .879     154.9
 2013 04 20 22 18 26.026     2013 04 20 22 20 57.071     151.0
51
 2013 04 20 12 24 50.424     2013 04 20 12 27 35.210     164.8
 2013 04 20 20 38 24.892     2013 04 20 20 38 34.014       9.1
52
 2013 04 20 22 15 22.863     2013 04 20 22 15 54.713      31.8
53
 2013 04 20 12 18  7.703     2013 04 20 12 21 44.852     217.1
 2013 04 20 22 19 23.457     2013 04 20 22 22 19.005     175.5
54
55
 2013 04 20 00 17 57.269     2013 04 20 00 21 32.555     215.3
56
 2013 04 20 12 23 46.203     2013 04 20 12 27 21.753     215.6
 2013 04 20 20 39 38.253     2013 04 20 20 42 56.898     198.6
57
 2013 04 20 00 22 18.617     2013 04 20 00 25 15.554     176.9
 2013 04 20 12 12 16.931     2013 04 20 12 14 51.115     154.2
58
 2013 04 20 13 55 31.843     2013 04 20 13 58  6.666     154.8
59
 2013 04 20 10 47 47.261     2013 04 20 10 51  5.789     198.5
 2013 04 20 19 05 28.437     2013 04 20 19 08 23.700     175.3
60
 2013 04 20 10 43 17.043     2013 04 20 10 46  7.591     170.5
 2013 04 20 20 43 34.959     2013 04 20 20 46 30.027     175.1
61
 2013 04 20 14 00  1.814     2013 04 20 14 03 13.712     191.9
 2013 04 20 20 34  4.032     2013 04 20 20 37 29.712     205.7
62
 2013 04 20 13 58  4.550     2013 04 20 13 58 49.813      45.3
 2013 04 20 22 14 17.029     2013 04 20 22 17 43.810     206.8
63
 2013 04 20 12 26  9.801     2013 04 20 12 29 47.305     217.5
 2013 04 20 14 03 50.886     2013 04 20 14 04 36.751      45.9
 2013 04 20 18 59 49.489     2013 04 20 19 02 25.652     156.2
64
 2013 04 20 00 19 26.895     2013 04 20 00 20  5.072      38.2
65
 2013 04 20 00 16 46.316     2013 04 20 00 17 36.949      50.6
66
67
 2013 04 20 14 03 52.529     2013 04 20 14 06 47.506     175.0
 2013 04 20 18 58 53.454     2013 04 20 19 01 33.174     159.7
68
 2013 04 20 13 59 25.497     2013 04 20 14 02 54.225     208.7
69
 2013 04 20 00 17 58.705     2013 04 20 00 21  5.972     187.3
70
 2013 04 20 15 37 45.031     2013 04 20 15 41  7.066     202.0
 2013 04 20 20 33 16.876     2013 04 20 20 36 24.269     187.4
71
 2013 04 20 00 18 33.276     2013 04 20 00 21  9.265     156.0
72
 2013 04 20 12 26 14.547     2013 04 20 12 29 46.810     212.3
 2013 04 20 19 01 58.316     2013 04 20 19 04 42.136     163.8
73
 2013 04 20 10 39 13.880     2013 04 20 10 41 56.357     162.5
74
75
 2013 04 20 12 24 25.362     2013 04 20 12 28 12.361     227.0
 2013 04 20 20 36 52.841     2013 04 20 20 40 39.564     226.7
76
77
 2013 04 20 00 19 37.747     2013 04 20 00 22 20.317     162.6
78
 2013 04 20 14 02 14.082     2013 04 20 14 04 49.901     155.8
 2013 04 20 20 35 22.329     2013 04 20 20 38 25.302     183.0
79
 2013 04 20 14 02 18.704     2013 04 20 14 04 57.412     158.7
 2013 04 20 20 35  2.584     2013 04 20 20 38 15.746     193.2
80
 2013 04 20 12 23 17.745     2013 04 20 12 25 57.689     159.9
 2013 04 20 20 39 21.268     2013 04 20 20 41 54.248     153.0
81
 2013 04 20 14 01 27.174     2013 04 20 14 01 48.619      21.4
 2013 04 20 22 11 55.002     2013 04 20 22 14 31.801     156.8
82
 2013 04 20 12 22 21.234     2013 04 20 12 25 14.914     173.7
 2013 04 20 20 38  9.595     2013 04 20 20 41 35.158     205.6
83
 2013 04 20 13 56  4.350     2013 04 20 13 58 51.446     167.1
84
 2013 04 20 00 19 56.754     2013 04 20 00 23 13.230     196.5
85
 2013 04 20 12 25 45.726     2013 04 20 12 26 26.836      41.1
 2013 04 20 14 03 36.222     2013 04 20 14 05 14.648      98.4
 2013 04 20 18 59 33.794     2013 04 20 19 02 17.943     164.1
86
 2013 04 20 10 45  5.302     2013 04 20 10 47 51.243     165.9
 2013 04 20 20 43 26.602     2013 04 20 20 45  2.249      95.6
87
 2013 04 20 13 58 47.281     2013 04 20 14 02 14.985     207.7
 2013 04 20 22 13 34.461     2013 04 20 22 13 58.056      23.6
88
 2013 04 20 00 21 38.269     2013 04 20 00 24 10.200     151.9
 2013 04 20 12 11 44.585     2013 04 20 12 15 16.604     212.0
89
 2013 04 20 12 19 41.678     2013 04 20 12 20 59.465      77.8
90
 2013 04 20 14 00 34.374     2013 04 20 14 03 32.062     177.7
 2013 04 20 20 34 34.294     2013 04 20 20 37 29.658     175.4
91
 2013 04 20 10 48 33.355     2013 04 20 10 51 35.095     181.7
 2013 04 20 19 05 19.509     2013 04 20 19 07 52.440     152.9
92
 2013 04 20 20 47 24.234     2013 04 20 20 49 56.214     152.0
93
 2013 04 20 13 59 10.977     2013 04 20 14 02 30.848     199.9
 2013 04 20 22 11 32.162     2013 04 20 22 12  9.875      37.7
94
95
 2013 04 20 12 27   .696     2013 04 20 12 29 59.371     178.7
 2013 04 20 19 00 21.005     2013 04 20 19 02 59.512     158.5
96
 2013 04 20 12 18 49.880     2013 04 20 12 21 31.350     161.5
 2013 04 20 22 17 59.326     2013 04 20 22 20 34.694     155.4
97
 2013 04 20 00 19  9.442     2013 04 20 00 21 44.792     155.3
98
 2013 04 20 10 48 52.038     2013 04 20 10 51 44.136     172.1
 2013 04 20 19 03 59.129     2013 04 20 19 06 32.655     153.5
99
 2013 04 20 12 15 23.332     2013 04 20 12 18 49.019     205.7
100
 2013 04 20 12 16 32.599     2013 04 20 12 19  6.557     154.0
101
 2013 04 20 15 36 57.484     2013 04 20 15 40 28.135     210.7
 2013 04 20 22 10 32.494     2013 04 20 22 11 36.461      64.0
102
 2013 04 20 14 03  1.522     2013 04 20 14 06 46.333     224.8
 2013 04 20 18 58 53.105     2013 04 20 19 02 14.550     201.4
103
 2013 04 20 19 02 40.310     2013 04 20 19 05 13.949     153.6
104
 2013 04 20 14 00 47.198     2013 04 20 14 01 12.106      24.9
 2013 04 20 20 36 53.725     2013 04 20 20 39 28.025     154.3
105
106
 2013 04 20 10 47  5.495     2013 04 20 10 49 48.267     162.8
107
 2013 04 20 00 20 14.033     2013 04 20 00 23 54.084     220.1
 2013 04 20 12 13   .321     2013 04 20 12 13 29.715      29.4
108
 2013 04 20 00 20 37.877     2013 04 20 00 23 34.416     176.5
109
 2013 04 20 22 21 20.437     2013 04 20 22 24 31.039     190.6
110
 2013 04 20 10 43  6.455     2013 04 20 10 46 19.549     193.1
 2013 04 20 20 45 10.432     2013 04 20 20 47 41.440     151.0
111
 2013 04 20 14 00 37.200     2013 04 20 14 03 51.849     194.6
 2013 04 20 20 36  6.550     2013 04 20 20 39  2.039     175.5
112
113
 2013 04 20 00 20 45.081     2013 04 20 00 23 22.115     157.0
114
 2013 04 20 13 57 37.779     2013 04 20 13 58  8.241      30.5
 2013 04 20 22 14 38.924     2013 04 20 22 17 34.836     175.9
115
 2013 04 20 12 24 11.067     2013 04 20 12 26 51.579     160.5
 2013 04 20 20 38 22.960     2013 04 20 20 41 19.323     176.4
116
 2013 04 20 00 21 46.952     2013 04 20 00 24 23.422     156.5
 2013 04 20 12 11  3.034     2013 04 20 12 14 46.450     223.4
117
 2013 04 20 14 00 47.067     2013 04 20 14 01 48.878      61.8
 2013 04 20 20 36 47.950     2013 04 20 20 39 23.294     155.3
118
 2013 04 20 12 23 40.626     2013 04 20 12 26 32.137     171.5
 2013 04 20 20 38 22.993     2013 04 20 20 40 58.793     155.8
119
 2013 04 20 12 28 48.436     2013 04 20 12 32 14.693     206.3
 2013 04 20 17 24 24.322     2013 04 20 17 27 31.648     187.3
120
 2013 04 20 20 48 37.932     2013 04 20 20 51 13.102     155.2
121
 2013 04 20 09 03 36.332     2013 04 20 09 06 41.834     185.5
 2013 04 20 20 49 25.623     2013 04 20 20 52 12.735     167.1
122
 2013 04 20 12 14 45.083     2013 04 20 12 18 28.738     223.7
123
 2013 04 20 20 46  4.368     2013 04 20 20 48 35.429     151.1
124
125
 2013 04 20 09 03 55.154     2013 04 20 09 07 33.714     218.6
 2013 04 20 20 48 36.765     2013 04 20 20 51 43.239     186.5
126
 2013 04 20 13 57 43.889     2013 04 20 14 01 26.492     222.6
 2013 04 20 22 12 12.415     2013 04 20 22 14 46.528     154.1
127
 2013 04 20 12 14 22.613     2013 04 20 12 16  8.971     106.4
128
 2013 04 20 14 01 27.610     2013 04 20 14 04 30.656     183.0
 2013 04 20 20 36 13.479     2013 04 20 20 38 48.037     154.6
129
 2013 04 20 10 46 50.412     2013 04 20 10 46 49.784       -.6
 2013 04 20 19 05 55.478     2013 04 20 19 09 17.381     201.9
130
 2013 04 20 10 40  2.722     2013 04 20 10 43  6.279     183.6
131
 2013 04 20 13 58 48.809     2013 04 20 14 02 36.191     227.4
132
 2013 04 20 10 39 51.008     2013 04 20 10 43  7.993     197.0
133
 2013 04 20 20 48  8.013     2013 04 20 20 50 41.242     153.2
134
 2013 04 20 12 28 47.143     2013 04 20 12 32 16.994     209.9
 2013 04 20 17 24 26.272     2013 04 20 17 27 34.378     188.1
135
 2013 04 20 22 20 35.507     2013 04 20 22 23 34.853     179.3
136
 2013 04 20 09 04 17.152     2013 04 20 09 07 47.949     210.8
 2013 04 20 20 48 20.230     2013 04 20 20 51 51.099     210.9
137
 2013 04 20 20 48  5.257     2013 04 20 20 50 53.878     168.6
138
 2013 04 20 12 25 36.080     2013 04 20 12 28 21.948     165.9
 2013 04 20 19 03 55.486     2013 04 20 19 04 33.897      38.4
139
 2013 04 20 00 19 37.751     2013 04 20 00 22 56.048     198.3
140
 2013 04 20 10 48 31.755     2013 04 20 10 51 33.296     181.5
 2013 04 20 19 05 19.477     2013 04 20 19 07 52.749     153.3
141
 2013 04 20 10 40 17.260     2013 04 20 10 44  2.047     224.8
142
 2013 04 20 12 17 42.405     2013 04 20 12 21 24.590     222.2
 2013 04 20 22 19 44.145     2013 04 20 22 22 22.837     158.7
143
 2013 04 20 20 48  1.552     2013 04 20 20 50 37.637     156.1
144
 2013 04 20 12 16 57.282     2013 04 20 12 20 37.886     220.6
 2013 04 20 22 20  3.791     2013 04 20 22 22 38.841     155.1
145
 2013 04 20 00 18 44.074     2013 04 20 00 21 58.435     194.4
146
 2013 04 20 00 20 33.685     2013 04 20 00 23  3.813     150.1
147
 2013 04 20 22 21 42.996     2013 04 20 22 24 41.677     178.7
148
 2013 04 20 10 43 19.922     2013 04 20 10 45 57.913     158.0
 2013 04 20 20 43 54.882     2013 04 20 20 46 45.661     170.8
149
150
151
 2013 04 20 10 42  2.403     2013 04 20 10 44 39.848     157.4
152
153
 2013 04 20 10 42   .948     2013 04 20 10 45 12.171     191.2
 2013 04 20 20 45 10.409     2013 04 20 20 48 33.500     203.1
154
 2013 04 20 12 23 35.370     2013 04 20 12 26 11.031     155.7
 2013 04 20 20 38 53.400     2013 04 20 20 41 26.662     153.3
155
 2013 04 20 12 21 17.072     2013 04 20 12 24 16.622     179.5
156
157
 2013 04 20 14 02 40.995     2013 04 20 14 05 20.488     159.5
 2013 04 20 18 57  5.581     2013 04 20 19 00 39.855     214.3
 2013 04 20 20 34 47.047     2013 04 20 20 38 34.186     227.1
158
159
 2013 04 20 20 41  9.386     2013 04 20 20 44 32.583     203.2
160
 2013 04 20 13 55 48.358     2013 04 20 13 58 55.186     186.8
161
 2013 04 20 10 48 50.905     2013 04 20 10 51 30.870     160.0
 2013 04 20 19 04 15.900     2013 04 20 19 06 50.385     154.5
162
 2013 04 20 12 23 32.709     2013 04 20 12 26 23.954     171.2
 2013 04 20 20 38 25.841     2013 04 20 20 40 59.322     153.5
163
 2013 04 20 12 25   .203     2013 04 20 12 28 20.005     199.8
164
 2013 04 20 10 49 25.678     2013 04 20 10 52 58.336     212.7
 2013 04 20 19 03  5.968     2013 04 20 19 06  2.553     176.6
165
 2013 04 20 12 20 40.179     2013 04 20 12 23 43.269     183.1
166
 2013 04 20 13 59 41.911     2013 04 20 14 02 21.660     159.7
167
 2013 04 20 09 09  7.908     2013 04 20 09 09 13.461       5.6
168
 2013 04 20 10 38 45.196     2013 04 20 10 41 28.467     163.3
169
 2013 04 20 14 01 58.725     2013 04 20 14 05 21.518     202.8
 2013 04 20 20 36 19.209     2013 04 20 20 39 22.975     183.8
170
 2013 04 20 00 24 14.932     2013 04 20 00 24 25.628      10.7
171
 2013 04 20 13 56  6.592     2013 04 20 13 57 14.237      67.6
 2013 04 20 22 15 10.293     2013 04 20 22 15 42.319      32.0
172
 2013 04 20 12 16  2.500     2013 04 20 12 19  3.482     181.0
173
 2013 04 20 10 46  6.805     2013 04 20 10 49 53.129     226.3
174
 2013 04 20 14 03  1.467     2013 04 20 14 03 16.812      15.3
 2013 04 20 15 36 59.100     2013 04 20 15 37  3.007       3.9
 2013 04 20 20 33  9.292     2013 04 20 20 33 23.505      14.2
175
 2013 04 20 09 04 49.633     2013 04 20 09 04 59.943      10.3
176
 2013 04 20 09 06 21.559     2013 04 20 09 06 29.679       8.1
 2013 04 20 20 49 12.394     2013 04 20 20 51 50.796     158.4
177
 2013 04 20 19 02 34.130     2013 04 20 19 05 13.336     159.2
178
 2013 04 20 22 21  5.896     2013 04 20 22 24   .752     174.9
179
 2013 04 20 10 48  6.007     2013 04 20 10 51 12.757     186.8
 2013 04 20 19 03 37.775     2013 04 20 19 06 40.927     183.2
180
 2013 04 20 12 26 33.389     2013 04 20 12 29 59.935     206.5
 2013 04 20 14 04  9.221     2013 04 20 14 04 47.372      38.2
 2013 04 20 18 59 59.559     2013 04 20 19 02 34.549     155.0
181
 2013 04 20 20 37 14.996     2013 04 20 20 39 55.782     160.8
182
 2013 04 20 12 24 19.071     2013 04 20 12 28   .223     221.2
183
 2013 04 20 12 17 18.955     2013 04 20 12 19 53.150     154.2
 2013 04 20 22 18 31.737     2013 04 20 22 21 50.151     198.4
184
185
 2013 04 20 10 45 38.595     2013 04 20 10 48 30.406     171.8
186
 2013 04 20 22 20 15.134     2013 04 20 22 23 13.227     178.1
187
188
 2013 04 20 12 16 57.208     2013 04 20 12 19 31.712     154.5
 2013 04 20 22 20 58.308     2013 04 20 22 22 12.423      74.1
189
 2013 04 20 22 15 54.194     2013 04 20 22 19 16.307     202.1
190
 2013 04 20 12 17 16.150     2013 04 20 12 20 35.435     199.3
 2013 04 20 22 17 30.905     2013 04 20 22 20 55.131     204.2
191
 2013 04 20 13 56 36.665     2013 04 20 13 59 14.253     157.6
 2013 04 20 22 13 22.990     2013 04 20 22 17  5.342     222.4
192
 2013 04 20 14 03 28.244     2013 04 20 14 06 19.156     170.9
 2013 04 20 18 58 28.624     2013 04 20 19 01 26.867     178.2
193
194
 2013 04 20 13 57 51.162     2013 04 20 14 00 31.555     160.4
 2013 04 20 22 13 10.736     2013 04 20 22 15 44.159     153.4
195
 2013 04 20 12 16 47.452     2013 04 20 12 20 10.775     203.3
 2013 04 20 22 21  7.269     2013 04 20 22 21 22.906      15.6
196
 2013 04 20 20 46 24.916     2013 04 20 20 48 49.282     144.4
197
198
199
 2013 04 20 10 51 31.146     2013 04 20 10 51 59.828      28.7
 2013 04 20 19 03  2.440     2013 04 20 19 05 53.448     171.0
200
 2013 04 20 12 25 45.066     2013 04 20 12 29   .507     195.4
 2013 04 20 18 59 44.315     2013 04 20 19 02 51.710     187.4
201
 2013 04 20 20 46 20.203     2013 04 20 20 48 51.359     151.2
202
203
 2013 04 20 10 38 54.496     2013 04 20 10 41 34.994     160.5
204
 2013 04 20 00 18 29.180     2013 04 20 00 21 12.410     163.2
205
 2013 04 20 22 15 23.793     2013 04 20 22 18 11.272     167.5
206
 2013 04 20 10 45 58.527     2013 04 20 10 48  8.402     129.9
207
 2013 04 20 12 22 15.437     2013 04 20 12 25 32.487     197.1
 2013 04 20 20 39 54.970     2013 04 20 20 42 50.985     176.0
208
 2013 04 20 00 19 20.415     2013 04 20 00 21 56.357     155.9
209
210
 2013 04 20 00 19 40.298     2013 04 20 00 22 26.699     166.4
211
 2013 04 20 12 24 29.038     2013 04 20 12 28  3.489     214.5
 2013 04 20 20 37  2.205     2013 04 20 20 40 47.094     224.9
212
 2013 04 20 09 03 40.493     2013 04 20 09 06 15.802     155.3
 2013 04 20 20 49 59.820     2013 04 20 20 52 56.438     176.6
213
 2013 04 20 10 42 56.165     2013 04 20 10 43 31.527      35.4
 2013 04 20 20 42 44.064     2013 04 20 20 45 51.765     187.7
214
215
 2013 04 20 10 40 55.166     2013 04 20 10 41 39.425      44.3
 2013 04 20 20 49 10.656     2013 04 20 20 49 39.199      28.5
216
 2013 04 20 12 22 39.863     2013 04 20 12 26 11.019     211.2
 2013 04 20 20 37 52.381     2013 04 20 20 40 40.250     167.9
217
 2013 04 20 10 45 26.190     2013 04 20 10 47 31.568     125.4
218
 2013 04 20 10 38 47.883     2013 04 20 10 42 18.052     210.2
219
 2013 04 20 00 18 44.375     2013 04 20 00 21 15.944     151.6
220
221
 2013 04 20 13 56 11.327     2013 04 20 13 58 50.113     158.8
222
 2013 04 20 12 13 59.435     2013 04 20 12 16 45.413     166.0
223
 2013 04 20 12 20 59.046     2013 04 20 12 23 43.439     164.4
224
 2013 04 20 12 19 11.252     2013 04 20 12 22 39.456     208.2
 2013 04 20 22 16 52.399     2013 04 20 22 19 45.657     173.3
225
 2013 04 20 13 59 51.106     2013 04 20 14 02 31.459     160.4
226
 2013 04 20 00 19 48.906     2013 04 20 00 23 25.289     216.4
227
 2013 04 20 20 40 42.157     2013 04 20 20 41 20.267      38.1
228
 2013 04 20 00 16 43.064     2013 04 20 00 20 21.251     218.2
 2013 04 20 13 52 42.872     2013 04 20 13 53 59.461      76.6
229
 2013 04 20 20 36 52.450     2013 04 20 20 39 47.792     175.3
230
231
232
 2013 04 20 20 45 36.268     2013 04 20 20 46 38.405      62.1
233
 2013 04 20 14 02 49.154     2013 04 20 14 05 28.921     159.8
 2013 04 20 18 57 31.318     2013 04 20 19 01 16.479     225.2
 2013 04 20 20 35 15.895     2013 04 20 20 36 17.624      61.7
234
 2013 04 20 12 25 20.800     2013 04 20 12 28  4.563     163.8
235
236
237
 2013 04 20 12 25 51.931     2013 04 20 12 28 50.325     178.4
 2013 04 20 19 01  7.089     2013 04 20 19 04 33.238     206.1
238
 2013 04 20 12 25 29.863     2013 04 20 12 28 13.850     164.0
239
 2013 04 20 22 16  5.979     2013 04 20 22 19 37.915     211.9
240
 2013 04 20 22 20  5.402     2013 04 20 22 22 46.651     161.2
241
 2013 04 20 09 03 52.786     2013 04 20 09 06 32.678     159.9
 2013 04 20 20 49 39.636     2013 04 20 20 52 45.126     185.5
242
 2013 04 20 19 02 30.011     2013 04 20 19 05 31.846     181.8
243
244
 2013 04 20 22 21 27.241     2013 04 20 22 24   .476     153.2
245
 2013 04 20 09 04 29.585     2013 04 20 09 07 22.077     172.5
 2013 04 20 20 48 43.823     2013 04 20 20 50  6.026      82.2
246
 2013 04 20 12 16  3.966     2013 04 20 12 18 38.179     154.2
247
 2013 04 20 12 28 25.460     2013 04 20 12 31 16.046     170.6
 2013 04 20 17 23 22.790     2013 04 20 17 27  4.930     222.1
 2013 04 20 19 00 58.189     2013 04 20 19 01  6.674       8.5
248
 2013 04 20 12 25 58.083     2013 04 20 12 28 35.440     157.4
 2013 04 20 19 00 37.654     2013 04 20 19 04  5.073     207.4
249
 2013 04 20 15 36 38.873     2013 04 20 15 40 10.875     212.0
 2013 04 20 22 10 44.931     2013 04 20 22 14 10.072     205.1
250
 2013 04 20 10 45 24.517     2013 04 20 10 48 30.576     186.1
251
 2013 04 20 12 26 46.660     2013 04 20 12 27 44.379      57.7
 2013 04 20 19 02 22.785     2013 04 20 19 05   .750     158.0
252
 2013 04 20 10 39  5.925     2013 04 20 10 42 16.392     190.5
253
 2013 04 20 12 21 17.814     2013 04 20 12 24 19.011     181.2
254
 2013 04 20 20 44  8.260     2013 04 20 20 45  1.480      53.2
255
 2013 04 20 10 45 45.089     2013 04 20 10 48 19.275     154.2
256
 2013 04 20 10 37 40.139     2013 04 20 10 40 19.044     158.9
 2013 04 20 22 24 44.659     2013 04 20 22 27 19.430     154.8
257
 2013 04 20 10 42 28.571     2013 04 20 10 45 55.202     206.6
 2013 04 20 20 45 29.841     2013 04 20 20 46 41.339      71.5
258
 2013 04 20 10 39  7.334     2013 04 20 10 41 40.487     153.2
259
 2013 04 20 22 22 12.362     2013 04 20 22 24 57.535     165.2
260
 2013 04 20 10 43  5.950     2013 04 20 10 46   .768     174.8
 2013 04 20 20 43 28.721     2013 04 20 20 46 35.220     186.5
261
 2013 04 20 13 58 50.172     2013 04 20 14 02 39.589     229.4
 2013 04 20 22 11 21.335     2013 04 20 22 15  4.611     223.3
262
263
264
 2013 04 20 12 24 48.446     2013 04 20 12 28 36.152     227.7
 2013 04 20 19 02 35.056     2013 04 20 19 02 53.737      18.7
265
 2013 04 20 12 26 24.691     2013 04 20 12 29  3.188     158.5
 2013 04 20 19 01   .835     2013 04 20 19 03 54.121     173.3
266
 2013 04 20 10 38 14.136     2013 04 20 10 41 15.237     181.1
 2013 04 20 22 24 39.430     2013 04 20 22 25  2.125      22.7
267
 2013 04 20 20 45 50.925     2013 04 20 20 46 34.531      43.6
268
 2013 04 20 12 15 17.371     2013 04 20 12 17 59.442     162.1
269
 2013 04 20 13 59 21.038     2013 04 20 13 59 47.791      26.8
270
 2013 04 20 10 47 55.717     2013 04 20 10 51  5.065     189.3
 2013 04 20 19 05 22.123     2013 04 20 19 08 14.824     172.7
271
 2013 04 20 20 37  6.250     2013 04 20 20 39 47.009     160.8
272
 2013 04 20 22 22  4.050     2013 04 20 22 24 59.289     175.2
273
 2013 04 20 10 42 43.496     2013 04 20 10 46  5.277     201.8
 2013 04 20 20 42 59.794     2013 04 20 20 46 29.743     209.9
274
 2013 04 20 20 41 17.319     2013 04 20 20 44 11.765     174.4
275
 2013 04 20 10 47 49.829     2013 04 20 10 50 24.479     154.7
 2013 04 20 19 04 16.969     2013 04 20 19 07 51.397     214.4
276
 2013 04 20 22 16 48.347     2013 04 20 22 19 19.914     151.6
277
 2013 04 20 22 22 39.519     2013 04 20 22 22 54.389      14.9
278
 2013 04 20 14 00 56.123     2013 04 20 14 03 51.869     175.7
 2013 04 20 20 35 57.355     2013 04 20 20 38 42.281     164.9
279
 2013 04 20 22 11 41.928     2013 04 20 22 14 32.337     170.4
280
 2013 04 20 09 03 49.084     2013 04 20 09 06 51.623     182.5
 2013 04 20 20 49 16.786     2013 04 20 20 52 14.956     178.2
281
 2013 04 20 14 02  3.802     2013 04 20 14 04 44.652     160.8
 2013 04 20 20 35 42.930     2013 04 20 20 38 35.138     172.2
282
 2013 04 20 12 26 59.062     2013 04 20 12 29 39.722     160.7
 2013 04 20 19 01 19.183     2013 04 20 19 03 53.122     153.9
283
 2013 04 20 15 35 13.220     2013 04 20 15 39  1.204     228.0
 2013 04 20 22 11  8.175     2013 04 20 22 13 46.005     157.8
284
 2013 04 20 15 37 40.690     2013 04 20 15 40 53.779     193.1
 2013 04 20 20 33  3.873     2013 04 20 20 36 17.951     194.1
285
 2013 04 20 12 15 47.085     2013 04 20 12 18 21.615     154.5
286
 2013 04 20 12 21 19.796     2013 04 20 12 23 57.179     157.4
287
 2013 04 20 20 40 24.395     2013 04 20 20 43 52.628     208.2
288
 2013 04 20 20 40 44.935     2013 04 20 20 43 17.884     152.9
289
 2013 04 20 12 13 36.532     2013 04 20 12 13 56.648      20.1
290
 2013 04 20 12 24  9.428     2013 04 20 12 26 44.516     155.1
 2013 04 20 20 38 42.603     2013 04 20 20 41 37.835     175.2
291
 2013 04 20 15 37  7.517     2013 04 20 15 40 52.938     225.4
 2013 04 20 20 32 55.925     2013 04 20 20 33 40.620      44.7
292
 2013 04 20 13 55 55.196     2013 04 20 13 58 51.645     176.4
293
294
 2013 04 20 22 21  7.213     2013 04 20 22 22 13.583      66.4
295
 2013 04 20 12 18 42.566     2013 04 20 12 19 20.018      37.5
296
 2013 04 20 13 59 49.508     2013 04 20 14 03 24.762     215.3
 2013 04 20 20 33 48.971     2013 04 20 20 37 12.203     203.2
297
 2013 04 20 12 28  6.460     2013 04 20 12 30 59.154     172.7
 2013 04 20 14 05 28.716     2013 04 20 14 06  3.841      35.1
 2013 04 20 17 22 28.005     2013 04 20 17 25 49.514     201.5
 2013 04 20 18 59 58.915     2013 04 20 19 01 23.896      85.0
298
 2013 04 20 10 42 43.357     2013 04 20 10 46 11.075     207.7
 2013 04 20 20 42 55.367     2013 04 20 20 46 24.054     208.7
299
 2013 04 20 10 45 43.747     2013 04 20 10 48 55.111     191.4
 2013 04 20 20 41 38.548     2013 04 20 20 41 47.220       8.7
