0 44.2315 128.3870 2 18 7
2  45.0 45.0 0.00
1 19.7874 123.9882 1 28 7
2  45.0 45.0 0.00
2 23.0105 132.7489 6 20 6
2  45.0 45.0 0.00
3 32.4633 75.1111 2 18 5
2  45.0 45.0 0.00
4 13.9766 126.4669 10 23 7
2  45.0 45.0 0.00
5 52.8570 110.9648 2 20 9
2  45.0 45.0 0.00
6 12.8889 109.6703 6 15 5
2  45.0 45.0 0.00
7 27.5463 91.2231 3 26 6
2  45.0 45.0 0.00
8 50.4671 107.7075 3 24 7
2  45.0 45.0 0.00
9 36.5362 87.9013 10 26 6
2  45.0 45.0 0.00
10 42.4118 102.7091 6 26 8
2  45.0 45.0 0.00
11 49.6758 93.9273 10 26 6
2  45.0 45.0 0.00
12 38.1501 100.5666 1 29 9
2  45.0 45.0 0.00
13 42.4519 129.4108 4 18 5
2  45.0 45.0 0.00
14 17.2773 87.9448 7 27 8
2  45.0 45.0 0.00
15 35.0537 86.9185 1 16 7
2  45.0 45.0 0.00
16 40.4392 123.6426 6 17 7
2  45.0 45.0 0.00
17 38.1313 122.2775 8 21 6
2  45.0 45.0 0.00
18 10.1069 103.5816 4 22 6
2  45.0 45.0 0.00
19 27.4949 111.3759 6 25 5
2  45.0 45.0 0.00
20 39.5271 74.2596 2 24 7
2  45.0 45.0 0.00
21 29.9578 110.9643 3 15 8
2  45.0 45.0 0.00
22 38.0771 89.3599 3 19 8
2  45.0 45.0 0.00
23 45.9479 89.5231 3 22 6
2  45.0 45.0 0.00
24 51.3874 105.1023 7 15 9
2  45.0 45.0 0.00
25 41.7927 118.1192 6 23 5
2  45.0 45.0 0.00
26 3.0738 106.3700 6 29 6
2  45.0 45.0 0.00
27 39.3896 83.7952 8 24 6
2  45.0 45.0 0.00
28 6.4944 118.7221 3 26 9
2  45.0 45.0 0.00
29 46.4737 86.4017 7 25 5
2  45.0 45.0 0.00
30 13.7257 82.2033 8 21 7
2  45.0 45.0 0.00
31 12.7752 73.2351 2 27 5
2  45.0 45.0 0.00
32 42.3585 78.4666 5 28 5
2  45.0 45.0 0.00
33 10.2687 91.7098 3 28 5
2  45.0 45.0 0.00
34 36.9519 110.4479 6 19 5
2  45.0 45.0 0.00
35 13.2856 118.4890 7 16 5
2  45.0 45.0 0.00
36 30.6246 75.2831 7 22 7
2  45.0 45.0 0.00
37 45.4043 80.4274 4 22 6
2  45.0 45.0 0.00
38 39.1937 92.3877 6 24 8
2  45.0 45.0 0.00
39 51.9389 123.9315 5 25 8
2  45.0 45.0 0.00
40 30.8821 92.4480 5 25 7
2  45.0 45.0 0.00
41 32.5191 125.7938 1 20 9
2  45.0 45.0 0.00
42 24.8677 127.2740 10 24 6
2  45.0 45.0 0.00
43 40.4559 107.4422 10 22 8
2  45.0 45.0 0.00
44 4.0792 120.1596 5 24 7
2  45.0 45.0 0.00
45 20.7954 131.4595 9 22 8
2  45.0 45.0 0.00
46 20.8427 77.6307 7 22 8
2  45.0 45.0 0.00
47 14.4180 92.9183 2 15 6
2  45.0 45.0 0.00
48 51.4095 117.0460 8 25 6
2  45.0 45.0 0.00
49 43.9653 112.4777 2 19 9
2  45.0 45.0 0.00
50 23.2371 94.3703 7 28 5
2  45.0 45.0 0.00
51 41.5825 112.5498 5 19 8
2  45.0 45.0 0.00
52 33.8028 94.3026 7 26 5
2  45.0 45.0 0.00
53 21.0088 98.9113 6 29 6
2  45.0 45.0 0.00
54 23.8574 103.7851 7 16 5
2  45.0 45.0 0.00
55 17.3742 78.0853 5 20 6
2  45.0 45.0 0.00
56 37.8973 112.8446 1 25 9
2  45.0 45.0 0.00
57 3.0341 83.4579 3 19 6
2  45.0 45.0 0.00
58 31.4598 76.2365 4 21 8
2  45.0 45.0 0.00
59 33.6573 131.4111 2 22 8
2  45.0 45.0 0.00
60 22.3726 115.8453 8 16 5
2  45.0 45.0 0.00
61 47.5828 87.2453 3 27 8
2  45.0 45.0 0.00
62 37.3447 89.8794 2 29 7
2  45.0 45.0 0.00
63 50.5990 113.0345 10 26 9
2  45.0 45.0 0.00
64 12.2939 81.5666 6 25 9
2  45.0 45.0 0.00
65 21.1603 76.8212 2 21 9
2  45.0 45.0 0.00
66 18.6982 107.5893 9 25 7
2  45.0 45.0 0.00
67 52.1929 108.3486 7 23 8
2  45.0 45.0 0.00
68 41.1631 92.3239 4 23 5
2  45.0 45.0 0.00
69 17.3936 76.6909 7 27 8
2  45.0 45.0 0.00
70 50.2952 83.6556 2 23 5
2  45.0 45.0 0.00
71 15.2338 75.5654 6 17 5
2  45.0 45.0 0.00
72 44.3985 121.1179 9 28 9
2  45.0 45.0 0.00
73 8.5203 109.0199 9 22 9
2  45.0 45.0 0.00
74 21.1418 80.9958 1 16 8
2  45.0 45.0 0.00
75 46.1907 106.7514 9 23 6
2  45.0 45.0 0.00
76 18.0845 85.0353 9 26 8
2  45.0 45.0 0.00
77 9.8186 75.0590 10 23 9
2  45.0 45.0 0.00
78 50.0551 98.0159 4 22 9
2  45.0 45.0 0.00
79 51.0648 97.5455 6 25 6
2  45.0 45.0 0.00
80 37.3771 107.3454 6 28 8
2  45.0 45.0 0.00
81 43.6321 78.9408 8 28 6
2  45.0 45.0 0.00
82 37.1076 101.9623 8 28 6
2  45.0 45.0 0.00
83 34.3691 76.4264 6 16 9
2  45.0 45.0 0.00
84 6.8045 74.5956 8 23 7
2  45.0 45.0 0.00
85 50.2952 111.3446 1 18 5
2  45.0 45.0 0.00
86 25.7361 122.7657 9 19 8
2  45.0 45.0 0.00
87 39.4634 90.1590 2 15 9
2  45.0 45.0 0.00
88 4.8679 80.3806 2 19 5
2  45.0 45.0 0.00
89 25.9199 103.1046 8 19 6
2  45.0 45.0 0.00
90 48.2095 89.5582 9 27 7
2  45.0 45.0 0.00
91 36.0474 132.4162 5 20 8
2  45.0 45.0 0.00
92 11.6783 124.2205 9 26 7
2  45.0 45.0 0.00
93 45.6361 84.1977 3 17 5
2  45.0 45.0 0.00
94 20.0700 132.6405 9 17 9
2  45.0 45.0 0.00
95 50.6540 117.0265 7 21 9
2  45.0 45.0 0.00
96 25.2081 94.5113 7 29 6
2  45.0 45.0 0.00
97 11.9376 74.6638 10 26 6
2  45.0 45.0 0.00
98 39.9499 128.6046 5 21 5
2  45.0 45.0 0.00
99 12.1841 93.1191 10 28 9
2  45.0 45.0 0.00
100 16.5884 91.4968 9 18 6
2  45.0 45.0 0.00
101 48.5090 80.5679 6 29 9
2  45.0 45.0 0.00
102 49.3587 107.9486 6 22 5
2  45.0 45.0 0.00
103 43.7522 124.5500 5 23 7
2  45.0 45.0 0.00
104 44.2496 99.6160 1 28 7
2  45.0 45.0 0.00
105 23.7328 105.6960 2 15 9
2  45.0 45.0 0.00
106 33.8881 124.4102 5 22 9
2  45.0 45.0 0.00
107 9.7941 82.1789 4 23 8
2  45.0 45.0 0.00
108 5.6310 76.2586 1 27 8
2  45.0 45.0 0.00
109 10.8261 97.7135 6 21 8
2  45.0 45.0 0.00
110 19.2258 120.4820 2 21 8
2  45.0 45.0 0.00
111 44.4085 95.6405 1 24 6
2  45.0 45.0 0.00
112 21.2624 79.5345 2 16 6
2  45.0 45.0 0.00
113 6.5169 77.2712 9 22 8
2  45.0 45.0 0.00
114 36.1031 88.7406 3 27 7
2  45.0 45.0 0.00
115 41.5341 107.8028 1 17 5
2  45.0 45.0 0.00
116 3.1383 79.0326 10 19 8
2  45.0 45.0 0.00
117 44.3197 99.0958 2 25 9
2  45.0 45.0 0.00
118 40.9270 105.6872 6 19 7
2  45.0 45.0 0.00
119 50.1856 131.7767 7 22 9
2  45.0 45.0 0.00
120 7.2668 125.9903 5 26 7
2  45.0 45.0 0.00
121 6.1086 130.1612 5 15 8
2  45.0 45.0 0.00
122 15.4062 85.1680 3 23 6
2  45.0 45.0 0.00
123 16.2352 122.0678 2 19 6
2  45.0 45.0 0.00
124 34.7704 94.4375 1 23 5
2  45.0 45.0 0.00
125 8.8638 129.9435 6 18 8
2  45.0 45.0 0.00
126 42.5535 79.3648 2 19 7
2  45.0 45.0 0.00
127 8.9797 92.3960 9 27 6
2  45.0 45.0 0.00
128 46.6854 98.0432 2 29 8
2  45.0 45.0 0.00
129 30.7870 132.0065 3 29 7
2  45.0 45.0 0.00
130 9.2957 114.3478 5 18 9
2  45.0 45.0 0.00
131 39.4022 91.4392 9 24 9
2  45.0 45.0 0.00
132 8.6557 114.7275 4 19 8
2  45.0 45.0 0.00
133 10.1021 126.7775 5 29 7
2  45.0 45.0 0.00
134 50.0719 131.9303 1 29 5
2  45.0 45.0 0.00
135 13.9010 96.6586 2 28 9
2  45.0 45.0 0.00
136 9.6917 130.7012 10 26 6
2  45.0 45.0 0.00
137 8.0970 124.3797 10 22 8
2  45.0 45.0 0.00
138 43.6137 115.2222 2 28 9
2  45.0 45.0 0.00
139 11.9125 80.1272 10 19 6
2  45.0 45.0 0.00
140 35.9724 132.3274 2 23 7
2  45.0 45.0 0.00
141 10.1871 116.8250 5 16 8
2  45.0 45.0 0.00
142 19.6867 98.3053 7 25 9
2  45.0 45.0 0.00
143 10.5713 126.9181 3 15 8
2  45.0 45.0 0.00
144 17.2857 96.7509 4 19 6
2  45.0 45.0 0.00
145 14.8867 78.3971 2 29 5
2  45.0 45.0 0.00
146 7.9617 77.7679 1 25 8
2  45.0 45.0 0.00
147 10.2521 98.6764 3 20 9
2  45.0 45.0 0.00
148 21.5762 116.6554 9 28 5
2  45.0 45.0 0.00
149 22.5260 131.8345 9 28 8
2  45.0 45.0 0.00
150 16.9807 80.1047 9 24 9
2  45.0 45.0 0.00
151 16.1800 115.9650 9 18 6
2  45.0 45.0 0.00
152 5.6895 119.0979 3 29 8
2  45.0 45.0 0.00
153 15.7134 118.2980 6 29 8
2  45.0 45.0 0.00
154 39.1742 106.6455 1 17 9
2  45.0 45.0 0.00
155 30.9062 103.7923 10 17 7
2  45.0 45.0 0.00
156 15.8580 84.0874 8 17 6
2  45.0 45.0 0.00
157 52.0411 99.1538 8 27 9
2  45.0 45.0 0.00
158 24.4480 85.2144 1 16 7
2  45.0 45.0 0.00
159 33.1613 116.7865 8 19 7
2  45.0 45.0 0.00
160 34.7777 75.0788 6 18 8
2  45.0 45.0 0.00
161 38.9428 129.2190 2 27 9
2  45.0 45.0 0.00
162 40.5197 105.3154 3 25 7
2  45.0 45.0 0.00
163 46.4500 109.0863 10 25 9
2  45.0 45.0 0.00
164 43.9185 129.2430 6 15 8
2  45.0 45.0 0.00
165 28.9955 102.5589 7 24 5
2  45.0 45.0 0.00
166 44.4175 87.3011 4 24 9
2  45.0 45.0 0.00
167 14.1256 131.1876 2 21 5
2  45.0 45.0 0.00
168 5.1920 110.8293 1 29 8
2  45.0 45.0 0.00
169 47.5185 101.6845 3 23 7
2  45.0 45.0 0.00
170 3.0894 74.4533 10 20 5
2  45.0 45.0 0.00
171 37.9086 74.9439 8 23 5
2  45.0 45.0 0.00
172 14.3104 92.9775 6 26 7
2  45.0 45.0 0.00
173 28.6022 128.7289 5 26 6
2  45.0 45.0 0.00
174 47.9604 83.4125 8 22 9
2  45.0 45.0 0.00
175 12.3941 131.2575 6 20 6
2  45.0 45.0 0.00
176 5.0918 126.7384 8 15 5
2  45.0 45.0 0.00
177 43.2064 123.4532 4 23 6
2  45.0 45.0 0.00
178 12.5057 97.6999 5 19 7
2  45.0 45.0 0.00
179 38.5441 126.0347 8 22 6
2  45.0 45.0 0.00
180 51.0777 114.7121 8 19 9
2  45.0 45.0 0.00
181 44.4123 102.7453 1 22 7
2  45.0 45.0 0.00
182 39.3606 114.9059 6 17 6
2  45.0 45.0 0.00
183 19.5284 92.3171 6 23 5
2  45.0 45.0 0.00
184 36.5578 93.4052 7 23 9
2  45.0 45.0 0.00
185 27.3771 124.4364 6 29 5
2  45.0 45.0 0.00
186 18.1985 100.6524 8 16 8
2  45.0 45.0 0.00
187 20.3317 109.3978 8 17 5
2  45.0 45.0 0.00
188 18.4187 91.5562 6 16 8
2  45.0 45.0 0.00
189 27.5841 86.6504 8 29 5
2  45.0 45.0 0.00
190 22.4465 90.1504 5 21 7
2  45.0 45.0 0.00
191 34.0734 80.0247 1 21 6
2  45.0 45.0 0.00
192 51.5486 105.9463 6 21 8
2  45.0 45.0 0.00
193 16.3169 108.1422 3 23 7
2  45.0 45.0 0.00
194 39.1968 81.5256 3 21 7
2  45.0 45.0 0.00
195 21.0943 89.1741 4 28 5
2  45.0 45.0 0.00
196 16.0017 127.9401 1 28 8
2  45.0 45.0 0.00
197 3.9066 73.8456 5 23 7
2  45.0 45.0 0.00
198 14.4778 82.6409 2 28 8
2  45.0 45.0 0.00
199 40.9634 124.4898 6 20 7
2  45.0 45.0 0.00
200 48.2990 111.7876 5 20 9
2  45.0 45.0 0.00
201 15.3418 122.5092 8 29 6
2  45.0 45.0 0.00
202 20.5950 84.6229 8 20 5
2  45.0 45.0 0.00
203 5.7652 110.8506 3 27 6
2  45.0 45.0 0.00
204 15.6123 76.0776 3 16 7
2  45.0 45.0 0.00
205 31.1627 86.2973 10 27 9
2  45.0 45.0 0.00
206 28.1862 128.5187 6 22 8
2  45.0 45.0 0.00
207 33.6787 107.3987 2 16 9
2  45.0 45.0 0.00
208 12.6489 76.9498 2 19 8
2  45.0 45.0 0.00
209 4.7920 122.2042 9 26 6
2  45.0 45.0 0.00
210 9.4213 74.9679 6 15 5
2  45.0 45.0 0.00
211 45.7343 107.1295 3 28 9
2  45.0 45.0 0.00
212 4.2607 131.6967 2 15 8
2  45.0 45.0 0.00
213 24.3294 113.7456 3 25 5
2  45.0 45.0 0.00
214 27.0996 105.0503 7 28 5
2  45.0 45.0 0.00
215 12.3208 118.6397 1 19 8
2  45.0 45.0 0.00
216 40.1592 101.8279 10 22 6
2  45.0 45.0 0.00
217 26.5463 127.2574 5 20 7
2  45.0 45.0 0.00
218 5.2375 113.5759 4 18 8
2  45.0 45.0 0.00
219 13.7350 74.3363 2 24 7
2  45.0 45.0 0.00
220 20.8374 79.8047 4 26 8
2  45.0 45.0 0.00
221 32.7127 79.1406 1 27 5
2  45.0 45.0 0.00
222 7.7012 88.4070 1 18 9
2  45.0 45.0 0.00
223 30.2375 101.9001 5 25 6
2  45.0 45.0 0.00
224 29.1149 93.7193 8 19 8
2  45.0 45.0 0.00
225 43.2864 89.9109 7 18 5
2  45.0 45.0 0.00
226 11.2072 81.3120 9 26 6
2  45.0 45.0 0.00
227 34.4886 117.6714 6 26 6
2  45.0 45.0 0.00
228 21.4291 76.0193 9 17 6
2  45.0 45.0 0.00
229 42.3983 98.3488 3 20 6
2  45.0 45.0 0.00
230 39.6516 93.6943 6 21 8
2  45.0 45.0 0.00
231 3.5713 122.2940 9 15 5
2  45.0 45.0 0.00
232 18.6204 126.9533 3 27 6
2  45.0 45.0 0.00
233 50.7745 101.5748 9 29 6
2  45.0 45.0 0.00
234 43.0113 114.1215 8 20 6
2  45.0 45.0 0.00
235 26.5988 82.4495 4 28 7
2  45.0 45.0 0.00
236 22.1623 128.9484 9 28 7
2  45.0 45.0 0.00
237 43.9620 117.2836 1 15 7
2  45.0 45.0 0.00
238 43.4102 114.6634 6 25 5
2  45.0 45.0 0.00
239 26.4679 86.9460 6 27 7
2  45.0 45.0 0.00
240 18.5859 99.1903 3 15 7
2  45.0 45.0 0.00
241 5.3836 131.6326 8 15 6
2  45.0 45.0 0.00
242 45.6967 127.7088 4 23 6
2  45.0 45.0 0.00
243 21.9967 132.9424 9 20 6
2  45.0 45.0 0.00
244 13.8715 100.8429 1 23 8
2  45.0 45.0 0.00
245 8.2918 132.0478 10 19 9
2  45.0 45.0 0.00
246 14.9771 90.7234 10 20 5
2  45.0 45.0 0.00
247 50.3371 127.0837 6 20 8
2  45.0 45.0 0.00
248 45.1014 115.3988 1 24 5
2  45.0 45.0 0.00
249 47.8196 79.2805 8 21 5
2  45.0 45.0 0.00
250 26.5159 124.8644 2 24 7
2  45.0 45.0 0.00
251 45.3835 124.9108 1 19 7
2  45.0 45.0 0.00
252 6.1772 113.1040 7 18 7
2  45.0 45.0 0.00
253 30.9272 103.9342 2 20 8
2  45.0 45.0 0.00
254 26.9270 109.4305 10 25 5
2  45.0 45.0 0.00
255 28.5392 122.5360 3 23 5
2  45.0 45.0 0.00
256 3.0581 106.6437 1 16 8
2  45.0 45.0 0.00
257 21.7567 113.3103 5 28 5
2  45.0 45.0 0.00
258 7.0781 109.9231 7 28 9
2  45.0 45.0 0.00
259 11.6815 103.2466 10 17 9
2  45.0 45.0 0.00
260 22.0411 115.3290 2 24 6
2  45.0 45.0 0.00
261 46.1572 82.6149 7 21 6
2  45.0 45.0 0.00
262 4.1035 92.6394 6 18 7
2  45.0 45.0 0.00
263 28.1408 106.0556 7 23 9
2  45.0 45.0 0.00
264 47.3353 108.0098 8 18 5
2  45.0 45.0 0.00
265 46.1577 117.2326 9 25 6
2  45.0 45.0 0.00
266 3.3336 111.1408 1 24 9
2  45.0 45.0 0.00
267 17.7839 127.5771 8 27 9
2  45.0 45.0 0.00
268 13.7444 87.8397 6 25 7
2  45.0 45.0 0.00
269 40.7119 94.3091 7 21 6
2  45.0 45.0 0.00
270 34.1351 131.2118 5 17 5
2  45.0 45.0 0.00
271 42.8662 99.6610 3 23 7
2  45.0 45.0 0.00
272 9.2967 99.3879 9 18 6
2  45.0 45.0 0.00
273 22.3195 113.8775 6 20 8
2  45.0 45.0 0.00
274 32.6598 115.2395 4 23 7
2  45.0 45.0 0.00
275 34.9688 127.4970 6 24 7
2  45.0 45.0 0.00
276 28.4002 90.9471 1 21 8
2  45.0 45.0 0.00
277 4.8238 99.3626 5 22 7
2  45.0 45.0 0.00
278 45.5664 95.3763 10 21 5
2  45.0 45.0 0.00
279 41.7544 75.7539 5 21 5
2  45.0 45.0 0.00
280 6.6473 130.5966 3 25 9
2  45.0 45.0 0.00
281 48.9356 98.3917 9 26 7
2  45.0 45.0 0.00
282 47.4521 119.7753 7 15 6
2  45.0 45.0 0.00
283 44.3408 74.4439 4 21 9
2  45.0 45.0 0.00
284 50.3507 82.6350 5 27 9
2  45.0 45.0 0.00
285 14.0129 90.3010 6 20 9
2  45.0 45.0 0.00
286 32.6739 100.3747 8 24 6
2  45.0 45.0 0.00
287 30.4030 108.0217 1 22 9
2  45.0 45.0 0.00
288 33.6640 111.6958 5 29 9
2  45.0 45.0 0.00
289 6.5870 91.8937 1 16 9
2  45.0 45.0 0.00
290 40.5512 108.6639 7 24 7
2  45.0 45.0 0.00
291 48.6182 82.3432 4 28 6
2  45.0 45.0 0.00
292 34.5180 75.6728 7 27 8
2  45.0 45.0 0.00
293 24.6398 83.5715 1 27 6
2  45.0 45.0 0.00
294 15.1560 104.7836 8 23 6
2  45.0 45.0 0.00
295 18.1042 85.8146 9 27 8
2  45.0 45.0 0.00
296 48.2682 86.1403 5 22 6
2  45.0 45.0 0.00
297 52.9540 121.9843 1 15 9
2  45.0 45.0 0.00
298 22.6169 113.7436 1 16 6
2  45.0 45.0 0.00
299 31.4367 120.1906 9 17 9
2  45.0 45.0 0.00
