s1
0
 2013 04 20 03 33  4.786     2013 04 20 03 36 25.608     200.8
 2013 04 20 15 18 24.245     2013 04 20 15 21 18.937     174.7
1
 2013 04 20 02 14 26.697     2013 04 20 02 14 51.106      24.4
 2013 04 20 03 48 37.185     2013 04 20 03 48 36.557       -.6
 2013 04 20 08 44 47.718     2013 04 20 08 48 32.044     224.3
2
 2013 04 20 16 03 51.585     2013 04 20 16 06 24.432     152.8
3
 2013 04 20 02 14 12.139     2013 04 20 02 16 48.331     156.2
 2013 04 20 07 08 37.088     2013 04 20 07 12 13.781     216.7
 2013 04 20 08 46 19.172     2013 04 20 08 50  8.500     229.3
4
 2013 04 20 01 22 21.840     2013 04 20 01 26  3.282     221.4
 2013 04 20 09 36 20.674     2013 04 20 09 39  5.435     164.8
5
 2013 04 20 21 27 33.238     2013 04 20 21 30 45.495     192.3
6
 2013 04 20 10 52 45.518     2013 04 20 10 55 58.432     192.9
 2013 04 20 12 30 16.903     2013 04 20 12 31 12.605      55.7
 2013 04 20 17 25 35.442     2013 04 20 17 28 30.789     175.3
7
 2013 04 20 05 54 37.618     2013 04 20 05 57 21.063     163.4
 2013 04 20 17 41 30.288     2013 04 20 17 44 48.421     198.1
8
 2013 04 20 10 07  3.617     2013 04 20 10 09 47.121     163.5
 2013 04 20 15 01 55.368     2013 04 20 15 05  8.598     193.2
9
 2013 04 20 12 24 39.477     2013 04 20 12 27 16.717     157.2
 2013 04 20 20 38  7.562     2013 04 20 20 41 40.125     212.6
10
 2013 04 20 08 28 24.664     2013 04 20 08 31  3.163     158.5
 2013 04 20 16 41 51.289     2013 04 20 16 45 19.758     208.5
11
 2013 04 20 02 08  1.822     2013 04 20 02 10 33.963     152.1
 2013 04 20 10 27 38.808     2013 04 20 10 28 27.577      48.8
12
 2013 04 20 15 28 58.301     2013 04 20 15 31 34.327     156.0
13
 2013 04 20 09 42 39.149     2013 04 20 09 45 31.076     171.9
 2013 04 20 23 20  7.896     2013 04 20 23 22 41.792     153.9
14
 2013 04 20 17 59  9.648     2013 04 20 18 01 44.691     155.0
 2013 04 20 22 53 38.558     2013 04 20 22 56 55.276     196.7
15
 2013 04 20 07 25 15.192     2013 04 20 07 28 59.431     224.2
16
 2013 04 20 21 33 59.123     2013 04 20 21 37  4.956     185.8
17
 2013 04 20 09 02 34.980     2013 04 20 09 05 33.719     178.7
 2013 04 20 20 50  9.635     2013 04 20 20 52 43.270     153.6
18
 2013 04 20 15 57 18.261     2013 04 20 15 59 55.124     156.9
19
 2013 04 20 23 08 52.237     2013 04 20 23 11 34.941     162.7
20
 2013 04 20 12 14 35.618     2013 04 20 12 17  9.687     154.1
21
 2013 04 20 01 28 32.109     2013 04 20 01 28 48.474      16.4
 2013 04 20 06 24 21.918     2013 04 20 06 26 58.886     157.0
 2013 04 20 23 27 47.912     2013 04 20 23 31 16.622     208.7
22
 2013 04 20 04 11 29.591     2013 04 20 04 14  4.926     155.3
 2013 04 20 17 48 42.346     2013 04 20 17 51 51.575     189.2
23
24
 2013 04 20 00 10 34.962     2013 04 20 00 13  8.403     153.4
 2013 04 20 15 32  5.475     2013 04 20 15 34 57.024     171.5
25
 2013 04 20 14 49   .991     2013 04 20 14 52 22.156     201.2
 2013 04 20 16 26 42.440     2013 04 20 16 30 21.977     219.5
 2013 04 20 19 43 18.782     2013 04 20 19 47  6.667     227.9
 2013 04 20 21 21 30.003     2013 04 20 21 24 41.016     191.0
26
 2013 04 20 08 24 59.018     2013 04 20 08 27 31.551     152.5
27
 2013 04 20 16 57 21.454     2013 04 20 17 00 56.251     214.8
28
 2013 04 20 14 43 32.283     2013 04 20 14 46 16.927     164.6
29
 2013 04 20 10 46 40.413     2013 04 20 10 49 59.009     198.6
30
 2013 04 20 07 31 20.915     2013 04 20 07 34  5.345     164.4
31
 2013 04 20 03 00 45.816     2013 04 20 03 01 23.391      37.6
 2013 04 20 09 35 18.267     2013 04 20 09 38 47.996     209.7
32
 2013 04 20 01 18 38.684     2013 04 20 01 21 20.181     161.5
33
 2013 04 20 00 12 47.970     2013 04 20 00 15 38.899     170.9
34
 2013 04 20 15 34 15.726     2013 04 20 15 36 53.840     158.1
35
36
37
 2013 04 20 03 39 43.950     2013 04 20 03 42 25.938     162.0
 2013 04 20 13 38 35.574     2013 04 20 13 42   .397     204.8
38
 2013 04 20 17 46 30.868     2013 04 20 17 49  1.618     150.8
39
 2013 04 20 06 07  5.463     2013 04 20 06 10  9.017     183.6
40
 2013 04 20 08 28 27.558     2013 04 20 08 31   .595     153.0
 2013 04 20 16 42  8.876     2013 04 20 16 45 43.013     214.1
41
 2013 04 20 00 08 18.709     2013 04 20 00 10 52.507     153.8
 2013 04 20 17 10  4.117     2013 04 20 17 13  9.424     185.3
 2013 04 20 23 45  8.406     2013 04 20 23 47 44.135     155.7
42
 2013 04 20 09 18  2.178     2013 04 20 09 20 43.812     161.6
 2013 04 20 15 52 24.926     2013 04 20 15 54 58.900     154.0
43
 2013 04 20 02 59 27.273     2013 04 20 03 03 18.377     231.1
 2013 04 20 09 35 26.128     2013 04 20 09 38  4.456     158.3
44
 2013 04 20 10 00 17.738     2013 04 20 10 02 51.943     154.2
 2013 04 20 18 20 14.612     2013 04 20 18 21  2.410      47.8
45
 2013 04 20 12 24 49.892     2013 04 20 12 27 35.162     165.3
 2013 04 20 20 38 25.740     2013 04 20 20 38 35.691      10.0
46
 2013 04 20 03 28  8.993     2013 04 20 03 30 41.012     152.0
47
48
 2013 04 20 01 14 32.105     2013 04 20 01 15 27.310      55.2
 2013 04 20 11 18 57.044     2013 04 20 11 22 24.459     207.4
49
 2013 04 20 02 41 32.437     2013 04 20 02 44 33.616     181.2
50
 2013 04 20 02 51  2.349     2013 04 20 02 54 42.136     219.8
 2013 04 20 12 52 50.672     2013 04 20 12 55 32.902     162.2
51
 2013 04 20 01 50 41.431     2013 04 20 01 53 48.756     187.3
 2013 04 20 15 27 41.112     2013 04 20 15 30 30.091     169.0
52
 2013 04 20 08 26 18.859     2013 04 20 08 30  1.388     222.5
 2013 04 20 16 41 29.573     2013 04 20 16 44 24.347     174.8
53
 2013 04 20 12 06 32.872     2013 04 20 12 09 32.066     179.2
54
 2013 04 20 04 22 33.615     2013 04 20 04 22 34.182        .6
55
 2013 04 20 07 41 55.230     2013 04 20 07 45 25.785     210.6
 2013 04 20 14 15 55.904     2013 04 20 14 19 26.814     210.9
56
 2013 04 20 08 05 56.125     2013 04 20 08 08 46.526     170.4
57
 2013 04 20 11 25 57.963     2013 04 20 11 28 29.232     151.3
 2013 04 20 23 11 16.032     2013 04 20 23 12 19.970      63.9
58
 2013 04 20 02 13 46.556     2013 04 20 02 16 26.912     160.4
 2013 04 20 08 47  6.597     2013 04 20 08 50 15.875     189.3
59
 2013 04 20 02 08  9.621     2013 04 20 02 10 58.458     168.8
 2013 04 20 10 25 18.800     2013 04 20 10 28 43.091     204.3
60
 2013 04 20 05 59 39.100     2013 04 20 06 02 16.213     157.1
 2013 04 20 16 00 31.682     2013 04 20 16 03 39.156     187.5
61
 2013 04 20 16 03 52.865     2013 04 20 16 06 23.804     150.9
62
 2013 04 20 10 43 52.491     2013 04 20 10 46 26.269     153.8
 2013 04 20 20 44  8.181     2013 04 20 20 46 39.341     151.2
63
 2013 04 20 01 48 45.039     2013 04 20 01 51 51.772     186.7
 2013 04 20 15 28  4.607     2013 04 20 15 31 41.217     216.6
64
 2013 04 20 06 54 46.455     2013 04 20 06 57 41.563     175.1
 2013 04 20 13 34  8.502     2013 04 20 13 34 12.303       3.8
65
 2013 04 20 12 24 29.633     2013 04 20 12 27 43.065     193.4
 2013 04 20 20 38 54.663     2013 04 20 20 39 11.196      16.5
66
 2013 04 20 11 33 27.324     2013 04 20 11 34 30.036      62.7
67
 2013 04 20 03 24  9.929     2013 04 20 03 27 25.762     195.8
 2013 04 20 17 02 43.905     2013 04 20 17 05 20.590     156.7
68
 2013 04 20 20 54 12.339     2013 04 20 20 56 42.865     150.5
69
 2013 04 20 05 16 11.115     2013 04 20 05 18 48.387     157.3
70
 2013 04 20 16 56 48.188     2013 04 20 16 59 30.880     162.7
71
 2013 04 20 02 33  9.689     2013 04 20 02 36 29.912     200.2
 2013 04 20 17 54 25.224     2013 04 20 17 57 37.558     192.3
72
 2013 04 20 12 48 34.746     2013 04 20 12 51  9.923     155.2
73
 2013 04 20 14 36 45.812     2013 04 20 14 39 16.101     150.3
74
 2013 04 20 02 35 27.915     2013 04 20 02 35 31.370       3.5
 2013 04 20 16 16 10.773     2013 04 20 16 19 16.999     186.2
75
 2013 04 20 13 08   .668     2013 04 20 13 10 33.873     153.2
76
 2013 04 20 05 46 33.296     2013 04 20 05 49 19.568     166.3
 2013 04 20 19 22 49.179     2013 04 20 19 25 29.232     160.1
77
 2013 04 20 10 43 10.640     2013 04 20 10 46  5.723     175.1
 2013 04 20 20 44 56.455     2013 04 20 20 47 30.591     154.1
78
 2013 04 20 05 00 48.735     2013 04 20 05 03 19.998     151.3
 2013 04 20 18 35  6.307     2013 04 20 18 38 20.210     193.9
79
80
 2013 04 20 13 12  7.984     2013 04 20 13 15 36.573     208.6
 2013 04 20 19 50 18.659     2013 04 20 19 50 20.429       1.8
81
82
 2013 04 20 01 44 40.628     2013 04 20 01 47 33.334     172.7
 2013 04 20 17 07 17.155     2013 04 20 17 10 12.910     175.8
83
 2013 04 20 00 11 52.723     2013 04 20 00 14 44.044     171.3
 2013 04 20 15 32 16.957     2013 04 20 15 35 37.669     200.7
84
 2013 04 20 02 46 20.504     2013 04 20 02 48 54.639     154.1
 2013 04 20 14 31 37.839     2013 04 20 14 35 12.239     214.4
85
 2013 04 20 10 43 40.726     2013 04 20 10 46 15.112     154.4
 2013 04 20 20 44  5.028     2013 04 20 20 46 39.932     154.9
86
 2013 04 20 15 33 47.392     2013 04 20 15 36 30.336     162.9
87
 2013 04 20 05 23 40.767     2013 04 20 05 27  5.461     204.7
 2013 04 20 10 19 15.073     2013 04 20 10 22 24.140     189.1
88
 2013 04 20 00 07 29.877     2013 04 20 00 10 31.533     181.7
 2013 04 20 17 09 32.928     2013 04 20 17 12 12.005     159.1
 2013 04 20 23 44 15.160     2013 04 20 23 47 26.564     191.4
89
 2013 04 20 22 38 51.804     2013 04 20 22 41 51.297     179.5
90
 2013 04 20 09 46  6.501     2013 04 20 09 49 14.910     188.4
91
 2013 04 20 03 17 40.602     2013 04 20 03 20 14.127     153.5
 2013 04 20 20 18 50.604     2013 04 20 20 22 31.325     220.7
92
 2013 04 20 09 45 54.508     2013 04 20 09 48 34.159     159.7
93
 2013 04 20 16 16 58.545     2013 04 20 16 19 31.084     152.5
94
 2013 04 20 13 35 49.268     2013 04 20 13 38 44.949     175.7
95
 2013 04 20 14 00  8.385     2013 04 20 14 02 48.911     160.5
 2013 04 20 20 34 24.744     2013 04 20 20 38 11.609     226.9
96
 2013 04 20 07 37 47.670     2013 04 20 07 41 25.229     217.6
97
 2013 04 20 09 46 45.799     2013 04 20 09 49 20.851     155.1
98
 2013 04 20 11 23  6.983     2013 04 20 11 25 57.692     170.7
 2013 04 20 23 11 57.990     2013 04 20 23 15 39.728     221.7
99
 2013 04 20 15 23 34.580     2013 04 20 15 26 22.949     168.4
100
 2013 04 20 14 02 43.424     2013 04 20 14 06  6.638     203.2
 2013 04 20 18 58 12.052     2013 04 20 18 58 56.038      44.0
101
 2013 04 20 15 37 45.212     2013 04 20 15 41 26.340     221.1
 2013 04 20 20 33 34.264     2013 04 20 20 36 37.646     183.4
102
 2013 04 20 14 44  4.707     2013 04 20 14 47  4.872     180.2
 2013 04 20 23 01 21.750     2013 04 20 23 04 21.920     180.2
103
104
 2013 04 20 19 02 59.885     2013 04 20 19 05 33.915     154.0
105
 2013 04 20 00 09 50.389     2013 04 20 00 10  7.733      17.3
 2013 04 20 17 08 37.918     2013 04 20 17 11 31.361     173.4
106
107
 2013 04 20 02 12 36.826     2013 04 20 02 15 12.814     156.0
 2013 04 20 08 46 39.819     2013 04 20 08 49 20.673     160.9
108
 2013 04 20 06 05  5.699     2013 04 20 06 07 41.072     155.4
 2013 04 20 14 21  2.698     2013 04 20 14 23 49.748     167.1
109
110
 2013 04 20 06 52 45.273     2013 04 20 06 55 34.514     169.2
 2013 04 20 15 08 53.787     2013 04 20 15 11 29.756     156.0
111
 2013 04 20 05 41 10.090     2013 04 20 05 44 11.010     180.9
 2013 04 20 21 03 36.751     2013 04 20 21 06 11.913     155.2
112
 2013 04 20 23 07 41.040     2013 04 20 23 10 39.258     178.2
113
 2013 04 20 06 10 51.206     2013 04 20 06 13 35.696     164.5
 2013 04 20 11 05 43.226     2013 04 20 11 09   .207     197.0
114
 2013 04 20 20 17 22.338     2013 04 20 20 20  2.635     160.3
115
 2013 04 20 17 31  7.065     2013 04 20 17 34 44.405     217.3
116
 2013 04 20 11 40  8.825     2013 04 20 11 43 24.643     195.8
 2013 04 20 13 17 46.219     2013 04 20 13 21 31.001     224.8
 2013 04 20 16 34 26.297     2013 04 20 16 38 15.361     229.1
 2013 04 20 18 12 37.766     2013 04 20 18 15 49.684     191.9
117
 2013 04 20 09 40 14.694     2013 04 20 09 42 47.729     153.0
118
 2013 04 20 11 36 31.281     2013 04 20 11 39 17.362     166.1
 2013 04 20 19 51  8.535     2013 04 20 19 53 48.166     159.6
119
 2013 04 20 06 37 22.533     2013 04 20 06 40 24.230     181.7
120
 2013 04 20 16 17 14.358     2013 04 20 16 19 48.312     154.0
121
 2013 04 20 21 42 23.480     2013 04 20 21 45 58.296     214.8
122
123
 2013 04 20 14 50 59.398     2013 04 20 14 53 37.740     158.3
 2013 04 20 19 45 39.898     2013 04 20 19 48 22.456     162.6
124
125
 2013 04 20 02 47 11.604     2013 04 20 02 50 34.834     203.2
126
 2013 04 20 01 06 58.290     2013 04 20 01 09 57.276     179.0
127
 2013 04 20 01 45 47.878     2013 04 20 01 46 18.026      30.1
 2013 04 20 18 42 57.818     2013 04 20 18 46 34.732     216.9
128
 2013 04 20 10 37 40.307     2013 04 20 10 37 43.396       3.1
129
 2013 04 20 04 09 44.671     2013 04 20 04 12 20.856     156.2
130
 2013 04 20 02 02 21.668     2013 04 20 02 05 49.320     207.7
 2013 04 20 12 05 52.121     2013 04 20 12 09  5.725     193.6
131
 2013 04 20 02 45 47.239     2013 04 20 02 48 28.751     161.5
 2013 04 20 14 31 59.065     2013 04 20 14 34 50.739     171.7
132
133
 2013 04 20 00 06   .042     2013 04 20 00 08 41.828     161.8
 2013 04 20 17 12 45.715     2013 04 20 17 13  5.298      19.6
 2013 04 20 18 46 58.764     2013 04 20 18 50 41.951     223.2
 2013 04 20 23 42 48.208     2013 04 20 23 45 34.719     166.5
134
 2013 04 20 09 52 34.976     2013 04 20 09 53 58.927      84.0
 2013 04 20 21 36 27.068     2013 04 20 21 39   .645     153.6
135
 2013 04 20 07 43  4.437     2013 04 20 07 45 45.722     161.3
 2013 04 20 14 17 45.078     2013 04 20 14 20 34.163     169.1
136
 2013 04 20 03 30  2.343     2013 04 20 03 32 32.175     149.8
137
138
139
 2013 04 20 10 38 49.417     2013 04 20 10 41 25.973     156.6
 2013 04 20 22 23 56.986     2013 04 20 22 24   .118       3.1
140
 2013 04 20 14 29 49.431     2013 04 20 14 32 21.788     152.4
141
 2013 04 20 05 37  1.172     2013 04 20 05 39 42.574     161.4
 2013 04 20 22 40  1.366     2013 04 20 22 43 26.600     205.2
142
143
 2013 04 20 06 09 42.364     2013 04 20 06 10  9.898      27.5
 2013 04 20 14 19  9.575     2013 04 20 14 22 25.169     195.6
144
 2013 04 20 22 26 46.648     2013 04 20 22 27 24.897      38.2
145
 2013 04 20 04 15 57.899     2013 04 20 04 16  1.514       3.6
146
 2013 04 20 02 32 45.937     2013 04 20 02 36 24.782     218.8
 2013 04 20 17 54 47.626     2013 04 20 17 57 45.624     178.0
147
148
 2013 04 20 08 05 22.046     2013 04 20 08 08 48.265     206.2
149
 2013 04 20 15 24  1.412     2013 04 20 15 27 24.624     203.2
150
 2013 04 20 05 06  3.470     2013 04 20 05 08 49.955     166.5
 2013 04 20 16 54 13.466     2013 04 20 16 57  3.282     169.8
151
 2013 04 20 00 10 50.800     2013 04 20 00 14 17.502     206.7
 2013 04 20 15 31  8.749     2013 04 20 15 33 43.563     154.8
152
 2013 04 20 17 12 59.175     2013 04 20 17 16  2.501     183.3
 2013 04 20 22 08  4.763     2013 04 20 22 10 40.409     155.6
153
 2013 04 20 00 25  7.317     2013 04 20 00 28 33.247     205.9
154
 2013 04 20 01 45 43.979     2013 04 20 01 48 46.845     182.9
 2013 04 20 17 05 50.404     2013 04 20 17 08 27.358     157.0
155
 2013 04 20 05 16 23.541     2013 04 20 05 19 47.217     203.7
156
 2013 04 20 01 20 29.902     2013 04 20 01 23  9.588     159.7
157
 2013 04 20 05 56 36.447     2013 04 20 05 59 21.118     164.7
158
 2013 04 20 03 22 36.655     2013 04 20 03 25 11.668     155.0
159
160
 2013 04 20 06 27 43.628     2013 04 20 06 31  8.740     205.1
 2013 04 20 21 48 47.885     2013 04 20 21 52 12.646     204.8
161
 2013 04 20 03 17  9.075     2013 04 20 03 20 23.388     194.3
 2013 04 20 20 17 57.089     2013 04 20 20 21 30.160     213.1
162
 2013 04 20 05 14 30.786     2013 04 20 05 17 12.780     162.0
 2013 04 20 15 12 43.064     2013 04 20 15 14 15.683      92.6
163
 2013 04 20 09 42  5.679     2013 04 20 09 45  4.349     178.7
 2013 04 20 23 20 22.096     2013 04 20 23 23  3.887     161.8
164
 2013 04 20 01 09 11.205     2013 04 20 01 10 28.719      77.5
165
 2013 04 20 04 10 55.484     2013 04 20 04 14 19.403     203.9
 2013 04 20 17 50 43.423     2013 04 20 17 51 28.561      45.1
166
 2013 04 20 02 06 56.663     2013 04 20 02 09 44.665     168.0
167
 2013 04 20 08 15 57.574     2013 04 20 08 19 25.786     208.2
 2013 04 20 20 02  6.347     2013 04 20 20 04 42.402     156.1
168
 2013 04 20 02 30 42.138     2013 04 20 02 33 43.172     181.0
169
 2013 04 20 11 33 17.573     2013 04 20 11 35 50.624     153.1
170
 2013 04 20 08 02 34.558     2013 04 20 08 06  5.787     211.2
 2013 04 20 23 23 22.155     2013 04 20 23 26 16.569     174.4
171
 2013 04 20 00 17 14.287     2013 04 20 00 20 15.536     181.2
 2013 04 20 13 52 12.215     2013 04 20 13 53 23.665      71.4
172
 2013 04 20 13 59 29.664     2013 04 20 14 02 55.989     206.3
173
174
 2013 04 20 08 20 12.607     2013 04 20 08 23 34.940     202.3
 2013 04 20 18 23 39.016     2013 04 20 18 26 58.760     199.7
175
 2013 04 20 06 44 26.810     2013 04 20 06 47 53.177     206.4
176
 2013 04 20 03 13  9.211     2013 04 20 03 16 55.348     226.1
 2013 04 20 04 50 49.514     2013 04 20 04 51 10.974      21.5
 2013 04 20 21 55  4.165     2013 04 20 21 57 50.310     166.1
177
 2013 04 20 06 28  6.379     2013 04 20 06 30 43.552     157.2
 2013 04 20 21 49 38.936     2013 04 20 21 52 53.428     194.5
178
 2013 04 20 12 21  8.349     2013 04 20 12 21 25.333      17.0
 2013 04 20 22 16 58.177     2013 04 20 22 20  8.453     190.3
179
 2013 04 20 08 21 35.284     2013 04 20 08 22 24.581      49.3
180
181
 2013 04 20 11 26  2.362     2013 04 20 11 29 17.246     194.9
 2013 04 20 23 10 10.237     2013 04 20 23 13 45.264     215.0
182
 2013 04 20 23 02 56.042     2013 04 20 23 05 32.160     156.1
183
 2013 04 20 14 35 21.614     2013 04 20 14 38 22.846     181.2
184
 2013 04 20 08 26 51.467     2013 04 20 08 27 15.300      23.8
 2013 04 20 16 44  3.831     2013 04 20 16 46 53.930     170.1
185
 2013 04 20 05 03  8.643     2013 04 20 05 04 22.640      74.0
186
 2013 04 20 10 54 37.963     2013 04 20 10 57 19.143     161.2
 2013 04 20 15 49 25.026     2013 04 20 15 52 16.459     171.4
187
 2013 04 20 19 07 25.204     2013 04 20 19 09 57.475     152.3
188
 2013 04 20 00 19 33.277     2013 04 20 00 19 35.521       2.2
 2013 04 20 12 17 14.862     2013 04 20 12 17 27.527      12.7
189
 2013 04 20 20 49  7.529     2013 04 20 20 52 42.549     215.0
190
 2013 04 20 02 33 31.479     2013 04 20 02 37 11.292     219.8
 2013 04 20 17 52  6.688     2013 04 20 17 55 26.164     199.5
191
 2013 04 20 20 13  5.865     2013 04 20 20 15 40.226     154.4
192
 2013 04 20 09 15 48.474     2013 04 20 09 18 47.407     178.9
193
 2013 04 20 02 04 38.986     2013 04 20 02 07 12.822     153.8
 2013 04 20 12 04  9.771     2013 04 20 12 06 45.035     155.3
194
195
 2013 04 20 19 18 30.477     2013 04 20 19 21  3.667     153.2
196
 2013 04 20 09 40   .233     2013 04 20 09 43 32.911     212.7
197
 2013 04 20 18 42 34.885     2013 04 20 18 45 58.026     203.1
198
 2013 04 20 05 48 40.045     2013 04 20 05 51 55.837     195.8
199
 2013 04 20 12 18 22.177     2013 04 20 12 19  5.900      43.7
200
 2013 04 20 12 20 40.993     2013 04 20 12 24 21.665     220.7
201
 2013 04 20 19 54 11.139     2013 04 20 19 57 40.552     209.4
202
 2013 04 20 13 56 56.136     2013 04 20 13 59 41.732     165.6
 2013 04 20 22 12 49.303     2013 04 20 22 16  8.439     199.1
203
 2013 04 20 18 32 55.612     2013 04 20 18 35 29.821     154.2
204
 2013 04 20 10 43 37.160     2013 04 20 10 46 56.834     199.7
 2013 04 20 20 43  6.330     2013 04 20 20 45 43.870     157.5
205
206
207
 2013 04 20 00 05 31.456     2013 04 20 00 08  8.299     156.8
 2013 04 20 18 47 16.502     2013 04 20 18 50 14.627     178.1
 2013 04 20 23 42 20.785     2013 04 20 23 45   .354     159.6
208
 2013 04 20 22 22 46.515     2013 04 20 22 25 27.624     161.1
209
 2013 04 20 15 23 55.144     2013 04 20 15 26 37.205     162.1
210
 2013 04 20 07 16 17.376     2013 04 20 07 19 53.053     215.7
 2013 04 20 22 36  1.252     2013 04 20 22 38 40.178     158.9
211
 2013 04 20 02 12 52.783     2013 04 20 02 16 27.384     214.6
 2013 04 20 03 50 41.383     2013 04 20 03 54 16.807     215.4
 2013 04 20 07 11  7.187     2013 04 20 07 11 17.101       9.9
 2013 04 20 08 45 44.269     2013 04 20 08 48 36.944     172.7
212
 2013 04 20 16 23 59.736     2013 04 20 16 26 36.776     157.0
 2013 04 20 21 22 27.028     2013 04 20 21 22 29.548       2.5
 2013 04 20 22 56 42.220     2013 04 20 22 59 56.869     194.6
213
 2013 04 20 13 42  2.164     2013 04 20 13 44 40.176     158.0
214
 2013 04 20 02 12 38.864     2013 04 20 02 16  7.390     208.5
 2013 04 20 03 50 19.220     2013 04 20 03 52  8.276     109.1
 2013 04 20 08 45 52.371     2013 04 20 08 48 32.324     160.0
215
 2013 04 20 10 51 17.346     2013 04 20 10 54 19.262     181.9
 2013 04 20 17 25 20.927     2013 04 20 17 28 38.930     198.0
216
 2013 04 20 03 15 38.512     2013 04 20 03 18 16.594     158.1
 2013 04 20 20 18 35.664     2013 04 20 20 21 42.243     186.6
217
 2013 04 20 20 16 18.862     2013 04 20 20 17 11.535      52.7
218
 2013 04 20 13 07 32.882     2013 04 20 13 10 30.775     177.9
219
 2013 04 20 04 16 25.473     2013 04 20 04 19  1.695     156.2
220
 2013 04 20 10 53 16.511     2013 04 20 10 55 52.263     155.8
 2013 04 20 17 26 23.979     2013 04 20 17 29 25.459     181.5
221
 2013 04 20 16 10  1.520     2013 04 20 16 13 34.084     212.6
222
 2013 04 20 08 28 10.411     2013 04 20 08 31 29.850     199.4
 2013 04 20 16 42 52.131     2013 04 20 16 43 36.610      44.5
223
 2013 04 20 11 22   .117     2013 04 20 11 25 26.892     206.8
224
 2013 04 20 12 24 49.149     2013 04 20 12 28 16.467     207.3
225
 2013 04 20 15 57 30.693     2013 04 20 15 58  6.889      36.2
226
 2013 04 20 12 25  3.477     2013 04 20 12 27 41.924     158.4
227
 2013 04 20 00 55 39.045     2013 04 20 00 58 28.877     169.8
 2013 04 20 17 57 44.678     2013 04 20 18 01  4.613     199.9
228
 2013 04 20 06 32 16.051     2013 04 20 06 34 56.979     160.9
229
 2013 04 20 12 20  2.322     2013 04 20 12 23 37.211     214.9
230
 2013 04 20 21 27 55.997     2013 04 20 21 30 55.194     179.2
231
 2013 04 20 02 08 38.491     2013 04 20 02 09 35.236      56.7
 2013 04 20 10 26 19.047     2013 04 20 10 28 54.457     155.4
232
 2013 04 20 05 51 34.210     2013 04 20 05 55 10.096     215.9
 2013 04 20 17 43 37.107     2013 04 20 17 46 37.454     180.3
233
234
 2013 04 20 23 09 32.583     2013 04 20 23 12 34.365     181.8
235
 2013 04 20 09 49 14.831     2013 04 20 09 49 56.057      41.2
 2013 04 20 21 39 11.307     2013 04 20 21 42  8.464     177.2
236
 2013 04 20 06 08 35.626     2013 04 20 06 11 59.833     204.2
 2013 04 20 07 46  7.697     2013 04 20 07 46 18.732      11.0
 2013 04 20 12 42  8.741     2013 04 20 12 44 43.093     154.4
237
 2013 04 20 12 15 28.265     2013 04 20 12 18 41.496     193.2
238
 2013 04 20 06 46 12.868     2013 04 20 06 48 56.156     163.3
 2013 04 20 16 51  5.664     2013 04 20 16 51 23.397      17.7
239
 2013 04 20 06 03 56.301     2013 04 20 06 04 13.772      17.5
 2013 04 20 15 59  7.390     2013 04 20 16 01 43.746     156.4
240
241
 2013 04 20 03 15 57.502     2013 04 20 03 19 13.258     195.8
 2013 04 20 20 18 17.054     2013 04 20 20 20 52.843     155.8
242
 2013 04 20 09 13 49.872     2013 04 20 09 17 24.704     214.8
 2013 04 20 17 31 15.904     2013 04 20 17 33 48.181     152.3
243
244
245
 2013 04 20 06 08 24.247     2013 04 20 06 11   .063     155.8
 2013 04 20 12 42 45.916     2013 04 20 12 45 47.696     181.8
246
 2013 04 20 09 01 32.491     2013 04 20 09 05  1.089     208.6
 2013 04 20 20 49 45.669     2013 04 20 20 53 11.946     206.3
247
 2013 04 20 20 41  3.926     2013 04 20 20 44 26.155     202.2
248
 2013 04 20 13 11 17.595     2013 04 20 13 14 19.860     182.3
 2013 04 20 21 26 27.844     2013 04 20 21 29 46.132     198.3
249
 2013 04 20 02 40 20.321     2013 04 20 02 43 12.399     172.1
250
 2013 04 20 08 11 31.600     2013 04 20 08 14 40.529     188.9
251
 2013 04 20 01 23 26.757     2013 04 20 01 26 54.872     208.1
 2013 04 20 09 35 40.407     2013 04 20 09 36  3.376      23.0
252
 2013 04 20 06 29 38.433     2013 04 20 06 32 12.404     154.0
 2013 04 20 21 49 57.786     2013 04 20 21 52 54.448     176.7
253
 2013 04 20 03 00  6.029     2013 04 20 03 03 13.564     187.5
 2013 04 20 09 33 25.824     2013 04 20 09 36  3.520     157.7
254
 2013 04 20 04 20  5.480     2013 04 20 04 23 30.314     204.8
 2013 04 20 16 07  2.868     2013 04 20 16 07  3.971       1.1
255
 2013 04 20 05 46 31.840     2013 04 20 05 49  6.059     154.2
 2013 04 20 19 23 26.895     2013 04 20 19 26  2.397     155.5
256
 2013 04 20 04 56 25.010     2013 04 20 04 57 25.699      60.7
 2013 04 20 20 14 12.640     2013 04 20 20 17  5.074     172.4
257
 2013 04 20 17 55 18.696     2013 04 20 17 58 39.544     200.8
258
259
 2013 04 20 08 08 10.562     2013 04 20 08 11  2.087     171.5
 2013 04 20 21 45 39.904     2013 04 20 21 48 13.750     153.8
260
 2013 04 20 00 34  4.982     2013 04 20 00 36 37.602     152.6
 2013 04 20 08 50 15.086     2013 04 20 08 53 28.615     193.5
261
262
 2013 04 20 03 16 11.614     2013 04 20 03 19 10.846     179.2
 2013 04 20 20 19 52.827     2013 04 20 20 22 30.096     157.3
263
 2013 04 20 10 34 52.545     2013 04 20 10 36  3.600      71.1
264
 2013 04 20 09 15 16.395     2013 04 20 09 17 58.079     161.7
 2013 04 20 17 29 24.102     2013 04 20 17 32 21.991     177.9
265
 2013 04 20 00 29 15.077     2013 04 20 00 31 47.915     152.8
 2013 04 20 10 29 56.575     2013 04 20 10 32 52.180     175.6
266
 2013 04 20 04 52 31.807     2013 04 20 04 55  5.121     153.3
267
 2013 04 20 10 05 12.327     2013 04 20 10 07 46.433     154.1
 2013 04 20 16 39 19.404     2013 04 20 16 41 55.438     156.0
268
 2013 04 20 02 14 39.789     2013 04 20 02 15 26.897      47.1
 2013 04 20 03 49 22.081     2013 04 20 03 50 36.926      74.8
 2013 04 20 08 45 21.100     2013 04 20 08 48 14.949     173.8
269
 2013 04 20 00 55 16.817     2013 04 20 00 58 15.096     178.3
 2013 04 20 17 58  3.015     2013 04 20 18 00 59.160     176.1
270
 2013 04 20 06 25 20.409     2013 04 20 06 28  6.600     166.2
 2013 04 20 23 28 37.111     2013 04 20 23 31 12.906     155.8
271
 2013 04 20 20 59 55.521     2013 04 20 21 02 27.231     151.7
272
 2013 04 20 01 48 12.997     2013 04 20 01 51 54.706     221.7
 2013 04 20 15 28 31.390     2013 04 20 15 32 12.377     221.0
273
 2013 04 20 10 36 31.425     2013 04 20 10 40 15.312     223.9
 2013 04 20 22 24  2.832     2013 04 20 22 26 54.532     171.7
274
 2013 04 20 06 10 17.859     2013 04 20 06 13 12.068     174.2
 2013 04 20 11 09 12.496     2013 04 20 11 09 22.388       9.9
 2013 04 20 12 43 20.245     2013 04 20 12 47  3.132     222.9
275
 2013 04 20 06 52 40.152     2013 04 20 06 56  7.247     207.1
 2013 04 20 15 09 16.478     2013 04 20 15 12  2.633     166.2
276
 2013 04 20 08 25 49.085     2013 04 20 08 29 29.688     220.6
 2013 04 20 16 44   .524     2013 04 20 16 46 58.497     178.0
277
278
 2013 04 20 02 32 59.066     2013 04 20 02 35 43.706     164.6
 2013 04 20 17 54 15.005     2013 04 20 17 56 53.767     158.8
279
 2013 04 20 09 52 53.738     2013 04 20 09 55 24.835     151.1
280
 2013 04 20 11 31 41.936     2013 04 20 11 34 16.709     154.8
 2013 04 20 21 30 46.227     2013 04 20 21 33 27.669     161.4
281
 2013 04 20 04 31  6.105     2013 04 20 04 34 52.407     226.3
 2013 04 20 12 47 36.598     2013 04 20 12 50 37.705     181.1
282
283
 2013 04 20 09 54 43.908     2013 04 20 09 57 37.811     173.9
284
 2013 04 20 01 01 16.941     2013 04 20 01 03 54.848     157.9
285
 2013 04 20 18 43  5.610     2013 04 20 18 45 59.892     174.3
286
 2013 04 20 01 20 30.363     2013 04 20 01 23  6.167     155.8
287
 2013 04 20 00 10 17.798     2013 04 20 00 13 21.511     183.7
 2013 04 20 15 33  2.478     2013 04 20 15 35 47.357     164.9
288
 2013 04 20 08 18 32.839     2013 04 20 08 21  2.958     150.1
289
 2013 04 20 11 40 56.355     2013 04 20 11 43 30.867     154.5
 2013 04 20 16 35 23.770     2013 04 20 16 39 12.349     228.6
 2013 04 20 18 13 18.201     2013 04 20 18 16 59.041     220.8
290
 2013 04 20 00 38 19.203     2013 04 20 00 40 54.120     154.9
 2013 04 20 07 12 34.598     2013 04 20 07 15 12.110     157.5
291
 2013 04 20 08 28 37.444     2013 04 20 08 32  5.041     207.6
292
293
 2013 04 20 05 51 45.812     2013 04 20 05 54 42.032     176.2
 2013 04 20 17 42 58.857     2013 04 20 17 46 28.782     209.9
294
 2013 04 20 01 52  5.238     2013 04 20 01 54 39.570     154.3
 2013 04 20 15 25 50.245     2013 04 20 15 29 16.127     205.9
295
 2013 04 20 15 30 27.201     2013 04 20 15 33 13.815     166.6
296
297
 2013 04 20 03 00 28.087     2013 04 20 03 03 27.640     179.6
 2013 04 20 09 33 29.095     2013 04 20 09 36 18.505     169.4
298
 2013 04 20 04 15  7.983     2013 04 20 04 18 25.665     197.7
299
 2013 04 20 18 30 44.724     2013 04 20 18 34 19.381     214.7
