0 -7.3504 33.6205 8 24 9
2  45.0 45.0 0.00
1 -48.2705 83.5786 5 15 6
2  45.0 45.0 0.00
2 12.9733 -163.0060 9 22 6
2  45.0 45.0 0.00
3 -51.8580 99.0113 10 20 9
2  45.0 45.0 0.00
4 43.5621 -88.1093 2 28 8
2  45.0 45.0 0.00
5 -35.6386 -77.8488 2 16 8
2  45.0 45.0 0.00
6 52.0594 141.5924 4 26 7
2  45.0 45.0 0.00
7 2.7792 -178.5780 1 24 6
2  45.0 45.0 0.00
8 -51.3727 -15.9266 6 20 5
2  45.0 45.0 0.00
9 42.5024 109.6248 9 29 6
2  45.0 45.0 0.00
10 -42.6926 -11.1200 9 15 5
2  45.0 45.0 0.00
11 -34.4071 78.3171 9 29 8
2  45.0 45.0 0.00
12 27.6517 50.9228 3 18 9
2  45.0 45.0 0.00
13 24.2822 -71.8058 9 15 5
2  45.0 45.0 0.00
14 -52.2767 -138.6920 5 16 6
2  45.0 45.0 0.00
15 -4.7484 146.8383 2 25 9
2  45.0 45.0 0.00
16 -14.9170 -65.3117 3 28 9
2  45.0 45.0 0.00
17 2.3336 128.6720 3 24 7
2  45.0 45.0 0.00
18 32.7192 -177.9566 10 28 5
2  45.0 45.0 0.00
19 -13.3666 -90.0594 8 21 6
2  45.0 45.0 0.00
20 10.6452 87.3908 1 26 9
2  45.0 45.0 0.00
21 51.1445 -52.9136 9 25 9
2  45.0 45.0 0.00
22 -24.6428 -171.9085 4 17 7
2  45.0 45.0 0.00
23 -6.1177 93.4169 9 19 8
2  45.0 45.0 0.00
24 39.3954 56.3395 4 22 6
2  45.0 45.0 0.00
25 -52.8783 -97.8530 6 16 7
2  45.0 45.0 0.00
26 -31.2309 -19.0799 8 20 8
2  45.0 45.0 0.00
27 12.3512 12.1921 7 16 5
2  45.0 45.0 0.00
28 -35.0862 -114.9529 3 24 5
2  45.0 45.0 0.00
29 30.3366 128.5661 7 20 5
2  45.0 45.0 0.00
30 12.1273 158.5701 4 27 5
2  45.0 45.0 0.00
31 47.0564 -87.9443 3 22 6
2  45.0 45.0 0.00
32 26.9568 -93.2925 9 16 6
2  45.0 45.0 0.00
33 33.9752 65.0807 2 20 9
2  45.0 45.0 0.00
34 43.2924 65.4595 3 19 7
2  45.0 45.0 0.00
35 20.2427 179.0083 2 19 8
2  45.0 45.0 0.00
36 -37.7339 121.3946 9 15 6
2  45.0 45.0 0.00
37 -24.9210 49.8076 2 19 7
2  45.0 45.0 0.00
38 -14.7541 -174.0493 8 28 5
2  45.0 45.0 0.00
39 45.3832 -155.0010 5 21 5
2  45.0 45.0 0.00
40 -41.8260 -9.9045 9 23 9
2  45.0 45.0 0.00
41 45.8531 49.0678 5 21 9
2  45.0 45.0 0.00
42 47.3484 167.7018 6 28 6
2  45.0 45.0 0.00
43 44.2128 -94.0595 8 28 5
2  45.0 45.0 0.00
44 -33.6904 -40.6528 10 27 5
2  45.0 45.0 0.00
45 41.5403 112.5708 10 17 9
2  45.0 45.0 0.00
46 12.8818 28.3829 3 18 8
2  45.0 45.0 0.00
47 18.1824 -84.9296 8 17 8
2  45.0 45.0 0.00
48 13.6312 -97.1291 2 20 5
2  45.0 45.0 0.00
49 -11.1329 -136.4403 8 22 6
2  45.0 45.0 0.00
50 20.0785 -117.9679 6 19 5
2  45.0 45.0 0.00
51 23.1440 49.5328 7 22 9
2  45.0 45.0 0.00
52 -40.2927 -19.0471 6 22 8
2  45.0 45.0 0.00
53 -14.0088 72.3441 10 16 8
2  45.0 45.0 0.00
54 16.2199 -155.0695 1 16 9
2  45.0 45.0 0.00
55 47.9087 -178.2071 3 27 6
2  45.0 45.0 0.00
56 28.7144 -56.6990 6 27 6
2  45.0 45.0 0.00
57 -5.3832 -82.1672 6 17 5
2  45.0 45.0 0.00
58 -49.4022 99.0081 10 18 6
2  45.0 45.0 0.00
59 -33.7605 81.0313 1 25 5
2  45.0 45.0 0.00
60 20.5658 -171.9978 5 26 6
2  45.0 45.0 0.00
61 12.7379 -163.3183 10 20 9
2  45.0 45.0 0.00
62 22.6161 118.5279 7 17 6
2  45.0 45.0 0.00
63 29.4020 45.5917 8 17 5
2  45.0 45.0 0.00
64 -42.8152 19.3600 5 29 8
2  45.0 45.0 0.00
65 40.0675 113.7141 1 28 9
2  45.0 45.0 0.00
66 -28.9505 -62.5487 1 25 9
2  45.0 45.0 0.00
67 26.3582 24.1501 9 22 6
2  45.0 45.0 0.00
68 -10.2950 136.4552 9 19 7
2  45.0 45.0 0.00
69 -31.3021 29.8472 3 27 7
2  45.0 45.0 0.00
70 5.8153 15.3668 3 22 8
2  45.0 45.0 0.00
71 -38.1347 -152.1589 4 15 6
2  45.0 45.0 0.00
72 32.2554 -129.4366 1 23 8
2  45.0 45.0 0.00
73 -11.9668 -127.5196 5 19 7
2  45.0 45.0 0.00
74 -30.7089 -143.8977 1 26 6
2  45.0 45.0 0.00
75 -29.9936 -91.5785 1 22 7
2  45.0 45.0 0.00
76 -21.7209 164.5182 9 21 7
2  45.0 45.0 0.00
77 19.5248 119.5469 6 15 7
2  45.0 45.0 0.00
78 18.1605 0.2201 7 19 6
2  45.0 45.0 0.00
79 -25.1831 -63.4961 1 23 9
2  45.0 45.0 0.00
80 -46.7547 -83.3497 9 19 7
2  45.0 45.0 0.00
81 -4.8148 92.0417 1 18 8
2  45.0 45.0 0.00
82 41.8301 34.3479 2 24 7
2  45.0 45.0 0.00
83 36.8139 62.8133 8 15 5
2  45.0 45.0 0.00
84 5.8333 -131.4929 8 26 9
2  45.0 45.0 0.00
85 22.2263 117.8215 4 21 5
2  45.0 45.0 0.00
86 41.7024 64.5424 8 22 7
2  45.0 45.0 0.00
87 -50.1790 59.4155 8 15 7
2  45.0 45.0 0.00
88 45.4236 44.5652 1 20 7
2  45.0 45.0 0.00
89 -44.9530 133.4225 8 27 7
2  45.0 45.0 0.00
90 9.3218 -69.9113 3 20 6
2  45.0 45.0 0.00
91 44.9627 3.0697 4 21 5
2  45.0 45.0 0.00
92 13.4933 -66.7014 4 15 9
2  45.0 45.0 0.00
93 -30.1740 -139.5282 3 16 8
2  45.0 45.0 0.00
94 -33.6806 42.0857 8 23 5
2  45.0 45.0 0.00
95 45.7113 88.7609 9 19 5
2  45.0 45.0 0.00
96 35.9408 169.7771 3 27 9
2  45.0 45.0 0.00
97 9.2874 -67.5135 2 18 6
2  45.0 45.0 0.00
98 1.9172 -89.0351 9 15 5
2  45.0 45.0 0.00
99 12.0635 38.5378 5 23 6
2  45.0 45.0 0.00
100 49.1303 105.0270 6 18 9
2  45.0 45.0 0.00
101 49.9299 85.0251 1 18 6
2  45.0 45.0 0.00
102 -34.1725 -109.1071 4 19 8
2  45.0 45.0 0.00
103 16.5034 -12.3888 6 16 8
2  45.0 45.0 0.00
104 42.7049 125.4725 7 27 8
2  45.0 45.0 0.00
105 45.5352 38.7124 3 22 8
2  45.0 45.0 0.00
106 -18.6359 -110.1333 3 16 7
2  45.0 45.0 0.00
107 -47.9838 92.2076 4 29 9
2  45.0 45.0 0.00
108 37.2523 -159.3348 3 28 9
2  45.0 45.0 0.00
109 -18.9569 153.7897 7 18 7
2  45.0 45.0 0.00
110 -37.2887 12.5252 9 28 8
2  45.0 45.0 0.00
111 -40.8144 156.1142 7 21 8
2  45.0 45.0 0.00
112 -14.4687 -95.3860 2 24 5
2  45.0 45.0 0.00
113 51.2557 -136.4619 1 27 7
2  45.0 45.0 0.00
114 42.3533 -6.9662 5 17 7
2  45.0 45.0 0.00
115 36.6202 162.8789 8 15 5
2  45.0 45.0 0.00
116 -52.7473 -49.6458 9 29 9
2  45.0 45.0 0.00
117 30.6761 -79.8912 1 21 9
2  45.0 45.0 0.00
118 -40.9508 -61.9453 3 19 8
2  45.0 45.0 0.00
119 12.3381 -16.6838 9 26 8
2  45.0 45.0 0.00
120 -31.7764 -139.9647 7 27 5
2  45.0 45.0 0.00
121 17.7625 -56.7996 10 22 9
2  45.0 45.0 0.00
122 -35.7732 143.0113 9 19 8
2  45.0 45.0 0.00
123 -52.8508 -85.7808 2 26 5
2  45.0 45.0 0.00
124 21.7792 55.9658 3 29 6
2  45.0 45.0 0.00
125 7.5928 -125.8681 4 21 7
2  45.0 45.0 0.00
126 -11.4674 -112.8101 2 19 7
2  45.0 45.0 0.00
127 41.4646 21.5295 7 29 9
2  45.0 45.0 0.00
128 -5.5996 97.3446 5 24 5
2  45.0 45.0 0.00
129 -30.0597 -175.7973 1 23 8
2  45.0 45.0 0.00
130 -15.4042 70.7263 9 25 7
2  45.0 45.0 0.00
131 4.7448 -133.1174 10 23 8
2  45.0 45.0 0.00
132 1.8236 141.8848 4 29 8
2  45.0 45.0 0.00
133 50.4431 38.7533 5 28 5
2  45.0 45.0 0.00
134 -6.1900 -63.7591 3 27 8
2  45.0 45.0 0.00
135 46.1166 -170.3462 9 29 5
2  45.0 45.0 0.00
136 6.3554 31.0894 2 27 8
2  45.0 45.0 0.00
137 20.7076 -13.7361 9 27 7
2  45.0 45.0 0.00
138 27.6602 178.1416 2 19 8
2  45.0 45.0 0.00
139 5.6232 110.2925 10 29 7
2  45.0 45.0 0.00
140 11.5296 -138.3883 1 22 6
2  45.0 45.0 0.00
141 -49.6307 137.0240 5 16 8
2  45.0 45.0 0.00
142 1.9023 -124.1168 1 20 7
2  45.0 45.0 0.00
143 45.6695 -159.2422 8 19 9
2  45.0 45.0 0.00
144 1.4876 100.5584 8 21 9
2  45.0 45.0 0.00
145 -5.6429 -165.9992 5 18 8
2  45.0 45.0 0.00
146 -39.3584 -152.0174 3 21 5
2  45.0 45.0 0.00
147 -5.8970 -143.8299 6 21 6
2  45.0 45.0 0.00
148 33.3617 -51.7158 8 18 6
2  45.0 45.0 0.00
149 11.2057 44.5999 7 26 9
2  45.0 45.0 0.00
150 -0.4888 8.1778 10 16 9
2  45.0 45.0 0.00
151 34.9208 55.2088 6 23 9
2  45.0 45.0 0.00
152 52.2468 62.1244 10 20 6
2  45.0 45.0 0.00
153 -6.3371 89.6424 10 18 9
2  45.0 45.0 0.00
154 35.0194 32.8220 4 15 5
2  45.0 45.0 0.00
155 -36.2850 26.6276 10 16 6
2  45.0 45.0 0.00
156 34.2249 -91.2689 9 20 8
2  45.0 45.0 0.00
157 11.2337 -177.9829 8 23 7
2  45.0 45.0 0.00
158 30.8471 17.7522 8 23 6
2  45.0 45.0 0.00
159 -37.9305 167.6279 8 28 7
2  45.0 45.0 0.00
160 37.8110 -43.3700 2 27 7
2  45.0 45.0 0.00
161 42.8470 -0.7973 2 29 9
2  45.0 45.0 0.00
162 -25.9196 26.5435 4 18 5
2  45.0 45.0 0.00
163 26.1205 -72.4730 2 24 7
2  45.0 45.0 0.00
164 -6.9310 -118.9064 4 25 6
2  45.0 45.0 0.00
165 -23.2076 -174.9796 6 26 6
2  45.0 45.0 0.00
166 -32.6421 74.2594 8 24 5
2  45.0 45.0 0.00
167 -6.0050 -39.1787 1 28 7
2  45.0 45.0 0.00
168 -41.5316 -165.7352 9 25 5
2  45.0 45.0 0.00
169 -29.9685 -69.3255 5 23 5
2  45.0 45.0 0.00
170 36.4088 -66.2240 1 19 5
2  45.0 45.0 0.00
171 19.8224 75.0095 8 24 9
2  45.0 45.0 0.00
172 41.3688 92.4052 9 24 5
2  45.0 45.0 0.00
173 5.2152 163.4953 3 16 9
2  45.0 45.0 0.00
174 -15.3436 -25.2961 8 15 8
2  45.0 45.0 0.00
175 -11.1312 -3.5261 3 22 8
2  45.0 45.0 0.00
176 50.2049 -17.6469 4 24 6
2  45.0 45.0 0.00
177 39.8572 -40.9073 10 22 6
2  45.0 45.0 0.00
178 24.9089 89.2596 4 28 8
2  45.0 45.0 0.00
179 -15.7398 -35.3247 10 23 9
2  45.0 45.0 0.00
180 -25.1088 -111.7464 10 23 7
2  45.0 45.0 0.00
181 -9.1429 -84.8569 7 24 9
2  45.0 45.0 0.00
182 -32.1394 -102.7157 4 28 8
2  45.0 45.0 0.00
183 -6.4352 -126.9411 9 20 5
2  45.0 45.0 0.00
184 -35.7399 -7.9045 4 26 8
2  45.0 45.0 0.00
185 11.3744 9.8908 10 19 8
2  45.0 45.0 0.00
186 52.2700 153.2000 9 22 9
2  45.0 45.0 0.00
187 30.1080 138.2354 1 17 8
2  45.0 45.0 0.00
188 11.8428 82.2841 6 23 5
2  45.0 45.0 0.00
189 2.1530 125.0056 2 18 9
2  45.0 45.0 0.00
190 -31.3627 -158.0904 6 20 8
2  45.0 45.0 0.00
191 30.2187 -19.7331 8 28 7
2  45.0 45.0 0.00
192 40.9448 161.3260 1 29 5
2  45.0 45.0 0.00
193 -24.2483 70.1402 4 16 7
2  45.0 45.0 0.00
194 5.8621 166.0432 2 25 8
2  45.0 45.0 0.00
195 -6.9680 157.3250 8 25 7
2  45.0 45.0 0.00
196 27.5672 -82.4564 5 22 5
2  45.0 45.0 0.00
197 45.8188 12.3409 7 28 5
2  45.0 45.0 0.00
198 -17.0817 173.4036 3 26 7
2  45.0 45.0 0.00
199 17.3413 85.4879 7 21 8
2  45.0 45.0 0.00
200 34.5006 96.7307 9 25 8
2  45.0 45.0 0.00
201 -27.2532 -57.4821 1 26 9
2  45.0 45.0 0.00
202 36.8952 78.6878 4 20 9
2  45.0 45.0 0.00
203 12.2236 -7.5719 4 28 7
2  45.0 45.0 0.00
204 25.1180 115.6271 5 15 6
2  45.0 45.0 0.00
205 7.8044 -99.1666 8 17 5
2  45.0 45.0 0.00
206 20.8606 -9.2911 1 16 8
2  45.0 45.0 0.00
207 52.0854 36.8434 7 25 5
2  45.0 45.0 0.00
208 9.7441 103.9141 5 29 8
2  45.0 45.0 0.00
209 12.7491 39.4416 5 26 6
2  45.0 45.0 0.00
210 -33.4292 128.5030 1 15 6
2  45.0 45.0 0.00
211 -52.5452 91.7253 2 20 9
2  45.0 45.0 0.00
212 -51.0541 -118.3191 5 26 9
2  45.0 45.0 0.00
213 -13.3691 53.0104 7 25 6
2  45.0 45.0 0.00
214 -51.6247 90.8067 4 26 5
2  45.0 45.0 0.00
215 47.5211 136.0161 9 19 9
2  45.0 45.0 0.00
216 49.1911 -5.7830 2 28 9
2  45.0 45.0 0.00
217 36.0236 -22.7427 9 27 7
2  45.0 45.0 0.00
218 -27.9226 -90.3997 7 26 8
2  45.0 45.0 0.00
219 -8.4175 -163.0049 4 15 5
2  45.0 45.0 0.00
220 50.1404 145.5806 1 20 9
2  45.0 45.0 0.00
221 -7.1667 -148.9625 1 15 6
2  45.0 45.0 0.00
222 -39.5944 -6.3848 2 21 9
2  45.0 45.0 0.00
223 3.6487 -91.7966 5 26 5
2  45.0 45.0 0.00
224 46.3274 108.3400 8 17 8
2  45.0 45.0 0.00
225 27.9930 -179.1944 1 16 8
2  45.0 45.0 0.00
226 42.5170 112.4731 5 17 9
2  45.0 45.0 0.00
227 -46.6743 -139.8469 2 15 9
2  45.0 45.0 0.00
228 26.8848 -30.5772 5 21 6
2  45.0 45.0 0.00
229 26.9573 102.9290 5 28 6
2  45.0 45.0 0.00
230 -34.3885 -77.8265 9 15 6
2  45.0 45.0 0.00
231 -34.7597 86.3584 2 24 9
2  45.0 45.0 0.00
232 -7.4039 179.3047 3 20 9
2  45.0 45.0 0.00
233 -19.7115 -63.1270 3 24 8
2  45.0 45.0 0.00
234 -8.1742 -92.2158 5 26 7
2  45.0 45.0 0.00
235 2.3307 -57.1249 1 27 6
2  45.0 45.0 0.00
236 50.6861 -149.9329 4 28 8
2  45.0 45.0 0.00
237 12.4326 92.6311 3 27 8
2  45.0 45.0 0.00
238 -19.1021 -5.8545 1 17 8
2  45.0 45.0 0.00
239 27.0895 -173.7336 1 22 5
2  45.0 45.0 0.00
240 -7.4553 -121.4604 2 18 9
2  45.0 45.0 0.00
241 45.7640 -5.2906 5 22 6
2  45.0 45.0 0.00
242 35.0604 157.7054 6 20 7
2  45.0 45.0 0.00
243 -16.2570 -133.4177 3 24 8
2  45.0 45.0 0.00
244 6.0138 -1.6840 7 28 8
2  45.0 45.0 0.00
245 46.5497 -148.7097 1 16 7
2  45.0 45.0 0.00
246 0.4855 126.2264 3 25 5
2  45.0 45.0 0.00
247 33.4494 116.5221 9 15 6
2  45.0 45.0 0.00
248 -39.0096 -80.2168 4 23 5
2  45.0 45.0 0.00
249 -12.5376 -142.7735 2 24 7
2  45.0 45.0 0.00
250 13.3736 -40.7587 7 26 7
2  45.0 45.0 0.00
251 46.0406 -84.5198 7 24 8
2  45.0 45.0 0.00
252 36.5507 -35.0662 5 28 5
2  45.0 45.0 0.00
253 50.8938 -100.0510 1 19 8
2  45.0 45.0 0.00
254 2.4337 -152.3688 5 19 7
2  45.0 45.0 0.00
255 -23.3668 166.0678 6 26 7
2  45.0 45.0 0.00
256 35.5885 -18.8580 8 24 9
2  45.0 45.0 0.00
257 -40.5133 -148.7861 7 19 7
2  45.0 45.0 0.00
258 5.3358 -99.9503 10 19 9
2  45.0 45.0 0.00
259 24.3154 -47.9229 5 22 5
2  45.0 45.0 0.00
260 -36.0781 103.4840 2 15 9
2  45.0 45.0 0.00
261 5.2377 -147.9611 2 20 9
2  45.0 45.0 0.00
262 50.1428 0.7147 4 16 5
2  45.0 45.0 0.00
263 -10.8966 95.3187 7 29 6
2  45.0 45.0 0.00
264 41.7030 155.6406 10 28 8
2  45.0 45.0 0.00
265 -21.1365 92.3371 10 21 9
2  45.0 45.0 0.00
266 43.7439 -19.7458 8 25 6
2  45.0 45.0 0.00
267 -47.8818 -25.5601 6 24 8
2  45.0 45.0 0.00
268 -49.9470 86.0821 2 20 5
2  45.0 45.0 0.00
269 -47.8746 -140.3978 10 19 5
2  45.0 45.0 0.00
270 49.2493 -47.5517 1 17 5
2  45.0 45.0 0.00
271 -28.9056 147.4301 3 20 5
2  45.0 45.0 0.00
272 31.0496 46.4441 9 20 5
2  45.0 45.0 0.00
273 2.9569 102.8556 5 27 7
2  45.0 45.0 0.00
274 49.6294 -138.0619 7 18 6
2  45.0 45.0 0.00
275 -36.6434 14.8460 10 26 8
2  45.0 45.0 0.00
276 -32.7971 -11.9943 9 19 9
2  45.0 45.0 0.00
277 4.7452 -73.5793 9 24 5
2  45.0 45.0 0.00
278 -38.2918 -155.3514 4 23 9
2  45.0 45.0 0.00
279 -10.6222 -56.7898 4 19 8
2  45.0 45.0 0.00
280 -25.1599 -73.0214 5 27 7
2  45.0 45.0 0.00
281 36.9009 -127.9025 2 28 5
2  45.0 45.0 0.00
282 19.7231 -135.7819 2 25 6
2  45.0 45.0 0.00
283 -18.4188 -54.8917 7 22 6
2  45.0 45.0 0.00
284 -28.3781 -127.0765 9 27 5
2  45.0 45.0 0.00
285 42.3718 18.9877 5 19 9
2  45.0 45.0 0.00
286 33.0781 -89.7883 6 16 6
2  45.0 45.0 0.00
287 41.7036 59.4128 6 25 8
2  45.0 45.0 0.00
288 -10.5947 -32.0988 10 22 9
2  45.0 45.0 0.00
289 -51.3115 -44.4704 7 20 6
2  45.0 45.0 0.00
290 -47.4596 117.9701 10 15 8
2  45.0 45.0 0.00
291 -40.7429 -4.3889 3 24 5
2  45.0 45.0 0.00
292 -21.6899 130.4413 3 28 7
2  45.0 45.0 0.00
293 -6.8393 177.5654 4 22 8
2  45.0 45.0 0.00
294 17.0874 48.0656 8 25 6
2  45.0 45.0 0.00
295 34.0732 52.3074 5 29 7
2  45.0 45.0 0.00
296 2.4658 -101.9300 5 29 9
2  45.0 45.0 0.00
297 51.3424 -98.3540 5 20 9
2  45.0 45.0 0.00
298 -10.0041 -166.8353 5 24 7
2  45.0 45.0 0.00
299 3.9976 -6.5192 7 28 7
2  45.0 45.0 0.00
