s1
0
1
 2013 04 20 13 57 32.245     2013 04 20 14 00 12.155     159.9
 2013 04 20 22 13 49.409     2013 04 20 22 16 26.934     157.5
2
 2013 04 20 10 47  6.715     2013 04 20 10 49 46.151     159.4
3
 2013 04 20 13 59 43.175     2013 04 20 14 03 27.200     224.0
 2013 04 20 20 35 51.647     2013 04 20 20 36   .292       8.6
4
 2013 04 20 14 00 40.378     2013 04 20 14 03 19.018     158.6
 2013 04 20 20 35 20.618     2013 04 20 20 38 27.935     187.3
5
 2013 04 20 12 27 51.884     2013 04 20 12 30 56.607     184.7
 2013 04 20 19 01 30.313     2013 04 20 19 04 52.366     202.1
6
 2013 04 20 22 20 59.608     2013 04 20 22 23 59.215     179.6
7
 2013 04 20 13 55 33.165     2013 04 20 13 58  7.660     154.5
8
 2013 04 20 10 48   .385     2013 04 20 10 51 33.477     213.1
 2013 04 20 19 05 43.532     2013 04 20 19 08 20.880     157.3
9
 2013 04 20 15 37 45.361     2013 04 20 15 40 54.885     189.5
 2013 04 20 20 33  5.299     2013 04 20 20 36 14.295     189.0
10
 2013 04 20 20 40 50.054     2013 04 20 20 43 34.097     164.0
11
12
 2013 04 20 14 00  8.161     2013 04 20 14 00 53.784      45.6
 2013 04 20 20 36 29.621     2013 04 20 20 39 36.088     186.5
13
14
 2013 04 20 12 24  6.952     2013 04 20 12 24 17.839      10.9
15
 2013 04 20 12 25 10.022     2013 04 20 12 28  9.243     179.2
16
 2013 04 20 10 48 51.032     2013 04 20 10 51 53.630     182.6
 2013 04 20 19 03 48.651     2013 04 20 19 06 21.870     153.2
17
 2013 04 20 10 44 19.231     2013 04 20 10 44 33.374      14.1
 2013 04 20 20 42 22.704     2013 04 20 20 45  1.483     158.8
18
 2013 04 20 20 46 26.863     2013 04 20 20 49 40.136     193.3
19
 2013 04 20 20 46 44.013     2013 04 20 20 49 14.407     150.4
20
 2013 04 20 13 57 56.252     2013 04 20 14 01 44.436     228.2
 2013 04 20 22 12  3.153     2013 04 20 22 14 43.512     160.4
21
 2013 04 20 14 01 37.866     2013 04 20 14 04 15.886     158.0
 2013 04 20 20 35 42.007     2013 04 20 20 38 17.169     155.2
22
 2013 04 20 12 19 20.057     2013 04 20 12 21 54.058     154.0
 2013 04 20 22 17 55.363     2013 04 20 22 20 59.714     184.4
23
 2013 04 20 14 01 29.181     2013 04 20 14 04 33.586     184.4
 2013 04 20 20 36 14.644     2013 04 20 20 38 49.723     155.1
24
 2013 04 20 12 18 26.935     2013 04 20 12 22  4.061     217.1
 2013 04 20 22 17 13.754     2013 04 20 22 19 45.191     151.4
25
 2013 04 20 12 26 34.948     2013 04 20 12 29 23.281     168.3
 2013 04 20 19 00 27.909     2013 04 20 19 03  5.793     157.9
26
27
 2013 04 20 13 57  9.480     2013 04 20 14 00 51.698     222.2
 2013 04 20 22 14 44.438     2013 04 20 22 17 16.702     152.3
28
 2013 04 20 09 04 58.054     2013 04 20 09 07 47.565     169.5
29
 2013 04 20 20 37 26.991     2013 04 20 20 40  3.117     156.1
30
 2013 04 20 14 00  7.012     2013 04 20 14 03  9.218     182.2
 2013 04 20 20 35 28.096     2013 04 20 20 39 12.089     224.0
31
 2013 04 20 20 42 22.184     2013 04 20 20 44 58.394     156.2
32
 2013 04 20 22 20 56.166     2013 04 20 22 23 58.633     182.5
33
 2013 04 20 12 22 34.557     2013 04 20 12 25 19.077     164.5
 2013 04 20 20 39 22.821     2013 04 20 20 42 22.125     179.3
34
 2013 04 20 12 22  2.416     2013 04 20 12 24 50.566     168.2
 2013 04 20 20 41 18.220     2013 04 20 20 42   .863      42.6
35
 2013 04 20 12 18 34.557     2013 04 20 12 22  4.176     209.6
 2013 04 20 22 17 16.546     2013 04 20 22 19 48.689     152.1
36
 2013 04 20 12 19 30.868     2013 04 20 12 23  8.434     217.6
37
38
 2013 04 20 14 03  9.045     2013 04 20 14 06 10.363     181.3
 2013 04 20 18 58 20.251     2013 04 20 19 01 40.474     200.2
39
 2013 04 20 10 49  5.244     2013 04 20 10 51 43.934     158.7
 2013 04 20 19 04 16.796     2013 04 20 19 06 49.775     153.0
40
 2013 04 20 10 43 53.460     2013 04 20 10 43 57.324       3.9
41
 2013 04 20 00 17 17.193     2013 04 20 00 20 20.647     183.5
 2013 04 20 13 52  8.705     2013 04 20 13 52 48.797      40.1
42
 2013 04 20 12 14 56.052     2013 04 20 12 17 29.503     153.5
43
44
45
 2013 04 20 09 04 24.153     2013 04 20 09 07 31.160     187.0
 2013 04 20 20 48 34.983     2013 04 20 20 52 13.024     218.0
46
 2013 04 20 12 21 41.716     2013 04 20 12 22 52.422      70.7
 2013 04 20 22 16 39.897     2013 04 20 22 19 26.670     166.8
47
 2013 04 20 10 50 16.020     2013 04 20 10 53 50.458     214.4
 2013 04 20 19 02 19.533     2013 04 20 19 02 22.174       2.6
48
 2013 04 20 12 22 21.881     2013 04 20 12 24 56.793     154.9
 2013 04 20 20 38 50.361     2013 04 20 20 42 17.706     207.3
49
 2013 04 20 13 57  5.442     2013 04 20 13 59 54.177     168.7
 2013 04 20 22 12 50.197     2013 04 20 22 15 56.138     185.9
50
 2013 04 20 15 37 25.901     2013 04 20 15 40 59.377     213.5
 2013 04 20 20 33  6.704     2013 04 20 20 36 35.898     209.2
51
 2013 04 20 00 17 45.168     2013 04 20 00 17 47.663       2.5
52
 2013 04 20 12 18  4.699     2013 04 20 12 18 16.096      11.4
 2013 04 20 22 19 24.205     2013 04 20 22 22 45.747     201.5
53
 2013 04 20 13 59 36.696     2013 04 20 14 02 24.617     167.9
54
 2013 04 20 13 58 48.578     2013 04 20 14 02 23.676     215.1
55
 2013 04 20 19 02 17.055     2013 04 20 19 05 17.724     180.7
56
 2013 04 20 00 21 56.323     2013 04 20 00 24 28.437     152.1
 2013 04 20 12 11 46.796     2013 04 20 12 14 57.445     190.6
57
 2013 04 20 12 17 28.253     2013 04 20 12 20 17.906     169.7
 2013 04 20 22 18  1.709     2013 04 20 22 21 14.790     193.1
58
 2013 04 20 12 24 43.502     2013 04 20 12 27 28.658     165.2
 2013 04 20 20 38 32.090     2013 04 20 20 39 20.045      48.0
59
 2013 04 20 20 47 22.552     2013 04 20 20 49 52.786     150.2
60
 2013 04 20 10 44 35.112     2013 04 20 10 47 22.348     167.2
 2013 04 20 20 43 14.073     2013 04 20 20 45 56.608     162.5
61
 2013 04 20 10 47 37.251     2013 04 20 10 50 12.694     155.4
 2013 04 20 19 07  9.334     2013 04 20 19 07 55.897      46.6
62
 2013 04 20 12 20  6.846     2013 04 20 12 21 59.478     112.6
63
 2013 04 20 22 21 22.099     2013 04 20 22 23  3.355     101.3
64
 2013 04 20 20 41 39.413     2013 04 20 20 44 18.674     159.3
65
 2013 04 20 10 38  3.504     2013 04 20 10 41 22.468     199.0
 2013 04 20 22 23 41.237     2013 04 20 22 26 28.142     166.9
66
 2013 04 20 15 37  8.304     2013 04 20 15 40 19.419     191.1
 2013 04 20 20 32 24.345     2013 04 20 20 32 26.008       1.7
 2013 04 20 22 10 16.475     2013 04 20 22 10 56.638      40.2
67
 2013 04 20 12 16 30.062     2013 04 20 12 17 23.014      53.0
 2013 04 20 22 20 17.546     2013 04 20 22 23   .470     162.9
68
69
 2013 04 20 00 18 29.379     2013 04 20 00 19 42.798      73.4
70
 2013 04 20 12 22 55.597     2013 04 20 12 26 17.497     201.9
 2013 04 20 20 40  2.385     2013 04 20 20 42 34.762     152.4
71
 2013 04 20 12 25 27.894     2013 04 20 12 28  7.461     159.6
72
 2013 04 20 22 23  9.028     2013 04 20 22 25 42.019     153.0
73
 2013 04 20 10 43 47.123     2013 04 20 10 46 55.468     188.3
 2013 04 20 20 44 45.886     2013 04 20 20 47 27.777     161.9
74
 2013 04 20 22 11 32.092     2013 04 20 22 14  8.188     156.1
75
 2013 04 20 14 00 35.581     2013 04 20 14 01   .182      24.6
 2013 04 20 15 38 32.479     2013 04 20 15 42 10.832     218.4
 2013 04 20 20 34  7.942     2013 04 20 20 36 42.524     154.6
76
 2013 04 20 12 28 44.989     2013 04 20 12 31 30.008     165.0
 2013 04 20 17 23 38.000     2013 04 20 17 26 52.700     194.7
77
 2013 04 20 10 42 52.520     2013 04 20 10 45 31.784     159.3
 2013 04 20 20 44 35.818     2013 04 20 20 47 35.852     180.0
78
 2013 04 20 12 21 29.988     2013 04 20 12 24 17.968     168.0
79
 2013 04 20 12 27 27.191     2013 04 20 12 30 35.886     188.7
 2013 04 20 14 04 57.458     2013 04 20 14 06  2.135      64.7
 2013 04 20 17 21 44.311     2013 04 20 17 22 24.813      40.5
 2013 04 20 19 00  1.824     2013 04 20 19 03  9.944     188.1
80
 2013 04 20 10 44 45.145     2013 04 20 10 47 20.949     155.8
 2013 04 20 20 43 41.212     2013 04 20 20 46 44.554     183.3
81
 2013 04 20 20 41 32.968     2013 04 20 20 44 25.749     172.8
82
 2013 04 20 10 46  4.547     2013 04 20 10 48 43.466     158.9
83
 2013 04 20 12 15  8.808     2013 04 20 12 18 47.247     218.4
84
 2013 04 20 22 15 15.780     2013 04 20 22 15 23.818       8.0
85
 2013 04 20 10 41 56.436     2013 04 20 10 45  8.685     192.2
86
 2013 04 20 20 47 12.684     2013 04 20 20 48 18.921      66.2
87
 2013 04 20 12 14 33.756     2013 04 20 12 17 15.655     161.9
88
 2013 04 20 22 15  6.721     2013 04 20 22 17 40.661     153.9
89
 2013 04 20 12 24 43.882     2013 04 20 12 28  3.392     199.5
90
 2013 04 20 10 46 23.174     2013 04 20 10 47  6.128      43.0
91
 2013 04 20 10 39 22.477     2013 04 20 10 43  3.779     221.3
92
 2013 04 20 13 59 39.218     2013 04 20 14 00  4.240      25.0
 2013 04 20 15 37 23.823     2013 04 20 15 37 28.725       4.9
 2013 04 20 20 33 37.802     2013 04 20 20 36 59.210     201.4
93
 2013 04 20 13 55 48.452     2013 04 20 13 58 30.717     162.3
94
 2013 04 20 15 37  8.359     2013 04 20 15 39 53.188     164.8
 2013 04 20 20 31 55.722     2013 04 20 20 31 57.277       1.6
 2013 04 20 22 09 57.214     2013 04 20 22 13 39.421     222.2
95
 2013 04 20 00 16 17.960     2013 04 20 00 19 19.192     181.2
 2013 04 20 13 53  8.125     2013 04 20 13 55 56.523     168.4
96
 2013 04 20 13 56 40.120     2013 04 20 13 59 16.596     156.5
 2013 04 20 22 13 21.308     2013 04 20 22 17   .033     218.7
97
 2013 04 20 22 20  3.143     2013 04 20 22 20 38.200      35.1
98
 2013 04 20 13 54 16.481     2013 04 20 13 55 15.414      58.9
99
100
 2013 04 20 12 23 23.964     2013 04 20 12 25 59.344     155.4
 2013 04 20 20 39  7.921     2013 04 20 20 41 40.789     152.9
101
 2013 04 20 12 20 21.966     2013 04 20 12 23 26.901     184.9
102
103
 2013 04 20 14 01 16.596     2013 04 20 14 01 35.101      18.5
 2013 04 20 22 11 58.667     2013 04 20 22 14 32.007     153.3
104
105
 2013 04 20 10 52 32.726     2013 04 20 10 53 12.107      39.4
 2013 04 20 19 02 50.155     2013 04 20 19 05 43.030     172.9
106
 2013 04 20 10 43  9.345     2013 04 20 10 43 48.214      38.9
107
 2013 04 20 10 39  1.149     2013 04 20 10 39 26.671      25.5
108
109
110
 2013 04 20 12 17 17.443     2013 04 20 12 19 58.415     161.0
 2013 04 20 22 19  6.860     2013 04 20 22 22  7.709     180.8
111
 2013 04 20 12 14 40.724     2013 04 20 12 18 16.193     215.5
112
 2013 04 20 12 22 58.081     2013 04 20 12 26 17.918     199.8
 2013 04 20 20 40   .627     2013 04 20 20 42 33.082     152.5
113
 2013 04 20 13 54 47.069     2013 04 20 13 54 53.368       6.3
114
 2013 04 20 10 40 52.802     2013 04 20 10 41 39.563      46.8
 2013 04 20 22 23 24.709     2013 04 20 22 26   .243     155.5
115
 2013 04 20 00 21 28.200     2013 04 20 00 24 32.896     184.7
 2013 04 20 12 12 33.294     2013 04 20 12 15 32.822     179.5
116
 2013 04 20 20 47 39.376     2013 04 20 20 51 12.690     213.3
117
 2013 04 20 12 24 40.569     2013 04 20 12 25 18.998      38.4
118
 2013 04 20 19 05 12.989     2013 04 20 19 05 58.630      45.6
119
120
 2013 04 20 10 46 51.911     2013 04 20 10 50  9.972     198.1
121
 2013 04 20 12 23  2.725     2013 04 20 12 23 35.860      33.1
 2013 04 20 20 37 40.532     2013 04 20 20 40 13.806     153.3
122
 2013 04 20 14 03 50.174     2013 04 20 14 06 48.803     178.6
 2013 04 20 18 58 55.687     2013 04 20 19 01 36.579     160.9
123
 2013 04 20 14 01 46.701     2013 04 20 14 02  4.741      18.0
 2013 04 20 22 11 46.683     2013 04 20 22 14 33.407     166.7
124
 2013 04 20 14 01 55.205     2013 04 20 14 04 31.510     156.3
 2013 04 20 20 35 33.546     2013 04 20 20 38 17.710     164.2
125
126
 2013 04 20 15 36 33.746     2013 04 20 15 39 16.674     162.9
 2013 04 20 22 10 13.366     2013 04 20 22 13  8.205     174.8
127
 2013 04 20 22 22 17.037     2013 04 20 22 24 48.243     151.2
128
 2013 04 20 00 16 21.862     2013 04 20 00 19 57.094     215.2
 2013 04 20 13 53  6.272     2013 04 20 13 56 27.764     201.5
129
 2013 04 20 20 46 30.821     2013 04 20 20 50 10.889     220.1
130
 2013 04 20 10 44  8.670     2013 04 20 10 44 42.459      33.8
131
 2013 04 20 20 46 39.979     2013 04 20 20 50   .874     200.9
132
 2013 04 20 13 57  1.129     2013 04 20 13 59 49.091     168.0
 2013 04 20 22 13 55.653     2013 04 20 22 16 53.661     178.0
133
 2013 04 20 14 04  8.204     2013 04 20 14 04  8.993        .8
 2013 04 20 15 38   .313     2013 04 20 15 41 39.896     219.6
 2013 04 20 20 33 46.986     2013 04 20 20 36 36.161     169.2
134
 2013 04 20 10 44 27.276     2013 04 20 10 45 43.865      76.6
135
 2013 04 20 15 36 28.220     2013 04 20 15 40 13.219     225.0
 2013 04 20 22 10 56.190     2013 04 20 22 14 13.902     197.7
136
 2013 04 20 22 16 43.909     2013 04 20 22 19 15.926     152.0
137
 2013 04 20 10 42 18.685     2013 04 20 10 44 59.702     161.0
138
 2013 04 20 10 41 54.577     2013 04 20 10 45 30.414     215.8
139
 2013 04 20 10 41 26.573     2013 04 20 10 44   .568     154.0
140
 2013 04 20 12 25 43.430     2013 04 20 12 29 23.603     220.2
 2013 04 20 14 03 21.244     2013 04 20 14 03 22.799       1.6
 2013 04 20 18 59 36.338     2013 04 20 19 02 29.078     172.7
141
 2013 04 20 12 22 52.570     2013 04 20 12 26 42.017     229.4
 2013 04 20 20 40 16.573     2013 04 20 20 42 52.238     155.7
142
 2013 04 20 10 37 57.504     2013 04 20 10 41  1.456     184.0
 2013 04 20 22 24   .906     2013 04 20 22 26 43.099     162.2
143
144
145
 2013 04 20 12 23 59.607     2013 04 20 12 25 47.371     107.8
 2013 04 20 20 39 27.172     2013 04 20 20 40 24.187      57.0
146
 2013 04 20 12 15  7.815     2013 04 20 12 17 51.672     163.9
147
 2013 04 20 12 27  4.768     2013 04 20 12 30 27.759     203.0
 2013 04 20 19 01 59.914     2013 04 20 19 04 39.818     159.9
148
 2013 04 20 12 21 37.668     2013 04 20 12 25  6.790     209.1
149
 2013 04 20 13 58 32.631     2013 04 20 14 01 35.057     182.4
 2013 04 20 22 12 25.019     2013 04 20 22 15 21.527     176.5
150
 2013 04 20 00 18 10.197     2013 04 20 00 20 48.899     158.7
151
 2013 04 20 15 38 23.791     2013 04 20 15 41 12.210     168.4
 2013 04 20 20 33 15.901     2013 04 20 20 35 54.060     158.2
152
 2013 04 20 14 02 36.283     2013 04 20 14 05 12.501     156.2
 2013 04 20 18 57  8.141     2013 04 20 18 57 20.342      12.2
 2013 04 20 20 35 13.588     2013 04 20 20 38 46.518     212.9
153
 2013 04 20 14 00  2.430     2013 04 20 14 02 46.868     164.4
 2013 04 20 20 38 37.392     2013 04 20 20 39  1.478      24.1
154
 2013 04 20 10 44  5.979     2013 04 20 10 47 50.246     224.3
 2013 04 20 20 42 36.617     2013 04 20 20 45  9.321     152.7
155
 2013 04 20 19 02 45.436     2013 04 20 19 05 19.764     154.3
156
 2013 04 20 10 46 35.092     2013 04 20 10 49 19.320     164.2
157
 2013 04 20 00 19 38.336     2013 04 20 00 22 11.935     153.6
158
 2013 04 20 10 47 37.102     2013 04 20 10 50 47.847     190.7
 2013 04 20 19 03 20.324     2013 04 20 19 07  1.459     221.1
159
 2013 04 20 12 14 35.306     2013 04 20 12 18 11.340     216.0
160
 2013 04 20 10 44 14.910     2013 04 20 10 47 46.396     211.5
 2013 04 20 20 42 42.452     2013 04 20 20 45 17.095     154.6
161
 2013 04 20 13 54 51.540     2013 04 20 13 57 39.897     168.4
162
 2013 04 20 00 20 32.054     2013 04 20 00 22 39.212     127.2
 2013 04 20 12 13  3.499     2013 04 20 12 16 26.882     203.4
163
164
 2013 04 20 12 22 34.991     2013 04 20 12 26  9.637     214.6
 2013 04 20 20 37 49.027     2013 04 20 20 40 40.109     171.1
165
 2013 04 20 12 22 27.558     2013 04 20 12 25  8.409     160.9
 2013 04 20 20 39 13.085     2013 04 20 20 42 24.282     191.2
166
 2013 04 20 12 20 34.739     2013 04 20 12 24 11.723     217.0
167
 2013 04 20 12 26  4.736     2013 04 20 12 29 28.405     203.7
 2013 04 20 19 01 44.668     2013 04 20 19 04 40.916     176.2
168
 2013 04 20 22 22 22.123     2013 04 20 22 25  6.315     164.2
169
 2013 04 20 12 20 28.030     2013 04 20 12 23  2.652     154.6
170
 2013 04 20 22 16 49.181     2013 04 20 22 20  6.097     196.9
171
172
 2013 04 20 00 22   .990     2013 04 20 00 23 41.407     100.4
 2013 04 20 12 12 43.966     2013 04 20 12 15 19.284     155.3
173
 2013 04 20 12 23  2.348     2013 04 20 12 25 55.698     173.3
 2013 04 20 20 38 25.072     2013 04 20 20 41  5.969     160.9
174
 2013 04 20 12 16 15.419     2013 04 20 12 19  6.234     170.8
175
 2013 04 20 12 17 59.334     2013 04 20 12 18 19.154      19.8
176
 2013 04 20 12 15 35.296     2013 04 20 12 19 12.617     217.3
 2013 04 20 22 23 53.896     2013 04 20 22 23 57.914       4.0
177
178
179
 2013 04 20 14 02 25.154     2013 04 20 14 05  1.590     156.4
 2013 04 20 19 00 49.584     2013 04 20 19 00 56.610       7.0
 2013 04 20 20 35  7.650     2013 04 20 20 38 26.702     199.1
180
 2013 04 20 10 39  7.630     2013 04 20 10 40 26.472      78.8
 2013 04 20 22 23 56.556     2013 04 20 22 26 44.735     168.2
181
 2013 04 20 22 21  4.306     2013 04 20 22 24 17.437     193.1
182
 2013 04 20 12 26 29.130     2013 04 20 12 30  5.214     216.1
 2013 04 20 19 02  7.174     2013 04 20 19 04 42.279     155.1
183
184
 2013 04 20 12 23 43.999     2013 04 20 12 23 54.227      10.2
 2013 04 20 22 15 41.048     2013 04 20 22 19 23.987     222.9
185
186
 2013 04 20 12 25 47.824     2013 04 20 12 28 58.154     190.3
 2013 04 20 19 01 17.716     2013 04 20 19 04 42.897     205.2
187
 2013 04 20 12 23 31.086     2013 04 20 12 26 10.978     159.9
 2013 04 20 20 39 18.393     2013 04 20 20 41 51.987     153.6
188
 2013 04 20 14 00 31.796     2013 04 20 14 04 16.026     224.2
 2013 04 20 15 38 17.793     2013 04 20 15 39 40.750      83.0
 2013 04 20 20 34 12.444     2013 04 20 20 36 49.375     156.9
189
 2013 04 20 13 55 55.884     2013 04 20 13 59 14.318     198.4
190
 2013 04 20 10 40 49.422     2013 04 20 10 41 33.053      43.6
 2013 04 20 20 49 41.130     2013 04 20 20 49 45.877       4.7
191
 2013 04 20 20 40 16.389     2013 04 20 20 43 34.376     198.0
192
 2013 04 20 15 37 10.278     2013 04 20 15 39 53.359     163.1
 2013 04 20 20 31 33.608     2013 04 20 20 34 59.114     205.5
 2013 04 20 22 09  5.703     2013 04 20 22 10 10.985      65.3
193
 2013 04 20 10 38 54.996     2013 04 20 10 41 37.584     162.6
 2013 04 20 22 23 26.362     2013 04 20 22 24 52.714      86.4
194
 2013 04 20 10 39 21.456     2013 04 20 10 40 51.699      90.2
195
196
 2013 04 20 12 17 18.027     2013 04 20 12 19 58.871     160.8
 2013 04 20 22 19  6.677     2013 04 20 22 22  7.083     180.4
197
 2013 04 20 09 03 35.601     2013 04 20 09 06 34.172     178.6
 2013 04 20 20 49 33.389     2013 04 20 20 52 20.024     166.6
198
 2013 04 20 10 38 15.178     2013 04 20 10 40   .092     104.9
199
 2013 04 20 15 36 24.038     2013 04 20 15 39  1.467     157.4
 2013 04 20 22 10  5.663     2013 04 20 22 12 50.510     164.8
200
 2013 04 20 22 22 43.404     2013 04 20 22 25 54.762     191.4
201
 2013 04 20 10 44 24.685     2013 04 20 10 47 25.429     180.7
 2013 04 20 20 43  5.599     2013 04 20 20 45 42.294     156.7
202
 2013 04 20 10 48 25.616     2013 04 20 10 51 12.653     167.0
 2013 04 20 19 04  2.023     2013 04 20 19 06 51.289     169.3
203
204
 2013 04 20 22 22   .382     2013 04 20 22 24 52.249     171.9
205
 2013 04 20 12 18 54.238     2013 04 20 12 22 19.595     205.4
 2013 04 20 22 18 37.324     2013 04 20 22 22 17.633     220.3
206
207
 2013 04 20 12 24 54.809     2013 04 20 12 28 12.385     197.6
208
 2013 04 20 10 42 46.435     2013 04 20 10 45 28.221     161.8
 2013 04 20 20 44 40.100     2013 04 20 20 47 43.208     183.1
209
 2013 04 20 20 48 43.001     2013 04 20 20 51 14.180     151.2
210
 2013 04 20 12 14 27.548     2013 04 20 12 17  2.998     155.4
211
 2013 04 20 13 56 55.045     2013 04 20 14 00 12.727     197.7
 2013 04 20 22 14 26.769     2013 04 20 22 17 11.517     164.7
212
 2013 04 20 09 03 29.123     2013 04 20 09 06 10.562     161.4
 2013 04 20 20 49 59.520     2013 04 20 20 52 43.444     163.9
213
 2013 04 20 20 47 40.300     2013 04 20 20 50 12.875     152.6
214
 2013 04 20 09 02 56.023     2013 04 20 09 06 27.450     211.4
 2013 04 20 20 49 30.309     2013 04 20 20 52   .377     150.1
215
216
 2013 04 20 13 54 52.022     2013 04 20 13 58 26.137     214.1
217
 2013 04 20 10 38 28.530     2013 04 20 10 41 43.482     195.0
 2013 04 20 22 23 20.903     2013 04 20 22 26 31.055     190.2
218
 2013 04 20 12 21 19.608     2013 04 20 12 25  7.688     228.1
219
 2013 04 20 00 17  6.448     2013 04 20 00 20 37.136     210.7
220
 2013 04 20 10 41  7.495     2013 04 20 10 43 53.636     166.1
221
 2013 04 20 20 47   .282     2013 04 20 20 49 57.999     177.7
222
223
 2013 04 20 14 00 59.961     2013 04 20 14 03 46.335     166.4
 2013 04 20 20 34 56.513     2013 04 20 20 37 36.680     160.2
224
 2013 04 20 22 15 43.572     2013 04 20 22 18 31.554     168.0
225
 2013 04 20 10 46 36.702     2013 04 20 10 49 49.852     193.2
226
 2013 04 20 12 16 18.689     2013 04 20 12 19 43.364     204.7
227
 2013 04 20 12 26 51.453     2013 04 20 12 27 18.337      26.9
 2013 04 20 19 02 25.413     2013 04 20 19 05  8.153     162.7
228
 2013 04 20 20 47 11.666     2013 04 20 20 49 44.896     153.2
229
 2013 04 20 00 19 16.861     2013 04 20 00 22 35.877     199.0
230
 2013 04 20 22 23  8.587     2013 04 20 22 26 22.745     194.2
231
 2013 04 20 14 02 12.912     2013 04 20 14 04 48.805     155.9
 2013 04 20 20 35 17.823     2013 04 20 20 38 20.196     182.4
232
 2013 04 20 12 18 27.645     2013 04 20 12 21  2.003     154.4
 2013 04 20 22 18 27.766     2013 04 20 22 20 58.785     151.0
233
 2013 04 20 12 15 35.557     2013 04 20 12 18 39.500     183.9
234
 2013 04 20 10 37 30.420     2013 04 20 10 40 43.409     193.0
 2013 04 20 22 24 11.254     2013 04 20 22 26 41.905     150.7
235
 2013 04 20 13 58 41.996     2013 04 20 14 02 10.069     208.1
 2013 04 20 22 13 39.731     2013 04 20 22 14 36.546      56.8
236
 2013 04 20 10 47 22.223     2013 04 20 10 49 57.875     155.7
237
 2013 04 20 12 26  3.113     2013 04 20 12 28 41.489     158.4
 2013 04 20 19 00 20.054     2013 04 20 19 03 35.054     195.0
238
239
 2013 04 20 14 00 54.363     2013 04 20 14 04  1.801     187.4
 2013 04 20 20 36  9.078     2013 04 20 20 38 51.825     162.7
240
 2013 04 20 12 26 18.449     2013 04 20 12 28 54.568     156.1
 2013 04 20 19 00 37.500     2013 04 20 19 03 36.045     178.5
241
 2013 04 20 20 44 18.714     2013 04 20 20 44 41.623      22.9
242
 2013 04 20 13 56 37.201     2013 04 20 13 59 25.822     168.6
 2013 04 20 22 12 35.182     2013 04 20 22 16 21.316     226.1
243
 2013 04 20 12 20 43.680     2013 04 20 12 23 41.531     177.9
244
 2013 04 20 10 47 10.020     2013 04 20 10 47 45.659      35.6
 2013 04 20 19 05 54.183     2013 04 20 19 09   .008     185.8
245
 2013 04 20 13 54 37.960     2013 04 20 13 57 39.449     181.5
246
 2013 04 20 12 19 30.588     2013 04 20 12 19 53.164      22.6
247
 2013 04 20 12 27  8.024     2013 04 20 12 29 43.770     155.7
 2013 04 20 19 01  3.888     2013 04 20 19 03 38.668     154.8
248
 2013 04 20 22 20 29.275     2013 04 20 22 23  4.158     154.9
249
 2013 04 20 12 18  7.768     2013 04 20 12 21 42.200     214.4
 2013 04 20 22 19 23.305     2013 04 20 22 22 16.853     173.5
250
251
 2013 04 20 14 01 54.445     2013 04 20 14 05 15.153     200.7
 2013 04 20 20 36 19.985     2013 04 20 20 39 17.851     177.9
252
 2013 04 20 10 42 56.698     2013 04 20 10 43 48.978      52.3
 2013 04 20 20 42 44.829     2013 04 20 20 45 52.181     187.4
253
 2013 04 20 10 44 53.303     2013 04 20 10 48 35.861     222.6
254
 2013 04 20 22 11  5.129     2013 04 20 22 14 43.741     218.6
255
256
 2013 04 20 22 23  8.547     2013 04 20 22 25 59.982     171.4
257
258
 2013 04 20 13 53 50.125     2013 04 20 13 54  3.526      13.4
259
 2013 04 20 10 47 33.305     2013 04 20 10 50 32.406     179.1
 2013 04 20 19 05   .436     2013 04 20 19 08 29.704     209.3
260
 2013 04 20 13 54 32.430     2013 04 20 13 55 59.818      87.4
261
 2013 04 20 12 17 57.637     2013 04 20 12 20 39.595     162.0
 2013 04 20 22 19  5.737     2013 04 20 22 21 38.135     152.4
262
 2013 04 20 09 04  6.429     2013 04 20 09 07 42.510     216.1
 2013 04 20 20 48 27.180     2013 04 20 20 51 45.787     198.6
263
 2013 04 20 14 03 33.666     2013 04 20 14 07  2.416     208.7
 2013 04 20 18 59 10.838     2013 04 20 19 02   .570     169.7
264
 2013 04 20 12 27 13.320     2013 04 20 12 27 35.402      22.1
 2013 04 20 19 02 18.159     2013 04 20 19 05 22.931     184.8
265
 2013 04 20 13 56  5.651     2013 04 20 13 59  8.546     182.9
266
 2013 04 20 12 15 29.437     2013 04 20 12 15 53.874      24.4
 2013 04 20 22 20 15.489     2013 04 20 22 20 43.218      27.7
267
 2013 04 20 15 37 36.877     2013 04 20 15 40 52.695     195.8
 2013 04 20 20 33  2.400     2013 04 20 20 36 20.804     198.4
268
 2013 04 20 12 13  4.698     2013 04 20 12 16 17.881     193.2
269
270
 2013 04 20 15 38 16.085     2013 04 20 15 40 57.142     161.1
 2013 04 20 20 32 59.987     2013 04 20 20 35 41.190     161.2
271
 2013 04 20 10 45 18.682     2013 04 20 10 49  3.825     225.1
 2013 04 20 20 41 33.490     2013 04 20 20 45 12.381     218.9
272
 2013 04 20 00 17 40.610     2013 04 20 00 20 30.868     170.3
273
 2013 04 20 13 58 24.230     2013 04 20 14 01  5.489     161.3
 2013 04 20 22 12 58.648     2013 04 20 22 15 41.781     163.1
274
 2013 04 20 13 58 22.298     2013 04 20 14 01 32.358     190.1
 2013 04 20 22 12 23.590     2013 04 20 22 15 12.654     169.1
275
 2013 04 20 12 22  3.181     2013 04 20 12 24 52.626     169.4
 2013 04 20 20 39 15.700     2013 04 20 20 42 52.098     216.4
276
 2013 04 20 13 54 48.988     2013 04 20 13 54 50.316       1.3
277
 2013 04 20 09 03 45.795     2013 04 20 09 06 22.645     156.9
 2013 04 20 20 49 51.573     2013 04 20 20 52 51.863     180.3
278
 2013 04 20 22 21 39.113     2013 04 20 22 24 12.886     153.8
279
 2013 04 20 14 04 25.894     2013 04 20 14 07 32.768     186.9
 2013 04 20 18 59 21.923     2013 04 20 19 01 59.053     157.1
280
 2013 04 20 10 44 23.912     2013 04 20 10 45  5.072      41.2
281
 2013 04 20 12 26 33.196     2013 04 20 12 29 48.846     195.7
 2013 04 20 19 01 51.753     2013 04 20 19 04 28.570     156.8
282
 2013 04 20 10 38 48.284     2013 04 20 10 41 48.946     180.7
283
 2013 04 20 12 15  1.910     2013 04 20 12 18 38.133     216.2
284
 2013 04 20 12 23 22.339     2013 04 20 12 26 47.746     205.4
 2013 04 20 20 37 56.227     2013 04 20 20 40 30.219     154.0
285
286
 2013 04 20 12 27  6.117     2013 04 20 12 30  1.386     175.3
 2013 04 20 19 00 23.818     2013 04 20 19 03  4.103     160.3
287
 2013 04 20 14 00 35.351     2013 04 20 14 03 16.399     161.0
 2013 04 20 20 34 47.408     2013 04 20 20 37 54.228     186.8
288
 2013 04 20 00 18 48.587     2013 04 20 00 22 18.512     209.9
289
 2013 04 20 10 45 14.196     2013 04 20 10 48 21.196     187.0
 2013 04 20 20 42 15.917     2013 04 20 20 45 39.653     203.7
290
 2013 04 20 13 56 38.749     2013 04 20 13 59 26.208     167.5
 2013 04 20 22 12 37.342     2013 04 20 22 16 21.540     224.2
291
 2013 04 20 14 01 20.815     2013 04 20 14 01 37.488      16.7
 2013 04 20 22 11 57.883     2013 04 20 22 14 31.378     153.5
292
 2013 04 20 12 15 54.185     2013 04 20 12 16 11.515      17.3
293
 2013 04 20 12 16 29.291     2013 04 20 12 19 17.953     168.7
294
 2013 04 20 12 25  8.292     2013 04 20 12 28 23.913     195.6
 2013 04 20 19 02 51.819     2013 04 20 19 03 14.807      23.0
295
 2013 04 20 12 21 35.405     2013 04 20 12 25  4.239     208.8
296
 2013 04 20 12 20 45.272     2013 04 20 12 23 35.692     170.4
297
 2013 04 20 14 01 47.971     2013 04 20 14 02 44.961      57.0
 2013 04 20 20 36 39.822     2013 04 20 20 39 48.660     188.8
298
 2013 04 20 22 11 40.712     2013 04 20 22 14 21.705     161.0
299
 2013 04 20 14 03 56.741     2013 04 20 14 06 40.663     163.9
 2013 04 20 18 58 42.534     2013 04 20 19 01 20.065     157.5
300
 2013 04 20 12 16 27.742     2013 04 20 12 19 17.323     169.6
 2013 04 20 22 22  7.002     2013 04 20 22 23  2.489      55.5
301
 2013 04 20 10 38 55.807     2013 04 20 10 41 54.808     179.0
302
 2013 04 20 10 43 25.370     2013 04 20 10 45 59.351     154.0
 2013 04 20 20 44  9.234     2013 04 20 20 46 52.482     163.2
303
 2013 04 20 14 01  2.946     2013 04 20 14 03 47.073     164.1
 2013 04 20 20 35   .178     2013 04 20 20 37 39.496     159.3
304
 2013 04 20 13 58 32.317     2013 04 20 14 01 36.523     184.2
 2013 04 20 22 12 23.235     2013 04 20 22 15 20.067     176.8
305
 2013 04 20 14 00 34.385     2013 04 20 14 04  9.111     214.7
 2013 04 20 20 36 23.897     2013 04 20 20 39 13.785     169.9
306
307
 2013 04 20 20 46 38.957     2013 04 20 20 49 23.439     164.5
308
 2013 04 20 10 40 51.004     2013 04 20 10 43 34.977     164.0
309
 2013 04 20 00 20 33.498     2013 04 20 00 23 36.303     182.8
310
311
 2013 04 20 00 20 48.921     2013 04 20 00 23 27.149     158.2
312
 2013 04 20 10 47  3.815     2013 04 20 10 50 18.015     194.2
313
314
315
 2013 04 20 00 19 38.900     2013 04 20 00 22 11.194     152.3
316
 2013 04 20 12 25 10.893     2013 04 20 12 29  1.391     230.5
 2013 04 20 19 04 37.548     2013 04 20 19 05 23.563      46.0
317
318
 2013 04 20 10 40  9.870     2013 04 20 10 43  9.758     179.9
319
 2013 04 20 12 17 40.442     2013 04 20 12 20 31.005     170.6
 2013 04 20 22 18  2.486     2013 04 20 22 21  1.999     179.5
320
321
 2013 04 20 14 01 28.708     2013 04 20 14 04  5.647     156.9
 2013 04 20 20 35 38.196     2013 04 20 20 38 12.188     154.0
322
323
 2013 04 20 12 26  6.327     2013 04 20 12 29   .295     174.0
 2013 04 20 19 00  8.485     2013 04 20 19 03  6.395     177.9
324
 2013 04 20 13 55 17.326     2013 04 20 13 58 30.808     193.5
325
326
 2013 04 20 12 25 49.492     2013 04 20 12 28 25.230     155.7
 2013 04 20 19 00 23.279     2013 04 20 19 04  4.000     220.7
327
 2013 04 20 13 54 55.498     2013 04 20 13 57 51.995     176.5
328
 2013 04 20 10 42 24.579     2013 04 20 10 45 28.924     184.3
 2013 04 20 20 46 43.805     2013 04 20 20 47  8.890      25.1
329
 2013 04 20 00 16 33.221     2013 04 20 00 17  5.710      32.5
 2013 04 20 13 52 50.284     2013 04 20 13 53 30.848      40.6
330
 2013 04 20 12 23 28.944     2013 04 20 12 26  4.593     155.6
 2013 04 20 20 39  8.387     2013 04 20 20 41 41.123     152.7
331
 2013 04 20 12 18 28.160     2013 04 20 12 19 41.685      73.5
332
 2013 04 20 13 58 31.413     2013 04 20 14 01 26.370     175.0
 2013 04 20 22 13 41.305     2013 04 20 22 16 48.740     187.4
333
 2013 04 20 00 16 53.463     2013 04 20 00 19 52.728     179.3
 2013 04 20 13 52 34.974     2013 04 20 13 55 58.302     203.3
334
 2013 04 20 14 01 57.179     2013 04 20 14 05  8.770     191.6
 2013 04 20 20 36 13.611     2013 04 20 20 39 10.452     176.8
335
 2013 04 20 12 28  2.341     2013 04 20 12 30 50.373     168.0
 2013 04 20 19 01 11.308     2013 04 20 19 04 39.539     208.2
336
 2013 04 20 00 17 57.355     2013 04 20 00 21 12.097     194.7
337
 2013 04 20 22 20 41.129     2013 04 20 22 21 21.326      40.2
338
339
 2013 04 20 00 19 38.795     2013 04 20 00 22 39.800     181.0
340
341
 2013 04 20 22 21  9.463     2013 04 20 22 24 35.662     206.2
342
 2013 04 20 00 15 20.498     2013 04 20 00 18 52.230     211.7
 2013 04 20 13 53 53.564     2013 04 20 13 56 27.765     154.2
343
 2013 04 20 12 21 11.736     2013 04 20 12 24 45.102     213.4
344
 2013 04 20 14 00 43.907     2013 04 20 14 03 48.894     185.0
 2013 04 20 20 36   .725     2013 04 20 20 38 53.350     172.6
345
 2013 04 20 10 45 16.269     2013 04 20 10 45 21.587       5.3
346
 2013 04 20 12 27 50.414     2013 04 20 12 31  6.293     195.9
 2013 04 20 19 01 37.386     2013 04 20 19 05  3.732     206.3
347
348
 2013 04 20 10 48  6.062     2013 04 20 10 48 35.229      29.2
 2013 04 20 19 03 11.309     2013 04 20 19 05 57.278     166.0
349
 2013 04 20 20 45 15.285     2013 04 20 20 46 50.788      95.5
