0 23.0247 129.0930 4 28 7
2  45.0 45.0 0.00
1 36.7147 82.7861 6 28 5
2  45.0 45.0 0.00
2 33.6549 124.7027 7 17 7
2  45.0 45.0 0.00
3 41.8026 94.3035 4 18 5
2  45.0 45.0 0.00
4 45.6079 92.5628 7 23 8
2  45.0 45.0 0.00
5 48.6712 125.7896 9 26 8
2  45.0 45.0 0.00
6 12.5724 97.3738 2 25 5
2  45.0 45.0 0.00
7 31.1949 76.7499 4 24 9
2  45.0 45.0 0.00
8 34.2288 132.8647 1 25 7
2  45.0 45.0 0.00
9 50.5946 82.7327 8 29 8
2  45.0 45.0 0.00
10 33.9261 113.3232 2 25 9
2  45.0 45.0 0.00
11 6.7224 95.9333 5 18 8
2  45.0 45.0 0.00
12 42.7233 96.8275 7 17 9
2  45.0 45.0 0.00
13 13.3434 81.5765 5 15 6
2  45.0 45.0 0.00
14 38.6777 115.9660 8 19 9
2  45.0 45.0 0.00
15 45.7207 110.1042 1 29 9
2  45.0 45.0 0.00
16 40.5606 128.2057 9 29 8
2  45.0 45.0 0.00
17 28.9697 116.3886 6 27 8
2  45.0 45.0 0.00
18 12.0838 120.8290 3 15 6
2  45.0 45.0 0.00
19 14.3725 123.6677 3 27 5
2  45.0 45.0 0.00
20 43.4475 79.8756 6 25 5
2  45.0 45.0 0.00
21 48.1211 96.1551 5 25 9
2  45.0 45.0 0.00
22 25.8022 96.6194 7 19 8
2  45.0 45.0 0.00
23 46.7186 98.2571 10 22 6
2  45.0 45.0 0.00
24 27.1862 92.0428 10 21 5
2  45.0 45.0 0.00
25 48.8202 115.6275 6 29 8
2  45.0 45.0 0.00
26 3.4976 121.8841 9 27 7
2  45.0 45.0 0.00
27 34.8309 86.1302 1 29 6
2  45.0 45.0 0.00
28 9.6738 132.9607 7 29 5
2  45.0 45.0 0.00
29 42.4010 101.1719 8 18 6
2  45.0 45.0 0.00
30 43.3249 92.8811 5 22 6
2  45.0 45.0 0.00
31 27.5785 114.1602 1 25 7
2  45.0 45.0 0.00
32 12.5981 97.1941 6 15 9
2  45.0 45.0 0.00
33 35.0655 105.8837 7 28 8
2  45.0 45.0 0.00
34 35.7768 101.3904 3 19 8
2  45.0 45.0 0.00
35 27.2190 92.4463 8 21 6
2  45.0 45.0 0.00
36 25.3436 101.8848 8 24 6
2  45.0 45.0 0.00
37 36.9300 93.3020 1 24 7
2  45.0 45.0 0.00
38 50.5308 105.3320 6 22 8
2  45.0 45.0 0.00
39 39.5120 130.0183 5 29 6
2  45.0 45.0 0.00
40 14.9979 107.6710 2 22 5
2  45.0 45.0 0.00
41 19.6663 75.2275 8 27 7
2  45.0 45.0 0.00
42 11.3732 88.5242 6 21 8
2  45.0 45.0 0.00
43 38.5275 121.0894 1 26 9
2  45.0 45.0 0.00
44 18.1471 129.6225 10 22 5
2  45.0 45.0 0.00
45 8.8334 131.4429 4 23 5
2  45.0 45.0 0.00
46 29.7037 92.7785 1 15 5
2  45.0 45.0 0.00
47 46.4511 131.8715 6 22 7
2  45.0 45.0 0.00
48 35.0737 103.9026 7 16 9
2  45.0 45.0 0.00
49 37.5939 78.9425 4 27 8
2  45.0 45.0 0.00
50 49.4376 82.9523 8 15 7
2  45.0 45.0 0.00
51 17.8125 79.2426 9 19 8
2  45.0 45.0 0.00
52 20.9639 100.4139 7 24 7
2  45.0 45.0 0.00
53 44.8911 86.5023 10 20 5
2  45.0 45.0 0.00
54 39.4679 90.6874 2 19 6
2  45.0 45.0 0.00
55 42.3949 121.7404 3 23 8
2  45.0 45.0 0.00
56 3.8814 80.9117 7 28 6
2  45.0 45.0 0.00
57 21.4101 91.4211 2 23 6
2  45.0 45.0 0.00
58 41.2489 112.2156 3 26 9
2  45.0 45.0 0.00
59 12.2288 124.7481 4 25 9
2  45.0 45.0 0.00
60 26.3420 118.5715 6 26 7
2  45.0 45.0 0.00
61 34.6981 126.4854 1 26 5
2  45.0 45.0 0.00
62 27.1955 103.8653 1 23 5
2  45.0 45.0 0.00
63 14.3708 104.9593 7 18 6
2  45.0 45.0 0.00
64 29.5402 112.3453 7 16 9
2  45.0 45.0 0.00
65 6.7882 105.8714 5 21 9
2  45.0 45.0 0.00
66 49.2715 79.9566 2 25 6
2  45.0 45.0 0.00
67 15.9051 96.6914 2 21 6
2  45.0 45.0 0.00
68 26.8390 106.7550 5 20 6
2  45.0 45.0 0.00
69 15.5278 79.5929 8 24 6
2  45.0 45.0 0.00
70 35.5961 109.5341 2 20 6
2  45.0 45.0 0.00
71 43.5542 114.0055 1 28 5
2  45.0 45.0 0.00
72 7.3053 102.3405 10 27 5
2  45.0 45.0 0.00
73 21.3983 121.5626 2 19 9
2  45.0 45.0 0.00
74 44.6280 77.5242 4 28 9
2  45.0 45.0 0.00
75 51.4110 88.7924 2 27 5
2  45.0 45.0 0.00
76 51.2941 128.0375 2 17 9
2  45.0 45.0 0.00
77 18.8264 117.7153 5 21 6
2  45.0 45.0 0.00
78 31.7339 103.4514 4 21 6
2  45.0 45.0 0.00
79 52.3885 118.7180 4 19 5
2  45.0 45.0 0.00
80 25.0590 120.9485 5 25 9
2  45.0 45.0 0.00
81 31.8259 115.7175 3 22 5
2  45.0 45.0 0.00
82 30.3939 122.3050 1 27 9
2  45.0 45.0 0.00
83 11.4407 93.2982 1 29 8
2  45.0 45.0 0.00
84 34.1356 94.4500 9 16 7
2  45.0 45.0 0.00
85 19.2517 112.6678 8 22 7
2  45.0 45.0 0.00
86 13.3127 129.6573 2 26 8
2  45.0 45.0 0.00
87 11.3370 86.5921 8 18 7
2  45.0 45.0 0.00
88 33.2285 86.4983 9 20 5
2  45.0 45.0 0.00
89 40.6463 114.8960 9 23 6
2  45.0 45.0 0.00
90 35.4733 120.8927 3 25 6
2  45.0 45.0 0.00
91 7.1841 115.0759 8 16 5
2  45.0 45.0 0.00
92 48.7694 85.3009 10 15 9
2  45.0 45.0 0.00
93 33.1794 76.0561 9 17 5
2  45.0 45.0 0.00
94 50.1140 77.6252 9 21 8
2  45.0 45.0 0.00
95 22.8869 73.2497 3 29 8
2  45.0 45.0 0.00
96 34.3384 79.9826 1 16 6
2  45.0 45.0 0.00
97 23.4021 87.8692 6 22 9
2  45.0 45.0 0.00
98 26.2738 79.6066 7 17 8
2  45.0 45.0 0.00
99 22.9778 82.9540 10 21 6
2  45.0 45.0 0.00
100 38.0996 106.8071 3 21 7
2  45.0 45.0 0.00
101 31.6190 96.8153 3 29 5
2  45.0 45.0 0.00
102 6.9760 118.8615 4 20 5
2  45.0 45.0 0.00
103 42.9506 78.2401 4 27 7
2  45.0 45.0 0.00
104 20.7885 106.8366 5 18 7
2  45.0 45.0 0.00
105 44.6085 128.0688 4 26 8
2  45.0 45.0 0.00
106 14.5920 107.9502 9 24 7
2  45.0 45.0 0.00
107 6.1659 115.5320 4 23 9
2  45.0 45.0 0.00
108 3.5561 90.9481 10 21 7
2  45.0 45.0 0.00
109 38.0558 118.0253 6 16 6
2  45.0 45.0 0.00
110 18.6110 93.8592 2 15 9
2  45.0 45.0 0.00
111 9.9025 92.3295 9 28 5
2  45.0 45.0 0.00
112 35.7283 109.5240 5 17 6
2  45.0 45.0 0.00
113 27.8509 81.5674 2 27 8
2  45.0 45.0 0.00
114 7.5072 104.4952 3 27 7
2  45.0 45.0 0.00
115 5.8317 82.4985 5 25 9
2  45.0 45.0 0.00
116 7.0874 122.5521 7 22 8
2  45.0 45.0 0.00
117 47.2093 107.5079 5 26 8
2  45.0 45.0 0.00
118 40.0579 120.4003 2 20 7
2  45.0 45.0 0.00
119 23.1194 81.3377 3 16 6
2  45.0 45.0 0.00
120 30.9163 129.0075 1 20 5
2  45.0 45.0 0.00
121 42.3650 102.5278 1 23 7
2  45.0 45.0 0.00
122 51.9870 108.4724 9 29 7
2  45.0 45.0 0.00
123 44.4350 79.6633 4 22 8
2  45.0 45.0 0.00
124 49.0943 96.9378 3 16 7
2  45.0 45.0 0.00
125 18.0069 81.9550 6 20 5
2  45.0 45.0 0.00
126 48.8837 74.8672 1 20 9
2  45.0 45.0 0.00
127 10.4145 101.1174 2 21 7
2  45.0 45.0 0.00
128 22.6027 75.2223 8 19 9
2  45.0 45.0 0.00
129 10.4976 120.4430 3 27 5
2  45.0 45.0 0.00
130 17.5666 109.4219 5 20 5
2  45.0 45.0 0.00
131 10.9682 121.0589 2 27 7
2  45.0 45.0 0.00
132 34.9025 82.2038 8 20 7
2  45.0 45.0 0.00
133 50.4311 86.1552 9 17 7
2  45.0 45.0 0.00
134 21.0038 111.6767 3 29 5
2  45.0 45.0 0.00
135 47.2424 79.3845 9 18 6
2  45.0 45.0 0.00
136 28.4711 90.5750 4 17 8
2  45.0 45.0 0.00
137 18.5321 114.5011 8 19 8
2  45.0 45.0 0.00
138 20.3654 112.0903 10 29 8
2  45.0 45.0 0.00
139 14.9329 113.6664 1 27 9
2  45.0 45.0 0.00
140 49.5349 111.3365 3 21 9
2  45.0 45.0 0.00
141 35.3360 110.9937 2 18 6
2  45.0 45.0 0.00
142 5.6478 106.0832 3 22 5
2  45.0 45.0 0.00
143 20.2567 131.0358 3 24 8
2  45.0 45.0 0.00
144 15.8468 129.3484 6 21 7
2  45.0 45.0 0.00
145 38.4285 114.4771 9 17 5
2  45.0 45.0 0.00
146 13.3537 87.4623 7 18 5
2  45.0 45.0 0.00
147 46.5241 123.8106 5 18 8
2  45.0 45.0 0.00
148 36.8707 99.1968 1 15 7
2  45.0 45.0 0.00
149 42.7961 82.5807 9 27 7
2  45.0 45.0 0.00
150 16.5697 75.1357 8 17 7
2  45.0 45.0 0.00
151 52.5779 84.0706 1 29 5
2  45.0 45.0 0.00
152 50.7718 99.8540 4 18 7
2  45.0 45.0 0.00
153 43.5959 91.0446 1 21 8
2  45.0 45.0 0.00
154 27.9146 116.0703 4 15 8
2  45.0 45.0 0.00
155 44.0161 125.5460 9 15 7
2  45.0 45.0 0.00
156 30.4446 125.9747 1 24 6
2  45.0 45.0 0.00
157 11.5739 77.2063 4 27 5
2  45.0 45.0 0.00
158 37.2985 124.6789 5 17 6
2  45.0 45.0 0.00
159 14.4923 85.0340 2 22 6
2  45.0 45.0 0.00
160 27.7589 116.6157 1 16 5
2  45.0 45.0 0.00
161 30.6778 73.5298 3 23 7
2  45.0 45.0 0.00
162 8.7896 82.7259 2 21 9
2  45.0 45.0 0.00
163 6.6262 120.3695 9 29 6
2  45.0 45.0 0.00
164 40.0906 101.5457 9 20 6
2  45.0 45.0 0.00
165 34.8488 105.1918 8 27 7
2  45.0 45.0 0.00
166 33.9878 96.5612 7 24 7
2  45.0 45.0 0.00
167 44.0982 119.9214 6 22 5
2  45.0 45.0 0.00
168 11.1324 103.4547 9 19 9
2  45.0 45.0 0.00
169 29.1936 99.3743 4 17 6
2  45.0 45.0 0.00
170 25.0177 88.8002 1 19 7
2  45.0 45.0 0.00
171 3.9709 93.6387 4 27 7
2  45.0 45.0 0.00
172 3.8513 85.2627 6 16 9
2  45.0 45.0 0.00
173 39.1553 103.8072 6 29 7
2  45.0 45.0 0.00
174 17.5251 89.1354 1 27 7
2  45.0 45.0 0.00
175 14.7117 83.8337 8 22 9
2  45.0 45.0 0.00
176 12.8702 94.0406 2 21 7
2  45.0 45.0 0.00
177 20.8210 80.4910 3 17 5
2  45.0 45.0 0.00
178 26.8993 129.5628 6 16 7
2  45.0 45.0 0.00
179 50.9135 98.3716 8 21 6
2  45.0 45.0 0.00
180 3.5209 102.8064 7 26 6
2  45.0 45.0 0.00
181 11.5715 97.1806 8 27 8
2  45.0 45.0 0.00
182 44.9428 122.3126 2 28 6
2  45.0 45.0 0.00
183 36.3175 119.6821 4 24 8
2  45.0 45.0 0.00
184 32.9128 94.1083 3 27 9
2  45.0 45.0 0.00
185 20.3894 83.9053 6 20 8
2  45.0 45.0 0.00
186 43.5687 117.9469 8 18 6
2  45.0 45.0 0.00
187 38.0315 107.9674 2 16 8
2  45.0 45.0 0.00
188 50.6705 88.6459 1 20 5
2  45.0 45.0 0.00
189 35.8055 75.0918 8 27 5
2  45.0 45.0 0.00
190 12.0118 118.4730 2 26 5
2  45.0 45.0 0.00
191 35.9307 114.3933 1 28 9
2  45.0 45.0 0.00
192 52.4838 75.0789 5 18 9
2  45.0 45.0 0.00
193 7.4870 108.4853 3 23 5
2  45.0 45.0 0.00
194 7.1779 115.4532 7 15 7
2  45.0 45.0 0.00
195 19.8746 130.1816 3 26 5
2  45.0 45.0 0.00
196 18.6463 93.8652 9 18 7
2  45.0 45.0 0.00
197 5.6746 130.3446 6 17 6
2  45.0 45.0 0.00
198 3.5370 113.4881 6 18 6
2  45.0 45.0 0.00
199 48.9381 73.3577 1 21 8
2  45.0 45.0 0.00
200 6.2343 100.0879 7 26 7
2  45.0 45.0 0.00
201 26.6341 117.7046 1 18 9
2  45.0 45.0 0.00
202 38.2794 127.6073 7 26 9
2  45.0 45.0 0.00
203 35.0961 119.2429 2 26 7
2  45.0 45.0 0.00
204 9.6998 99.3904 3 19 7
2  45.0 45.0 0.00
205 23.4379 99.9208 7 26 7
2  45.0 45.0 0.00
206 19.5764 106.0759 4 15 7
2  45.0 45.0 0.00
207 46.0730 108.8260 9 27 7
2  45.0 45.0 0.00
208 18.4208 117.7722 2 19 8
2  45.0 45.0 0.00
209 8.0309 127.4496 9 20 5
2  45.0 45.0 0.00
210 10.4024 86.9395 5 29 7
2  45.0 45.0 0.00
211 34.2423 84.0255 5 17 8
2  45.0 45.0 0.00
212 4.2001 130.8796 7 25 7
2  45.0 45.0 0.00
213 10.7161 124.6031 4 18 5
2  45.0 45.0 0.00
214 5.2412 128.4585 3 20 6
2  45.0 45.0 0.00
215 22.3897 79.4658 10 24 8
2  45.0 45.0 0.00
216 28.0632 79.7959 6 24 5
2  45.0 45.0 0.00
217 7.9602 106.6543 2 23 5
2  45.0 45.0 0.00
218 36.8851 98.1155 2 16 9
2  45.0 45.0 0.00
219 20.1878 76.3552 1 27 6
2  45.0 45.0 0.00
220 15.0284 112.0837 7 18 9
2  45.0 45.0 0.00
221 14.1870 126.7177 4 25 7
2  45.0 45.0 0.00
222 28.8542 106.6289 2 21 5
2  45.0 45.0 0.00
223 48.5368 91.5868 2 23 6
2  45.0 45.0 0.00
224 32.6708 90.7446 3 18 9
2  45.0 45.0 0.00
225 34.3116 122.1556 6 23 6
2  45.0 45.0 0.00
226 19.5936 88.2751 6 19 5
2  45.0 45.0 0.00
227 45.4935 125.6708 4 26 8
2  45.0 45.0 0.00
228 13.1954 125.1405 10 15 9
2  45.0 45.0 0.00
229 8.8610 73.3969 7 29 8
2  45.0 45.0 0.00
230 4.6987 100.7350 2 23 5
2  45.0 45.0 0.00
231 50.2412 97.6615 1 20 6
2  45.0 45.0 0.00
232 23.2240 94.5442 8 22 9
2  45.0 45.0 0.00
233 16.1249 87.5138 8 19 9
2  45.0 45.0 0.00
234 4.6445 105.1026 3 28 6
2  45.0 45.0 0.00
235 39.2204 89.9011 1 19 6
2  45.0 45.0 0.00
236 33.9808 125.8016 5 28 5
2  45.0 45.0 0.00
237 46.4812 114.2652 6 18 5
2  45.0 45.0 0.00
238 24.9422 105.6287 4 21 9
2  45.0 45.0 0.00
239 45.2419 96.1984 6 15 5
2  45.0 45.0 0.00
240 46.7662 115.5926 5 16 6
2  45.0 45.0 0.00
241 27.9466 108.2420 2 18 5
2  45.0 45.0 0.00
242 36.1569 77.7221 4 16 9
2  45.0 45.0 0.00
243 29.2227 102.3467 2 21 7
2  45.0 45.0 0.00
244 31.7373 132.2482 10 18 7
2  45.0 45.0 0.00
245 27.4539 77.3654 9 28 8
2  45.0 45.0 0.00
246 19.8884 86.5669 2 18 9
2  45.0 45.0 0.00
247 48.4869 119.2979 6 22 9
2  45.0 45.0 0.00
248 17.1128 99.3067 1 18 8
2  45.0 45.0 0.00
249 21.0071 98.7776 8 24 9
2  45.0 45.0 0.00
250 20.7863 129.1362 1 24 6
2  45.0 45.0 0.00
251 47.3927 101.2301 9 25 7
2  45.0 45.0 0.00
252 24.3087 113.7807 7 22 9
2  45.0 45.0 0.00
253 24.8512 125.7168 10 19 6
2  45.0 45.0 0.00
254 40.6411 73.0450 3 23 6
2  45.0 45.0 0.00
255 9.8150 118.6347 7 22 8
2  45.0 45.0 0.00
256 5.9725 101.3471 5 16 8
2  45.0 45.0 0.00
257 23.1082 107.2747 9 29 9
2  45.0 45.0 0.00
258 24.9619 79.2352 7 29 6
2  45.0 45.0 0.00
259 33.1290 129.5397 7 20 8
2  45.0 45.0 0.00
260 27.0764 79.9758 3 19 8
2  45.0 45.0 0.00
261 20.7488 95.2353 3 19 8
2  45.0 45.0 0.00
262 9.3637 130.3012 8 29 5
2  45.0 45.0 0.00
263 50.6861 109.4324 6 26 9
2  45.0 45.0 0.00
264 46.2890 127.2743 6 20 7
2  45.0 45.0 0.00
265 35.4451 75.8898 8 20 8
2  45.0 45.0 0.00
266 12.6986 95.1659 1 26 7
2  45.0 45.0 0.00
267 50.1594 82.5388 1 21 7
2  45.0 45.0 0.00
268 4.5788 88.4933 5 20 6
2  45.0 45.0 0.00
269 27.2109 81.9927 6 28 8
2  45.0 45.0 0.00
270 52.7686 82.5709 7 20 5
2  45.0 45.0 0.00
271 31.8478 118.5658 5 25 9
2  45.0 45.0 0.00
272 18.3406 75.1219 7 24 7
2  45.0 45.0 0.00
273 40.8922 83.0639 6 22 5
2  45.0 45.0 0.00
274 42.7371 81.8630 7 20 7
2  45.0 45.0 0.00
275 33.3779 104.9586 6 16 5
2  45.0 45.0 0.00
276 27.9512 81.7401 3 25 5
2  45.0 45.0 0.00
277 4.7229 131.6780 1 24 9
2  45.0 45.0 0.00
278 12.1879 99.7028 5 24 8
2  45.0 45.0 0.00
279 52.8105 112.2618 2 26 8
2  45.0 45.0 0.00
280 18.8243 110.1709 9 27 9
2  45.0 45.0 0.00
281 45.3828 121.1766 9 28 7
2  45.0 45.0 0.00
282 5.2157 112.0685 9 25 7
2  45.0 45.0 0.00
283 11.0572 92.9892 2 23 7
2  45.0 45.0 0.00
284 41.9938 103.9060 5 22 8
2  45.0 45.0 0.00
285 20.4848 104.0923 5 23 6
2  45.0 45.0 0.00
286 50.6597 117.4887 6 20 6
2  45.0 45.0 0.00
287 46.9754 90.3466 10 25 5
2  45.0 45.0 0.00
288 14.5757 79.3060 2 16 5
2  45.0 45.0 0.00
289 29.6309 119.2381 4 16 8
2  45.0 45.0 0.00
290 36.1528 77.8427 1 18 6
2  45.0 45.0 0.00
291 43.0693 78.3172 1 18 7
2  45.0 45.0 0.00
292 19.4725 87.0672 6 22 5
2  45.0 45.0 0.00
293 18.1418 89.6430 9 21 7
2  45.0 45.0 0.00
294 46.6017 109.6219 3 21 6
2  45.0 45.0 0.00
295 36.7388 99.1098 3 20 6
2  45.0 45.0 0.00
296 31.9530 98.1935 10 28 6
2  45.0 45.0 0.00
297 46.6242 103.3057 10 16 6
2  45.0 45.0 0.00
298 42.5444 76.0775 2 18 8
2  45.0 45.0 0.00
299 52.8530 107.5935 9 16 6
2  45.0 45.0 0.00
300 15.7617 93.0143 1 23 6
2  45.0 45.0 0.00
301 5.6346 112.1830 2 27 5
2  45.0 45.0 0.00
302 21.3111 117.4325 4 15 7
2  45.0 45.0 0.00
303 48.4779 91.8947 10 17 5
2  45.0 45.0 0.00
304 42.8870 82.5158 10 18 6
2  45.0 45.0 0.00
305 44.0371 96.8298 5 27 7
2  45.0 45.0 0.00
306 7.9109 94.7302 3 15 5
2  45.0 45.0 0.00
307 15.2745 125.2286 7 22 5
2  45.0 45.0 0.00
308 13.9716 111.7101 9 16 9
2  45.0 45.0 0.00
309 5.5173 75.9596 9 24 8
2  45.0 45.0 0.00
310 37.1075 95.7527 10 29 6
2  45.0 45.0 0.00
311 7.8319 79.6933 3 17 9
2  45.0 45.0 0.00
312 35.7764 123.2116 4 19 8
2  45.0 45.0 0.00
313 3.2026 115.7092 3 27 9
2  45.0 45.0 0.00
314 4.9541 120.0812 8 15 6
2  45.0 45.0 0.00
315 10.6286 75.8044 8 20 7
2  45.0 45.0 0.00
316 41.5708 118.3803 5 17 7
2  45.0 45.0 0.00
317 38.9504 96.6056 6 25 9
2  45.0 45.0 0.00
318 9.6968 114.3430 6 24 9
2  45.0 45.0 0.00
319 22.1286 91.7695 2 20 8
2  45.0 45.0 0.00
320 19.9263 85.1899 9 26 9
2  45.0 45.0 0.00
321 47.8731 95.3179 10 25 7
2  45.0 45.0 0.00
322 5.4949 118.4239 2 24 7
2  45.0 45.0 0.00
323 47.9595 113.6009 6 26 5
2  45.0 45.0 0.00
324 33.5313 73.6889 6 29 6
2  45.0 45.0 0.00
325 20.5016 83.5025 6 17 5
2  45.0 45.0 0.00
326 44.9874 114.4498 4 26 8
2  45.0 45.0 0.00
327 31.4125 73.3543 1 18 8
2  45.0 45.0 0.00
328 20.3521 113.7356 7 17 8
2  45.0 45.0 0.00
329 21.8435 76.6554 6 16 6
2  45.0 45.0 0.00
330 38.2945 107.1249 3 17 5
2  45.0 45.0 0.00
331 19.3523 86.8299 3 21 6
2  45.0 45.0 0.00
332 39.1210 87.0679 6 24 5
2  45.0 45.0 0.00
333 20.9534 74.2480 3 28 7
2  45.0 45.0 0.00
334 47.6643 100.7527 10 15 7
2  45.0 45.0 0.00
335 49.5849 125.0790 2 18 8
2  45.0 45.0 0.00
336 17.4554 77.0550 2 27 8
2  45.0 45.0 0.00
337 16.5500 104.3222 7 24 7
2  45.0 45.0 0.00
338 19.8876 106.6313 8 27 5
2  45.0 45.0 0.00
339 8.6289 74.4519 10 29 7
2  45.0 45.0 0.00
340 20.8035 83.5276 2 25 6
2  45.0 45.0 0.00
341 15.1673 103.7622 5 24 9
2  45.0 45.0 0.00
342 25.9531 73.0955 3 25 5
2  45.0 45.0 0.00
343 35.7418 98.0663 3 28 7
2  45.0 45.0 0.00
344 44.8516 95.3477 1 20 8
2  45.0 45.0 0.00
345 19.6382 110.1049 7 28 7
2  45.0 45.0 0.00
346 48.3750 126.5415 1 26 7
2  45.0 45.0 0.00
347 8.6824 95.9467 9 22 6
2  45.0 45.0 0.00
348 40.9148 125.1392 5 26 6
2  45.0 45.0 0.00
349 19.8080 126.0844 3 25 9
2  45.0 45.0 0.00
