s1
0
 2013 04 20 07 34 10.682     2013 04 20 07 35  1.592      50.9
1
2
 2013 04 20 16 22  2.898     2013 04 20 16 24 38.392     155.5
 2013 04 20 22 56 21.271     2013 04 20 22 59 52.134     210.9
3
 2013 04 20 01 21 36.706     2013 04 20 01 24 15.520     158.8
 2013 04 20 09 37 26.514     2013 04 20 09 40 18.555     172.0
4
5
 2013 04 20 03 31 12.247     2013 04 20 03 34 17.762     185.5
 2013 04 20 15 19 25.318     2013 04 20 15 22 37.563     192.2
6
 2013 04 20 06 38 35.996     2013 04 20 06 41 26.680     170.7
 2013 04 20 18 34  4.311     2013 04 20 18 34 14.404      10.1
7
 2013 04 20 20 06 22.073     2013 04 20 20 09 13.438     171.4
8
 2013 04 20 14 45 15.135     2013 04 20 14 48 39.000     203.9
 2013 04 20 23 01 25.433     2013 04 20 23 04 23.654     178.2
9
 2013 04 20 07 23 51.718     2013 04 20 07 26 55.127     183.4
10
 2013 04 20 06 33  1.096     2013 04 20 06 36  8.998     187.9
 2013 04 20 20 09 32.225     2013 04 20 20 13  2.493     210.3
11
 2013 04 20 06 35 54.801     2013 04 20 06 36  8.516      13.7
12
 2013 04 20 07 40 48.100     2013 04 20 07 43 29.652     161.6
 2013 04 20 15 55 33.626     2013 04 20 15 58 39.624     186.0
13
 2013 04 20 05 57 20.603     2013 04 20 06 00 29.466     188.9
14
 2013 04 20 09 00 11.432     2013 04 20 09 03 14.024     182.6
15
 2013 04 20 13 11 10.151     2013 04 20 13 14 42.451     212.3
 2013 04 20 21 24 41.538     2013 04 20 21 27 44.019     182.5
16
 2013 04 20 11 21 49.447     2013 04 20 11 21 55.290       5.8
 2013 04 20 23 14 38.119     2013 04 20 23 17 36.867     178.7
17
 2013 04 20 05 42  7.524     2013 04 20 05 44 47.819     160.3
 2013 04 20 21 02 23.975     2013 04 20 21 05  3.383     159.4
18
 2013 04 20 04 07 22.155     2013 04 20 04 09 57.631     155.5
 2013 04 20 19 28 28.089     2013 04 20 19 31  1.459     153.4
19
 2013 04 20 08 27 27.298     2013 04 20 08 30 17.060     169.8
 2013 04 20 16 43 16.295     2013 04 20 16 45 58.933     162.6
20
 2013 04 20 01 05 15.400     2013 04 20 01 06 23.729      68.3
21
 2013 04 20 12 23 25.100     2013 04 20 12 26  3.957     158.9
 2013 04 20 20 38 45.711     2013 04 20 20 41 18.848     153.1
22
 2013 04 20 16 51 52.241     2013 04 20 16 54 46.019     173.8
23
 2013 04 20 00 19 40.271     2013 04 20 00 20 15.564      35.3
 2013 04 20 12 17 20.610     2013 04 20 12 17 22.814       2.2
24
 2013 04 20 09 08 34.329     2013 04 20 09 11 38.832     184.5
 2013 04 20 19 10 38.058     2013 04 20 19 13 12.034     154.0
25
 2013 04 20 01 08  7.217     2013 04 20 01 10 59.665     172.4
26
 2013 04 20 01 14   .732     2013 04 20 01 14 23.819      23.1
 2013 04 20 11 22 37.088     2013 04 20 11 22 57.719      20.6
27
 2013 04 20 23 08 51.194     2013 04 20 23 11 39.905     168.7
28
 2013 04 20 17 46 26.382     2013 04 20 17 48 57.521     151.1
29
 2013 04 20 14 29 34.540     2013 04 20 14 33  4.448     209.9
30
 2013 04 20 16 51 57.900     2013 04 20 16 54 33.444     155.5
31
32
 2013 04 20 17 03 16.960     2013 04 20 17 03 19.926       3.0
33
 2013 04 20 18 18 51.954     2013 04 20 18 22  6.160     194.2
34
35
 2013 04 20 18 33 24.394     2013 04 20 18 36 50.015     205.6
36
 2013 04 20 08 21  7.951     2013 04 20 08 24 36.748     208.8
 2013 04 20 18 23 41.719     2013 04 20 18 26 15.736     154.0
37
 2013 04 20 03 44 55.408     2013 04 20 03 47 35.156     159.7
 2013 04 20 11 58 29.496     2013 04 20 12 01 50.770     201.3
38
 2013 04 20 20 06 49.946     2013 04 20 20 10 27.216     217.3
39
 2013 04 20 18 39 19.306     2013 04 20 18 42 17.603     178.3
40
 2013 04 20 00 32  2.041     2013 04 20 00 34 57.139     175.1
41
 2013 04 20 02 48 34.065     2013 04 20 02 51 12.366     158.3
42
 2013 04 20 06 08 51.392     2013 04 20 06 11 41.738     170.3
 2013 04 20 12 42 36.591     2013 04 20 12 45 11.324     154.7
43
 2013 04 20 05 14 21.285     2013 04 20 05 16 52.366     151.1
 2013 04 20 15 12 40.633     2013 04 20 15 15 54.491     193.9
44
 2013 04 20 03 31 27.123     2013 04 20 03 34  8.002     160.9
 2013 04 20 15 19 53.999     2013 04 20 15 22 49.865     175.9
45
 2013 04 20 03 15 57.554     2013 04 20 03 18 31.705     154.2
 2013 04 20 20 18 59.365     2013 04 20 20 21 49.539     170.2
46
 2013 04 20 05 17 13.311     2013 04 20 05 20  4.556     171.2
 2013 04 20 13 33   .284     2013 04 20 13 36 30.455     210.2
47
 2013 04 20 02 45 50.224     2013 04 20 02 48 50.741     180.5
 2013 04 20 14 31 33.970     2013 04 20 14 34 25.710     171.7
48
 2013 04 20 02 59 47.218     2013 04 20 03 02 24.155     156.9
 2013 04 20 09 33 56.779     2013 04 20 09 36 39.534     162.8
49
 2013 04 20 16 05 24.244     2013 04 20 16 08 27.036     182.8
50
 2013 04 20 08 56 20.673     2013 04 20 08 56 58.567      37.9
51
 2013 04 20 03 28 30.898     2013 04 20 03 29  2.492      31.6
52
53
 2013 04 20 23 08 25.032     2013 04 20 23 11 18.171     173.1
54
 2013 04 20 14 44 10.278     2013 04 20 14 47 42.975     212.7
 2013 04 20 22 59 26.263     2013 04 20 23 02 25.396     179.1
55
 2013 04 20 08 55 39.460     2013 04 20 08 56 14.490      35.0
 2013 04 20 22 32 51.900     2013 04 20 22 36 17.478     205.6
56
 2013 04 20 15 35  1.150     2013 04 20 15 38 20.213     199.1
 2013 04 20 22 10 36.267     2013 04 20 22 13 34.090     177.8
57
58
 2013 04 20 02 59 36.903     2013 04 20 03 02 36.331     179.4
 2013 04 20 09 33 27.444     2013 04 20 09 36  7.113     159.7
59
 2013 04 20 13 04 43.665     2013 04 20 13 07 20.677     157.0
 2013 04 20 23 06 17.439     2013 04 20 23 09 10.936     173.5
60
 2013 04 20 03 38 23.866     2013 04 20 03 41 51.932     208.1
 2013 04 20 13 39 55.684     2013 04 20 13 42 40.810     165.1
61
 2013 04 20 03 44 55.116     2013 04 20 03 48  9.902     194.8
 2013 04 20 11 57 44.442     2013 04 20 12 01 21.558     217.1
62
 2013 04 20 09 11 31.149     2013 04 20 09 12 20.287      49.1
63
 2013 04 20 05 08 54.205     2013 04 20 05 11 40.949     166.7
64
 2013 04 20 06 26 45.943     2013 04 20 06 29 19.887     153.9
 2013 04 20 23 27 30.538     2013 04 20 23 28 28.033      57.5
65
 2013 04 20 08 01 55.524     2013 04 20 08 04 34.312     158.8
 2013 04 20 23 27 43.893     2013 04 20 23 28 27.427      43.5
66
 2013 04 20 00 38 13.296     2013 04 20 00 40 47.328     154.0
 2013 04 20 07 12 27.917     2013 04 20 07 15  7.912     160.0
67
68
69
 2013 04 20 05 21 49.449     2013 04 20 05 24 27.234     157.8
 2013 04 20 11 55 36.391     2013 04 20 11 58 12.064     155.7
70
 2013 04 20 09 40  4.461     2013 04 20 09 43  8.140     183.7
71
 2013 04 20 04 33 24.863     2013 04 20 04 36  3.887     159.0
 2013 04 20 11 07 42.977     2013 04 20 11 11 24.953     222.0
72
 2013 04 20 20 42 27.176     2013 04 20 20 45  4.212     157.0
73
 2013 04 20 03 00 10.438     2013 04 20 03 03 10.341     179.9
 2013 04 20 09 34 55.011     2013 04 20 09 37 28.993     154.0
74
 2013 04 20 07 42 20.420     2013 04 20 07 43 53.119      92.7
 2013 04 20 14 18 34.271     2013 04 20 14 21 39.530     185.3
75
 2013 04 20 00 09 50.270     2013 04 20 00 10 25.886      35.6
 2013 04 20 17 08 50.472     2013 04 20 17 11 29.231     158.8
76
77
 2013 04 20 06 32  4.117     2013 04 20 06 35 15.921     191.8
 2013 04 20 20 11 32.712     2013 04 20 20 15  9.872     217.2
78
 2013 04 20 03 44 16.782     2013 04 20 03 46 53.691     156.9
 2013 04 20 11 59 32.297     2013 04 20 12 02 17.658     165.4
79
 2013 04 20 04 31 45.875     2013 04 20 04 32 33.417      47.5
80
 2013 04 20 00 11 49.338     2013 04 20 00 15 17.608     208.3
 2013 04 20 15 30 36.546     2013 04 20 15 33 50.092     193.5
81
82
 2013 04 20 08 55 29.828     2013 04 20 08 59   .690     210.9
 2013 04 20 22 31  1.919     2013 04 20 22 33 38.714     156.8
83
 2013 04 20 07 21 26.632     2013 04 20 07 24 59.645     213.0
 2013 04 20 20 58 11.444     2013 04 20 21 01 27.145     195.7
84
85
 2013 04 20 23 02 38.837     2013 04 20 23 06 24.585     225.7
86
 2013 04 20 21 47 13.276     2013 04 20 21 49 51.999     158.7
87
 2013 04 20 20 07 55.293     2013 04 20 20 10 53.429     178.1
88
 2013 04 20 01 50 29.775     2013 04 20 01 53  3.358     153.6
 2013 04 20 15 26 55.785     2013 04 20 15 29 35.141     159.4
89
 2013 04 20 03 38 55.485     2013 04 20 03 40 18.070      82.6
90
 2013 04 20 06 25 28.850     2013 04 20 06 28  4.524     155.7
 2013 04 20 23 28 19.727     2013 04 20 23 30 55.564     155.8
91
 2013 04 20 05 08 12.194     2013 04 20 05 11 16.471     184.3
92
93
 2013 04 20 09 17 48.951     2013 04 20 09 20 32.311     163.4
 2013 04 20 15 52 24.450     2013 04 20 15 55  1.720     157.3
94
 2013 04 20 10 49   .613     2013 04 20 10 51 35.523     154.9
 2013 04 20 19 04 32.851     2013 04 20 19 07  5.562     152.7
95
 2013 04 20 20 36 52.001     2013 04 20 20 40  9.918     197.9
96
 2013 04 20 01 15 52.961     2013 04 20 01 16 43.297      50.3
97
 2013 04 20 20 54 14.807     2013 04 20 20 56 52.400     157.6
98
 2013 04 20 05 39  6.010     2013 04 20 05 41 43.278     157.3
 2013 04 20 22 40 25.256     2013 04 20 22 43 47.488     202.2
99
100
 2013 04 20 00 28  8.156     2013 04 20 00 30 59.513     171.4
 2013 04 20 10 30 48.251     2013 04 20 10 34 23.219     215.0
101
 2013 04 20 04 03 33.407     2013 04 20 04 07 20.880     227.5
 2013 04 20 21 05  5.213     2013 04 20 21 07 58.892     173.7
102
 2013 04 20 06 34 26.827     2013 04 20 06 37 22.912     176.1
 2013 04 20 20 09 36.336     2013 04 20 20 12 10.697     154.4
103
 2013 04 20 02 02  4.798     2013 04 20 02 04 57.335     172.5
104
 2013 04 20 11 57  3.820     2013 04 20 12 00 42.443     218.6
105
 2013 04 20 15 37 15.543     2013 04 20 15 38 15.398      59.9
 2013 04 20 20 33 16.685     2013 04 20 20 36 53.608     216.9
106
107
108
 2013 04 20 04 17 44.324     2013 04 20 04 20 52.261     187.9
 2013 04 20 16 08 44.359     2013 04 20 16 11 33.914     169.6
109
 2013 04 20 07 33  6.956     2013 04 20 07 35 55.202     168.2
 2013 04 20 17 38 28.078     2013 04 20 17 39 35.089      67.0
110
 2013 04 20 15 58 18.372     2013 04 20 16 01 10.202     171.8
111
 2013 04 20 16 01 50.483     2013 04 20 16 05 11.372     200.9
112
 2013 04 20 06 45 30.772     2013 04 20 06 48  7.997     157.2
113
 2013 04 20 11 14 27.051     2013 04 20 11 17 30.422     183.4
114
 2013 04 20 07 24 16.419     2013 04 20 07 27 10.689     174.3
115
 2013 04 20 15 36 25.223     2013 04 20 15 39 33.892     188.7
 2013 04 20 17 13 55.869     2013 04 20 17 15  9.910      74.0
 2013 04 20 20 30 42.606     2013 04 20 20 31 54.327      71.7
 2013 04 20 22 08 56.528     2013 04 20 22 12  7.366     190.8
116
 2013 04 20 00 41 44.823     2013 04 20 00 45  8.157     203.3
 2013 04 20 04 01 52.153     2013 04 20 04 02 10.019      17.9
 2013 04 20 05 36 39.380     2013 04 20 05 39 29.839     170.5
 2013 04 20 22 44  8.989     2013 04 20 22 44 33.394      24.4
117
 2013 04 20 07 35  5.874     2013 04 20 07 37 40.807     154.9
 2013 04 20 17 35 16.059     2013 04 20 17 37 48.145     152.1
118
 2013 04 20 19 06 16.741     2013 04 20 19 06 40.364      23.6
119
 2013 04 20 04 48 58.691     2013 04 20 04 52 16.665     198.0
 2013 04 20 21 55 54.952     2013 04 20 21 55 57.068       2.1
 2013 04 20 23 29 42.429     2013 04 20 23 30 48.511      66.1
120
121
 2013 04 20 04 30 52.431     2013 04 20 04 33 53.244     180.8
 2013 04 20 12 45 59.021     2013 04 20 12 48 33.850     154.8
122
 2013 04 20 01 25 30.482     2013 04 20 01 29  5.569     215.1
 2013 04 20 03 03 16.883     2013 04 20 03 06 59.672     222.8
 2013 04 20 07 58 36.513     2013 04 20 08 01 19.488     163.0
123
 2013 04 20 14 34  8.466     2013 04 20 14 34 28.409      19.9
124
 2013 04 20 01 21 16.147     2013 04 20 01 23 56.514     160.4
 2013 04 20 09 37 15.104     2013 04 20 09 40 30.948     195.8
125
126
 2013 04 20 21 41 23.781     2013 04 20 21 44  2.087     158.3
127
128
 2013 04 20 18 32 17.464     2013 04 20 18 34 50.883     153.4
129
 2013 04 20 04 20 23.609     2013 04 20 04 22 57.199     153.6
 2013 04 20 16 06 40.500     2013 04 20 16 09 54.129     193.6
130
 2013 04 20 13 55 46.982     2013 04 20 13 58 29.126     162.1
131
 2013 04 20 00 32 57.772     2013 04 20 00 35 45.219     167.4
132
 2013 04 20 11 29 57.386     2013 04 20 11 32 29.638     152.3
 2013 04 20 21 31 34.906     2013 04 20 21 34 55.505     200.6
133
 2013 04 20 05 58 27.260     2013 04 20 06 02   .829     213.6
 2013 04 20 16 02  6.438     2013 04 20 16 05 18.669     192.2
134
 2013 04 20 17 43 55.854     2013 04 20 17 46 26.070     150.2
135
 2013 04 20 11 28 41.423     2013 04 20 11 31 45.637     184.2
136
 2013 04 20 08 58 26.811     2013 04 20 09 02  3.315     216.5
137
 2013 04 20 00 10 43.763     2013 04 20 00 14 10.555     206.8
 2013 04 20 15 33 15.948     2013 04 20 15 35 53.899     158.0
138
 2013 04 20 03 27  4.501     2013 04 20 03 29 49.898     165.4
139
 2013 04 20 01 04  1.600     2013 04 20 01 04 31.725      30.1
140
141
 2013 04 20 02 54 43.667     2013 04 20 02 57 18.224     154.6
142
 2013 04 20 17 08 16.116     2013 04 20 17 11 42.119     206.0
143
144
 2013 04 20 01 40 50.666     2013 04 20 01 43 29.440     158.8
 2013 04 20 18 43 50.932     2013 04 20 18 47 24.023     213.1
145
 2013 04 20 09 14 52.759     2013 04 20 09 17 37.635     164.9
 2013 04 20 17 30 20.982     2013 04 20 17 33  5.859     164.9
146
 2013 04 20 02 34 26.574     2013 04 20 02 37  1.154     154.6
147
 2013 04 20 10 05 58.187     2013 04 20 10 08 54.986     176.8
 2013 04 20 16 39 46.988     2013 04 20 16 42 53.298     186.3
148
 2013 04 20 01 49 28.851     2013 04 20 01 49 50.501      21.6
 2013 04 20 15 25 39.217     2013 04 20 15 29 11.482     212.3
149
 2013 04 20 05 38 17.400     2013 04 20 05 41 32.618     195.2
 2013 04 20 22 41 46.199     2013 04 20 22 44 27.950     161.8
150
 2013 04 20 08 01 28.600     2013 04 20 08 03 21.264     112.7
 2013 04 20 23 25 37.747     2013 04 20 23 29  9.373     211.6
151
 2013 04 20 01 39 28.874     2013 04 20 01 43 10.623     221.7
 2013 04 20 20 20 33.945     2013 04 20 20 24  9.031     215.1
152
 2013 04 20 04 54 30.157     2013 04 20 04 55 15.486      45.3
 2013 04 20 20 16 33.327     2013 04 20 20 19 46.690     193.4
153
 2013 04 20 13 56 33.690     2013 04 20 13 57 30.570      56.9
 2013 04 20 22 14 54.394     2013 04 20 22 17 36.103     161.7
154
 2013 04 20 05 22 44.573     2013 04 20 05 26  4.335     199.8
 2013 04 20 11 56 30.744     2013 04 20 12 00  3.660     212.9
155
 2013 04 20 02 02 17.681     2013 04 20 02 05 40.735     203.1
 2013 04 20 12 05 47.131     2013 04 20 12 09 10.066     202.9
156
 2013 04 20 06 25 40.537     2013 04 20 06 28 21.359     160.8
 2013 04 20 23 28 30.032     2013 04 20 23 31  9.751     159.7
157
 2013 04 20 04 31 23.420     2013 04 20 04 34 56.696     213.3
 2013 04 20 12 47 20.805     2013 04 20 12 50 33.323     192.5
158
159
 2013 04 20 08 24  6.027     2013 04 20 08 26 43.955     157.9
 2013 04 20 18 20 26.725     2013 04 20 18 20 28.773       2.0
160
161
 2013 04 20 03 38 15.662     2013 04 20 03 41 25.386     189.7
 2013 04 20 13 38  5.203     2013 04 20 13 40 57.430     172.2
162
 2013 04 20 03 39 47.329     2013 04 20 03 42 58.152     190.8
 2013 04 20 13 38 32.909     2013 04 20 13 38 52.514      19.6
163
164
 2013 04 20 01 52  1.278     2013 04 20 01 54 32.437     151.2
 2013 04 20 15 26  1.968     2013 04 20 15 29 26.368     204.4
165
 2013 04 20 06 03 49.510     2013 04 20 06 06 46.774     177.3
 2013 04 20 14 25  3.342     2013 04 20 14 25 24.849      21.5
166
 2013 04 20 00 08 52.036     2013 04 20 00 11 25.493     153.5
 2013 04 20 17 09 45.651     2013 04 20 17 11 14.834      89.2
 2013 04 20 23 45 41.923     2013 04 20 23 48 16.917     155.0
167
 2013 04 20 09 35 16.528     2013 04 20 09 38 56.152     219.6
168
 2013 04 20 22 34 22.047     2013 04 20 22 35 54.019      92.0
169
170
171
172
 2013 04 20 13 35 50.227     2013 04 20 13 38 59.120     188.9
173
 2013 04 20 05 56 50.118     2013 04 20 05 59 52.596     182.5
174
 2013 04 20 05 44 37.686     2013 04 20 05 48 19.529     221.8
175
 2013 04 20 03 20 48.162     2013 04 20 03 23 59.072     190.9
 2013 04 20 18 39 47.892     2013 04 20 18 42 57.104     189.2
176
177
 2013 04 20 08 29 45.503     2013 04 20 08 29 58.153      12.6
 2013 04 20 10 07 39.696     2013 04 20 10 11 23.133     223.4
 2013 04 20 15 03 24.910     2013 04 20 15 06  3.374     158.5
178
 2013 04 20 06 30 33.974     2013 04 20 06 33 59.083     205.1
179
 2013 04 20 06 36 20.068     2013 04 20 06 38 56.914     156.8
180
 2013 04 20 02 55 25.242     2013 04 20 02 58 57.264     212.0
 2013 04 20 11 10 53.759     2013 04 20 11 14 11.765     198.0
181
 2013 04 20 10 39 10.443     2013 04 20 10 42  2.590     172.1
 2013 04 20 22 22 56.836     2013 04 20 22 23  9.745      12.9
182
 2013 04 20 13 09 30.100     2013 04 20 13 12 51.769     201.7
 2013 04 20 21 24 58.872     2013 04 20 21 28 17.893     199.0
183
184
 2013 04 20 10 25 39.971     2013 04 20 10 25 58.070      18.1
185
 2013 04 20 10 48 45.809     2013 04 20 10 51 39.941     174.1
 2013 04 20 19 05 11.124     2013 04 20 19 07 43.622     152.5
186
 2013 04 20 08 58 38.295     2013 04 20 09 02  2.536     204.2
187
 2013 04 20 06 35 49.320     2013 04 20 06 38 20.053     150.7
 2013 04 20 20 09  6.511     2013 04 20 20 09 30.647      24.1
188
 2013 04 20 05 14 56.440     2013 04 20 05 17 46.690     170.3
 2013 04 20 15 11 30.085     2013 04 20 15 12 57.246      87.2
189
 2013 04 20 04 21 49.993     2013 04 20 04 25 28.168     218.2
190
 2013 04 20 01 46 47.131     2013 04 20 01 49 37.513     170.4
 2013 04 20 17 06 19.614     2013 04 20 17 07  8.500      48.9
191
 2013 04 20 00 55 50.180     2013 04 20 00 59 17.589     207.4
192
 2013 04 20 12 19 56.393     2013 04 20 12 20 48.736      52.3
 2013 04 20 22 16 57.645     2013 04 20 22 17  2.800       5.2
193
 2013 04 20 07 21 10.344     2013 04 20 07 21 16.565       6.2
 2013 04 20 20 58 23.575     2013 04 20 21 01 57.711     214.1
194
 2013 04 20 13 35 20.583     2013 04 20 13 38 56.613     216.0
195
 2013 04 20 23 15   .354     2013 04 20 23 17 39.006     158.7
196
 2013 04 20 07 36 48.753     2013 04 20 07 39 52.714     184.0
197
 2013 04 20 17 03 24.905     2013 04 20 17 06   .553     155.6
198
199
200
 2013 04 20 05 58 20.788     2013 04 20 06 01 12.673     171.9
201
 2013 04 20 09 58 15.651     2013 04 20 10 00 47.978     152.3
 2013 04 20 19 55 26.698     2013 04 20 19 56 59.460      92.8
202
 2013 04 20 12 24 28.851     2013 04 20 12 24 53.667      24.8
203
 2013 04 20 02 52 34.067     2013 04 20 02 55 34.941     180.9
 2013 04 20 12 51 21.000     2013 04 20 12 52 28.703      67.7
204
 2013 04 20 08 08 33.349     2013 04 20 08 11  5.722     152.4
 2013 04 20 21 44 48.418     2013 04 20 21 47 23.136     154.7
205
206
 2013 04 20 06 55 35.150     2013 04 20 06 59 22.039     226.9
 2013 04 20 13 31 30.947     2013 04 20 13 34 12.144     161.2
207
208
 2013 04 20 23 07 58.257     2013 04 20 23 11 30.835     212.6
209
 2013 04 20 02 54 25.985     2013 04 20 02 57 35.261     189.3
210
 2013 04 20 06 47 40.068     2013 04 20 06 50 53.069     193.0
 2013 04 20 16 48 33.396     2013 04 20 16 51 24.612     171.2
211
212
 2013 04 20 06 56 26.266     2013 04 20 06 59 52.195     205.9
 2013 04 20 08 34  9.084     2013 04 20 08 37 50.291     221.2
 2013 04 20 11 50 42.115     2013 04 20 11 50 42.797        .7
 2013 04 20 13 29 12.222     2013 04 20 13 32  9.423     177.2
213
 2013 04 20 05 14  8.869     2013 04 20 05 14 45.792      36.9
214
 2013 04 20 22 58 48.189     2013 04 20 23 01 43.751     175.6
215
 2013 04 20 02 42 41.128     2013 04 20 02 46  6.701     205.6
216
 2013 04 20 06 44  4.064     2013 04 20 06 45 27.384      83.3
217
 2013 04 20 05 04 57.310     2013 04 20 05 06 13.617      76.3
218
 2013 04 20 08 11 37.858     2013 04 20 08 11 58.916      21.1
219
220
 2013 04 20 16 45 29.696     2013 04 20 16 48 14.839     165.1
221
 2013 04 20 02 31 40.820     2013 04 20 02 34 16.367     155.5
 2013 04 20 17 53 45.880     2013 04 20 17 57 12.749     206.9
222
 2013 04 20 05 42 51.685     2013 04 20 05 45 45.568     173.9
 2013 04 20 21 01 30.605     2013 04 20 21 05  2.426     211.8
223
224
 2013 04 20 13 54 48.200     2013 04 20 13 57 31.571     163.4
225
 2013 04 20 06 35 18.195     2013 04 20 06 38 16.778     178.6
 2013 04 20 20 09 50.268     2013 04 20 20 10  7.239      17.0
226
 2013 04 20 01 07 10.149     2013 04 20 01 08 32.256      82.1
 2013 04 20 14 37 25.784     2013 04 20 14 40 45.984     200.2
227
 2013 04 20 12 26 26.220     2013 04 20 12 26 30.671       4.5
 2013 04 20 19 02 31.061     2013 04 20 19 05  4.643     153.6
228
 2013 04 20 02 45 38.275     2013 04 20 02 49 12.672     214.4
229
 2013 04 20 05 00 37.429     2013 04 20 05 04  4.789     207.4
230
 2013 04 20 16 22 44.491     2013 04 20 16 25 21.869     157.4
 2013 04 20 22 57 15.576     2013 04 20 23 00   .701     165.1
231
232
233
 2013 04 20 02 28 31.544     2013 04 20 02 31  7.321     155.8
 2013 04 20 19 31 41.947     2013 04 20 19 34 39.943     178.0
234
 2013 04 20 08 09 13.022     2013 04 20 08 12 10.957     177.9
 2013 04 20 21 43 51.011     2013 04 20 21 46 32.684     161.7
235
 2013 04 20 00 19  3.876     2013 04 20 00 21 34.143     150.3
236
 2013 04 20 10 00 32.279     2013 04 20 10 03  5.411     153.1
 2013 04 20 18 16 48.312     2013 04 20 18 20 31.669     223.4
237
 2013 04 20 00 32 40.298     2013 04 20 00 33 16.275      36.0
 2013 04 20 08 51 33.217     2013 04 20 08 52 20.875      47.7
238
239
 2013 04 20 15 15  1.970     2013 04 20 15 15 27.008      25.0
240
 2013 04 20 15 25 12.674     2013 04 20 15 28  2.738     170.1
241
 2013 04 20 05 00  8.583     2013 04 20 05 02 45.765     157.2
 2013 04 20 18 36   .529     2013 04 20 18 38 50.746     170.2
242
 2013 04 20 07 37 41.060     2013 04 20 07 41  5.232     204.2
243
244
 2013 04 20 05 13 47.587     2013 04 20 05 17 11.518     203.9
 2013 04 20 15 12   .117     2013 04 20 15 14 41.802     161.7
245
 2013 04 20 23 16 20.740     2013 04 20 23 19 51.551     210.8
246
 2013 04 20 04 03 20.600     2013 04 20 04 05 58.521     157.9
 2013 04 20 21 06 32.554     2013 04 20 21 09 12.631     160.1
247
 2013 04 20 01 55 56.405     2013 04 20 01 57 15.973      79.6
 2013 04 20 13 47 29.001     2013 04 20 13 50  4.429     155.4
248
 2013 04 20 06 33 11.372     2013 04 20 06 36 15.909     184.5
 2013 04 20 20 09 37.398     2013 04 20 20 12 55.308     197.9
249
 2013 04 20 02 39 35.356     2013 04 20 02 42 17.851     162.5
 2013 04 20 16 12 36.499     2013 04 20 16 14  3.440      86.9
250
 2013 04 20 04 51 19.257     2013 04 20 04 53 55.261     156.0
 2013 04 20 21 53 26.865     2013 04 20 21 56 11.352     164.5
251
 2013 04 20 02 31 59.278     2013 04 20 02 35  3.551     184.3
 2013 04 20 17 54 42.803     2013 04 20 17 57 24.794     162.0
252
 2013 04 20 20 53 31.688     2013 04 20 20 56 18.022     166.3
253
 2013 04 20 15 29 31.529     2013 04 20 15 33 13.258     221.7
254
 2013 04 20 05 57 20.932     2013 04 20 06 00   .909     160.0
255
 2013 04 20 01 19 11.172     2013 04 20 01 22 49.152     218.0
256
257
 2013 04 20 19 13 22.700     2013 04 20 19 15 54.079     151.4
258
259
260
 2013 04 20 07 34  6.952     2013 04 20 07 37 22.278     195.3
 2013 04 20 17 34 13.370     2013 04 20 17 37 20.621     187.3
261
 2013 04 20 09 16 37.208     2013 04 20 09 19 13.165     156.0
 2013 04 20 15 54 54.509     2013 04 20 15 55  8.325      13.8
262
 2013 04 20 10 48 20.487     2013 04 20 10 51 35.712     195.2
 2013 04 20 19 03 36.641     2013 04 20 19 06 22.293     165.7
263
 2013 04 20 14 43 44.301     2013 04 20 14 46 34.567     170.3
 2013 04 20 23 00 59.579     2013 04 20 23 04 35.409     215.8
264
 2013 04 20 00 08  8.246     2013 04 20 00 11 21.225     193.0
 2013 04 20 17 09  5.863     2013 04 20 17 12 30.707     204.8
 2013 04 20 23 44 52.320     2013 04 20 23 48 17.165     204.8
265
 2013 04 20 00 33 56.793     2013 04 20 00 36 53.527     176.7
 2013 04 20 08 51  7.657     2013 04 20 08 54  6.301     178.6
266
267
 2013 04 20 06 39 20.713     2013 04 20 06 42 58.293     217.6
 2013 04 20 18 30 48.656     2013 04 20 18 33 26.596     157.9
268
269
 2013 04 20 15 24 54.307     2013 04 20 15 27 30.842     156.5
270
 2013 04 20 02 49 41.407     2013 04 20 02 53  8.841     207.4
 2013 04 20 12 53  6.564     2013 04 20 12 56 13.107     186.5
271
 2013 04 20 00 37 36.097     2013 04 20 00 37 48.783      12.7
 2013 04 20 07 13 50.740     2013 04 20 07 16 31.312     160.6
272
 2013 04 20 04 07  9.837     2013 04 20 04 10 29.823     200.0
 2013 04 20 19 29 12.717     2013 04 20 19 31 56.050     163.3
273
 2013 04 20 07 38 35.860     2013 04 20 07 41 45.448     189.6
 2013 04 20 15 56 16.487     2013 04 20 15 59 37.934     201.4
274
275
 2013 04 20 08 52 10.022     2013 04 20 08 54 44.558     154.5
276
 2013 04 20 10 38 39.041     2013 04 20 10 41 14.039     155.0
 2013 04 20 22 23 56.411     2013 04 20 22 27 27.325     210.9
277
 2013 04 20 05 55 43.455     2013 04 20 05 58 23.006     159.6
278
279
 2013 04 20 07 34 21.811     2013 04 20 07 35 14.038      52.2
280
 2013 04 20 17 37 20.755     2013 04 20 17 39 55.863     155.1
281
282
 2013 04 20 08 56 59.042     2013 04 20 08 57 42.491      43.4
283
284
 2013 04 20 04 29 16.402     2013 04 20 04 32  2.034     165.6
285
 2013 04 20 02 36 16.699     2013 04 20 02 39  9.102     172.4
286
 2013 04 20 08 54 38.326     2013 04 20 08 55 38.549      60.2
 2013 04 20 22 33 41.389     2013 04 20 22 36 13.373     152.0
287
288
 2013 04 20 09 16 51.620     2013 04 20 09 20 41.329     229.7
 2013 04 20 10 54 39.207     2013 04 20 10 55 44.409      65.2
 2013 04 20 15 50 39.946     2013 04 20 15 53 24.307     164.4
289
 2013 04 20 03 17 18.787     2013 04 20 03 20 25.567     186.8
 2013 04 20 20 17 59.198     2013 04 20 20 21 40.642     221.4
290
 2013 04 20 09 43 51.992     2013 04 20 09 47  4.791     192.8
 2013 04 20 23 17 55.468     2013 04 20 23 20 46.277     170.8
291
292
 2013 04 20 05 01 20.750     2013 04 20 05 04 38.568     197.8
 2013 04 20 18 33 33.663     2013 04 20 18 34 46.790      73.1
293
294
295
 2013 04 20 03 18 24.016     2013 04 20 03 22  3.150     219.1
 2013 04 20 18 39 32.033     2013 04 20 18 39 51.851      19.8
296
 2013 04 20 11 15 18.827     2013 04 20 11 18  7.031     168.2
297
 2013 04 20 07 44 18.085     2013 04 20 07 47 26.214     188.1
 2013 04 20 14 18 13.893     2013 04 20 14 21 24.271     190.4
298
 2013 04 20 00 25 21.903     2013 04 20 00 28 58.780     216.9
299
 2013 04 20 09 01 56.693     2013 04 20 09 05 40.152     223.5
 2013 04 20 20 52  1.578     2013 04 20 20 54 44.191     162.6
300
 2013 04 20 02 04 50.860     2013 04 20 02 07 30.642     159.8
 2013 04 20 12 04 30.539     2013 04 20 12 07 25.088     174.5
301
 2013 04 20 01 20 49.043     2013 04 20 01 23 52.623     183.6
 2013 04 20 09 38 20.124     2013 04 20 09 41 40.243     200.1
302
 2013 04 20 02 27 22.365     2013 04 20 02 30  1.113     158.7
 2013 04 20 21 08 53.889     2013 04 20 21 12  4.697     190.8
303
 2013 04 20 15 17 31.186     2013 04 20 15 20  5.230     154.0
304
 2013 04 20 03 35 34.493     2013 04 20 03 38 57.224     202.7
305
306
 2013 04 20 06 09 16.620     2013 04 20 06 12 26.687     190.1
 2013 04 20 07 46 43.885     2013 04 20 07 47  3.653      19.8
 2013 04 20 12 42 16.220     2013 04 20 12 45  5.001     168.8
307
 2013 04 20 06 56 33.481     2013 04 20 06 59 47.954     194.5
 2013 04 20 13 31 13.381     2013 04 20 13 33 58.276     164.9
308
309
 2013 04 20 00 24 50.895     2013 04 20 00 27 36.743     165.8
 2013 04 20 12 09 19.635     2013 04 20 12 13   .823     221.2
310
 2013 04 20 04 31 36.770     2013 04 20 04 34 28.996     172.2
 2013 04 20 12 45 54.893     2013 04 20 12 48 40.421     165.5
311
 2013 04 20 17 37 25.708     2013 04 20 17 40 30.565     184.9
312
 2013 04 20 16 58 47.169     2013 04 20 17 01 22.582     155.4
313
 2013 04 20 00 07 34.115     2013 04 20 00 10 45.199     191.1
 2013 04 20 17 09 23.487     2013 04 20 17 12  8.457     165.0
 2013 04 20 23 44 18.687     2013 04 20 23 47 40.725     202.0
314
 2013 04 20 04 29 30.404     2013 04 20 04 32 25.911     175.5
315
 2013 04 20 06 08 44.563     2013 04 20 06 11 40.489     175.9
 2013 04 20 12 43 41.608     2013 04 20 12 46 20.826     159.2
316
 2013 04 20 06 58 48.512     2013 04 20 07 02  6.985     198.5
 2013 04 20 11 54 11.035     2013 04 20 11 56 49.491     158.5
317
 2013 04 20 04 54   .980     2013 04 20 04 56 45.714     164.7
 2013 04 20 20 15  7.455     2013 04 20 20 17 56.026     168.6
318
 2013 04 20 21 04 29.794     2013 04 20 21 07 27.649     177.9
319
 2013 04 20 02 09 20.109     2013 04 20 02 11 57.091     157.0
 2013 04 20 10 25 15.184     2013 04 20 10 27 50.037     154.9
320
 2013 04 20 21 47 11.810     2013 04 20 21 50 23.304     191.5
321
 2013 04 20 03 21 50.470     2013 04 20 03 24 56.843     186.4
322
 2013 04 20 02 48 25.533     2013 04 20 02 48 50.846      25.3
 2013 04 20 14 31 19.712     2013 04 20 14 33 50.889     151.2
323
 2013 04 20 05 23  3.907     2013 04 20 05 25 39.819     155.9
 2013 04 20 10 17 28.238     2013 04 20 10 21 11.583     223.3
 2013 04 20 11 55 18.422     2013 04 20 11 59   .799     222.4
324
 2013 04 20 04 18  8.113     2013 04 20 04 20 41.803     153.7
 2013 04 20 16 07 50.215     2013 04 20 16 10 59.265     189.0
325
 2013 04 20 12 23 41.622     2013 04 20 12 26 53.025     191.4
 2013 04 20 20 38  1.353     2013 04 20 20 40 41.178     159.8
326
 2013 04 20 22 34  1.368     2013 04 20 22 37 24.321     203.0
327
 2013 04 20 19 11 47.062     2013 04 20 19 14 21.319     154.3
328
329
 2013 04 20 06 07 43.626     2013 04 20 06 11  5.056     201.4
 2013 04 20 12 41 43.402     2013 04 20 12 44 58.683     195.3
330
 2013 04 20 07 27 55.530     2013 04 20 07 30 34.851     159.3
 2013 04 20 19 16 10.971     2013 04 20 19 18 48.104     157.1
331
332
 2013 04 20 17 12 48.992     2013 04 20 17 15 51.969     183.0
 2013 04 20 22 07 58.009     2013 04 20 22 10 37.251     159.2
333
 2013 04 20 19 11 16.151     2013 04 20 19 11 40.018      23.9
334
 2013 04 20 02 32   .458     2013 04 20 02 35 17.603     197.1
 2013 04 20 17 54 54.163     2013 04 20 17 57 30.729     156.6
335
 2013 04 20 04 17 32.011     2013 04 20 04 20 31.419     179.4
336
 2013 04 20 22 15 15.759     2013 04 20 22 18 30.503     194.7
337
 2013 04 20 06 48  4.873     2013 04 20 06 50 35.958     151.1
 2013 04 20 16 47 48.930     2013 04 20 16 50 27.161     158.2
338
 2013 04 20 00 03 28.346     2013 04 20 00 07 12.711     224.4
 2013 04 20 01 41 20.911     2013 04 20 01 45   .283     219.4
 2013 04 20 18 45 52.338     2013 04 20 18 48 32.083     159.7
 2013 04 20 23 40 14.475     2013 04 20 23 41 26.459      72.0
339
 2013 04 20 12 18 36.004     2013 04 20 12 18 47.414      11.4
340
 2013 04 20 03 46 15.781     2013 04 20 03 48 51.521     155.7
 2013 04 20 10 20 55.446     2013 04 20 10 24 36.275     220.8
341
 2013 04 20 19 18 51.773     2013 04 20 19 21 43.585     171.8
342
343
 2013 04 20 16 16 30.618     2013 04 20 16 19 29.662     179.0
344
 2013 04 20 07 18 40.374     2013 04 20 07 21 24.848     164.5
345
346
 2013 04 20 04 58 31.142     2013 04 20 05 01  7.272     156.1
 2013 04 20 18 35 42.038     2013 04 20 18 39 15.363     213.3
347
 2013 04 20 05 41 48.761     2013 04 20 05 44 27.055     158.3
 2013 04 20 21 03  4.595     2013 04 20 21 05 38.458     153.9
348
 2013 04 20 05 11 20.806     2013 04 20 05 14  7.426     166.6
349
 2013 04 20 13 44  3.319     2013 04 20 13 47 11.292     188.0
350
351
 2013 04 20 05 43 14.728     2013 04 20 05 46  7.036     172.3
 2013 04 20 21 01  9.620     2013 04 20 21 01 15.475       5.9
352
 2013 04 20 00 05  4.979     2013 04 20 00 07 44.403     159.4
 2013 04 20 18 47  9.182     2013 04 20 18 49 50.247     161.1
 2013 04 20 23 41 53.929     2013 04 20 23 44 36.722     162.8
353
 2013 04 20 02 35 27.565     2013 04 20 02 38 20.124     172.6
354
 2013 04 20 02 38 34.107     2013 04 20 02 41 27.697     173.6
 2013 04 20 16 14 15.481     2013 04 20 16 17 27.669     192.2
355
356
 2013 04 20 08 02 11.014     2013 04 20 08 04 48.960     157.9
 2013 04 20 23 23 53.252     2013 04 20 23 27 41.122     227.9
357
 2013 04 20 02 13  8.665     2013 04 20 02 15 44.414     155.7
 2013 04 20 08 46 46.425     2013 04 20 08 49 24.617     158.2
358
 2013 04 20 04 09  8.192     2013 04 20 04 11 47.811     159.6
359
 2013 04 20 06 33 23.062     2013 04 20 06 35 55.233     152.2
 2013 04 20 20 10 46.301     2013 04 20 20 13 40.338     174.0
360
 2013 04 20 20 55  8.865     2013 04 20 20 58  7.188     178.3
361
362
 2013 04 20 08 27 27.195     2013 04 20 08 29 59.888     152.7
 2013 04 20 16 42 49.257     2013 04 20 16 45 25.275     156.0
363
 2013 04 20 05 00 17.231     2013 04 20 05 02 55.420     158.2
 2013 04 20 18 35 19.517     2013 04 20 18 38  1.450     161.9
364
365
366
 2013 04 20 17 50 31.358     2013 04 20 17 53 54.114     202.8
367
 2013 04 20 01 28 34.146     2013 04 20 01 31 42.847     188.7
 2013 04 20 06 23 37.437     2013 04 20 06 26 12.459     155.0
368
 2013 04 20 03 48 27.924     2013 04 20 03 51 18.415     170.5
 2013 04 20 05 25 47.858     2013 04 20 05 26  2.695      14.8
 2013 04 20 08 42 47.742     2013 04 20 08 46 15.752     208.0
 2013 04 20 10 20 26.148     2013 04 20 10 24 11.928     225.8
369
 2013 04 20 08 07 15.438     2013 04 20 08 09 56.045     160.6
 2013 04 20 21 44 26.361     2013 04 20 21 44 38.580      12.2
370
 2013 04 20 08 53 38.807     2013 04 20 08 56 22.610     163.8
371
 2013 04 20 23 16 28.920     2013 04 20 23 19  3.333     154.4
372
 2013 04 20 20 05 54.052     2013 04 20 20 08 39.544     165.5
373
 2013 04 20 05 21 12.720     2013 04 20 05 21 35.722      23.0
 2013 04 20 11 57 16.348     2013 04 20 11 59 52.530     156.2
374
 2013 04 20 08 19 39.243     2013 04 20 08 22 45.860     186.6
375
 2013 04 20 09 41 48.381     2013 04 20 09 44 20.956     152.6
 2013 04 20 23 19 14.648     2013 04 20 23 22 53.701     219.1
376
 2013 04 20 07 43 53.916     2013 04 20 07 47 10.293     196.4
 2013 04 20 14 18 28.839     2013 04 20 14 21 16.392     167.6
377
378
 2013 04 20 08 08 13.828     2013 04 20 08 10 49.583     155.8
 2013 04 20 21 44 43.471     2013 04 20 21 47 27.950     164.5
379
 2013 04 20 02 47 19.605     2013 04 20 02 50 11.138     171.5
380
 2013 04 20 06 54 43.838     2013 04 20 06 57 33.634     169.8
381
382
 2013 04 20 06 46 12.851     2013 04 20 06 48 46.630     153.8
 2013 04 20 16 51 10.885     2013 04 20 16 51 37.769      26.9
383
384
 2013 04 20 07 15 51.891     2013 04 20 07 17 33.817     101.9
 2013 04 20 22 38 26.216     2013 04 20 22 41 14.046     167.8
385
 2013 04 20 01 26 32.471     2013 04 20 01 29 10.849     158.4
 2013 04 20 07 59 21.523     2013 04 20 08 02 30.751     189.2
386
 2013 04 20 02 50 29.665     2013 04 20 02 50 31.772       2.1
 2013 04 20 14 29 58.752     2013 04 20 14 33 26.749     208.0
387
 2013 04 20 00 26 18.896     2013 04 20 00 28 50.353     151.5
388
 2013 04 20 08 07 43.420     2013 04 20 08 11 14.706     211.3
 2013 04 20 21 46 11.594     2013 04 20 21 48 46.107     154.5
389
 2013 04 20 19 54  1.212     2013 04 20 19 57  9.383     188.2
390
 2013 04 20 05 14 30.423     2013 04 20 05 17 22.665     172.2
 2013 04 20 15 11 55.500     2013 04 20 15 15 12.423     196.9
391
 2013 04 20 03 40 54.782     2013 04 20 03 43 28.495     153.7
392
 2013 04 20 21 39 19.520     2013 04 20 21 42 28.872     189.4
393
 2013 04 20 18 19 18.022     2013 04 20 18 21 56.796     158.8
394
 2013 04 20 04 57  6.528     2013 04 20 04 59 47.050     160.5
395
 2013 04 20 17 03 15.503     2013 04 20 17 06 30.130     194.6
396
 2013 04 20 09 06 28.498     2013 04 20 09 09 20.874     172.4
397
 2013 04 20 04 04  9.584     2013 04 20 04 05  9.298      59.7
 2013 04 20 21 07 29.567     2013 04 20 21 10 52.233     202.7
398
 2013 04 20 01 49 24.687     2013 04 20 01 51 59.569     154.9
 2013 04 20 15 27 26.281     2013 04 20 15 30 53.309     207.0
399
 2013 04 20 08 18 44.685     2013 04 20 08 20 30.414     105.7
400
 2013 04 20 08 05  8.343     2013 04 20 08 07 50.815     162.5
401
 2013 04 20 10 44 45.303     2013 04 20 10 47 22.192     156.9
 2013 04 20 20 43 22.474     2013 04 20 20 46 15.060     172.6
402
 2013 04 20 08 11 12.575     2013 04 20 08 14 37.175     204.6
403
 2013 04 20 17 37 28.857     2013 04 20 17 37 56.155      27.3
404
 2013 04 20 09 59 31.255     2013 04 20 10 00  2.835      31.6
 2013 04 20 18 18 24.075     2013 04 20 18 22  7.292     223.2
405
 2013 04 20 04 08 35.388     2013 04 20 04 11 48.066     192.7
406
 2013 04 20 00 28 53.455     2013 04 20 00 31 52.938     179.5
 2013 04 20 10 31  1.482     2013 04 20 10 33 42.987     161.5
407
408
 2013 04 20 18 19 45.301     2013 04 20 18 22 20.942     155.6
409
 2013 04 20 02 01 59.770     2013 04 20 02 05 24.934     205.2
 2013 04 20 12 05 44.815     2013 04 20 12 09 29.182     224.4
410
 2013 04 20 22 28  8.696     2013 04 20 22 30 45.773     157.1
411
 2013 04 20 05 09  6.173     2013 04 20 05 10 53.944     107.8
412
 2013 04 20 12 18 45.484     2013 04 20 12 21 20.566     155.1
 2013 04 20 22 18 15.710     2013 04 20 22 20 50.456     154.7
413
 2013 04 20 02 55 30.627     2013 04 20 02 59  8.324     217.7
 2013 04 20 11 10 53.542     2013 04 20 11 14  1.697     188.2
414
415
 2013 04 20 03 22  3.770     2013 04 20 03 24 36.380     152.6
416
 2013 04 20 06 40 54.586     2013 04 20 06 43 57.370     182.8
 2013 04 20 18 28 18.776     2013 04 20 18 30 55.481     156.7
417
 2013 04 20 01 57  4.523     2013 04 20 01 59 42.973     158.4
 2013 04 20 13 46 22.116     2013 04 20 13 48 57.052     154.9
418
 2013 04 20 04 58  3.690     2013 04 20 05 00 55.289     171.6
419
 2013 04 20 06 41 40.227     2013 04 20 06 44 50.402     190.2
 2013 04 20 18 27 47.364     2013 04 20 18 30 27.392     160.0
420
 2013 04 20 01 00 16.004     2013 04 20 01 01 28.540      72.5
421
 2013 04 20 04 07  2.306     2013 04 20 04 10  5.041     182.7
 2013 04 20 19 27 39.002     2013 04 20 19 30 12.410     153.4
422
 2013 04 20 10 50 12.668     2013 04 20 10 51  1.013      48.3
423
 2013 04 20 08 54 59.290     2013 04 20 08 57 36.408     157.1
 2013 04 20 22 32   .796     2013 04 20 22 35  5.153     184.4
424
 2013 04 20 08 24 17.793     2013 04 20 08 27  3.998     166.2
425
 2013 04 20 06 48 22.083     2013 04 20 06 51 34.656     192.6
 2013 04 20 16 46 34.033     2013 04 20 16 49 18.531     164.5
426
427
428
 2013 04 20 11 23 33.387     2013 04 20 11 26 23.197     169.8
 2013 04 20 23 13 27.473     2013 04 20 23 16  4.072     156.6
429
 2013 04 20 02 55 34.616     2013 04 20 02 58 22.628     168.0
 2013 04 20 11 11 27.944     2013 04 20 11 14 54.495     206.6
430
 2013 04 20 20 46 59.637     2013 04 20 20 49 31.115     151.5
431
 2013 04 20 06 33  1.718     2013 04 20 06 36 44.049     222.3
 2013 04 20 20 11 54.019     2013 04 20 20 14 28.044     154.0
432
 2013 04 20 15 25 12.385     2013 04 20 15 28  3.386     171.0
433
 2013 04 20 15 22  9.728     2013 04 20 15 25  5.615     175.9
434
435
 2013 04 20 12 24 36.674     2013 04 20 12 25 25.480      48.8
 2013 04 20 20 36 36.782     2013 04 20 20 36 42.271       5.5
436
 2013 04 20 10 05 50.143     2013 04 20 10 07 36.515     106.4
 2013 04 20 16 40 17.764     2013 04 20 16 43 42.315     204.6
437
 2013 04 20 01 57 35.723     2013 04 20 02 00  5.526     149.8
 2013 04 20 13 45 49.577     2013 04 20 13 48 22.620     153.0
438
 2013 04 20 13 58 29.364     2013 04 20 14 01  4.754     155.4
 2013 04 20 22 13 20.640     2013 04 20 22 16  9.192     168.6
439
 2013 04 20 01 24 22.665     2013 04 20 01 27  4.244     161.6
 2013 04 20 08 02 27.363     2013 04 20 08 03 11.448      44.1
440
 2013 04 20 05 13 45.041     2013 04 20 05 17 10.347     205.3
 2013 04 20 15 12   .611     2013 04 20 15 14 41.026     160.4
441
 2013 04 20 07 39 56.187     2013 04 20 07 42 32.024     155.8
 2013 04 20 15 55 46.644     2013 04 20 15 58 19.968     153.3
442
 2013 04 20 14 00 16.967     2013 04 20 14 03 22.196     185.2
 2013 04 20 20 34 18.496     2013 04 20 20 37 28.827     190.3
443
 2013 04 20 08 52  1.559     2013 04 20 08 55 19.624     198.1
444
 2013 04 20 20 16 59.746     2013 04 20 20 19 51.488     171.7
445
 2013 04 20 16 10 23.869     2013 04 20 16 10 43.818      19.9
446
 2013 04 20 21 42 17.908     2013 04 20 21 45 40.183     202.3
447
 2013 04 20 04 18 54.893     2013 04 20 04 21 29.962     155.1
 2013 04 20 16 07 26.616     2013 04 20 16 10  4.521     157.9
448
 2013 04 20 03 31 42.751     2013 04 20 03 34 16.376     153.6
 2013 04 20 15 20  5.493     2013 04 20 15 22 47.509     162.0
449
 2013 04 20 05 40 57.926     2013 04 20 05 43 41.444     163.5
 2013 04 20 21 02 21.207     2013 04 20 21 05 22.496     181.3
450
 2013 04 20 10 23  9.703     2013 04 20 10 26 14.752     185.0
451
 2013 04 20 08 05 39.855     2013 04 20 08 09 14.552     214.7
452
 2013 04 20 17 03 48.870     2013 04 20 17 07 13.885     205.0
453
 2013 04 20 01 53 34.978     2013 04 20 01 56 16.487     161.5
454
 2013 04 20 04 08 43.280     2013 04 20 04 09 43.496      60.2
 2013 04 20 19 26 45.115     2013 04 20 19 30  9.922     204.8
455
456
 2013 04 20 02 44 51.491     2013 04 20 02 48 23.285     211.8
 2013 04 20 14 33 26.062     2013 04 20 14 36 42.420     196.4
457
 2013 04 20 14 01 51.392     2013 04 20 14 04 49.371     178.0
 2013 04 20 20 36  5.941     2013 04 20 20 38 52.172     166.2
458
 2013 04 20 04 06  5.117     2013 04 20 04 06 23.540      18.4
 2013 04 20 19 26 55.640     2013 04 20 19 29 57.318     181.7
459
 2013 04 20 12 26  8.868     2013 04 20 12 26 21.061      12.2
 2013 04 20 19 02 25.464     2013 04 20 19 05  2.743     157.3
460
461
 2013 04 20 03 44 22.117     2013 04 20 03 47 41.974     199.9
 2013 04 20 11 59 51.006     2013 04 20 12 03 14.088     203.1
462
 2013 04 20 02 58 11.185     2013 04 20 02 58 15.229       4.0
 2013 04 20 09 32 11.045     2013 04 20 09 35 47.916     216.9
463
 2013 04 20 21 41 44.637     2013 04 20 21 44 35.177     170.5
464
 2013 04 20 02 54 41.488     2013 04 20 02 57 50.695     189.2
465
 2013 04 20 08 25 57.907     2013 04 20 08 28 30.222     152.3
 2013 04 20 16 42 20.802     2013 04 20 16 42 41.428      20.6
466
 2013 04 20 10 34 43.483     2013 04 20 10 37 47.187     183.7
467
 2013 04 20 05 00 13.644     2013 04 20 05 03 20.241     186.6
 2013 04 20 18 34 48.878     2013 04 20 18 37 29.021     160.1
468
469
 2013 04 20 12 27 33.872     2013 04 20 12 30 18.535     164.7
 2013 04 20 19 01 21.386     2013 04 20 19 04 12.757     171.4
470
 2013 04 20 21 40 44.114     2013 04 20 21 43 31.268     167.2
471
472
 2013 04 20 12 17 16.414     2013 04 20 12 19 52.134     155.7
 2013 04 20 22 18 24.294     2013 04 20 22 21 48.300     204.0
473
 2013 04 20 16 44 26.224     2013 04 20 16 47  5.780     159.6
474
 2013 04 20 08 27 59.730     2013 04 20 08 31 29.990     210.3
 2013 04 20 16 43  3.616     2013 04 20 16 44 21.483      77.9
475
 2013 04 20 21 00 26.740     2013 04 20 21 03 54.087     207.3
476
477
 2013 04 20 02 10 58.532     2013 04 20 02 13 49.283     170.8
478
 2013 04 20 08 27 39.825     2013 04 20 08 29 13.102      93.3
 2013 04 20 16 43 23.787     2013 04 20 16 47  4.096     220.3
479
 2013 04 20 09 48 56.742     2013 04 20 09 51 34.931     158.2
 2013 04 20 21 37 50.052     2013 04 20 21 41  7.260     197.2
480
 2013 04 20 20 51 52.743     2013 04 20 20 55  7.195     194.5
481
 2013 04 20 14 45 28.854     2013 04 20 14 48 59.946     211.1
 2013 04 20 22 59 16.991     2013 04 20 23 02  9.502     172.5
482
 2013 04 20 09 51 37.511     2013 04 20 09 54 52.277     194.8
 2013 04 20 21 35 38.971     2013 04 20 21 39 17.751     218.8
483
 2013 04 20 02 27  6.499     2013 04 20 02 29 58.721     172.2
 2013 04 20 21 08 32.516     2013 04 20 21 11 43.575     191.1
484
 2013 04 20 06 45 28.967     2013 04 20 06 45 32.272       3.3
 2013 04 20 18 27  9.000     2013 04 20 18 29 45.279     156.3
485
 2013 04 20 08 10 43.521     2013 04 20 08 11 29.540      46.0
486
487
 2013 04 20 05 08  2.423     2013 04 20 05 11 33.820     211.4
488
 2013 04 20 04 33 43.463     2013 04 20 04 37 26.027     222.6
 2013 04 20 11 09 41.193     2013 04 20 11 12 30.934     169.7
489
 2013 04 20 06 30 13.195     2013 04 20 06 32 58.514     165.3
 2013 04 20 21 48 48.843     2013 04 20 21 52 27.334     218.5
490
 2013 04 20 00 21 29.686     2013 04 20 00 24 44.615     194.9
 2013 04 20 12 14 16.175     2013 04 20 12 14 25.114       8.9
491
 2013 04 20 16 22 58.095     2013 04 20 16 25 57.058     179.0
 2013 04 20 22 56 26.926     2013 04 20 22 59  3.216     156.3
492
 2013 04 20 01 51 16.313     2013 04 20 01 54   .819     164.5
 2013 04 20 15 27  5.461     2013 04 20 15 30  6.716     181.3
493
 2013 04 20 02 31 26.216     2013 04 20 02 34  7.877     161.7
 2013 04 20 17 53  9.797     2013 04 20 17 53 12.244       2.4
494
 2013 04 20 02 43 57.819     2013 04 20 02 47 41.000     223.2
 2013 04 20 14 34 15.531     2013 04 20 14 36 53.520     158.0
495
 2013 04 20 02 04 27.779     2013 04 20 02 07 28.419     180.6
 2013 04 20 12 03 38.915     2013 04 20 12 06 12.921     154.0
496
497
 2013 04 20 10 01 36.595     2013 04 20 10 04 10.333     153.7
 2013 04 20 18 17  9.238     2013 04 20 18 19 45.764     156.5
498
 2013 04 20 09 55 16.729     2013 04 20 09 58 31.556     194.8
 2013 04 20 19 55 42.887     2013 04 20 19 55 47.211       4.3
499
500
 2013 04 20 13 54 44.036     2013 04 20 13 57 42.711     178.7
501
 2013 04 20 07 24 24.751     2013 04 20 07 27 39.459     194.7
502
 2013 04 20 07 22 56.800     2013 04 20 07 23 27.115      30.3
503
504
 2013 04 20 03 25  4.495     2013 04 20 03 28 33.620     209.1
 2013 04 20 17 02 15.491     2013 04 20 17 05 16.296     180.8
505
 2013 04 20 02 30 26.133     2013 04 20 02 34  9.065     222.9
506
 2013 04 20 21 24 12.094     2013 04 20 21 27 16.627     184.5
507
 2013 04 20 09 48 53.303     2013 04 20 09 49 18.339      25.0
 2013 04 20 21 39 30.025     2013 04 20 21 42 13.846     163.8
508
 2013 04 20 11 33 44.966     2013 04 20 11 36 33.211     168.2
509
 2013 04 20 12 07 41.329     2013 04 20 12 08   .956      19.6
510
 2013 04 20 02 25 34.849     2013 04 20 02 28 49.301     194.5
 2013 04 20 21 07 56.781     2013 04 20 21 10 34.397     157.6
511
 2013 04 20 11 34 33.356     2013 04 20 11 37  7.709     154.4
512
 2013 04 20 02 01 37.529     2013 04 20 02 04 45.679     188.2
513
 2013 04 20 13 11 29.375     2013 04 20 13 14 51.206     201.8
 2013 04 20 21 24 36.679     2013 04 20 21 27 58.182     201.5
514
 2013 04 20 04 33 23.958     2013 04 20 04 36 44.850     200.9
 2013 04 20 11 07 21.905     2013 04 20 11 10 27.011     185.1
515
 2013 04 20 12 08 32.812     2013 04 20 12 11 18.171     165.4
516
 2013 04 20 19 59 34.627     2013 04 20 20 02 44.637     190.0
517
 2013 04 20 02 11  4.941     2013 04 20 02 13 38.191     153.2
518
 2013 04 20 17 51 41.882     2013 04 20 17 54 30.311     168.4
519
520
 2013 04 20 08 27 33.521     2013 04 20 08 30 19.388     165.9
 2013 04 20 16 42 13.760     2013 04 20 16 44 52.462     158.7
521
 2013 04 20 02 55 21.604     2013 04 20 02 58 50.661     209.1
 2013 04 20 11 10 53.312     2013 04 20 11 14 17.965     204.7
522
523
 2013 04 20 09 17 55.715     2013 04 20 09 20 50.207     174.5
 2013 04 20 15 51 29.610     2013 04 20 15 54  4.236     154.6
524
 2013 04 20 08 20  3.668     2013 04 20 08 22 49.275     165.6
525
 2013 04 20 01 44 19.041     2013 04 20 01 47 18.331     179.3
 2013 04 20 17 07 16.695     2013 04 20 17 10 32.234     195.5
526
527
 2013 04 20 01 43 13.457     2013 04 20 01 46 10.833     177.4
 2013 04 20 18 44 55.254     2013 04 20 18 46 20.299      85.0
528
 2013 04 20 04 34 35.044     2013 04 20 04 35  4.030      29.0
 2013 04 20 12 45  6.849     2013 04 20 12 47 45.700     158.9
529
 2013 04 20 13 56 58.913     2013 04 20 13 59 39.597     160.7
 2013 04 20 22 12 57.535     2013 04 20 22 16 14.417     196.9
530
 2013 04 20 11 21 47.272     2013 04 20 11 24 42.224     175.0
531
 2013 04 20 06 00 21.157     2013 04 20 06 04  1.410     220.3
 2013 04 20 16 01 26.976     2013 04 20 16 04 30.336     183.4
532
 2013 04 20 05 12 35.461     2013 04 20 05 16  5.460     210.0
 2013 04 20 15 12 16.790     2013 04 20 15 15 13.037     176.2
533
 2013 04 20 06 07  9.634     2013 04 20 06 10 17.861     188.2
534
 2013 04 20 11 27 52.657     2013 04 20 11 30 23.024     150.4
535
 2013 04 20 08 53 33.582     2013 04 20 08 56 14.078     160.5
536
 2013 04 20 19 53 42.780     2013 04 20 19 56 24.270     161.5
537
 2013 04 20 13 06 45.851     2013 04 20 13 09 18.647     152.8
 2013 04 20 23 04 48.318     2013 04 20 23 08  3.962     195.6
538
 2013 04 20 08 00 48.476     2013 04 20 08 04 12.108     203.6
539
 2013 04 20 02 02  5.791     2013 04 20 02 03 44.142      98.4
 2013 04 20 12 06  4.055     2013 04 20 12 09 20.410     196.4
540
 2013 04 20 01 47 45.069     2013 04 20 01 51 13.459     208.4
541
 2013 04 20 06 46 10.595     2013 04 20 06 49 23.847     193.3
 2013 04 20 16 50 32.754     2013 04 20 16 50 52.355      19.6
542
 2013 04 20 06 26 31.324     2013 04 20 06 30 10.258     218.9
543
 2013 04 20 01 22 33.360     2013 04 20 01 23 10.562      37.2
 2013 04 20 09 36  3.455     2013 04 20 09 39  3.214     179.8
544
 2013 04 20 22 20 41.271     2013 04 20 22 24 16.889     215.6
545
 2013 04 20 11 38 49.503     2013 04 20 11 39 39.247      49.7
 2013 04 20 18 14 58.276     2013 04 20 18 17 42.877     164.6
546
 2013 04 20 06 40 24.676     2013 04 20 06 43 34.181     189.5
 2013 04 20 18 30  7.360     2013 04 20 18 32 42.951     155.6
547
 2013 04 20 11 20 49.394     2013 04 20 11 23 55.010     185.6
548
 2013 04 20 15 29 22.785     2013 04 20 15 32 52.184     209.4
549
550
 2013 04 20 02 11 12.519     2013 04 20 02 14 56.116     223.6
 2013 04 20 08 47 20.755     2013 04 20 08 47 41.808      21.1
551
 2013 04 20 01 26 31.687     2013 04 20 01 29  7.519     155.8
 2013 04 20 07 59 38.227     2013 04 20 08 02 42.508     184.3
552
 2013 04 20 01 41 43.314     2013 04 20 01 44 48.937     185.6
 2013 04 20 18 43 57.902     2013 04 20 18 46 33.480     155.6
553
 2013 04 20 08 59 21.633     2013 04 20 09 02  4.902     163.3
554
555
 2013 04 20 03 48 18.468     2013 04 20 03 51 14.035     175.6
 2013 04 20 05 25 41.899     2013 04 20 05 26 14.736      32.8
 2013 04 20 08 42 37.207     2013 04 20 08 46 11.080     213.9
 2013 04 20 10 20 25.000     2013 04 20 10 24   .977     216.0
556
 2013 04 20 10 36 10.066     2013 04 20 10 36 56.694      46.6
 2013 04 20 22 26 41.946     2013 04 20 22 29 23.711     161.8
557
558
 2013 04 20 08 53 47.145     2013 04 20 08 54 22.640      35.5
559
 2013 04 20 02 33 42.567     2013 04 20 02 37 27.194     224.6
 2013 04 20 17 51 51.629     2013 04 20 17 55 29.790     218.2
560
561
 2013 04 20 07 35 22.103     2013 04 20 07 36 19.992      57.9
 2013 04 20 17 35 17.513     2013 04 20 17 35 28.549      11.0
562
 2013 04 20 03 39 32.915     2013 04 20 03 42 20.150     167.2
 2013 04 20 13 38 48.321     2013 04 20 13 42  6.205     197.9
563
 2013 04 20 03 43 24.150     2013 04 20 03 46 28.411     184.3
 2013 04 20 11 58 36.442     2013 04 20 12 01 19.206     162.8
564
 2013 04 20 02 43 27.184     2013 04 20 02 46 20.307     173.1
 2013 04 20 14 34 41.882     2013 04 20 14 36 10.824      88.9
565
 2013 04 20 09 14 52.193     2013 04 20 09 17 27.689     155.5
 2013 04 20 17 30  4.943     2013 04 20 17 32 43.735     158.8
566
 2013 04 20 04 50 23.291     2013 04 20 04 53 24.723     181.4
 2013 04 20 21 52 53.393     2013 04 20 21 55 32.498     159.1
567
 2013 04 20 10 52 56.883     2013 04 20 10 56 29.668     212.8
 2013 04 20 17 27 31.004     2013 04 20 17 30 32.627     181.6
568
 2013 04 20 04 30 10.114     2013 04 20 04 30 33.314      23.2
 2013 04 20 14 24 18.863     2013 04 20 14 26 59.486     160.6
569
 2013 04 20 18 33   .157     2013 04 20 18 36  5.655     185.5
570
 2013 04 20 15 22 15.955     2013 04 20 15 24 49.115     153.2
571
 2013 04 20 01 55 41.646     2013 04 20 01 59  3.645     202.0
 2013 04 20 13 47 16.793     2013 04 20 13 50 14.691     177.9
572
 2013 04 20 04 28 38.592     2013 04 20 04 31 23.895     165.3
573
 2013 04 20 09 14 39.162     2013 04 20 09 18 17.664     218.5
 2013 04 20 17 30 52.042     2013 04 20 17 33 58.571     186.5
574
 2013 04 20 06 50 42.050     2013 04 20 06 52 20.717      98.7
 2013 04 20 15 09 19.908     2013 04 20 15 13  4.755     224.8
575
 2013 04 20 03 35  2.994     2013 04 20 03 37 43.823     160.8
576
 2013 04 20 08 17 52.173     2013 04 20 08 20 55.800     183.6
577
 2013 04 20 03 37 25.410     2013 04 20 03 38 53.152      87.7
 2013 04 20 13 40 31.835     2013 04 20 13 43  6.982     155.1
578
579
 2013 04 20 12 15 54.201     2013 04 20 12 19  2.892     188.7
580
581
 2013 04 20 00 54 41.695     2013 04 20 00 58 11.496     209.8
 2013 04 20 17 58 33.684     2013 04 20 18 01 12.149     158.5
582
 2013 04 20 15 35 14.677     2013 04 20 15 38  6.412     171.7
 2013 04 20 22 09 13.351     2013 04 20 22 12   .541     167.2
583
 2013 04 20 20 00 15.062     2013 04 20 20 03 54.963     219.9
584
 2013 04 20 11 33 48.017     2013 04 20 11 37 11.782     203.8
585
 2013 04 20 23 03 13.418     2013 04 20 23 05 53.560     160.1
586
 2013 04 20 07 31 17.007     2013 04 20 07 31 18.790       1.8
587
 2013 04 20 05 48 20.607     2013 04 20 05 49 21.365      60.8
588
 2013 04 20 00 31 22.066     2013 04 20 00 34 10.165     168.1
 2013 04 20 10 28 20.338     2013 04 20 10 31 57.222     216.9
589
 2013 04 20 01 54 36.049     2013 04 20 01 57 17.203     161.2
590
 2013 04 20 08 55 22.697     2013 04 20 08 58 16.752     174.1
 2013 04 20 22 32 54.004     2013 04 20 22 35 25.041     151.0
591
 2013 04 20 20 55 28.029     2013 04 20 20 58 17.534     169.5
592
 2013 04 20 09 39 49.410     2013 04 20 09 42 28.792     159.4
593
 2013 04 20 16 24 10.602     2013 04 20 16 26 44.895     154.3
 2013 04 20 21 22 24.536     2013 04 20 21 22 42.916      18.4
 2013 04 20 22 56 51.058     2013 04 20 23 00 16.502     205.4
594
 2013 04 20 05 50 32.188     2013 04 20 05 53 21.838     169.7
595
 2013 04 20 01 57 42.941     2013 04 20 02 01 19.986     217.0
 2013 04 20 13 44 19.822     2013 04 20 13 46 53.097     153.3
596
 2013 04 20 08 13 48.195     2013 04 20 08 16 19.569     151.4
 2013 04 20 20 04   .611     2013 04 20 20 04 33.902      33.3
597
 2013 04 20 09 39 53.089     2013 04 20 09 43 35.508     222.4
598
 2013 04 20 18 29  8.522     2013 04 20 18 29 48.038      39.5
599
 2013 04 20 07 42  6.455     2013 04 20 07 45 12.961     186.5
 2013 04 20 14 16 10.674     2013 04 20 14 19 46.622     215.9
600
 2013 04 20 11 27  1.951     2013 04 20 11 30 17.958     196.0
601
 2013 04 20 06 47 55.948     2013 04 20 06 50 30.206     154.3
 2013 04 20 16 48  3.056     2013 04 20 16 50 40.317     157.3
602
603
 2013 04 20 13 01 14.644     2013 04 20 13 03 44.708     150.1
604
605
 2013 04 20 06 24 24.325     2013 04 20 06 27 12.302     168.0
 2013 04 20 23 27 14.623     2013 04 20 23 30 25.546     190.9
606
 2013 04 20 06 42 54.572     2013 04 20 06 46  2.441     187.9
607
 2013 04 20 18 20 13.253     2013 04 20 18 23 59.147     225.9
608
 2013 04 20 07 21 42.356     2013 04 20 07 24 25.496     163.1
 2013 04 20 20 57  8.176     2013 04 20 20 59 40.744     152.6
609
 2013 04 20 04 56 13.692     2013 04 20 04 59 11.890     178.2
610
 2013 04 20 17 33 10.230     2013 04 20 17 36 41.560     211.3
611
 2013 04 20 05 10 55.749     2013 04 20 05 13 26.980     151.2
612
 2013 04 20 06 08 18.065     2013 04 20 06 10 53.927     155.9
 2013 04 20 12 42 40.898     2013 04 20 12 45 50.183     189.3
613
 2013 04 20 02 05 17.312     2013 04 20 02 08 18.268     181.0
 2013 04 20 12 03  6.138     2013 04 20 12 06  5.234     179.1
614
 2013 04 20 13 15 53.147     2013 04 20 13 18 29.798     156.7
 2013 04 20 18 10 33.700     2013 04 20 18 13 51.383     197.7
615
 2013 04 20 04 55 48.114     2013 04 20 04 59 21.963     213.8
616
 2013 04 20 05 06 30.359     2013 04 20 05 09  5.003     154.6
 2013 04 20 16 54 25.519     2013 04 20 16 56 59.760     154.2
617
618
 2013 04 20 06 02 37.328     2013 04 20 06 02 53.359      16.0
 2013 04 20 16 02 49.396     2013 04 20 16 03   .332      10.9
619
 2013 04 20 00 31 35.695     2013 04 20 00 34 10.641     154.9
 2013 04 20 10 28 24.143     2013 04 20 10 29 11.234      47.1
620
 2013 04 20 00 36 37.888     2013 04 20 00 39 11.741     153.9
621
 2013 04 20 05 09 15.231     2013 04 20 05 12 38.319     203.1
622
 2013 04 20 03 19 55.571     2013 04 20 03 20 45.409      49.8
 2013 04 20 18 42 10.611     2013 04 20 18 45 15.120     184.5
623
 2013 04 20 06 43 55.629     2013 04 20 06 45 32.627      97.0
624
 2013 04 20 12 55   .946     2013 04 20 12 57 33.028     152.1
625
 2013 04 20 10 08 14.572     2013 04 20 10 11 22.071     187.5
 2013 04 20 15 03 11.007     2013 04 20 15 05 49.503     158.5
626
 2013 04 20 06 55 20.699     2013 04 20 06 57 56.311     155.6
 2013 04 20 13 29 38.017     2013 04 20 13 33   .474     202.5
627
628
 2013 04 20 04 34 17.699     2013 04 20 04 36 53.338     155.6
 2013 04 20 11 08 33.465     2013 04 20 11 11 15.560     162.1
629
 2013 04 20 03 41 53.275     2013 04 20 03 44 59.553     186.3
630
 2013 04 20 08 07 54.452     2013 04 20 08 10 53.938     179.5
 2013 04 20 21 45 51.262     2013 04 20 21 48 26.059     154.8
631
 2013 04 20 09 18 15.656     2013 04 20 09 18 29.224      13.6
 2013 04 20 17 28 28.557     2013 04 20 17 31  6.740     158.2
632
 2013 04 20 14 01 26.220     2013 04 20 14 04 33.138     186.9
 2013 04 20 20 36 16.725     2013 04 20 20 38 51.295     154.6
633
 2013 04 20 22 30  9.294     2013 04 20 22 33 24.327     195.0
634
 2013 04 20 20 53 29.045     2013 04 20 20 56  2.120     153.1
635
 2013 04 20 15 18 20.379     2013 04 20 15 21 29.249     188.9
636
 2013 04 20 09 53 34.504     2013 04 20 09 56 30.674     176.2
637
 2013 04 20 04 24 20.625     2013 04 20 04 27 48.003     207.4
638
 2013 04 20 17 03 22.227     2013 04 20 17 05 56.859     154.6
639
 2013 04 20 00 59 45.143     2013 04 20 01 02 31.942     166.8
640
 2013 04 20 05 49 11.373     2013 04 20 05 52 27.587     196.2
641
 2013 04 20 04 31 44.807     2013 04 20 04 35 27.936     223.1
 2013 04 20 12 47  2.424     2013 04 20 12 48  1.318      58.9
642
 2013 04 20 02 37 54.850     2013 04 20 02 41 35.554     220.7
 2013 04 20 16 12 58.258     2013 04 20 16 15 29.023     150.8
643
 2013 04 20 16 06  5.644     2013 04 20 16 06 51.446      45.8
644
 2013 04 20 09 58 20.644     2013 04 20 09 59 21.130      60.5
645
 2013 04 20 04 29 30.685     2013 04 20 04 32 41.386     190.7
 2013 04 20 12 49  9.121     2013 04 20 12 49 24.302      15.2
646
647
 2013 04 20 13 42 11.993     2013 04 20 13 45 39.282     207.3
648
 2013 04 20 09 48 18.542     2013 04 20 09 50 48.513     150.0
 2013 04 20 21 38 19.351     2013 04 20 21 38 20.559       1.2
649
 2013 04 20 17 36 48.333     2013 04 20 17 39 34.337     166.0
650
651
 2013 04 20 06 23 51.220     2013 04 20 06 26 45.877     174.7
 2013 04 20 23 26 42.483     2013 04 20 23 27 15.413      32.9
652
 2013 04 20 17 03 25.688     2013 04 20 17 06 36.942     191.3
653
 2013 04 20 00 13 51.899     2013 04 20 00 14 12.519      20.6
654
 2013 04 20 04 51 38.490     2013 04 20 04 54 14.767     156.3
 2013 04 20 21 53 46.389     2013 04 20 21 56 46.059     179.7
655
 2013 04 20 01 22 56.550     2013 04 20 01 26 29.274     212.7
 2013 04 20 09 36  3.860     2013 04 20 09 39 22.846     199.0
656
 2013 04 20 01 21  4.765     2013 04 20 01 24 33.198     208.4
 2013 04 20 09 36 31.303     2013 04 20 09 39 41.257     190.0
657
658
 2013 04 20 00 54  1.237     2013 04 20 00 56 38.774     157.5
 2013 04 20 17 57  2.380     2013 04 20 18 00   .480     178.1
659
 2013 04 20 03 14 20.893     2013 04 20 03 17 39.439     198.5
 2013 04 20 21 55 17.042     2013 04 20 21 58 59.594     222.6
660
 2013 04 20 03 00 44.257     2013 04 20 03 03 58.545     194.3
 2013 04 20 04 38 20.857     2013 04 20 04 42  6.376     225.5
 2013 04 20 07 55  3.383     2013 04 20 07 58 44.365     221.0
 2013 04 20 09 33  5.578     2013 04 20 09 36 24.162     198.6
661
662
663
664
 2013 04 20 02 10 27.730     2013 04 20 02 14  9.982     222.3
 2013 04 20 10 22 47.041     2013 04 20 10 24  4.340      77.3
665
 2013 04 20 10 48 40.214     2013 04 20 10 51 15.123     154.9
 2013 04 20 19 04 31.926     2013 04 20 19 07 10.949     159.0
666
 2013 04 20 03 32  6.935     2013 04 20 03 35 36.475     209.5
 2013 04 20 15 18 55.787     2013 04 20 15 21 29.685     153.9
667
 2013 04 20 13 49 56.147     2013 04 20 13 52 43.411     167.3
668
 2013 04 20 14 28 19.604     2013 04 20 14 30 56.186     156.6
669
670
671
 2013 04 20 13 40 29.745     2013 04 20 13 40 45.166      15.4
672
 2013 04 20 13 57 41.448     2013 04 20 13 58  3.110      21.7
 2013 04 20 22 14 36.652     2013 04 20 22 17 38.365     181.7
673
 2013 04 20 08 27 40.932     2013 04 20 08 30 18.756     157.8
 2013 04 20 16 42 23.182     2013 04 20 16 45  4.760     161.6
674
 2013 04 20 14 22 36.811     2013 04 20 14 25 22.794     166.0
675
 2013 04 20 12 28  6.049     2013 04 20 12 31 33.597     207.5
 2013 04 20 17 27 32.997     2013 04 20 17 27 43.476      10.5
 2013 04 20 19 01 32.403     2013 04 20 19 02  9.969      37.6
676
 2013 04 20 08 54  3.746     2013 04 20 08 55 48.302     104.6
 2013 04 20 22 33 47.721     2013 04 20 22 36 30.523     162.8
677
 2013 04 20 03 43 26.786     2013 04 20 03 47  1.346     214.6
 2013 04 20 12 00 31.722     2013 04 20 12 03  9.999     158.3
678
 2013 04 20 02 13 37.519     2013 04 20 02 16 12.409     154.9
 2013 04 20 08 46 57.866     2013 04 20 08 49 55.473     177.6
679
 2013 04 20 09 16 16.107     2013 04 20 09 19 28.298     192.2
680
 2013 04 20 04 06 11.600     2013 04 20 04 09 32.163     200.6
 2013 04 20 19 29 22.752     2013 04 20 19 32  8.605     165.9
681
 2013 04 20 05 08 39.725     2013 04 20 05 12  3.282     203.6
682
 2013 04 20 21 34 21.453     2013 04 20 21 37 46.523     205.1
683
 2013 04 20 00 41 30.923     2013 04 20 00 45  2.068     211.1
 2013 04 20 05 36 43.632     2013 04 20 05 39 25.526     161.9
 2013 04 20 22 43 48.069     2013 04 20 22 44 20.899      32.8
684
 2013 04 20 01 59 24.236     2013 04 20 02 00  8.244      44.0
685
 2013 04 20 06 56 35.310     2013 04 20 07 00 16.539     221.2
 2013 04 20 13 31 27.365     2013 04 20 13 34 23.707     176.3
686
 2013 04 20 05 21 50.267     2013 04 20 05 25 23.007     212.7
 2013 04 20 06 59 37.524     2013 04 20 07 03 14.288     216.8
 2013 04 20 10 20  4.058     2013 04 20 10 20 14.323      10.3
 2013 04 20 11 54 41.075     2013 04 20 11 57 34.249     173.2
687
 2013 04 20 07 19 33.339     2013 04 20 07 19 42.493       9.2
 2013 04 20 20 59 32.283     2013 04 20 21 02  7.296     155.0
688
 2013 04 20 05 02 27.254     2013 04 20 05 05 22.951     175.7
689
690
 2013 04 20 02 14 56.831     2013 04 20 02 17 43.984     167.2
 2013 04 20 07 09 53.075     2013 04 20 07 12 52.522     179.4
691
 2013 04 20 17 44 43.483     2013 04 20 17 47 15.550     152.1
692
 2013 04 20 22 15 38.430     2013 04 20 22 19  8.702     210.3
693
 2013 04 20 07 37 37.194     2013 04 20 07 40 12.895     155.7
694
 2013 04 20 13 12  3.995     2013 04 20 13 14 38.275     154.3
 2013 04 20 21 25 26.219     2013 04 20 21 26 25.403      59.2
695
 2013 04 20 04 33 56.762     2013 04 20 04 36 44.270     167.5
 2013 04 20 11 08 51.776     2013 04 20 11 11 50.921     179.1
696
 2013 04 20 10 36  4.304     2013 04 20 10 39 32.533     208.2
 2013 04 20 22 26 40.519     2013 04 20 22 29 10.468     149.9
697
 2013 04 20 02 33 54.426     2013 04 20 02 37 29.073     214.6
 2013 04 20 17 51 50.075     2013 04 20 17 52 59.888      69.8
698
 2013 04 20 07 18 38.251     2013 04 20 07 21 24.534     166.3
699
700
 2013 04 20 08 06 13.010     2013 04 20 08 09 31.830     198.8
701
 2013 04 20 15 58 59.651     2013 04 20 16 02 13.307     193.7
702
703
 2013 04 20 02 14 49.713     2013 04 20 02 17 27.458     157.7
 2013 04 20 07 09 32.649     2013 04 20 07 12 36.908     184.3
704
 2013 04 20 20 11 25.035     2013 04 20 20 14 48.588     203.6
705
 2013 04 20 14 42  1.858     2013 04 20 14 44 33.442     151.6
706
 2013 04 20 12 28 50.633     2013 04 20 12 29 11.102      20.5
 2013 04 20 14 02 58.614     2013 04 20 14 03 46.012      47.4
 2013 04 20 18 59  3.339     2013 04 20 19 02 24.398     201.1
707
 2013 04 20 11 57 32.327     2013 04 20 12 00 56.691     204.4
708
 2013 04 20 13 36 16.036     2013 04 20 13 38 53.832     157.8
709
 2013 04 20 07 37 43.482     2013 04 20 07 41   .072     196.6
710
 2013 04 20 07 14 35.434     2013 04 20 07 15 40.014      64.6
 2013 04 20 22 38 39.602     2013 04 20 22 41 34.672     175.1
711
 2013 04 20 03 38 34.485     2013 04 20 03 39 22.138      47.7
 2013 04 20 13 39 46.788     2013 04 20 13 43  1.548     194.8
712
 2013 04 20 04 21 19.145     2013 04 20 04 24  2.963     163.8
713
 2013 04 20 07 26 45.622     2013 04 20 07 29 34.955     169.3
 2013 04 20 19 17 20.104     2013 04 20 19 20 22.531     182.4
714
 2013 04 20 13 41 54.761     2013 04 20 13 42 50.990      56.2
715
 2013 04 20 16 21   .875     2013 04 20 16 24  3.346     182.5
716
 2013 04 20 05 13   .338     2013 04 20 05 16 36.021     215.7
 2013 04 20 15 12 11.170     2013 04 20 15 14 49.323     158.2
717
 2013 04 20 06 54 19.693     2013 04 20 06 56 53.342     153.6
 2013 04 20 15 07 14.844     2013 04 20 15 07 42.652      27.8
718
 2013 04 20 08 16 13.600     2013 04 20 08 19 25.439     191.8
 2013 04 20 20 03 17.283     2013 04 20 20 04 25.172      67.9
719
 2013 04 20 06 52 34.190     2013 04 20 06 55 29.177     175.0
 2013 04 20 15 07 41.670     2013 04 20 15 10 18.823     157.2
720
 2013 04 20 02 57 51.752     2013 04 20 03 00 27.764     156.0
 2013 04 20 11 11 24.563     2013 04 20 11 14 57.043     212.5
721
 2013 04 20 01 07 47.990     2013 04 20 01 10 21.244     153.3
722
 2013 04 20 02 32 44.413     2013 04 20 02 35 26.835     162.4
 2013 04 20 17 53 33.307     2013 04 20 17 56  6.054     152.7
723
 2013 04 20 03 59 20.958     2013 04 20 04 03  5.944     225.0
 2013 04 20 05 37 17.529     2013 04 20 05 40 50.539     213.0
 2013 04 20 22 41 49.795     2013 04 20 22 44 37.346     167.6
724
 2013 04 20 01 42 56.567     2013 04 20 01 45 46.953     170.4
 2013 04 20 18 43 48.753     2013 04 20 18 47 23.903     215.2
725
 2013 04 20 00 07 46.920     2013 04 20 00 10 48.506     181.6
 2013 04 20 17 10 59.895     2013 04 20 17 13 43.083     163.2
 2013 04 20 23 44 42.431     2013 04 20 23 47 35.557     173.1
726
 2013 04 20 20 06 48.602     2013 04 20 20 09 27.039     158.4
727
 2013 04 20 16 20 59.735     2013 04 20 16 21 19.911      20.2
 2013 04 20 22 54 58.612     2013 04 20 22 55 29.995      31.4
728
 2013 04 20 14 19  2.728     2013 04 20 14 21 42.993     160.3
729
 2013 04 20 02 00 11.536     2013 04 20 02 02 49.976     158.4
730
 2013 04 20 17 50 56.960     2013 04 20 17 53 33.094     156.1
731
 2013 04 20 21 33   .925     2013 04 20 21 35 44.036     163.1
732
 2013 04 20 04 30 34.230     2013 04 20 04 30 41.560       7.3
 2013 04 20 14 24 12.270     2013 04 20 14 26 55.565     163.3
733
 2013 04 20 04 27  5.354     2013 04 20 04 30 29.469     204.1
734
 2013 04 20 03 19 53.707     2013 04 20 03 23 12.219     198.5
 2013 04 20 18 42  2.122     2013 04 20 18 44 44.472     162.4
735
 2013 04 20 20 16 37.033     2013 04 20 20 20 15.453     218.4
736
 2013 04 20 08 55 28.696     2013 04 20 08 58  2.630     153.9
 2013 04 20 22 32 14.297     2013 04 20 22 34 51.170     156.9
737
738
 2013 04 20 17 32 49.015     2013 04 20 17 33 27.550      38.5
739
 2013 04 20 03 20 46.518     2013 04 20 03 23 37.309     170.8
 2013 04 20 18 40 12.116     2013 04 20 18 43 11.907     179.8
740
741
742
 2013 04 20 04 30 55.329     2013 04 20 04 34 14.081     198.8
 2013 04 20 12 47 34.698     2013 04 20 12 50 12.010     157.3
743
 2013 04 20 07 42 59.710     2013 04 20 07 45 48.821     169.1
 2013 04 20 14 16 58.441     2013 04 20 14 19 43.075     164.6
744
 2013 04 20 10 03 35.457     2013 04 20 10 06 39.987     184.5
745
 2013 04 20 03 17 29.341     2013 04 20 03 20  7.418     158.1
 2013 04 20 20 19 12.414     2013 04 20 20 22 36.811     204.4
746
 2013 04 20 05 48 38.549     2013 04 20 05 51 16.950     158.4
747
 2013 04 20 11 14  2.404     2013 04 20 11 16 35.012     152.6
748
 2013 04 20 15 29  1.292     2013 04 20 15 31 45.560     164.3
749
 2013 04 20 02 48  6.108     2013 04 20 02 50 47.761     161.7
750
 2013 04 20 01 19 58.403     2013 04 20 01 22 33.916     155.5
751
 2013 04 20 14 00 35.060     2013 04 20 14 00 54.125      19.1
 2013 04 20 22 11 55.462     2013 04 20 22 14 49.767     174.3
752
753
 2013 04 20 04 31 22.629     2013 04 20 04 33 57.681     155.1
 2013 04 20 12 46 37.432     2013 04 20 12 49 12.722     155.3
754
755
 2013 04 20 16 52 25.221     2013 04 20 16 55 47.127     201.9
756
 2013 04 20 22 16 25.404     2013 04 20 22 19  7.093     161.7
757
 2013 04 20 06 54 29.313     2013 04 20 06 57  5.087     155.8
758
 2013 04 20 00 56 34.721     2013 04 20 00 59 15.404     160.7
759
 2013 04 20 04 15 59.370     2013 04 20 04 18 40.678     161.3
760
 2013 04 20 01 58 14.937     2013 04 20 02 00 46.792     151.9
 2013 04 20 13 45 11.604     2013 04 20 13 47 54.641     163.0
761
 2013 04 20 11 29 28.030     2013 04 20 11 32 36.855     188.8
 2013 04 20 21 32 24.954     2013 04 20 21 35 35.053     190.1
762
 2013 04 20 13 02 44.756     2013 04 20 13 05 14.981     150.2
763
 2013 04 20 03 34 50.526     2013 04 20 03 38 26.780     216.3
764
 2013 04 20 11 28 29.041     2013 04 20 11 29 19.765      50.7
765
 2013 04 20 01 52  9.212     2013 04 20 01 55 22.907     193.7
 2013 04 20 15 24 59.192     2013 04 20 15 28 30.285     211.1
766
 2013 04 20 00 25  4.527     2013 04 20 00 28 17.256     192.7
 2013 04 20 12 08 36.038     2013 04 20 12 09 24.502      48.5
767
 2013 04 20 06 52 59.418     2013 04 20 06 55 37.931     158.5
 2013 04 20 15 07 58.947     2013 04 20 15 10 34.847     155.9
768
 2013 04 20 06 32  7.608     2013 04 20 06 33 12.356      64.7
 2013 04 20 21 48 22.428     2013 04 20 21 51 21.601     179.2
769
 2013 04 20 22 10 50.372     2013 04 20 22 14 32.071     221.7
770
 2013 04 20 06 32  8.222     2013 04 20 06 34 47.649     159.4
771
 2013 04 20 06 49 27.430     2013 04 20 06 52 56.453     209.0
 2013 04 20 16 45 13.715     2013 04 20 16 45 43.132      29.4
772
773
 2013 04 20 14 28 51.361     2013 04 20 14 32 11.990     200.6
774
 2013 04 20 01 21 31.722     2013 04 20 01 25 14.522     222.8
 2013 04 20 09 36 31.352     2013 04 20 09 39 10.516     159.2
775
 2013 04 20 08 01  8.899     2013 04 20 08 04  9.080     180.2
776
 2013 04 20 06 25 33.985     2013 04 20 06 28 18.599     164.6
 2013 04 20 23 27 41.663     2013 04 20 23 30 21.678     160.0
777
 2013 04 20 03 00 42.008     2013 04 20 03 03 32.517     170.5
 2013 04 20 09 33 35.249     2013 04 20 09 36 32.768     177.5
778
 2013 04 20 07 32 16.995     2013 04 20 07 33 27.951      71.0
 2013 04 20 17 36 44.142     2013 04 20 17 40 24.420     220.3
779
 2013 04 20 05 36 38.044     2013 04 20 05 36 47.865       9.8
 2013 04 20 22 39 16.381     2013 04 20 22 42 12.389     176.0
780
 2013 04 20 15 58 44.081     2013 04 20 16 01 19.500     155.4
781
 2013 04 20 04 20 11.019     2013 04 20 04 22 57.335     166.3
 2013 04 20 16 07  1.431     2013 04 20 16 10 25.327     203.9
782
 2013 04 20 04 30 36.913     2013 04 20 04 33 50.208     193.3
 2013 04 20 12 45 47.779     2013 04 20 12 48 28.007     160.2
783
 2013 04 20 19 59 21.291     2013 04 20 20 02 44.064     202.8
784
 2013 04 20 01 59 54.312     2013 04 20 02 02 34.529     160.2
785
 2013 04 20 07 42 53.562     2013 04 20 07 45 53.723     180.2
 2013 04 20 14 18  4.563     2013 04 20 14 20 57.549     173.0
786
 2013 04 20 10 03 47.013     2013 04 20 10 06 46.767     179.8
 2013 04 20 16 37 51.008     2013 04 20 16 41 33.777     222.8
787
 2013 04 20 09 16 40.860     2013 04 20 09 19 16.383     155.5
 2013 04 20 15 54 47.794     2013 04 20 15 55 15.620      27.8
788
 2013 04 20 03 17 40.031     2013 04 20 03 20 20.302     160.3
 2013 04 20 20 18 22.968     2013 04 20 20 22 12.619     229.7
789
790
 2013 04 20 12 17 30.740     2013 04 20 12 18 43.544      72.8
 2013 04 20 22 19 54.058     2013 04 20 22 22 31.338     157.3
791
 2013 04 20 10 03 33.956     2013 04 20 10 06 24.853     170.9
792
793
 2013 04 20 08 16  1.402     2013 04 20 08 18 38.414     157.0
 2013 04 20 20 02 57.748     2013 04 20 20 05 35.961     158.2
794
 2013 04 20 13 01 53.761     2013 04 20 13 04 30.646     156.9
795
 2013 04 20 10 51 23.116     2013 04 20 10 52  1.374      38.3
 2013 04 20 17 27 42.789     2013 04 20 17 30 36.023     173.2
796
 2013 04 20 13 41  3.382     2013 04 20 13 43 38.489     155.1
797
798
799
 2013 04 20 14 01 51.095     2013 04 20 14 04 26.808     155.7
 2013 04 20 20 35 28.849     2013 04 20 20 38 10.425     161.6
800
 2013 04 20 15 06 26.750     2013 04 20 15 09 31.433     184.7
801
802
 2013 04 20 23 02 24.415     2013 04 20 23 05  5.635     161.2
803
 2013 04 20 09 14 44.946     2013 04 20 09 17 44.372     179.4
 2013 04 20 17 30 35.691     2013 04 20 17 33 22.420     166.7
804
 2013 04 20 16 24 57.646     2013 04 20 16 27 32.411     154.8
 2013 04 20 21 19 32.636     2013 04 20 21 22 36.754     184.1
805
 2013 04 20 10 37 28.380     2013 04 20 10 40  4.698     156.3
 2013 04 20 22 24 57.488     2013 04 20 22 27 28.843     151.4
806
 2013 04 20 05 41 50.510     2013 04 20 05 44 28.186     157.7
 2013 04 20 21 03  2.752     2013 04 20 21 05 36.932     154.2
807
 2013 04 20 03 19  3.710     2013 04 20 03 22 39.338     215.6
 2013 04 20 18 39 53.621     2013 04 20 18 42 53.577     180.0
808
 2013 04 20 07 28 45.838     2013 04 20 07 31 26.707     160.9
 2013 04 20 19 15 44.532     2013 04 20 19 18 19.632     155.1
809
 2013 04 20 05 14 38.517     2013 04 20 05 15 18.606      40.1
810
 2013 04 20 06 57 41.624     2013 04 20 07 00 26.141     164.5
 2013 04 20 11 52 31.143     2013 04 20 11 56 20.635     229.5
 2013 04 20 13 30 16.740     2013 04 20 13 31 12.122      55.4
811
 2013 04 20 08 01 33.841     2013 04 20 08 02 17.760      43.9
 2013 04 20 23 25 49.235     2013 04 20 23 29  5.601     196.4
812
 2013 04 20 20 10 48.821     2013 04 20 20 11 38.277      49.5
813
814
 2013 04 20 08 57 45.000     2013 04 20 09 00 38.050     173.1
815
 2013 04 20 13 11  5.658     2013 04 20 13 11 29.815      24.2
 2013 04 20 21 24 28.157     2013 04 20 21 27 33.435     185.3
816
 2013 04 20 02 59 56.425     2013 04 20 03 03  5.355     188.9
 2013 04 20 09 33 24.983     2013 04 20 09 35 59.844     154.9
817
 2013 04 20 16 56 51.524     2013 04 20 16 59 36.703     165.2
818
 2013 04 20 01 10 38.302     2013 04 20 01 13 13.057     154.8
 2013 04 20 12 58 32.329     2013 04 20 13 01  7.904     155.6
819
 2013 04 20 02 10 22.039     2013 04 20 02 13 40.947     198.9
 2013 04 20 10 24 56.713     2013 04 20 10 25 22.345      25.6
820
821
 2013 04 20 05 41 54.151     2013 04 20 05 45 14.441     200.3
 2013 04 20 21 01 44.491     2013 04 20 21 04 22.949     158.5
822
823
 2013 04 20 01 59 14.581     2013 04 20 02 01 54.635     160.1
824
 2013 04 20 01 50 39.855     2013 04 20 01 54 11.973     212.1
 2013 04 20 15 27 44.387     2013 04 20 15 30 51.250     186.9
825
 2013 04 20 04 08 47.341     2013 04 20 04 09 28.206      40.9
 2013 04 20 19 29 21.562     2013 04 20 19 30 24.161      62.6
826
 2013 04 20 09 54 23.688     2013 04 20 09 57 33.009     189.3
827
 2013 04 20 12 02 18.677     2013 04 20 12 04 57.555     158.9
828
 2013 04 20 17 38  5.836     2013 04 20 17 39 36.144      90.3
829
 2013 04 20 04 49 54.711     2013 04 20 04 52 42.504     167.8
 2013 04 20 21 53 40.495     2013 04 20 21 57  3.210     202.7
 2013 04 20 23 31 16.962     2013 04 20 23 32 31.172      74.2
830
 2013 04 20 00 23 27.413     2013 04 20 00 26 50.239     202.8
 2013 04 20 12 09 57.656     2013 04 20 12 12 31.211     153.6
831
 2013 04 20 06 27 13.193     2013 04 20 06 30 17.787     184.6
 2013 04 20 21 50 30.614     2013 04 20 21 50 53.395      22.8
832
 2013 04 20 21 28 46.357     2013 04 20 21 31 22.981     156.6
833
 2013 04 20 02 03   .498     2013 04 20 02 05 33.937     153.4
 2013 04 20 12 04 13.536     2013 04 20 12 04 53.079      39.5
834
 2013 04 20 08 06  5.094     2013 04 20 08 08 58.336     173.2
835
 2013 04 20 04 26 31.546     2013 04 20 04 29  6.125     154.6
 2013 04 20 14 26  4.968     2013 04 20 14 28 46.364     161.4
836
837
 2013 04 20 01 12 57.934     2013 04 20 01 15 54.326     176.4
838
 2013 04 20 23 22 54.166     2013 04 20 23 25 37.494     163.3
839
 2013 04 20 13 05 18.477     2013 04 20 13 05 55.311      36.8
840
841
 2013 04 20 04 06 26.594     2013 04 20 04 09 24.188     177.6
 2013 04 20 19 29  3.669     2013 04 20 19 31 49.463     165.8
842
 2013 04 20 08 05 10.244     2013 04 20 08 08 17.465     187.2
843
844
 2013 04 20 04 06 33.783     2013 04 20 04 09  9.725     155.9
 2013 04 20 19 28 27.877     2013 04 20 19 31 22.640     174.8
845
 2013 04 20 12 09  7.036     2013 04 20 12 12 12.091     185.1
846
 2013 04 20 08 14 46.058     2013 04 20 08 18  8.587     202.5
 2013 04 20 20 04 42.783     2013 04 20 20 07 20.454     157.7
847
 2013 04 20 09 02 25.155     2013 04 20 09 05 59.914     214.8
 2013 04 20 20 49 39.082     2013 04 20 20 52 16.363     157.3
848
 2013 04 20 22 20 56.993     2013 04 20 22 24 19.810     202.8
849
850
 2013 04 20 15 11 19.953     2013 04 20 15 13 55.066     155.1
851
852
 2013 04 20 08 59 21.243     2013 04 20 09 00 39.373      78.1
 2013 04 20 20 56 42.377     2013 04 20 20 56 46.412       4.0
853
854
 2013 04 20 14 35 41.025     2013 04 20 14 38 20.407     159.4
855
 2013 04 20 23 07 44.659     2013 04 20 23 10 20.829     156.2
856
 2013 04 20 04 20 49.165     2013 04 20 04 23 22.768     153.6
 2013 04 20 16 06  6.701     2013 04 20 16 09 43.792     217.1
857
 2013 04 20 01 26 26.855     2013 04 20 01 29  2.768     155.9
 2013 04 20 07 59 35.411     2013 04 20 08 02 34.837     179.4
858
 2013 04 20 08 57 20.644     2013 04 20 09 00 31.922     191.3
859
 2013 04 20 02 52 57.785     2013 04 20 02 54 52.853     115.1
860
 2013 04 20 16 57 16.222     2013 04 20 16 59 49.786     153.6
861
 2013 04 20 16 22 47.233     2013 04 20 16 26 35.929     228.7
 2013 04 20 22 58 25.495     2013 04 20 23 01  1.245     155.7
862
 2013 04 20 05 39 29.713     2013 04 20 05 42 16.569     166.9
 2013 04 20 22 40 47.598     2013 04 20 22 41 19.620      32.0
863
864
 2013 04 20 22 38 47.413     2013 04 20 22 41 53.448     186.0
865
 2013 04 20 20 49 34.439     2013 04 20 20 50 47.062      72.6
866
 2013 04 20 05 16 21.043     2013 04 20 05 19 32.289     191.2
867
 2013 04 20 02 26 57.085     2013 04 20 02 29 43.654     166.6
 2013 04 20 21 08 41.262     2013 04 20 21 11 35.768     174.5
868
 2013 04 20 15 30 13.634     2013 04 20 15 32 54.737     161.1
869
 2013 04 20 22 27 30.675     2013 04 20 22 30 29.761     179.1
870
 2013 04 20 20 53 40.243     2013 04 20 20 56 10.592     150.3
871
 2013 04 20 05 02 31.778     2013 04 20 05 02 37.499       5.7
 2013 04 20 18 34 22.631     2013 04 20 18 37 41.547     198.9
872
 2013 04 20 12 01 49.749     2013 04 20 12 05  9.967     200.2
873
874
 2013 04 20 19 21 30.970     2013 04 20 19 24 22.151     171.2
875
 2013 04 20 10 35  7.286     2013 04 20 10 38  8.072     180.8
876
 2013 04 20 02 53 59.594     2013 04 20 02 56 42.895     163.3
877
 2013 04 20 09 56 42.830     2013 04 20 09 59 19.303     156.5
 2013 04 20 19 57  7.126     2013 04 20 19 59 42.328     155.2
878
 2013 04 20 08 14 32.002     2013 04 20 08 17 38.626     186.6
 2013 04 20 20 04 45.122     2013 04 20 20 07 18.638     153.5
879
 2013 04 20 10 22 26.613     2013 04 20 10 22 29.982       3.4
880
 2013 04 20 02 33 30.747     2013 04 20 02 34 16.568      45.8
881
882
 2013 04 20 01 24 23.078     2013 04 20 01 27 40.180     197.1
 2013 04 20 08 00  1.577     2013 04 20 08 03 36.510     214.9
883
 2013 04 20 16 23 27.338     2013 04 20 16 26 56.470     209.1
 2013 04 20 22 58  7.531     2013 04 20 23 01  2.947     175.4
884
 2013 04 20 13 10 36.442     2013 04 20 13 13 13.258     156.8
 2013 04 20 21 25 56.762     2013 04 20 21 28 32.264     155.5
885
 2013 04 20 01 43 35.089     2013 04 20 01 44 47.039      71.9
 2013 04 20 17 07 49.070     2013 04 20 17 11 19.462     210.4
886
887
888
 2013 04 20 16 04 39.995     2013 04 20 16 07 21.764     161.8
889
 2013 04 20 13 07 24.009     2013 04 20 13 10  8.113     164.1
890
 2013 04 20 07 43 12.937     2013 04 20 07 45 51.473     158.5
 2013 04 20 14 17 43.664     2013 04 20 14 20 26.415     162.8
891
 2013 04 20 07 38 38.802     2013 04 20 07 42 23.371     224.6
 2013 04 20 15 54  6.600     2013 04 20 15 57 32.051     205.5
892
 2013 04 20 06 05 45.856     2013 04 20 06 08 21.262     155.4
 2013 04 20 14 21  2.875     2013 04 20 14 23 36.588     153.7
893
 2013 04 20 02 09 30.796     2013 04 20 02 12 38.277     187.5
 2013 04 20 10 24  2.414     2013 04 20 10 26 39.742     157.3
894
895
 2013 04 20 06 55 37.783     2013 04 20 06 58 50.398     192.6
 2013 04 20 13 31  2.390     2013 04 20 13 33 52.335     169.9
896
 2013 04 20 03 26 13.585     2013 04 20 03 28 49.193     155.6
 2013 04 20 17 01   .673     2013 04 20 17 04 23.440     202.8
897
 2013 04 20 03 24 35.733     2013 04 20 03 27 33.203     177.5
 2013 04 20 17 02 24.563     2013 04 20 17 04 58.785     154.2
898
 2013 04 20 13 54 53.471     2013 04 20 13 57 39.110     165.6
899
 2013 04 20 09 47 55.424     2013 04 20 09 50 53.045     177.6
900
 2013 04 20 05 54 15.469     2013 04 20 05 56 53.125     157.7
 2013 04 20 17 41 49.349     2013 04 20 17 44 37.191     167.8
901
 2013 04 20 06 54 19.096     2013 04 20 06 57  9.633     170.5
 2013 04 20 15 06 42.731     2013 04 20 15 06 55.999      13.3
902
903
904
 2013 04 20 10 38 29.235     2013 04 20 10 41 13.090     163.9
 2013 04 20 22 24 22.740     2013 04 20 22 25  4.737      42.0
905
 2013 04 20 20 06 36.781     2013 04 20 20 09 52.267     195.5
906
907
 2013 04 20 09 42 49.036     2013 04 20 09 46 11.494     202.5
 2013 04 20 23 18 19.326     2013 04 20 23 20 58.108     158.8
908
 2013 04 20 14 42 54.375     2013 04 20 14 45 27.100     152.7
909
 2013 04 20 11 34 21.776     2013 04 20 11 34 48.615      26.8
 2013 04 20 21 29 45.802     2013 04 20 21 32 23.037     157.2
910
 2013 04 20 07 24 12.020     2013 04 20 07 25   .519      48.5
 2013 04 20 20 56 12.941     2013 04 20 20 58 47.167     154.2
911
912
913
914
 2013 04 20 00 52 57.992     2013 04 20 00 55 34.744     156.8
 2013 04 20 19 34 32.843     2013 04 20 19 37 43.233     190.4
915
 2013 04 20 01 05 56.556     2013 04 20 01 08 38.675     162.1
916
917
 2013 04 20 03 19 50.195     2013 04 20 03 20 22.352      32.2
 2013 04 20 18 42 15.308     2013 04 20 18 45 16.766     181.5
918
 2013 04 20 04 15 36.106     2013 04 20 04 18 43.772     187.7
919
 2013 04 20 05 18 44.720     2013 04 20 05 21 28.711     164.0
 2013 04 20 13 34  8.308     2013 04 20 13 36 58.104     169.8
920
 2013 04 20 15 34 46.640     2013 04 20 15 37 54.854     188.2
 2013 04 20 22 10 13.584     2013 04 20 22 13 35.799     202.2
921
 2013 04 20 08 55   .580     2013 04 20 08 57 57.062     176.5
 2013 04 20 22 33  2.537     2013 04 20 22 35 38.028     155.5
922
 2013 04 20 00 21 52.153     2013 04 20 00 24 24.183     152.0
 2013 04 20 12 11 15.285     2013 04 20 12 14 47.931     212.6
923
 2013 04 20 06 09 30.889     2013 04 20 06 09 38.996       8.1
 2013 04 20 12 44 22.983     2013 04 20 12 47 42.386     199.4
924
925
 2013 04 20 04 48 27.066     2013 04 20 04 51 45.688     198.6
 2013 04 20 23 29 50.359     2013 04 20 23 33  3.447     193.1
926
 2013 04 20 15 58 25.054     2013 04 20 16 01 30.714     185.7
927
 2013 04 20 09 44 57.842     2013 04 20 09 47 41.672     163.8
 2013 04 20 23 17 18.971     2013 04 20 23 17 33.948      15.0
928
 2013 04 20 05 37 56.659     2013 04 20 05 40 32.515     155.9
 2013 04 20 22 40 47.503     2013 04 20 22 43 23.274     155.8
929
 2013 04 20 06 36 16.175     2013 04 20 06 36 53.097      36.9
 2013 04 20 20 08 56.320     2013 04 20 20 12 20.761     204.4
930
 2013 04 20 00 54  1.852     2013 04 20 00 57 39.907     218.1
 2013 04 20 17 58 34.136     2013 04 20 18 01 14.298     160.2
 2013 04 20 22 52 53.705     2013 04 20 22 54  3.511      69.8
931
 2013 04 20 02 10  1.801     2013 04 20 02 12 34.596     152.8
 2013 04 20 10 24 42.611     2013 04 20 10 27 34.591     172.0
932
933
 2013 04 20 10 37 52.079     2013 04 20 10 40 37.017     164.9
 2013 04 20 22 25  4.339     2013 04 20 22 28 14.108     189.8
934
 2013 04 20 19 12 14.184     2013 04 20 19 14 44.712     150.5
935
 2013 04 20 04 56 57.460     2013 04 20 04 58 40.473     103.0
 2013 04 20 18 37 27.453     2013 04 20 18 37 33.476       6.0
936
 2013 04 20 02 46 40.688     2013 04 20 02 49 21.209     160.5
937
 2013 04 20 10 40 41.539     2013 04 20 10 44 12.940     211.4
938
 2013 04 20 01 22 38.915     2013 04 20 01 25 50.123     191.2
 2013 04 20 09 36 38.921     2013 04 20 09 39 28.375     169.5
939
 2013 04 20 03 41 41.978     2013 04 20 03 44 32.120     170.1
940
 2013 04 20 09 35 54.539     2013 04 20 09 38 54.150     179.6
941
 2013 04 20 04 04  3.637     2013 04 20 04 07 46.258     222.6
 2013 04 20 21 04 53.346     2013 04 20 21 08 22.584     209.2
942
 2013 04 20 16 59  4.900     2013 04 20 17 01 54.254     169.4
943
 2013 04 20 09 10  3.415     2013 04 20 09 12  7.338     123.9
944
 2013 04 20 10 44  6.877     2013 04 20 10 46 45.920     159.0
 2013 04 20 20 44 16.673     2013 04 20 20 46 53.100     156.4
945
 2013 04 20 04 15  1.498     2013 04 20 04 17 38.603     157.1
946
947
948
949
 2013 04 20 11 29 18.552     2013 04 20 11 32  2.191     163.6
 2013 04 20 21 34 28.564     2013 04 20 21 35 43.812      75.2
950
 2013 04 20 11 31  7.898     2013 04 20 11 31 21.321      13.4
 2013 04 20 21 31 50.612     2013 04 20 21 35 33.376     222.8
951
 2013 04 20 02 29 51.997     2013 04 20 02 32 33.527     161.5
 2013 04 20 19 32 10.612     2013 04 20 19 35  7.926     177.3
952
 2013 04 20 10 04 29.308     2013 04 20 10 07  3.287     154.0
 2013 04 20 16 38 49.770     2013 04 20 16 41 57.502     187.7
953
 2013 04 20 04 17 58.552     2013 04 20 04 18 51.880      53.3
 2013 04 20 16 09  4.456     2013 04 20 16 11 36.253     151.8
954
 2013 04 20 00 21 37.242     2013 04 20 00 24 20.206     163.0
 2013 04 20 12 14  4.618     2013 04 20 12 14 49.412      44.8
955
 2013 04 20 01 06  6.626     2013 04 20 01 08 53.394     166.8
956
 2013 04 20 00 37  9.616     2013 04 20 00 39 52.810     163.2
 2013 04 20 07 12  5.070     2013 04 20 07 12 40.333      35.3
957
 2013 04 20 03 21 13.400     2013 04 20 03 23 51.841     158.4
 2013 04 20 18 40 42.680     2013 04 20 18 44 25.425     222.7
958
 2013 04 20 05 13  7.277     2013 04 20 05 15 52.356     165.1
 2013 04 20 15 12 56.834     2013 04 20 15 15 34.864     158.0
959
 2013 04 20 23 03 43.733     2013 04 20 23 04  1.101      17.4
960
961
 2013 04 20 05 55 45.746     2013 04 20 05 58 25.604     159.9
 2013 04 20 17 39 49.017     2013 04 20 17 39 53.248       4.2
962
 2013 04 20 04 31 36.486     2013 04 20 04 34 16.583     160.1
 2013 04 20 12 46 13.433     2013 04 20 12 48 56.237     162.8
963
 2013 04 20 11 31  2.309     2013 04 20 11 31  4.336       2.0
 2013 04 20 21 29 51.065     2013 04 20 21 32 25.462     154.4
964
 2013 04 20 19 02 33.624     2013 04 20 19 05  7.086     153.5
965
 2013 04 20 14 03 21.764     2013 04 20 14 07   .058     218.3
 2013 04 20 18 59  8.324     2013 04 20 19 02  7.505     179.2
966
 2013 04 20 10 00 31.861     2013 04 20 10 03  6.174     154.3
 2013 04 20 18 17 11.251     2013 04 20 18 20 48.539     217.3
967
968
 2013 04 20 04 54 51.322     2013 04 20 04 57 45.094     173.8
 2013 04 20 20 14 50.841     2013 04 20 20 17 31.839     161.0
969
 2013 04 20 07 16  5.661     2013 04 20 07 18 45.666     160.0
 2013 04 20 22 37  1.365     2013 04 20 22 39 34.632     153.3
970
 2013 04 20 14 03 36.462     2013 04 20 14 06 44.280     187.8
 2013 04 20 18 58 53.952     2013 04 20 19 01 43.890     169.9
971
 2013 04 20 02 42 41.007     2013 04 20 02 45 24.108     163.1
 2013 04 20 14 37 26.905     2013 04 20 14 37 43.434      16.5
972
 2013 04 20 01 17 43.433     2013 04 20 01 21 21.270     217.8
 2013 04 20 11 15 38.136     2013 04 20 11 18 22.639     164.5
973
974
 2013 04 20 00 13 30.235     2013 04 20 00 16 23.647     173.4
975
 2013 04 20 02 43 31.687     2013 04 20 02 46 51.423     199.7
 2013 04 20 14 34 22.133     2013 04 20 14 36 55.535     153.4
976
 2013 04 20 02 32 13.902     2013 04 20 02 36  1.225     227.3
 2013 04 20 17 55  8.707     2013 04 20 17 57 45.587     156.9
977
 2013 04 20 09 53 51.857     2013 04 20 09 56 23.180     151.3
978
 2013 04 20 01 04 57.606     2013 04 20 01 07 57.767     180.2
 2013 04 20 14 37 57.945     2013 04 20 14 41 30.148     212.2
979
 2013 04 20 10 40 38.018     2013 04 20 10 44 14.810     216.8
980
 2013 04 20 14 43 56.047     2013 04 20 14 46 28.241     152.2
 2013 04 20 23 00 19.381     2013 04 20 23 04  1.723     222.3
981
 2013 04 20 05 47 15.399     2013 04 20 05 47 32.361      17.0
982
 2013 04 20 01 02 46.574     2013 04 20 01 06   .019     193.4
 2013 04 20 14 38 57.007     2013 04 20 14 41 54.250     177.2
983
 2013 04 20 03 25 45.710     2013 04 20 03 28 25.037     159.3
 2013 04 20 17 01 29.787     2013 04 20 17 04 26.795     177.0
984
 2013 04 20 07 16 44.620     2013 04 20 07 19 45.949     181.3
 2013 04 20 22 37 34.709     2013 04 20 22 40 45.527     190.8
985
 2013 04 20 05 57 54.324     2013 04 20 06 00 27.932     153.6
986
 2013 04 20 06 36 47.580     2013 04 20 06 37 16.044      28.5
987
 2013 04 20 22 11 27.014     2013 04 20 22 14  8.662     161.6
988
 2013 04 20 06 44 27.215     2013 04 20 06 45  1.837      34.6
989
 2013 04 20 16 17 29.752     2013 04 20 16 20 20.304     170.6
990
 2013 04 20 02 13 52.900     2013 04 20 02 16 48.081     175.2
 2013 04 20 08 47 18.277     2013 04 20 08 50 43.030     204.8
991
 2013 04 20 05 11 31.821     2013 04 20 05 11 47.534      15.7
 2013 04 20 15 16  5.548     2013 04 20 15 16  6.167        .6
992
 2013 04 20 03 41  9.829     2013 04 20 03 41 15.080       5.3
 2013 04 20 13 40 27.090     2013 04 20 13 41 11.915      44.8
993
 2013 04 20 02 54 51.323     2013 04 20 02 58  4.672     193.3
994
 2013 04 20 06 10 18.252     2013 04 20 06 12 54.183     155.9
 2013 04 20 11 04 48.710     2013 04 20 11 05 31.532      42.8
 2013 04 20 12 42 49.261     2013 04 20 12 46 25.242     216.0
995
 2013 04 20 07 33  9.841     2013 04 20 07 35 55.151     165.3
 2013 04 20 17 38 26.074     2013 04 20 17 39 31.365      65.3
996
997
 2013 04 20 08 03 44.817     2013 04 20 08 06 17.296     152.5
 2013 04 20 23 24 29.439     2013 04 20 23 27  7.940     158.5
998
 2013 04 20 09 53 15.947     2013 04 20 09 55 54.133     158.2
999
 2013 04 20 06 02 25.322     2013 04 20 06 05  8.932     163.6
