s2
0
1
2
 2013 04 20 16 14 58.726     2013 04 20 16 17 44.313     165.6
 2013 04 20 22 49 37.696     2013 04 20 22 53 27.160     229.5
3
 2013 04 20 01 13 24.448     2013 04 20 01 16 19.784     175.3
 2013 04 20 09 29 43.044     2013 04 20 09 33   .682     197.6
4
 2013 04 20 05 39 42.541     2013 04 20 05 43 26.295     223.8
 2013 04 20 19 16 54.483     2013 04 20 19 18 33.447      99.0
5
 2013 04 20 03 25 16.901     2013 04 20 03 26 45.708      88.8
 2013 04 20 15 14 26.584     2013 04 20 15 15 49.633      83.0
6
 2013 04 20 06 31  1.766     2013 04 20 06 33 37.258     155.5
7
 2013 04 20 19 59 20.293     2013 04 20 20 02 40.661     200.4
8
 2013 04 20 14 38 17.937     2013 04 20 14 41 21.249     183.3
 2013 04 20 22 55   .443     2013 04 20 22 57 42.981     162.5
9
 2013 04 20 07 16 25.073     2013 04 20 07 19  3.946     158.9
10
 2013 04 20 06 24 57.903     2013 04 20 06 28 45.292     227.4
 2013 04 20 20 06 11.885     2013 04 20 20 06 34.074      22.2
11
 2013 04 20 06 28 32.732     2013 04 20 06 31 57.043     204.3
12
 2013 04 20 07 33 12.172     2013 04 20 07 35 48.311     156.1
 2013 04 20 15 48 38.305     2013 04 20 15 51 28.841     170.5
13
 2013 04 20 05 49 48.024     2013 04 20 05 52 29.713     161.7
14
 2013 04 20 08 52 19.543     2013 04 20 08 55 59.670     220.1
15
 2013 04 20 13 07  2.432     2013 04 20 13 07 45.638      43.2
 2013 04 20 21 18 10.217     2013 04 20 21 20 57.661     167.4
16
 2013 04 20 11 14 46.976     2013 04 20 11 18 13.732     206.8
 2013 04 20 23 07 48.275     2013 04 20 23 11 18.007     209.7
17
 2013 04 20 05 34 14.094     2013 04 20 05 37 10.902     176.8
 2013 04 20 20 55 45.011     2013 04 20 20 58 20.438     155.4
18
 2013 04 20 03 59 29.992     2013 04 20 04 02  7.603     157.6
 2013 04 20 19 21 39.305     2013 04 20 19 24 16.091     156.8
19
 2013 04 20 08 19 59.820     2013 04 20 08 22 38.779     159.0
 2013 04 20 16 36 21.187     2013 04 20 16 38 56.121     154.9
20
 2013 04 20 00 57 31.924     2013 04 20 01 00 43.818     191.9
21
 2013 04 20 12 15 59.522     2013 04 20 12 18 52.348     172.8
 2013 04 20 20 31 56.021     2013 04 20 20 34 39.306     163.3
22
 2013 04 20 16 45  1.295     2013 04 20 16 47 36.637     155.3
23
 2013 04 20 00 11 53.061     2013 04 20 00 15  8.426     195.4
24
 2013 04 20 09 01 12.898     2013 04 20 09 03 53.975     161.1
 2013 04 20 19 03 36.873     2013 04 20 19 06 31.772     174.9
25
 2013 04 20 00 59 43.507     2013 04 20 01 03 12.259     208.8
26
 2013 04 20 01 06 16.962     2013 04 20 01 09 38.831     201.9
27
 2013 04 20 23 02  3.605     2013 04 20 23 05 18.441     194.8
28
 2013 04 20 17 39 27.643     2013 04 20 17 42  5.646     158.0
29
 2013 04 20 14 22 40.320     2013 04 20 14 25 39.953     179.6
30
 2013 04 20 16 44 48.768     2013 04 20 16 47 41.768     173.0
31
 2013 04 20 00 17 11.133     2013 04 20 00 17 22.781      11.6
32
33
 2013 04 20 18 12 10.951     2013 04 20 18 15  2.681     171.7
34
 2013 04 20 10 25 44.793     2013 04 20 10 26 25.095      40.3
35
 2013 04 20 18 29 45.091     2013 04 20 18 30 15.555      30.5
36
 2013 04 20 08 13 48.582     2013 04 20 08 16 47.130     178.5
 2013 04 20 18 16 42.199     2013 04 20 18 19 27.916     165.7
37
 2013 04 20 03 36 55.559     2013 04 20 03 39 53.081     177.5
 2013 04 20 11 51 22.986     2013 04 20 11 54 22.211     179.2
38
39
 2013 04 20 18 32 14.338     2013 04 20 18 35 37.373     203.0
40
 2013 04 20 00 23 40.733     2013 04 20 00 27  9.042     208.3
 2013 04 20 10 20 21.610     2013 04 20 10 21 12.551      50.9
41
 2013 04 20 02 40 36.949     2013 04 20 02 43 11.725     154.8
42
 2013 04 20 06 00 59.822     2013 04 20 06 04  6.291     186.5
 2013 04 20 12 35 15.331     2013 04 20 12 37 58.149     162.8
43
 2013 04 20 05 06 28.870     2013 04 20 05 09 12.371     163.5
 2013 04 20 15 05 47.658     2013 04 20 15 08 35.911     168.3
44
 2013 04 20 03 23 14.957     2013 04 20 03 26 30.643     195.7
 2013 04 20 15 12 30.411     2013 04 20 15 15 59.437     209.0
45
 2013 04 20 03 07 57.885     2013 04 20 03 10 39.422     161.5
 2013 04 20 20 12  6.950     2013 04 20 20 15 11.191     184.2
46
 2013 04 20 05 09 14.952     2013 04 20 05 12 33.338     198.4
 2013 04 20 13 28 36.313     2013 04 20 13 29 31.018      54.7
47
 2013 04 20 02 37 31.684     2013 04 20 02 41 11.605     219.9
 2013 04 20 14 24 32.271     2013 04 20 14 27  8.758     156.5
48
 2013 04 20 02 51 45.791     2013 04 20 02 54 31.525     165.7
 2013 04 20 09 26 18.669     2013 04 20 09 29 16.460     177.8
49
 2013 04 20 15 58  1.108     2013 04 20 16 01 43.546     222.4
50
51
 2013 04 20 03 20 56.251     2013 04 20 03 24 13.420     197.2
52
53
 2013 04 20 23 01 36.541     2013 04 20 23 04 57.549     201.0
54
 2013 04 20 14 40 23.550     2013 04 20 14 40 53.658      30.1
 2013 04 20 22 52 42.747     2013 04 20 22 56   .902     198.2
55
 2013 04 20 08 48 27.566     2013 04 20 08 51 50.235     202.7
 2013 04 20 22 26 28.431     2013 04 20 22 29 29.365     180.9
56
 2013 04 20 15 28  2.642     2013 04 20 15 31  5.187     182.5
 2013 04 20 22 03 47.380     2013 04 20 22 07  4.939     197.6
57
58
 2013 04 20 02 51 30.811     2013 04 20 02 54 49.911     199.1
 2013 04 20 09 25 50.668     2013 04 20 09 28 42.913     172.2
59
 2013 04 20 12 57 30.548     2013 04 20 13 00  4.761     154.2
 2013 04 20 22 59 29.806     2013 04 20 23 02 49.608     199.8
60
 2013 04 20 03 30 45.322     2013 04 20 03 33 42.738     177.4
 2013 04 20 13 32 48.720     2013 04 20 13 35 22.183     153.5
61
 2013 04 20 03 36 50.913     2013 04 20 03 40 33.764     222.9
 2013 04 20 11 50 39.178     2013 04 20 11 53 52.433     193.3
62
 2013 04 20 09 04 14.674     2013 04 20 09 07 39.947     205.3
63
 2013 04 20 05 01 12.797     2013 04 20 05 03 46.942     154.1
64
 2013 04 20 06 18 57.632     2013 04 20 06 21 42.097     164.5
 2013 04 20 23 21  5.247     2013 04 20 23 24 44.608     219.4
65
 2013 04 20 07 54 20.430     2013 04 20 07 56 57.422     157.0
66
 2013 04 20 00 30  7.264     2013 04 20 00 32 45.394     158.1
 2013 04 20 07 04 44.839     2013 04 20 07 07 34.756     169.9
67
68
69
 2013 04 20 05 13 59.563     2013 04 20 05 16 49.031     169.5
 2013 04 20 11 48 16.706     2013 04 20 11 50 55.268     158.6
70
 2013 04 20 09 32 16.711     2013 04 20 09 35 54.611     217.9
71
 2013 04 20 04 25 28.272     2013 04 20 04 28 19.379     171.1
 2013 04 20 11 03 38.803     2013 04 20 11 04 12.007      33.2
72
 2013 04 20 20 35 32.163     2013 04 20 20 38 30.042     177.9
73
 2013 04 20 02 52 18.388     2013 04 20 02 55  5.971     167.6
 2013 04 20 09 27 22.623     2013 04 20 09 30  1.621     159.0
74
 2013 04 20 07 34 52.160     2013 04 20 07 38 22.579     210.4
 2013 04 20 14 11 10.926     2013 04 20 14 14 39.671     208.7
75
 2013 04 20 17 01 46.226     2013 04 20 17 04 35.733     169.5
76
77
 2013 04 20 06 24 33.453     2013 04 20 06 27 22.857     169.4
 2013 04 20 20 08 32.023     2013 04 20 20 08 41.060       9.0
78
 2013 04 20 03 36 25.627     2013 04 20 03 39   .999     155.4
 2013 04 20 11 52 18.817     2013 04 20 11 54 54.573     155.8
79
 2013 04 20 04 24  7.068     2013 04 20 04 27 39.236     212.2
 2013 04 20 12 40  1.013     2013 04 20 12 43 43.930     222.9
80
 2013 04 20 00 06 59.508     2013 04 20 00 07 27.266      27.8
 2013 04 20 15 23 40.429     2013 04 20 15 26 32.070     171.6
81
82
 2013 04 20 08 51 39.593     2013 04 20 08 51 47.542       7.9
 2013 04 20 22 24 15.231     2013 04 20 22 27 14.679     179.4
83
 2013 04 20 07 14  5.304     2013 04 20 07 17  4.305     179.0
 2013 04 20 20 51 40.533     2013 04 20 20 54 33.590     173.1
84
 2013 04 20 21 32 25.710     2013 04 20 21 34 48.388     142.7
85
86
 2013 04 20 21 40 34.645     2013 04 20 21 43  9.321     154.7
87
 2013 04 20 20 01 17.605     2013 04 20 20 03 55.849     158.2
88
 2013 04 20 01 42 15.853     2013 04 20 01 45 12.763     176.9
 2013 04 20 15 19 39.317     2013 04 20 15 22 38.786     179.5
89
90
 2013 04 20 06 17 45.173     2013 04 20 06 20 22.846     157.7
 2013 04 20 23 21 45.449     2013 04 20 23 24 23.545     158.1
91
 2013 04 20 05 00 36.125     2013 04 20 05 03 16.788     160.7
92
93
 2013 04 20 09 10 19.749     2013 04 20 09 12 57.750     158.0
 2013 04 20 15 45 14.022     2013 04 20 15 48  3.306     169.3
94
 2013 04 20 10 41 32.040     2013 04 20 10 44 13.411     161.4
 2013 04 20 18 57 37.620     2013 04 20 19 00 18.779     161.2
95
 2013 04 20 20 29 53.523     2013 04 20 20 33 36.834     223.3
96
 2013 04 20 12 47 44.270     2013 04 20 12 48 36.441      52.2
97
 2013 04 20 20 47 34.060     2013 04 20 20 50  7.869     153.8
98
 2013 04 20 05 31 16.957     2013 04 20 05 34  3.160     166.2
 2013 04 20 22 33 57.969     2013 04 20 22 37  5.639     187.7
99
 2013 04 20 14 27 19.242     2013 04 20 14 30 49.155     209.9
100
 2013 04 20 00 20  9.295     2013 04 20 00 22 44.858     155.6
101
 2013 04 20 03 59 41.010     2013 04 20 03 59 40.381       -.6
 2013 04 20 20 58 29.354     2013 04 20 21 01 13.276     163.9
102
 2013 04 20 06 26 24.863     2013 04 20 06 29 58.699     213.8
 2013 04 20 20 02 47.690     2013 04 20 20 05 24.786     157.1
103
 2013 04 20 01 53 45.736     2013 04 20 01 57 16.918     211.2
104
 2013 04 20 05 14 47.251     2013 04 20 05 15 52.752      65.5
 2013 04 20 11 49 58.197     2013 04 20 11 53 14.009     195.8
105
 2013 04 20 15 30 16.095     2013 04 20 15 33 58.558     222.5
 2013 04 20 20 26 20.779     2013 04 20 20 27 29.556      68.8
106
107
 2013 04 20 09 08  7.417     2013 04 20 09 08 14.870       7.5
108
 2013 04 20 04 10  5.980     2013 04 20 04 12 46.024     160.0
 2013 04 20 16 01 24.450     2013 04 20 16 04 48.958     204.5
109
 2013 04 20 07 25 34.564     2013 04 20 07 28  8.625     154.1
110
 2013 04 20 15 51 21.150     2013 04 20 15 54   .922     159.8
111
 2013 04 20 05 52 26.689     2013 04 20 05 53 39.928      73.2
 2013 04 20 15 55   .529     2013 04 20 15 57 55.447     174.9
112
 2013 04 20 06 37 51.599     2013 04 20 06 40 25.677     154.1
113
 2013 04 20 11 07 13.300     2013 04 20 11 09 59.121     165.8
114
 2013 04 20 07 16 47.073     2013 04 20 07 19 22.018     154.9
115
 2013 04 20 15 29 12.550     2013 04 20 15 32 38.135     205.6
 2013 04 20 17 07   .025     2013 04 20 17 10 46.404     226.4
 2013 04 20 20 23 49.215     2013 04 20 20 24  2.436      13.2
 2013 04 20 22 02 24.453     2013 04 20 22 05 25.232     180.8
116
 2013 04 20 00 33 44.911     2013 04 20 00 36 58.120     193.2
 2013 04 20 05 29   .477     2013 04 20 05 31 42.330     161.9
117
 2013 04 20 07 27 25.215     2013 04 20 07 30  3.279     158.1
 2013 04 20 17 28 16.120     2013 04 20 17 30 54.005     157.9
118
 2013 04 20 18 59 41.425     2013 04 20 19 03 14.327     212.9
119
 2013 04 20 04 40 57.525     2013 04 20 04 44 35.924     218.4
 2013 04 20 23 23 14.700     2013 04 20 23 26 57.816     223.1
120
121
 2013 04 20 04 22 48.949     2013 04 20 04 26 15.886     206.9
 2013 04 20 12 38 34.915     2013 04 20 12 41 23.556     168.6
122
 2013 04 20 01 17 16.630     2013 04 20 01 17 35.736      19.1
 2013 04 20 02 55 23.925     2013 04 20 02 58 55.257     211.3
 2013 04 20 07 51  2.131     2013 04 20 07 53 42.074     159.9
123
 2013 04 20 14 27 18.230     2013 04 20 14 30 41.646     203.4
124
 2013 04 20 01 13  2.884     2013 04 20 01 16  1.782     178.9
 2013 04 20 09 29 28.291     2013 04 20 09 33 15.554     227.3
125
 2013 04 20 04 59 38.103     2013 04 20 05 00  6.742      28.6
126
 2013 04 20 21 34 45.247     2013 04 20 21 37 18.648     153.4
127
128
 2013 04 20 18 25 17.698     2013 04 20 18 28  2.928     165.2
129
 2013 04 20 04 12 27.574     2013 04 20 04 15  8.468     160.9
 2013 04 20 15 59 50.519     2013 04 20 16 02 38.618     168.1
130
 2013 04 20 13 48 25.107     2013 04 20 13 51 26.297     181.2
131
 2013 04 20 00 24 39.005     2013 04 20 00 27 54.896     195.9
132
 2013 04 20 11 22 34.099     2013 04 20 11 25 10.984     156.9
 2013 04 20 21 27 27.720     2013 04 20 21 28 31.348      63.6
133
 2013 04 20 05 50 58.461     2013 04 20 05 53 56.846     178.4
 2013 04 20 15 54 42.350     2013 04 20 15 54 50.718       8.4
134
 2013 04 20 05 44 28.991     2013 04 20 05 47 58.808     209.8
 2013 04 20 17 36 52.147     2013 04 20 17 39 38.149     166.0
135
 2013 04 20 11 21 30.812     2013 04 20 11 24 13.167     162.4
136
137
 2013 04 20 00 02 48.101     2013 04 20 00 05 51.336     183.2
 2013 04 20 15 26 10.783     2013 04 20 15 28 46.891     156.1
 2013 04 20 23 41 19.446     2013 04 20 23 44 15.994     176.5
138
 2013 04 20 03 19 14.828     2013 04 20 03 21 49.503     154.7
 2013 04 20 16 53 23.950     2013 04 20 16 53 28.968       5.0
139
 2013 04 20 00 56 18.865     2013 04 20 00 59 39.635     200.8
 2013 04 20 14 32 54.005     2013 04 20 14 34 27.922      93.9
140
141
 2013 04 20 02 46 41.733     2013 04 20 02 49 24.063     162.3
142
 2013 04 20 17 01 25.420     2013 04 20 17 04 31.836     186.4
143
144
 2013 04 20 01 32 41.650     2013 04 20 01 35 32.715     171.1
 2013 04 20 18 36 48.788     2013 04 20 18 37 29.029      40.2
 2013 04 20 20 14 44.115     2013 04 20 20 15 50.547      66.4
145
 2013 04 20 09 07 24.543     2013 04 20 09 10  1.234     156.7
 2013 04 20 17 23 27.340     2013 04 20 17 26  5.620     158.3
146
 2013 04 20 02 26 25.132     2013 04 20 02 29  6.703     161.6
 2013 04 20 17 46  3.162     2013 04 20 17 49 52.701     229.5
147
 2013 04 20 09 58 37.126     2013 04 20 10 01 24.393     167.3
 2013 04 20 16 32 56.409     2013 04 20 16 35 48.026     171.6
148
 2013 04 20 15 22 15.693     2013 04 20 15 22 24.878       9.2
149
 2013 04 20 05 30 43.311     2013 04 20 05 33 40.740     177.4
 2013 04 20 22 35 14.307     2013 04 20 22 37 52.609     158.3
150
 2013 04 20 07 54  5.381     2013 04 20 07 57 29.645     204.3
 2013 04 20 23 18 53.547     2013 04 20 23 19 16.600      23.1
151
 2013 04 20 01 31 13.408     2013 04 20 01 31 23.739      10.3
 2013 04 20 03 09  9.293     2013 04 20 03 09 36.687      27.4
 2013 04 20 20 13 53.331     2013 04 20 20 17 15.005     201.7
152
 2013 04 20 04 46 56.869     2013 04 20 04 50 23.830     207.0
 2013 04 20 20 09 54.782     2013 04 20 20 12 50.476     175.7
153
 2013 04 20 13 49 34.572     2013 04 20 13 53  2.761     208.2
 2013 04 20 22 08  5.452     2013 04 20 22 11  8.269     182.8
154
 2013 04 20 05 15  5.996     2013 04 20 05 18 11.516     185.5
 2013 04 20 11 49 24.181     2013 04 20 11 52 36.266     192.1
155
 2013 04 20 01 54 32.476     2013 04 20 01 57 24.807     172.3
 2013 04 20 12 01 35.295     2013 04 20 12 02  9.403      34.1
156
 2013 04 20 06 17 59.468     2013 04 20 06 20 37.602     158.1
 2013 04 20 23 21 57.828     2013 04 20 23 24 35.165     157.3
157
 2013 04 20 04 23 43.459     2013 04 20 04 26 51.409     188.0
 2013 04 20 12 40 14.263     2013 04 20 12 43  8.020     173.8
158
159
 2013 04 20 08 16 21.824     2013 04 20 08 19 22.671     180.8
 2013 04 20 18 13 52.348     2013 04 20 18 17 30.068     217.7
160
161
 2013 04 20 03 30  2.644     2013 04 20 03 30 17.421      14.8
 2013 04 20 13 30 38.297     2013 04 20 13 33 57.574     199.3
162
 2013 04 20 03 32  5.801     2013 04 20 03 34 52.740     166.9
 2013 04 20 13 31 39.955     2013 04 20 13 35  8.780     208.8
163
164
 2013 04 20 01 43 49.244     2013 04 20 01 46 40.464     171.2
 2013 04 20 15 19  9.492     2013 04 20 15 22  4.140     174.6
165
 2013 04 20 05 56 12.286     2013 04 20 05 58 52.481     160.2
166
 2013 04 20 00 00 38.842     2013 04 20 00 03 20.947     162.1
 2013 04 20 17 02 54.761     2013 04 20 17 06 28.805     214.0
 2013 04 20 23 39  4.888     2013 04 20 23 41 50.226     165.3
167
 2013 04 20 02 50 26.773     2013 04 20 02 50 41.055      14.3
 2013 04 20 09 31 17.750     2013 04 20 09 31 39.706      22.0
168
 2013 04 20 22 27 59.809     2013 04 20 22 31 20.160     200.4
169
170
171
 2013 04 20 15 55 42.528     2013 04 20 15 56  4.586      22.1
172
 2013 04 20 13 28 22.081     2013 04 20 13 32   .339     218.3
173
 2013 04 20 05 48 45.605     2013 04 20 05 52 25.967     220.4
174
175
 2013 04 20 03 12 33.661     2013 04 20 03 16 19.777     226.1
 2013 04 20 18 33  3.795     2013 04 20 18 35 53.193     169.4
176
 2013 04 20 03 13 30.595     2013 04 20 03 14  4.702      34.1
177
 2013 04 20 10 00 19.491     2013 04 20 10 03 50.441     210.9
 2013 04 20 14 56 16.258     2013 04 20 14 59  1.098     164.8
178
 2013 04 20 06 23  4.687     2013 04 20 06 26  5.015     180.3
179
 2013 04 20 06 28 23.166     2013 04 20 06 31 28.740     185.6
 2013 04 20 20 01 43.201     2013 04 20 20 02 35.333      52.1
180
 2013 04 20 02 50 50.197     2013 04 20 02 51 17.808      27.6
 2013 04 20 11 03 14.275     2013 04 20 11 07  1.831     227.6
181
 2013 04 20 10 31 27.807     2013 04 20 10 34 52.687     204.9
 2013 04 20 22 16 37.600     2013 04 20 22 20  6.216     208.6
182
 2013 04 20 13 02  2.247     2013 04 20 13 02 23.532      21.3
 2013 04 20 21 18  6.217     2013 04 20 21 21 48.883     222.7
183
184
 2013 04 20 02 01 54.940     2013 04 20 02 02 46.732      51.8
 2013 04 20 10 18 32.642     2013 04 20 10 22  6.943     214.3
185
 2013 04 20 10 41 26.613     2013 04 20 10 44  6.956     160.3
 2013 04 20 18 58 16.190     2013 04 20 19 00 56.664     160.5
186
 2013 04 20 08 51 22.309     2013 04 20 08 54 13.648     171.3
187
 2013 04 20 06 28  1.830     2013 04 20 06 30 42.870     161.0
 2013 04 20 20 02 36.784     2013 04 20 20 06  5.979     209.2
188
 2013 04 20 05 06 55.417     2013 04 20 05 10 16.686     201.3
 2013 04 20 15 04 41.474     2013 04 20 15 07 59.611     198.1
189
 2013 04 20 04 14 16.320     2013 04 20 04 17 16.200     179.9
190
 2013 04 20 01 38 51.365     2013 04 20 01 41 30.118     158.8
 2013 04 20 16 59 32.410     2013 04 20 17 03  4.613     212.2
191
 2013 04 20 00 47 30.969     2013 04 20 00 47 54.733      23.8
 2013 04 20 17 48 58.721     2013 04 20 17 49 36.437      37.7
192
193
 2013 04 20 07 13 53.060     2013 04 20 07 17 23.490     210.4
 2013 04 20 20 51 54.662     2013 04 20 20 55  1.920     187.3
194
 2013 04 20 05 08 23.853     2013 04 20 05 09 43.400      79.5
 2013 04 20 13 31 47.502     2013 04 20 13 31 59.762      12.3
195
 2013 04 20 11 14 45.516     2013 04 20 11 15 28.449      42.9
 2013 04 20 23 08 15.968     2013 04 20 23 11 14.638     178.7
196
 2013 04 20 07 29 19.896     2013 04 20 07 32  2.578     162.7
197
 2013 04 20 03 16  4.851     2013 04 20 03 18  5.663     120.8
 2013 04 20 16 56 24.542     2013 04 20 16 59   .810     156.3
198
 2013 04 20 15 15 35.134     2013 04 20 15 19 18.165     223.0
199
200
 2013 04 20 05 50 19.138     2013 04 20 05 53 43.508     204.4
201
 2013 04 20 09 50 41.208     2013 04 20 09 53 29.354     168.1
 2013 04 20 19 48 56.994     2013 04 20 19 52 14.956     198.0
202
203
 2013 04 20 02 44 45.647     2013 04 20 02 47 25.392     159.7
 2013 04 20 12 44 21.416     2013 04 20 12 47 38.734     197.3
204
 2013 04 20 08 00 47.185     2013 04 20 08 03 39.459     172.3
 2013 04 20 21 38  1.662     2013 04 20 21 40 48.726     167.1
205
 2013 04 20 01 05 37.173     2013 04 20 01 06 19.924      42.8
206
 2013 04 20 06 48  5.575     2013 04 20 06 51 31.916     206.3
 2013 04 20 13 24 12.720     2013 04 20 13 27  5.606     172.9
207
 2013 04 20 15 21 50.807     2013 04 20 15 22 17.238      26.4
208
 2013 04 20 12 55 25.098     2013 04 20 12 55 54.631      29.5
 2013 04 20 23 05  4.305     2013 04 20 23 05 14.771      10.5
209
 2013 04 20 02 46 38.536     2013 04 20 02 49 24.763     166.2
210
 2013 04 20 06 40 11.843     2013 04 20 06 42 59.912     168.1
 2013 04 20 16 41 41.641     2013 04 20 16 44 16.954     155.3
211
212
 2013 04 20 06 48 38.975     2013 04 20 06 52 26.741     227.8
 2013 04 20 08 26 41.365     2013 04 20 08 30 12.349     211.0
 2013 04 20 13 22  6.648     2013 04 20 13 24 53.459     166.8
213
 2013 04 20 05 06 38.911     2013 04 20 05 10  1.185     202.3
 2013 04 20 15 06 14.983     2013 04 20 15 06 17.348       2.4
214
 2013 04 20 22 52 21.901     2013 04 20 22 55  5.194     163.3
215
 2013 04 20 02 38 24.035     2013 04 20 02 38 30.680       6.6
216
 2013 04 20 06 36 40.980     2013 04 20 06 39 50.335     189.4
217
218
 2013 04 20 08 04 22.163     2013 04 20 08 07 43.919     201.8
219
 2013 04 20 14 15 39.508     2013 04 20 14 16  7.999      28.5
220
 2013 04 20 16 38 35.684     2013 04 20 16 41 10.298     154.6
221
 2013 04 20 02 23 42.212     2013 04 20 02 26 20.150     157.9
 2013 04 20 17 46 39.057     2013 04 20 17 46 48.798       9.7
222
 2013 04 20 05 34 53.272     2013 04 20 05 38 12.731     199.5
 2013 04 20 20 55   .197     2013 04 20 20 58  9.139     188.9
223
224
 2013 04 20 13 47 39.299     2013 04 20 13 50 14.057     154.8
225
 2013 04 20 06 27 45.680     2013 04 20 06 30 25.348     159.7
 2013 04 20 20 03 20.260     2013 04 20 20 06 52.478     212.2
226
 2013 04 20 14 30 30.711     2013 04 20 14 33 23.684     173.0
227
 2013 04 20 12 19 16.588     2013 04 20 12 23  7.252     230.7
 2013 04 20 18 55 37.172     2013 04 20 18 58 16.476     159.3
228
 2013 04 20 02 37 58.274     2013 04 20 02 40 54.387     176.1
 2013 04 20 14 25 42.661     2013 04 20 14 29 23.635     221.0
229
 2013 04 20 04 53  4.439     2013 04 20 04 56  1.231     176.8
 2013 04 20 18 28 57.774     2013 04 20 18 31  4.467     126.7
230
 2013 04 20 16 15 45.568     2013 04 20 16 18 21.681     156.1
 2013 04 20 22 50 36.556     2013 04 20 22 53 32.788     176.2
231
232
233
 2013 04 20 02 20 33.190     2013 04 20 02 23 11.601     158.4
 2013 04 20 19 24 47.923     2013 04 20 19 28  3.192     195.3
234
 2013 04 20 08 01 17.344     2013 04 20 08 04 53.506     216.2
 2013 04 20 21 37 14.110     2013 04 20 21 39 47.672     153.6
235
 2013 04 20 00 10 46.612     2013 04 20 00 13 34.883     168.3
236
 2013 04 20 09 52 59.613     2013 04 20 09 55 46.217     166.6
 2013 04 20 18 13 48.707     2013 04 20 18 13 52.247       3.5
237
 2013 04 20 00 24 50.353     2013 04 20 00 28 15.176     204.8
238
239
 2013 04 20 15 08 15.612     2013 04 20 15 11 41.263     205.7
240
 2013 04 20 15 17 51.889     2013 04 20 15 21 10.510     198.6
241
 2013 04 20 04 52 20.925     2013 04 20 04 54 55.937     155.0
 2013 04 20 18 29 13.751     2013 04 20 18 31 49.535     155.8
242
 2013 04 20 07 30 14.856     2013 04 20 07 33 12.023     177.2
243
244
 2013 04 20 05 09 19.645     2013 04 20 05 09 46.712      27.1
 2013 04 20 15 04 58.115     2013 04 20 15 07 31.835     153.7
245
 2013 04 20 23 10  1.308     2013 04 20 23 13  1.254     179.9
246
 2013 04 20 03 55 31.288     2013 04 20 03 58  7.187     155.9
 2013 04 20 20 59 47.624     2013 04 20 21 02 38.932     171.3
247
 2013 04 20 01 48 14.625     2013 04 20 01 51 21.876     187.3
 2013 04 20 13 40  6.359     2013 04 20 13 43   .290     173.9
248
 2013 04 20 06 25  8.585     2013 04 20 06 28 51.930     223.3
 2013 04 20 20 05  4.009     2013 04 20 20 06 25.736      81.7
249
 2013 04 20 02 31 22.772     2013 04 20 02 34 32.644     189.9
 2013 04 20 16 05 50.583     2013 04 20 16 09  4.189     193.6
250
 2013 04 20 04 43 23.397     2013 04 20 04 46 11.695     168.3
 2013 04 20 21 46 49.546     2013 04 20 21 49 28.466     158.9
251
 2013 04 20 02 24 12.095     2013 04 20 02 26 57.454     165.4
 2013 04 20 17 47 41.334     2013 04 20 17 50 40.664     179.3
252
 2013 04 20 08 52 26.014     2013 04 20 08 52 32.337       6.3
 2013 04 20 20 46 33.452     2013 04 20 20 49 51.073     197.6
253
254
 2013 04 20 05 49 38.086     2013 04 20 05 52 11.929     153.8
255
 2013 04 20 11 07  2.179     2013 04 20 11 07 47.707      45.5
256
257
 2013 04 20 19 06 29.439     2013 04 20 19 09  7.010     157.6
258
259
 2013 04 20 14 15 23.736     2013 04 20 14 19 11.418     227.7
260
 2013 04 20 07 28 46.453     2013 04 20 07 30  2.783      76.3
 2013 04 20 17 26 57.686     2013 04 20 17 30 40.408     222.7
261
 2013 04 20 09 09  1.943     2013 04 20 09 11 45.639     163.7
262
 2013 04 20 10 40 41.910     2013 04 20 10 44 25.476     223.6
 2013 04 20 18 56 35.027     2013 04 20 18 59 40.672     185.6
263
 2013 04 20 14 36 42.780     2013 04 20 14 39 21.541     158.8
 2013 04 20 22 57 46.329     2013 04 20 22 58 15.097      28.8
264
 2013 04 20 00 00   .000     2013 04 20 00 03 24.714     204.7
 2013 04 20 17 02 14.416     2013 04 20 17 05 21.356     186.9
 2013 04 20 23 38  7.521     2013 04 20 23 41 56.026     228.5
265
 2013 04 20 00 25 59.026     2013 04 20 00 28 39.959     160.9
 2013 04 20 08 43 22.298     2013 04 20 08 46 46.326     204.0
266
267
 2013 04 20 06 31 56.641     2013 04 20 06 34 58.936     182.3
 2013 04 20 18 23 44.342     2013 04 20 18 26 43.126     178.8
268
 2013 04 20 00 10 20.105     2013 04 20 00 13 52.144     212.0
269
 2013 04 20 15 17 48.272     2013 04 20 15 20 23.086     154.8
270
 2013 04 20 02 41 59.071     2013 04 20 02 44 52.491     173.4
 2013 04 20 12 45 29.648     2013 04 20 12 49 15.881     226.2
271
 2013 04 20 00 29 41.843     2013 04 20 00 33 24.245     222.4
 2013 04 20 07 06  6.234     2013 04 20 07 08 59.170     172.9
272
 2013 04 20 03 59 32.017     2013 04 20 04 02 27.416     175.4
 2013 04 20 19 22 28.577     2013 04 20 19 25  5.665     157.1
273
 2013 04 20 07 31  7.187     2013 04 20 07 33 55.234     168.0
 2013 04 20 15 48 54.860     2013 04 20 15 49 22.126      27.3
274
275
 2013 04 20 00 25 54.313     2013 04 20 00 29 42.923     228.6
 2013 04 20 08 44 34.456     2013 04 20 08 47 16.118     161.7
276
 2013 04 20 10 31  3.473     2013 04 20 10 33 56.881     173.4
 2013 04 20 22 17 34.130     2013 04 20 22 20 35.951     181.8
277
 2013 04 20 05 48   .407     2013 04 20 05 50 34.192     153.8
 2013 04 20 17 33 36.572     2013 04 20 17 34 25.986      49.4
278
279
280
 2013 04 20 07 25 27.974     2013 04 20 07 26 28.450      60.5
 2013 04 20 17 30 11.834     2013 04 20 17 33 10.610     178.8
281
282
283
284
 2013 04 20 04 21 29.404     2013 04 20 04 24  4.969     155.6
285
 2013 04 20 02 28  3.096     2013 04 20 02 31 25.039     201.9
286
 2013 04 20 08 47 25.520     2013 04 20 08 50 44.315     198.8
 2013 04 20 22 27  3.811     2013 04 20 22 29 41.018     157.2
287
 2013 04 20 10 32 44.111     2013 04 20 10 36 29.366     225.3
288
 2013 04 20 09 13 23.468     2013 04 20 09 13 24.524       1.1
 2013 04 20 10 47 19.610     2013 04 20 10 51  2.590     223.0
 2013 04 20 15 43 28.740     2013 04 20 15 46 26.003     177.3
289
 2013 04 20 03 09  8.659     2013 04 20 03 12 41.522     212.9
 2013 04 20 20 11 21.323     2013 04 20 20 14 43.250     201.9
290
 2013 04 20 09 38 40.451     2013 04 20 09 39 55.683      75.2
 2013 04 20 23 11 28.396     2013 04 20 23 14  4.177     155.8
291
 2013 04 20 02 37 52.175     2013 04 20 02 39   .436      68.3
292
 2013 04 20 04 56 36.457     2013 04 20 04 57 12.060      35.6
 2013 04 20 18 26 57.351     2013 04 20 18 30 14.253     196.9
293
294
295
 2013 04 20 03 14 12.553     2013 04 20 03 14 22.887      10.3
296
 2013 04 20 11 07 40.212     2013 04 20 11 10 58.008     197.8
297
 2013 04 20 07 36 45.559     2013 04 20 07 39 41.053     175.5
 2013 04 20 14 11 11.111     2013 04 20 14 14  8.223     177.1
298
 2013 04 20 00 17 32.744     2013 04 20 00 20 33.066     180.3
299
 2013 04 20 08 54 43.282     2013 04 20 08 57 47.552     184.3
 2013 04 20 20 45 22.791     2013 04 20 20 47 56.909     154.1
300
 2013 04 20 01 56 54.004     2013 04 20 01 59 28.194     154.2
 2013 04 20 11 57 20.496     2013 04 20 11 59 57.056     156.6
301
 2013 04 20 01 12 53.769     2013 04 20 01 15 37.267     163.5
 2013 04 20 09 30 31.756     2013 04 20 09 30 57.381      25.6
302
 2013 04 20 02 19 21.577     2013 04 20 02 22  7.336     165.8
 2013 04 20 21 02 17.684     2013 04 20 21 05 19.891     182.2
303
 2013 04 20 15 10 17.042     2013 04 20 15 13  5.629     168.6
304
 2013 04 20 03 27 55.727     2013 04 20 03 30 47.538     171.8
305
306
 2013 04 20 06 01 23.950     2013 04 20 06 04 53.438     209.5
 2013 04 20 07 39 10.113     2013 04 20 07 43  4.476     234.4
 2013 04 20 12 35  2.631     2013 04 20 12 37 45.934     163.3
307
 2013 04 20 06 49  1.461     2013 04 20 06 52  1.555     180.1
 2013 04 20 13 24  5.828     2013 04 20 13 26 43.100     157.3
308
309
 2013 04 20 00 16 24.603     2013 04 20 00 19 48.776     204.2
 2013 04 20 12 02 18.625     2013 04 20 12 05 22.295     183.7
310
 2013 04 20 04 23 35.280     2013 04 20 04 26 49.588     194.3
 2013 04 20 12 38 41.855     2013 04 20 12 41 20.714     158.9
311
 2013 04 20 17 30 39.511     2013 04 20 17 33 23.745     164.2
312
 2013 04 20 16 51 46.721     2013 04 20 16 54 22.214     155.5
313
 2013 04 20 00 00   .000     2013 04 20 00 02 47.746     167.7
 2013 04 20 17 02 27.114     2013 04 20 17 05  5.560     158.4
 2013 04 20 23 37 34.697     2013 04 20 23 41 18.768     224.1
314
 2013 04 20 04 21 26.118     2013 04 20 04 24 48.585     202.5
315
 2013 04 20 06 01  5.002     2013 04 20 06 03 49.670     164.7
 2013 04 20 12 36 17.061     2013 04 20 12 39 10.419     173.4
316
 2013 04 20 06 51 14.885     2013 04 20 06 54 22.602     187.7
 2013 04 20 11 46 49.544     2013 04 20 11 49 34.206     164.7
317
 2013 04 20 04 45 59.299     2013 04 20 04 49  7.448     188.1
 2013 04 20 20 08 11.823     2013 04 20 20 11 19.534     187.7
318
 2013 04 20 05 32 18.548     2013 04 20 05 33 18.713      60.2
 2013 04 20 20 57 40.336     2013 04 20 21 00 58.460     198.1
319
 2013 04 20 02 01 22.412     2013 04 20 02 03 57.749     155.3
 2013 04 20 10 17 46.927     2013 04 20 10 20 27.694     160.8
320
 2013 04 20 07 58 21.336     2013 04 20 07 58 38.168      16.8
 2013 04 20 21 40 17.887     2013 04 20 21 43 57.847     220.0
321
 2013 04 20 03 13 35.656     2013 04 20 03 17 18.214     222.6
 2013 04 20 18 32 13.219     2013 04 20 18 32 26.825      13.6
322
 2013 04 20 14 24   .143     2013 04 20 14 26 51.368     171.2
323
 2013 04 20 05 15 15.971     2013 04 20 05 17 59.855     163.9
 2013 04 20 10 09 55.029     2013 04 20 10 10 35.353      40.3
 2013 04 20 11 48 11.643     2013 04 20 11 51 34.338     202.7
324
 2013 04 20 04 10 12.420     2013 04 20 04 12 52.785     160.4
 2013 04 20 16 00 26.830     2013 04 20 16 00 33.182       6.4
325
 2013 04 20 12 16 11.026     2013 04 20 12 19 47.970     216.9
 2013 04 20 20 31 18.459     2013 04 20 20 33 55.761     157.3
326
 2013 04 20 08 45 51.970     2013 04 20 08 49 29.288     217.3
 2013 04 20 22 30  2.108     2013 04 20 22 31  6.985      64.9
327
 2013 04 20 09 00  5.534     2013 04 20 09 01 11.364      65.8
 2013 04 20 19 04 45.338     2013 04 20 19 07 41.884     176.5
328
329
 2013 04 20 05 59 48.338     2013 04 20 06 03 34.227     225.9
 2013 04 20 12 34 15.023     2013 04 20 12 37 50.211     215.2
330
 2013 04 20 07 20  3.377     2013 04 20 07 23  8.154     184.8
 2013 04 20 19 09  7.721     2013 04 20 19 12 11.744     184.0
331
 2013 04 20 15 21 47.591     2013 04 20 15 25 31.302     223.7
332
 2013 04 20 17 05 53.268     2013 04 20 17 08 48.376     175.1
 2013 04 20 22 01 14.663     2013 04 20 22 04  3.258     168.6
333
334
 2013 04 20 02 24 15.511     2013 04 20 02 27  9.625     174.1
 2013 04 20 17 47 54.479     2013 04 20 17 50 44.546     170.1
335
 2013 04 20 04 09 20.255     2013 04 20 04 12 58.051     217.8
336
 2013 04 20 22 08 48.152     2013 04 20 22 11 43.945     175.8
337
 2013 04 20 06 40 20.214     2013 04 20 06 43   .659     160.4
 2013 04 20 16 40 51.400     2013 04 20 16 43 25.170     153.8
338
 2013 04 20 01 33 29.501     2013 04 20 01 36 50.550     201.0
 2013 04 20 18 38 56.160     2013 04 20 18 41 44.294     168.1
 2013 04 20 23 33 33.471     2013 04 20 23 33 40.287       6.8
339
340
 2013 04 20 03 38 24.233     2013 04 20 03 41   .236     156.0
 2013 04 20 10 16 48.486     2013 04 20 10 17 21.300      32.8
341
 2013 04 20 19 12  9.883     2013 04 20 19 14 46.781     156.9
342
 2013 04 20 04 52 44.525     2013 04 20 04 53 48.445      63.9
343
 2013 04 20 16 09 37.619     2013 04 20 16 12 20.191     162.6
344
 2013 04 20 07 10 50.077     2013 04 20 07 13 57.006     186.9
345
346
 2013 04 20 04 50 29.404     2013 04 20 04 53 30.160     180.8
 2013 04 20 18 32 27.653     2013 04 20 18 32 40.755      13.1
347
 2013 04 20 05 34  5.966     2013 04 20 05 36 40.993     155.0
 2013 04 20 20 56 22.809     2013 04 20 20 58 59.035     156.2
348
 2013 04 20 05 03 16.813     2013 04 20 05 06 38.001     201.2
349
 2013 04 20 13 36 30.901     2013 04 20 13 37 11.447      40.5
350
351
 2013 04 20 05 35 16.318     2013 04 20 05 38 34.180     197.9
 2013 04 20 20 54 41.433     2013 04 20 20 58 21.358     219.9
352
 2013 04 20 18 40 17.673     2013 04 20 18 42 56.533     158.9
 2013 04 20 23 35 16.636     2013 04 20 23 38  9.310     172.7
353
 2013 04 20 02 27 38.170     2013 04 20 02 30 14.434     156.3
354
 2013 04 20 02 30 45.221     2013 04 20 02 33 20.347     155.1
 2013 04 20 16 07 25.168     2013 04 20 16 10 14.443     169.3
355
356
 2013 04 20 07 54 25.661     2013 04 20 07 57 20.692     175.0
357
 2013 04 20 02 05  6.797     2013 04 20 02 07 52.155     165.4
 2013 04 20 08 39 16.730     2013 04 20 08 41 52.527     155.8
358
 2013 04 20 04 01  7.194     2013 04 20 04 04  5.126     177.9
 2013 04 20 19 20  5.407     2013 04 20 19 20 22.578      17.2
359
 2013 04 20 06 25 37.302     2013 04 20 06 28 16.007     158.7
 2013 04 20 20 03 46.250     2013 04 20 20 07  7.002     200.8
360
 2013 04 20 20 48 35.153     2013 04 20 20 51 15.689     160.5
361
362
 2013 04 20 08 19 51.594     2013 04 20 08 22 30.967     159.4
 2013 04 20 16 35 50.225     2013 04 20 16 38 26.040     155.8
363
 2013 04 20 04 52 13.516     2013 04 20 04 55 20.573     187.1
 2013 04 20 18 28 29.742     2013 04 20 18 31  3.388     153.6
364
365
 2013 04 20 08 48 53.737     2013 04 20 08 49 22.523      28.8
366
 2013 04 20 17 43 48.333     2013 04 20 17 46 46.997     178.7
367
 2013 04 20 01 20 34.207     2013 04 20 01 23 33.628     179.4
 2013 04 20 06 15 52.889     2013 04 20 06 18 31.324     158.4
368
 2013 04 20 03 40 30.613     2013 04 20 03 43 36.048     185.4
 2013 04 20 05 18  6.545     2013 04 20 05 19 35.467      88.9
 2013 04 20 08 35  9.163     2013 04 20 08 38 49.346     220.2
 2013 04 20 10 13 12.925     2013 04 20 10 16 39.268     206.3
369
 2013 04 20 07 59 25.169     2013 04 20 08 02 33.173     188.0
370
 2013 04 20 08 45 55.025     2013 04 20 08 49  1.157     186.1
371
 2013 04 20 23 09 53.564     2013 04 20 23 12 29.832     156.3
372
 2013 04 20 08 05 40.385     2013 04 20 08 09 22.735     222.4
 2013 04 20 19 58 53.629     2013 04 20 20 02  5.295     191.7
373
 2013 04 20 05 13 37.172     2013 04 20 05 17 18.067     220.9
 2013 04 20 11 49 54.261     2013 04 20 11 52 37.392     163.1
374
 2013 04 20 08 11 44.849     2013 04 20 08 12 21.775      36.9
375
 2013 04 20 09 34  9.423     2013 04 20 09 37   .259     170.8
 2013 04 20 23 16 35.843     2013 04 20 23 16 37.950       2.1
376
 2013 04 20 07 36 22.320     2013 04 20 07 39 23.811     181.5
 2013 04 20 14 11 22.117     2013 04 20 14 14  3.373     161.3
377
378
 2013 04 20 08 00 25.248     2013 04 20 08 03 25.451     180.2
 2013 04 20 21 37 51.900     2013 04 20 21 40 58.710     186.8
379
 2013 04 20 02 39  3.474     2013 04 20 02 42 29.905     206.4
 2013 04 20 14 23 14.662     2013 04 20 14 23 50.325      35.7
380
 2013 04 20 06 47  9.655     2013 04 20 06 49 49.774     160.1
381
 2013 04 20 00 04 41.472     2013 04 20 00 08 21.482     220.0
 2013 04 20 23 43 14.876     2013 04 20 23 46 44.103     209.2
382
 2013 04 20 06 38 20.760     2013 04 20 06 41 18.167     177.4
383
384
 2013 04 20 07 08 30.078     2013 04 20 07 11 50.949     200.9
 2013 04 20 22 31 55.963     2013 04 20 22 34 35.604     159.6
385
 2013 04 20 01 18 24.704     2013 04 20 01 21 12.191     167.5
 2013 04 20 07 51 52.411     2013 04 20 07 54 49.357     176.9
386
 2013 04 20 14 23  4.366     2013 04 20 14 26  2.435     178.1
387
 2013 04 20 00 18   .598     2013 04 20 00 20 55.016     174.4
388
 2013 04 20 08 00 22.775     2013 04 20 08 03 24.839     182.1
 2013 04 20 21 39 29.490     2013 04 20 21 42  7.002     157.5
389
 2013 04 20 19 46 59.846     2013 04 20 19 50 35.847     216.0
390
 2013 04 20 05 06 28.538     2013 04 20 05 09 53.304     204.8
 2013 04 20 15 05  2.859     2013 04 20 15 07 53.859     171.0
391
 2013 04 20 03 32 53.073     2013 04 20 03 35 45.724     172.7
 2013 04 20 13 30  3.602     2013 04 20 13 30 58.489      54.9
392
 2013 04 20 09 41 55.472     2013 04 20 09 45 36.294     220.8
 2013 04 20 21 32 51.205     2013 04 20 21 35 35.002     163.8
393
 2013 04 20 18 12 17.246     2013 04 20 18 15 10.839     173.6
394
 2013 04 20 04 49 20.192     2013 04 20 04 51 55.781     155.6
395
 2013 04 20 16 56 26.801     2013 04 20 16 59 17.438     170.6
396
 2013 04 20 08 58 39.768     2013 04 20 09 02  4.490     204.7
397
 2013 04 20 03 56 33.461     2013 04 20 04 00  4.878     211.4
 2013 04 20 21 00 54.857     2013 04 20 21 04  5.228     190.4
398
 2013 04 20 01 41 22.019     2013 04 20 01 43 58.456     156.4
 2013 04 20 15 23 30.690     2013 04 20 15 24  5.504      34.8
399
 2013 04 20 08 11 27.528     2013 04 20 08 14 35.386     187.9
400
 2013 04 20 07 57 35.597     2013 04 20 08 00 11.914     156.3
 2013 04 20 23 17 16.329     2013 04 20 23 17 29.502      13.2
401
 2013 04 20 10 37 10.993     2013 04 20 10 40  4.999     174.0
 2013 04 20 20 36 45.193     2013 04 20 20 39 24.828     159.6
402
 2013 04 20 08 03 52.282     2013 04 20 08 06 46.828     174.5
403
 2013 04 20 17 30 50.036     2013 04 20 17 34 14.161     204.1
404
 2013 04 20 09 52 19.023     2013 04 20 09 55 47.613     208.6
405
 2013 04 20 04 00 56.983     2013 04 20 04 03 45.421     168.4
 2013 04 20 19 21 20.557     2013 04 20 19 21 40.945      20.4
406
 2013 04 20 00 20 56.998     2013 04 20 00 23 36.005     159.0
 2013 04 20 10 23 23.378     2013 04 20 10 26 28.449     185.1
407
408
 2013 04 20 18 12 46.382     2013 04 20 18 15 33.271     166.9
409
 2013 04 20 01 54 14.943     2013 04 20 01 57  8.514     173.6
410
 2013 04 20 22 21 20.040     2013 04 20 22 24 22.206     182.2
411
 2013 04 20 05 01 36.552     2013 04 20 05 04 42.715     186.2
412
 2013 04 20 12 11 19.039     2013 04 20 12 14  8.200     169.2
 2013 04 20 22 11 37.759     2013 04 20 22 14 13.346     155.6
413
 2013 04 20 02 51 20.071     2013 04 20 02 51 29.213       9.1
 2013 04 20 11 03 15.195     2013 04 20 11 06 50.943     215.7
414
 2013 04 20 01 09 47.445     2013 04 20 01 13 27.964     220.5
 2013 04 20 11 10 14.948     2013 04 20 11 11 10.250      55.3
415
 2013 04 20 03 13 59.745     2013 04 20 03 16 48.628     168.9
416
 2013 04 20 06 32 51.164     2013 04 20 06 33 49.898      58.7
 2013 04 20 18 21 15.120     2013 04 20 18 24 11.239     176.1
417
 2013 04 20 01 49  5.631     2013 04 20 01 51 39.605     154.0
 2013 04 20 13 38 59.817     2013 04 20 13 41 52.497     172.7
418
 2013 04 20 04 49 56.990     2013 04 20 04 53 22.412     205.4
419
 2013 04 20 06 36 27.512     2013 04 20 06 37 31.637      64.1
 2013 04 20 18 20 57.149     2013 04 20 18 23 29.932     152.8
420
 2013 04 20 00 52 30.797     2013 04 20 00 55 48.902     198.1
421
 2013 04 20 03 58 56.880     2013 04 20 04 02 26.142     209.3
 2013 04 20 19 20 45.953     2013 04 20 19 23 31.461     165.5
422
 2013 04 20 10 42 58.481     2013 04 20 10 46 33.158     214.7
423
 2013 04 20 08 47 17.889     2013 04 20 08 50 12.652     174.8
 2013 04 20 22 25  9.531     2013 04 20 22 28 46.833     217.3
424
 2013 04 20 08 16 31.446     2013 04 20 08 19 45.316     193.9
 2013 04 20 18 13 27.790     2013 04 20 18 14 38.443      70.7
425
 2013 04 20 06 40 23.688     2013 04 20 06 40 41.171      17.5
 2013 04 20 16 39 39.789     2013 04 20 16 42 13.847     154.1
426
427
 2013 04 20 02 31 15.433     2013 04 20 02 34 46.496     211.1
428
 2013 04 20 11 16 18.393     2013 04 20 11 18 53.781     155.4
 2013 04 20 23 06 44.007     2013 04 20 23 09 38.642     174.6
429
 2013 04 20 02 47 25.610     2013 04 20 02 50 36.977     191.4
 2013 04 20 11 03 46.994     2013 04 20 11 03 53.408       6.4
430
 2013 04 20 20 40  6.728     2013 04 20 20 42 56.183     169.5
431
 2013 04 20 06 25 36.091     2013 04 20 06 28 46.384     190.3
 2013 04 20 20 05  4.105     2013 04 20 20 07 43.938     159.8
432
 2013 04 20 15 17 51.388     2013 04 20 15 21 11.385     200.0
433
 2013 04 20 15 15 12.594     2013 04 20 15 17 48.627     156.0
434
435
 2013 04 20 20 30  4.808     2013 04 20 20 33 51.305     226.5
436
 2013 04 20 09 58 32.029     2013 04 20 10 02  4.885     212.9
 2013 04 20 16 33 29.657     2013 04 20 16 36 34.884     185.2
437
 2013 04 20 01 49 27.559     2013 04 20 01 52 11.541     164.0
 2013 04 20 13 38 31.294     2013 04 20 13 41 14.057     162.8
438
 2013 04 20 13 51 15.496     2013 04 20 13 53 53.752     158.3
 2013 04 20 22 06 47.189     2013 04 20 22 09 27.728     160.5
439
 2013 04 20 01 16 20.746     2013 04 20 01 18 57.431     156.7
440
 2013 04 20 05 09 23.791     2013 04 20 05 09 45.687      21.9
 2013 04 20 15 04 57.947     2013 04 20 15 07 31.668     153.7
441
 2013 04 20 07 32 16.726     2013 04 20 07 34 54.513     157.8
 2013 04 20 15 48 36.513     2013 04 20 15 51 21.921     165.4
442
 2013 04 20 13 52 55.929     2013 04 20 13 56 21.134     205.2
 2013 04 20 20 27 23.388     2013 04 20 20 30 52.243     208.9
443
 2013 04 20 00 24 55.349     2013 04 20 00 26 49.975     114.6
 2013 04 20 08 44 12.361     2013 04 20 08 44 45.360      33.0
444
 2013 04 20 04 46 26.150     2013 04 20 04 50 11.501     225.4
 2013 04 20 20 10 18.068     2013 04 20 20 12 59.210     161.1
445
 2013 04 20 16 03 39.693     2013 04 20 16 07  4.498     204.8
446
 2013 04 20 21 38 29.080     2013 04 20 21 39 17.763      48.7
447
 2013 04 20 04 10 52.425     2013 04 20 04 13 47.631     175.2
 2013 04 20 16 00  9.639     2013 04 20 16 03 15.992     186.4
448
 2013 04 20 03 23 34.185     2013 04 20 03 26 35.586     181.4
 2013 04 20 15 12 45.726     2013 04 20 15 15 53.350     187.6
449
 2013 04 20 05 33  4.235     2013 04 20 05 36  4.876     180.6
 2013 04 20 20 55 28.844     2013 04 20 20 58 55.195     206.4
450
 2013 04 20 10 15 32.581     2013 04 20 10 18 59.816     207.2
451
 2013 04 20 08 01 53.850     2013 04 20 08 01 57.692       3.8
452
 2013 04 20 16 57  1.150     2013 04 20 17 00   .031     178.9
453
 2013 04 20 01 45 15.742     2013 04 20 01 48 31.741     196.0
454
 2013 04 20 19 22 33.186     2013 04 20 19 23 39.331      66.1
455
456
 2013 04 20 02 37 11.255     2013 04 20 02 40  5.435     174.2
 2013 04 20 14 26 30.395     2013 04 20 14 29 19.812     169.4
457
 2013 04 20 13 54 43.734     2013 04 20 13 57 31.535     167.8
 2013 04 20 20 29 24.483     2013 04 20 20 32  5.572     161.1
458
 2013 04 20 19 19 55.421     2013 04 20 19 23 24.407     209.0
459
 2013 04 20 12 18 59.550     2013 04 20 12 22 47.096     227.5
 2013 04 20 18 55 27.378     2013 04 20 18 58 17.994     170.6
460
461
 2013 04 20 03 36 39.950     2013 04 20 03 39 38.582     178.6
 2013 04 20 11 52 45.437     2013 04 20 11 55 44.029     178.6
462
 2013 04 20 04 28 12.530     2013 04 20 04 29 51.153      98.6
 2013 04 20 09 24 28.522     2013 04 20 09 25 10.866      42.3
463
 2013 04 20 21 34 50.106     2013 04 20 21 38  8.296     198.2
464
 2013 04 20 02 46 28.413     2013 04 20 02 50  9.514     221.1
465
 2013 04 20 08 18 19.640     2013 04 20 08 21  3.468     163.8
466
 2013 04 20 10 26 58.202     2013 04 20 10 30 39.243     221.0
467
 2013 04 20 04 52  2.986     2013 04 20 04 52 53.780      50.8
 2013 04 20 18 27 58.250     2013 04 20 18 30 31.815     153.6
468
469
 2013 04 20 12 20 17.688     2013 04 20 12 22 56.979     159.3
 2013 04 20 18 54 34.543     2013 04 20 18 57 18.846     164.3
470
 2013 04 20 21 34  9.793     2013 04 20 21 36 43.485     153.7
471
 2013 04 20 16 42 24.742     2013 04 20 16 42 48.429      23.7
472
 2013 04 20 12 09 48.441     2013 04 20 12 12 41.010     172.6
 2013 04 20 22 14 44.640     2013 04 20 22 15 28.974      44.3
473
 2013 04 20 08 19  3.018     2013 04 20 08 20 16.140      73.1
 2013 04 20 16 37 29.658     2013 04 20 16 40  3.893     154.2
474
 2013 04 20 08 20 37.318     2013 04 20 08 23 45.554     188.2
 2013 04 20 16 36 19.937     2013 04 20 16 39 44.607     204.7
475
 2013 04 20 20 56 42.894     2013 04 20 20 57 30.377      47.5
476
477
 2013 04 20 02 03  5.344     2013 04 20 02 05 45.356     160.0
 2013 04 20 10 17  7.038     2013 04 20 10 17 38.310      31.3
478
 2013 04 20 08 20 18.793     2013 04 20 08 23 42.479     203.7
 2013 04 20 16 36 39.149     2013 04 20 16 39 52.170     193.0
479
 2013 04 20 09 41 12.551     2013 04 20 09 44 21.396     188.8
 2013 04 20 21 33 41.094     2013 04 20 21 34 44.692      63.6
480
 2013 04 20 08 54 52.417     2013 04 20 08 58 23.677     211.3
 2013 04 20 20 45 22.067     2013 04 20 20 48 11.666     169.6
481
 2013 04 20 14 41 20.293     2013 04 20 14 42  9.444      49.2
 2013 04 20 22 52 50.233     2013 04 20 22 55 31.157     160.9
482
 2013 04 20 09 46 58.505     2013 04 20 09 47 46.472      48.0
 2013 04 20 21 29 15.300     2013 04 20 21 32 19.972     184.7
483
 2013 04 20 02 19  2.508     2013 04 20 02 22  7.111     184.6
 2013 04 20 21 01 56.565     2013 04 20 21 04 58.426     181.9
484
 2013 04 20 18 20 16.241     2013 04 20 18 22 50.421     154.2
485
 2013 04 20 08 03 26.823     2013 04 20 08 06 43.334     196.5
486
487
 2013 04 20 05 00 31.418     2013 04 20 05 03 28.850     177.4
488
 2013 04 20 04 26  1.761     2013 04 20 04 29 22.612     200.9
 2013 04 20 11 02  6.909     2013 04 20 11 05 16.705     189.8
489
 2013 04 20 06 22 16.514     2013 04 20 06 25 28.417     191.9
 2013 04 20 21 42 20.169     2013 04 20 21 45 33.274     193.1
490
 2013 04 20 00 16 29.038     2013 04 20 00 17  1.171      32.1
491
 2013 04 20 16 15 51.081     2013 04 20 16 19  7.586     196.5
 2013 04 20 22 49 54.267     2013 04 20 22 52 30.479     156.2
492
 2013 04 20 01 43 19.503     2013 04 20 01 45 54.414     154.9
 2013 04 20 15 20  8.677     2013 04 20 15 22 49.271     160.6
493
 2013 04 20 02 23 20.578     2013 04 20 02 26 17.577     177.0
494
 2013 04 20 02 36 19.316     2013 04 20 02 39 21.580     182.3
 2013 04 20 14 27  8.645     2013 04 20 14 29 42.440     153.8
495
 2013 04 20 01 56  9.872     2013 04 20 01 59 48.633     218.8
 2013 04 20 11 56 15.321     2013 04 20 11 58 57.777     162.5
496
497
 2013 04 20 09 54  4.605     2013 04 20 09 56 51.037     166.4
 2013 04 20 18 10 11.474     2013 04 20 18 12 57.552     166.1
498
 2013 04 20 09 50 21.514     2013 04 20 09 51 25.213      63.7
499
 2013 04 20 14 33 45.219     2013 04 20 14 33 56.179      11.0
500
 2013 04 20 13 47 39.631     2013 04 20 13 50 20.188     160.6
501
 2013 04 20 07 17   .707     2013 04 20 07 19 45.549     164.8
502
 2013 04 20 07 15 39.220     2013 04 20 07 19   .805     201.6
503
504
 2013 04 20 03 17 25.028     2013 04 20 03 20 23.632     178.6
 2013 04 20 16 55 24.794     2013 04 20 16 58  5.822     161.0
505
 2013 04 20 02 26 20.505     2013 04 20 02 26 24.842       4.3
506
 2013 04 20 14 41 43.683     2013 04 20 14 41 55.079      11.4
 2013 04 20 21 17 40.882     2013 04 20 21 20 30.389     169.5
507
 2013 04 20 09 41 44.208     2013 04 20 09 45  4.314     200.1
 2013 04 20 21 32 54.489     2013 04 20 21 35 27.374     152.9
508
 2013 04 20 11 26 30.158     2013 04 20 11 29  7.172     157.0
509
 2013 04 20 12 00 42.886     2013 04 20 12 04  8.008     205.1
510
 2013 04 20 02 17 30.103     2013 04 20 02 20 57.587     207.5
 2013 04 20 03 55  9.085     2013 04 20 03 56 21.379      72.3
 2013 04 20 21 01 13.675     2013 04 20 21 03 59.135     165.5
511
 2013 04 20 11 27 12.706     2013 04 20 11 29 48.523     155.8
512
 2013 04 20 01 55 46.477     2013 04 20 01 57  7.974      81.5
513
 2013 04 20 13 04  4.370     2013 04 20 13 07 53.405     229.0
 2013 04 20 21 18  7.824     2013 04 20 21 21  9.865     182.0
514
 2013 04 20 04 25 22.251     2013 04 20 04 29  7.569     225.3
 2013 04 20 10 59 47.801     2013 04 20 11 03 11.692     203.9
515
 2013 04 20 12 01 19.336     2013 04 20 12 03 52.282     152.9
516
 2013 04 20 19 52 29.664     2013 04 20 19 56 14.232     224.6
517
 2013 04 20 02 03  3.238     2013 04 20 02 05 44.446     161.2
 2013 04 20 10 16 37.589     2013 04 20 10 18 34.413     116.8
518
 2013 04 20 17 44 52.805     2013 04 20 17 47 30.468     157.7
519
520
 2013 04 20 08 19 51.151     2013 04 20 08 22 58.584     187.4
 2013 04 20 16 35 16.755     2013 04 20 16 37 51.633     154.9
521
 2013 04 20 02 50 32.023     2013 04 20 02 51 11.018      39.0
 2013 04 20 11 03 13.167     2013 04 20 11 03 48.446      35.3
522
523
 2013 04 20 09 10 16.966     2013 04 20 09 13 28.030     191.1
 2013 04 20 15 44 23.692     2013 04 20 15 47  2.156     158.5
524
 2013 04 20 08 12 13.218     2013 04 20 08 15 32.069     198.9
525
 2013 04 20 01 36 24.548     2013 04 20 01 39 10.089     165.5
 2013 04 20 17 00  6.017     2013 04 20 17 03 46.245     220.2
526
527
 2013 04 20 01 35 17.971     2013 04 20 01 38  3.555     165.6
 2013 04 20 18 38  9.972     2013 04 20 18 41 46.449     216.5
528
 2013 04 20 12 37 51.126     2013 04 20 12 40 28.255     157.1
529
 2013 04 20 13 49 38.493     2013 04 20 13 52 35.617     177.1
 2013 04 20 22 06  4.300     2013 04 20 22 09 49.391     225.1
530
 2013 04 20 11 14 33.614     2013 04 20 11 17 11.149     157.5
531
 2013 04 20 05 52 52.158     2013 04 20 05 55 57.465     185.3
 2013 04 20 15 54 33.645     2013 04 20 15 57 17.550     163.9
532
 2013 04 20 05 08 39.730     2013 04 20 05 08 41.764       2.0
 2013 04 20 15 04 55.923     2013 04 20 15 08 20.067     204.1
533
 2013 04 20 05 59 32.636     2013 04 20 06 02 23.630     171.0
534
 2013 04 20 11 20 26.151     2013 04 20 11 23  6.729     160.6
535
 2013 04 20 08 46  4.980     2013 04 20 08 48 38.948     154.0
536
 2013 04 20 19 47   .169     2013 04 20 19 49 34.375     154.2
537
 2013 04 20 12 59 23.725     2013 04 20 13 02 13.414     169.7
 2013 04 20 22 58 27.246     2013 04 20 23 01 18.403     171.2
538
 2013 04 20 01 16 10.003     2013 04 20 01 17 42.269      92.3
 2013 04 20 07 52 56.371     2013 04 20 07 56 48.446     232.1
539
 2013 04 20 01 54 23.427     2013 04 20 01 57 31.143     187.7
 2013 04 20 12 01 14.316     2013 04 20 12 02 19.206      64.9
540
 2013 04 20 01 43 13.325     2013 04 20 01 43 31.146      17.8
541
 2013 04 20 06 40 59.748     2013 04 20 06 42  5.020      65.3
542
 2013 04 20 06 22 21.050     2013 04 20 06 22 41.421      20.4
543
 2013 04 20 09 28 40.657     2013 04 20 09 31 28.010     167.4
544
 2013 04 20 22 14 18.758     2013 04 20 22 17 25.526     186.8
545
 2013 04 20 11 31 39.393     2013 04 20 11 35 15.212     215.8
 2013 04 20 18 07 58.707     2013 04 20 18 10 56.389     177.7
546
 2013 04 20 06 32 55.961     2013 04 20 06 35 39.618     163.7
 2013 04 20 18 23 13.817     2013 04 20 18 25 48.607     154.8
547
 2013 04 20 11 13  5.406     2013 04 20 11 13 55.361      50.0
548
 2013 04 20 15 22 29.173     2013 04 20 15 25 31.134     182.0
549
 2013 04 20 15 14 31.746     2013 04 20 15 18 11.358     219.6
550
 2013 04 20 02 03 24.703     2013 04 20 02 06 45.090     200.4
551
 2013 04 20 01 18 26.359     2013 04 20 01 21  5.644     159.3
 2013 04 20 07 52  8.617     2013 04 20 07 55  1.415     172.8
552
 2013 04 20 01 33 28.044     2013 04 20 01 36 56.957     208.9
 2013 04 20 18 37  3.855     2013 04 20 18 39 42.168     158.3
553
 2013 04 20 08 51 34.853     2013 04 20 08 54 45.713     190.9
554
 2013 04 20 08 02 23.101     2013 04 20 08 04 37.368     134.3
555
 2013 04 20 03 40 20.516     2013 04 20 03 43 32.521     192.0
 2013 04 20 05 18   .753     2013 04 20 05 21 51.306     230.6
 2013 04 20 08 34 58.508     2013 04 20 08 38 44.597     226.1
 2013 04 20 10 13 11.015     2013 04 20 10 16 28.830     197.8
556
 2013 04 20 10 29  4.563     2013 04 20 10 32 21.427     196.9
 2013 04 20 22 20  9.303     2013 04 20 22 22 43.323     154.0
557
558
559
 2013 04 20 17 45  9.454     2013 04 20 17 48 21.944     192.5
560
 2013 04 20 04 53 12.314     2013 04 20 04 53 19.441       7.1
561
 2013 04 20 07 28   .499     2013 04 20 07 31 20.786     200.3
 2013 04 20 17 28 38.294     2013 04 20 17 32  9.311     211.0
562
 2013 04 20 03 31 45.656     2013 04 20 03 34 20.952     155.3
 2013 04 20 13 31 49.814     2013 04 20 13 34 39.982     170.2
563
 2013 04 20 03 35 18.442     2013 04 20 03 38 52.483     214.0
 2013 04 20 11 51  9.725     2013 04 20 11 54  7.684     178.0
564
 2013 04 20 02 35 10.001     2013 04 20 02 38 39.458     209.5
565
 2013 04 20 09 07 18.883     2013 04 20 09 09 57.182     158.3
 2013 04 20 17 23  8.905     2013 04 20 17 25 45.563     156.7
566
 2013 04 20 04 42 22.163     2013 04 20 04 45 44.754     202.6
 2013 04 20 21 46  9.187     2013 04 20 21 48 57.983     168.8
567
 2013 04 20 10 45 38.783     2013 04 20 10 48 55.137     196.4
 2013 04 20 17 20 39.915     2013 04 20 17 23 30.443     170.5
568
 2013 04 20 14 17 11.417     2013 04 20 14 19 47.106     155.7
569
 2013 04 20 18 25 49.631     2013 04 20 18 29 29.007     219.4
570
 2013 04 20 03 22 35.667     2013 04 20 03 26 10.738     215.1
 2013 04 20 15 15  3.446     2013 04 20 15 17 47.817     164.4
571
 2013 04 20 01 47 56.232     2013 04 20 01 50 46.646     170.4
 2013 04 20 13 39 46.274     2013 04 20 13 43 18.472     212.2
572
 2013 04 20 04 20 51.550     2013 04 20 04 23 26.753     155.2
573
 2013 04 20 09 07 18.675     2013 04 20 09 10 31.686     193.0
 2013 04 20 17 24  3.608     2013 04 20 17 26 53.844     170.2
574
 2013 04 20 06 43 16.402     2013 04 20 06 46 33.575     197.2
575
 2013 04 20 03 26 52.507     2013 04 20 03 30  6.710     194.2
576
 2013 04 20 08 09 56.758     2013 04 20 08 13 42.392     225.6
 2013 04 20 19 54  5.327     2013 04 20 19 55  5.347      60.0
577
 2013 04 20 03 29 49.234     2013 04 20 03 32 59.387     190.2
 2013 04 20 13 33 10.818     2013 04 20 13 36  1.525     170.7
578
579
 2013 04 20 12 08 16.571     2013 04 20 12 12  1.697     225.1
580
581
 2013 04 20 00 46 50.051     2013 04 20 00 49 58.887     188.8
 2013 04 20 17 51 41.639     2013 04 20 17 54 18.430     156.8
582
 2013 04 20 15 28  1.988     2013 04 20 15 31  9.521     187.5
 2013 04 20 22 02 27.311     2013 04 20 22 05 28.842     181.5
583
 2013 04 20 19 53 45.245     2013 04 20 19 56 50.680     185.4
584
 2013 04 20 11 26 39.394     2013 04 20 11 29 38.667     179.3
585
 2013 04 20 22 56 43.076     2013 04 20 22 59 17.070     154.0
586
587
 2013 04 20 05 40 56.001     2013 04 20 05 44 10.776     194.8
588
 2013 04 20 00 23  1.181     2013 04 20 00 26 20.975     199.8
 2013 04 20 10 21 11.482     2013 04 20 10 24 16.345     184.9
589
 2013 04 20 01 46 38.247     2013 04 20 01 49 12.181     153.9
590
 2013 04 20 08 47 59.660     2013 04 20 08 50 35.829     156.2
 2013 04 20 22 26 14.106     2013 04 20 22 28 54.778     160.7
591
 2013 04 20 20 48 52.040     2013 04 20 20 51 28.528     156.5
592
 2013 04 20 09 32 21.770     2013 04 20 09 34 57.607     155.8
593
 2013 04 20 16 17  9.574     2013 04 20 16 19 47.994     158.4
 2013 04 20 22 50 27.477     2013 04 20 22 53 36.722     189.2
594
 2013 04 20 05 42 54.667     2013 04 20 05 45 28.142     153.5
595
 2013 04 20 13 37   .312     2013 04 20 13 39 45.805     165.5
596
 2013 04 20 08 06  9.404     2013 04 20 08 08 47.627     158.2
597
 2013 04 20 09 32 38.768     2013 04 20 09 35 52.642     193.9
598
599
 2013 04 20 07 34 18.507     2013 04 20 07 37 47.091     208.6
 2013 04 20 14 08 47.327     2013 04 20 14 09 27.561      40.2
600
 2013 04 20 11 19 53.682     2013 04 20 11 22 42.547     168.9
601
 2013 04 20 06 40 15.194     2013 04 20 06 42 50.663     155.5
 2013 04 20 16 41  4.817     2013 04 20 16 43 38.929     154.1
602
 2013 04 20 01 42 58.752     2013 04 20 01 43 20.872      22.1
 2013 04 20 15 20 44.277     2013 04 20 15 22 30.143     105.9
603
 2013 04 20 12 53 53.656     2013 04 20 12 56 35.381     161.7
604
605
 2013 04 20 06 16 32.449     2013 04 20 06 19 36.690     184.2
 2013 04 20 23 20 33.109     2013 04 20 23 24  2.706     209.6
606
 2013 04 20 06 35 25.703     2013 04 20 06 38  8.572     162.9
607
608
 2013 04 20 07 13 50.367     2013 04 20 07 16 58.833     188.5
 2013 04 20 20 50 24.511     2013 04 20 20 53   .470     156.0
609
 2013 04 20 04 48  7.032     2013 04 20 04 51 38.362     211.3
 2013 04 20 20 07  2.086     2013 04 20 20 07 56.699      54.6
610
 2013 04 20 17 29 42.203     2013 04 20 17 30  2.541      20.3
611
 2013 04 20 05 03  4.817     2013 04 20 05 05 43.594     158.8
612
 2013 04 20 06 00 30.401     2013 04 20 06 03 13.057     162.7
 2013 04 20 12 35 11.988     2013 04 20 12 38 42.571     210.6
613
 2013 04 20 01 57   .354     2013 04 20 02 00 38.115     217.8
 2013 04 20 11 55 57.208     2013 04 20 11 58 36.694     159.5
614
 2013 04 20 13 08 41.125     2013 04 20 13 11 17.624     156.5
 2013 04 20 18 03 34.091     2013 04 20 18 07  4.235     210.1
 2013 04 20 19 41  8.903     2013 04 20 19 41 30.885      22.0
615
 2013 04 20 04 48 13.498     2013 04 20 04 51 20.499     187.0
616
 2013 04 20 04 58 27.944     2013 04 20 05 01 31.198     183.3
 2013 04 20 16 47 17.283     2013 04 20 16 50  7.122     169.8
617
 2013 04 20 03 24 29.663     2013 04 20 03 26 25.349     115.7
 2013 04 20 15 13 43.037     2013 04 20 15 17 24.712     221.7
618
619
 2013 04 20 00 23 19.500     2013 04 20 00 26 16.310     176.8
 2013 04 20 10 21 17.600     2013 04 20 10 24 40.339     202.7
620
 2013 04 20 00 28 31.603     2013 04 20 00 31  9.270     157.7
 2013 04 20 08 42  9.206     2013 04 20 08 43 27.393      78.2
621
 2013 04 20 05 01 42.906     2013 04 20 05 04 34.992     172.1
622
 2013 04 20 03 12 15.823     2013 04 20 03 15 41.755     205.9
 2013 04 20 18 35 24.656     2013 04 20 18 38 13.617     169.0
623
 2013 04 20 06 36 32.362     2013 04 20 06 39 40.165     187.8
624
 2013 04 20 12 47 42.197     2013 04 20 12 50 19.402     157.2
625
 2013 04 20 10 00 52.923     2013 04 20 10 03 52.187     179.3
 2013 04 20 14 56  7.323     2013 04 20 14 58 43.571     156.2
626
 2013 04 20 06 47 37.226     2013 04 20 06 50 24.005     166.8
 2013 04 20 13 22 15.154     2013 04 20 13 25 57.046     221.9
627
 2013 04 20 17 29 48.114     2013 04 20 17 30  1.604      13.5
628
 2013 04 20 04 26 24.442     2013 04 20 04 29  5.086     160.6
 2013 04 20 11 01  1.979     2013 04 20 11 03 58.880     176.9
629
 2013 04 20 03 33 45.237     2013 04 20 03 37 25.040     219.8
630
 2013 04 20 08 00 27.975     2013 04 20 08 03  9.366     161.4
 2013 04 20 21 39  5.051     2013 04 20 21 41 51.318     166.3
631
 2013 04 20 17 21 31.900     2013 04 20 17 24  9.037     157.1
632
 2013 04 20 13 54 19.714     2013 04 20 13 57 13.711     174.0
 2013 04 20 20 29 30.551     2013 04 20 20 32  8.506     158.0
633
 2013 04 20 22 25 44.622     2013 04 20 22 27  7.679      83.1
634
 2013 04 20 20 46 35.681     2013 04 20 20 49 30.145     174.5
635
 2013 04 20 15 10 54.657     2013 04 20 15 11 26.663      32.0
636
 2013 04 20 09 45 47.910     2013 04 20 09 49 22.152     214.2
637
 2013 04 20 04 20  4.525     2013 04 20 04 20 17.789      13.3
638
 2013 04 20 03 16  5.751     2013 04 20 03 19 48.407     222.7
 2013 04 20 16 56 20.608     2013 04 20 16 58 58.474     157.9
639
 2013 04 20 00 51 47.128     2013 04 20 00 54 22.172     155.0
 2013 04 20 16 11 59.805     2013 04 20 16 15 47.206     227.4
640
 2013 04 20 05 41 41.262     2013 04 20 05 44 27.051     165.8
641
 2013 04 20 04 24  5.176     2013 04 20 04 27 22.098     196.9
 2013 04 20 12 40   .371     2013 04 20 12 43 26.509     206.1
642
 2013 04 20 16 05 49.463     2013 04 20 16 08 34.859     165.4
643
 2013 04 20 05 49 24.435     2013 04 20 05 49 30.015       5.6
644
 2013 04 20 09 51  8.685     2013 04 20 09 54 29.167     200.5
645
 2013 04 20 04 21 24.585     2013 04 20 04 25  6.382     221.8
646
647
 2013 04 20 13 35 15.405     2013 04 20 13 38  9.879     174.5
648
 2013 04 20 09 40 43.510     2013 04 20 09 43 25.758     162.2
649
 2013 04 20 07 26 28.934     2013 04 20 07 27 50.235      81.3
 2013 04 20 17 29 56.774     2013 04 20 17 32 32.544     155.8
650
 2013 04 20 04 00  4.625     2013 04 20 04 02 14.511     129.9
 2013 04 20 19 22 22.038     2013 04 20 19 26  8.179     226.1
651
 2013 04 20 01 19 38.046     2013 04 20 01 21 18.601     100.6
 2013 04 20 06 15 58.787     2013 04 20 06 19 10.420     191.6
652
 2013 04 20 16 56 36.418     2013 04 20 16 59 24.912     168.5
653
654
 2013 04 20 04 43 48.862     2013 04 20 04 46 26.224     157.4
 2013 04 20 21 47 11.189     2013 04 20 21 50   .450     169.3
655
 2013 04 20 01 18   .429     2013 04 20 01 18 41.824      41.4
 2013 04 20 09 28 44.061     2013 04 20 09 31 45.275     181.2
656
 2013 04 20 01 16  5.654     2013 04 20 01 16 47.115      41.5
 2013 04 20 09 28 45.951     2013 04 20 09 32 24.473     218.5
657
658
 2013 04 20 00 45 53.738     2013 04 20 00 48 38.621     164.9
 2013 04 20 17 50  1.520     2013 04 20 17 53 17.567     196.0
659
 2013 04 20 03 06 13.277     2013 04 20 03 09 52.108     218.8
 2013 04 20 21 48 42.697     2013 04 20 21 52 12.113     209.4
660
 2013 04 20 02 52 38.744     2013 04 20 02 56 12.649     213.9
 2013 04 20 04 30 33.517     2013 04 20 04 34  9.360     215.8
 2013 04 20 07 47 17.818     2013 04 20 07 51 12.858     235.0
 2013 04 20 09 25 43.333     2013 04 20 09 28 49.179     185.8
661
 2013 04 20 01 43 23.639     2013 04 20 01 44 11.800      48.2
662
663
664
 2013 04 20 02 06 27.339     2013 04 20 02 06 29.499       2.2
 2013 04 20 10 15 36.551     2013 04 20 10 19  5.016     208.5
665
 2013 04 20 10 41 11.118     2013 04 20 10 43 53.489     162.4
 2013 04 20 18 57 31.598     2013 04 20 19 00 28.505     176.9
666
 2013 04 20 15 11 41.500     2013 04 20 15 14 30.134     168.6
667
 2013 04 20 13 42 28.928     2013 04 20 13 45 44.390     195.5
668
 2013 04 20 04 16 23.317     2013 04 20 04 18 46.345     143.0
 2013 04 20 14 20 56.512     2013 04 20 14 23 59.036     182.5
669
 2013 04 20 15 15 45.191     2013 04 20 15 19 23.057     217.9
670
671
672
 2013 04 20 13 50 41.640     2013 04 20 13 54 20.324     218.7
 2013 04 20 22 08  6.590     2013 04 20 22 10 53.959     167.4
673
 2013 04 20 08 20   .763     2013 04 20 08 22 55.337     174.6
 2013 04 20 16 35 27.589     2013 04 20 16 38  2.661     155.1
674
 2013 04 20 05 57 26.114     2013 04 20 06 01 16.517     230.4
 2013 04 20 14 15 31.020     2013 04 20 14 18  8.877     157.9
675
 2013 04 20 12 20 53.413     2013 04 20 12 24  6.858     193.4
 2013 04 20 18 54 52.964     2013 04 20 18 58 31.867     218.9
676
 2013 04 20 08 46 50.069     2013 04 20 08 50  4.235     194.2
 2013 04 20 22 27  1.514     2013 04 20 22 30  7.706     186.2
677
 2013 04 20 03 35 46.501     2013 04 20 03 38 55.360     188.9
 2013 04 20 11 53 14.846     2013 04 20 11 55 49.583     154.7
678
 2013 04 20 02 05 39.106     2013 04 20 02 08 15.975     156.9
 2013 04 20 08 39 33.739     2013 04 20 08 42 18.936     165.2
679
 2013 04 20 09 08 52.184     2013 04 20 09 11 46.821     174.6
680
 2013 04 20 03 58 33.342     2013 04 20 04 01 30.657     177.3
 2013 04 20 19 22 27.361     2013 04 20 19 25 31.624     184.3
681
 2013 04 20 05 04 30.334     2013 04 20 05 04 39.914       9.6
 2013 04 20 16 44 57.027     2013 04 20 16 48 30.212     213.2
682
 2013 04 20 21 30 52.134     2013 04 20 21 31 23.986      31.9
683
 2013 04 20 00 33 31.411     2013 04 20 00 36 51.297     199.9
 2013 04 20 05 29  2.548     2013 04 20 05 31 39.616     157.1
684
 2013 04 20 01 51 43.392     2013 04 20 01 54 56.863     193.5
685
 2013 04 20 06 49  4.559     2013 04 20 06 52 28.012     203.5
 2013 04 20 13 24 22.639     2013 04 20 13 27  6.148     163.5
686
 2013 04 20 05 13 56.024     2013 04 20 05 14 26.954      30.9
 2013 04 20 06 52  3.437     2013 04 20 06 55 29.876     206.4
 2013 04 20 11 47 28.404     2013 04 20 11 50 12.297     163.9
687
 2013 04 20 07 12 15.338     2013 04 20 07 15 46.867     211.5
 2013 04 20 20 52 42.269     2013 04 20 20 55 35.132     172.9
688
 2013 04 20 04 54 47.923     2013 04 20 04 57 25.466     157.5
689
690
 2013 04 20 02 07  1.929     2013 04 20 02 09 43.300     161.4
 2013 04 20 07 02  8.447     2013 04 20 07 05 20.196     191.7
691
 2013 04 20 17 37 37.647     2013 04 20 17 40 30.162     172.5
692
 2013 04 20 22 09 13.014     2013 04 20 22 12 20.235     187.2
693
 2013 04 20 07 29 57.507     2013 04 20 07 32 34.937     157.4
694
 2013 04 20 13 04 50.161     2013 04 20 13 07 26.693     156.5
 2013 04 20 21 19   .945     2013 04 20 21 22 31.419     210.5
695
 2013 04 20 04 26  9.361     2013 04 20 04 28 48.669     159.3
 2013 04 20 11 01 16.765     2013 04 20 11 04 36.913     200.1
696
 2013 04 20 10 28 55.195     2013 04 20 10 31 48.827     173.6
 2013 04 20 22 19 58.501     2013 04 20 22 22 39.502     161.0
697
 2013 04 20 02 29 39.941     2013 04 20 02 29 48.226       8.3
 2013 04 20 17 45  8.765     2013 04 20 17 48 32.169     203.4
698
 2013 04 20 07 10 47.374     2013 04 20 07 13 57.195     189.8
699
700
 2013 04 20 08 01 10.290     2013 04 20 08 02 14.283      64.0
701
 2013 04 20 15 51 36.825     2013 04 20 15 52 36.111      59.3
702
703
 2013 04 20 02 06 52.853     2013 04 20 02 09 29.465     156.6
 2013 04 20 07 01 47.870     2013 04 20 07 05  4.553     196.7
704
 2013 04 20 06 26 20.754     2013 04 20 06 29 59.171     218.4
 2013 04 20 20 04 50.514     2013 04 20 20 07 47.468     177.0
705
 2013 04 20 00 53 45.166     2013 04 20 00 54  6.488      21.3
 2013 04 20 14 34 49.117     2013 04 20 14 37 32.000     162.9
706
 2013 04 20 13 55 52.581     2013 04 20 13 59 37.443     224.9
 2013 04 20 18 52  1.594     2013 04 20 18 55 41.009     219.4
707
 2013 04 20 11 49 59.694     2013 04 20 11 53 49.566     229.9
708
 2013 04 20 13 29  5.270     2013 04 20 13 31 39.845     154.6
709
 2013 04 20 07 29 49.453     2013 04 20 07 30 57.369      67.9
710
 2013 04 20 07 07 13.115     2013 04 20 07 10 40.911     207.8
 2013 04 20 22 31 56.655     2013 04 20 22 35 11.635     195.0
711
 2013 04 20 03 30 58.579     2013 04 20 03 34 16.381     197.8
 2013 04 20 13 32 47.903     2013 04 20 13 35 35.284     167.4
712
 2013 04 20 04 13 32.057     2013 04 20 04 16  5.134     153.1
 2013 04 20 15 58 58.770     2013 04 20 15 59  9.010      10.2
713
 2013 04 20 07 19 14.319     2013 04 20 07 21 47.639     153.3
 2013 04 20 19 10 11.414     2013 04 20 19 13 52.168     220.8
714
 2013 04 20 13 35  1.585     2013 04 20 13 38 18.578     197.0
715
 2013 04 20 16 14  7.245     2013 04 20 16 16 56.059     168.8
716
 2013 04 20 15 04 56.170     2013 04 20 15 07 51.213     175.0
717
 2013 04 20 06 46 36.539     2013 04 20 06 49 20.001     163.5
 2013 04 20 15 00 24.768     2013 04 20 15 04   .994     216.2
718
 2013 04 20 08 08 51.845     2013 04 20 08 11 37.144     165.3
 2013 04 20 19 56 48.689     2013 04 20 20 00  4.491     195.8
719
 2013 04 20 06 44 43.118     2013 04 20 06 48  4.263     201.1
 2013 04 20 15 00 30.676     2013 04 20 15 03 17.950     167.3
720
 2013 04 20 02 49 49.543     2013 04 20 02 52 35.174     165.6
 2013 04 20 11 04 13.347     2013 04 20 11 07 24.098     190.8
721
 2013 04 20 00 59 36.730     2013 04 20 01 02 21.849     165.1
722
 2013 04 20 02 24 37.216     2013 04 20 02 27 37.677     180.5
 2013 04 20 17 46 34.919     2013 04 20 17 49 17.530     162.6
723
 2013 04 20 03 51 21.680     2013 04 20 03 51 51.804      30.1
 2013 04 20 05 29 44.533     2013 04 20 05 32 58.485     194.0
 2013 04 20 22 35 11.156     2013 04 20 22 38 11.019     179.9
724
 2013 04 20 01 34 42.341     2013 04 20 01 37 54.746     192.4
 2013 04 20 18 37  3.996     2013 04 20 18 40 20.617     196.6
725
 2013 04 20 00 00   .000     2013 04 20 00 02 34.682     154.7
 2013 04 20 17 04  2.735     2013 04 20 17 06 41.481     158.7
 2013 04 20 23 38 15.091     2013 04 20 23 41   .985     165.9
726
 2013 04 20 20 00  3.649     2013 04 20 20 02 37.040     153.4
727
 2013 04 20 17 51 51.328     2013 04 20 17 52 11.151      19.8
728
 2013 04 20 07 35  8.936     2013 04 20 07 39   .707     231.8
 2013 04 20 14 11 43.700     2013 04 20 14 14 40.028     176.3
729
 2013 04 20 01 52 13.190     2013 04 20 01 54 47.090     153.9
730
 2013 04 20 04 02 42.511     2013 04 20 04 03 27.922      45.4
 2013 04 20 17 43 53.477     2013 04 20 17 46 48.737     175.3
731
 2013 04 20 11 22 48.804     2013 04 20 11 24 10.945      82.1
 2013 04 20 21 26 25.462     2013 04 20 21 28 58.582     153.1
732
 2013 04 20 14 17  5.927     2013 04 20 14 19 42.178     156.3
733
 2013 04 20 04 19 27.460     2013 04 20 04 22 21.817     174.4
 2013 04 20 14 18 51.919     2013 04 20 14 22 39.956     228.0
734
 2013 04 20 03 12  9.697     2013 04 20 03 15  6.988     177.3
 2013 04 20 18 35 11.799     2013 04 20 18 37 48.199     156.4
735
 2013 04 20 04 46 57.051     2013 04 20 04 48 14.823      77.8
 2013 04 20 20 10   .250     2013 04 20 20 13 16.827     196.6
736
 2013 04 20 08 47 51.044     2013 04 20 08 50 35.348     164.3
 2013 04 20 22 25 28.535     2013 04 20 22 28 26.857     178.3
737
738
739
 2013 04 20 03 12 35.509     2013 04 20 03 15 55.237     199.7
 2013 04 20 18 33 26.380     2013 04 20 18 36  9.968     163.6
740
741
 2013 04 20 22 13 30.314     2013 04 20 22 14  5.127      34.8
742
 2013 04 20 04 23 14.383     2013 04 20 04 26 10.125     175.7
 2013 04 20 12 40 18.668     2013 04 20 12 42 54.908     156.2
743
 2013 04 20 07 35 14.540     2013 04 20 07 38 19.695     185.2
 2013 04 20 14 09 39.943     2013 04 20 14 12 39.132     179.2
744
 2013 04 20 09 56 16.372     2013 04 20 09 59  6.365     170.0
745
 2013 04 20 03 09 34.321     2013 04 20 03 12 11.515     157.2
 2013 04 20 20 12 32.682     2013 04 20 20 15 41.955     189.3
746
 2013 04 20 05 40 55.198     2013 04 20 05 43 29.369     154.2
 2013 04 20 19 15 20.165     2013 04 20 19 17 16.644     116.5
747
 2013 04 20 02 47 42.751     2013 04 20 02 48 14.964      32.2
 2013 04 20 11 06 36.082     2013 04 20 11 09 14.900     158.8
748
 2013 04 20 01 41 30.773     2013 04 20 01 41 40.174       9.4
 2013 04 20 15 21 59.259     2013 04 20 15 24 34.079     154.8
749
 2013 04 20 02 40 11.229     2013 04 20 02 42 44.774     153.5
750
 2013 04 20 01 11 47.094     2013 04 20 01 14 36.364     169.3
751
 2013 04 20 22 05  5.945     2013 04 20 22 08 21.555     195.6
752
 2013 04 20 19 46 46.339     2013 04 20 19 48 11.885      85.5
753
 2013 04 20 04 23 27.993     2013 04 20 04 26  9.896     161.9
 2013 04 20 12 39 19.935     2013 04 20 12 41 56.849     156.9
754
 2013 04 20 20 05 33.808     2013 04 20 20 09 16.433     222.6
755
 2013 04 20 16 48 30.820     2013 04 20 16 49  6.178      35.4
756
 2013 04 20 22 09 50.646     2013 04 20 22 12 26.865     156.2
757
 2013 04 20 06 46 50.676     2013 04 20 06 49 26.469     155.8
 2013 04 20 15 00 31.483     2013 04 20 15 01 24.397      52.9
758
 2013 04 20 00 48 23.268     2013 04 20 00 51 18.112     174.8
759
 2013 04 20 04 08 11.262     2013 04 20 04 10 44.506     153.2
760
 2013 04 20 01 50  1.454     2013 04 20 01 52 58.384     176.9
 2013 04 20 13 38  3.376     2013 04 20 13 40 36.097     152.7
761
 2013 04 20 11 22 18.303     2013 04 20 11 25  3.684     165.4
 2013 04 20 21 25 27.448     2013 04 20 21 29 10.211     222.8
762
 2013 04 20 12 55 22.936     2013 04 20 12 58  7.208     164.3
763
 2013 04 20 03 27 13.804     2013 04 20 03 30 14.733     180.9
764
765
 2013 04 20 01 46 52.210     2013 04 20 01 47 43.360      51.2
 2013 04 20 15 18  7.987     2013 04 20 15 21  6.712     178.7
766
 2013 04 20 00 19 50.744     2013 04 20 00 20 34.195      43.5
 2013 04 20 12 01 36.856     2013 04 20 12 04 54.311     197.5
767
 2013 04 20 06 45 12.135     2013 04 20 06 48  8.642     176.5
 2013 04 20 15 00 53.250     2013 04 20 15 03 29.385     156.1
768
 2013 04 20 21 41 49.646     2013 04 20 21 44 32.548     162.9
769
 2013 04 20 15 27  6.176     2013 04 20 15 28  6.670      60.5
 2013 04 20 22 07 39.322     2013 04 20 22 08  5.952      26.6
770
 2013 04 20 06 24 27.899     2013 04 20 06 27  3.310     155.4
771
 2013 04 20 06 45 19.449     2013 04 20 06 45 37.554      18.1
 2013 04 20 16 38 32.055     2013 04 20 16 42  2.114     210.1
772
773
 2013 04 20 14 21 55.547     2013 04 20 14 24 48.997     173.4
774
 2013 04 20 09 28 52.183     2013 04 20 09 31 48.934     176.8
775
 2013 04 20 01 17 55.569     2013 04 20 01 21 48.088     232.5
 2013 04 20 07 53 39.548     2013 04 20 07 56 27.523     168.0
776
 2013 04 20 06 17 41.722     2013 04 20 06 20 43.661     181.9
 2013 04 20 23 21  9.638     2013 04 20 23 23 46.683     157.0
777
 2013 04 20 02 52 38.100     2013 04 20 02 55 43.839     185.7
 2013 04 20 09 26 10.623     2013 04 20 09 28 59.339     168.7
778
 2013 04 20 07 24 56.952     2013 04 20 07 28 10.972     194.0
779
 2013 04 20 22 32 34.068     2013 04 20 22 35 49.049     195.0
780
 2013 04 20 15 51 30.115     2013 04 20 15 54 25.368     175.3
781
 2013 04 20 04 12 25.248     2013 04 20 04 14 58.219     153.0
 2013 04 20 16 00 13.201     2013 04 20 16 03  8.116     174.9
782
 2013 04 20 04 22 31.939     2013 04 20 04 26 14.666     222.7
 2013 04 20 12 38 21.159     2013 04 20 12 41 19.757     178.6
783
 2013 04 20 19 52 49.224     2013 04 20 19 55 42.331     173.1
784
 2013 04 20 01 51 36.879     2013 04 20 01 54 50.979     194.1
 2013 04 20 13 36 21.378     2013 04 20 13 38  9.536     108.2
785
 2013 04 20 07 35 21.163     2013 04 20 07 38  8.439     167.3
 2013 04 20 14 10 43.461     2013 04 20 14 13 55.879     192.4
786
 2013 04 20 09 56 11.809     2013 04 20 09 59 33.264     201.5
 2013 04 20 16 34  4.866     2013 04 20 16 34 43.133      38.3
787
 2013 04 20 09 09  7.528     2013 04 20 09 11 46.540     159.0
788
 2013 04 20 03 09 34.892     2013 04 20 03 12 32.646     177.8
 2013 04 20 20 11 44.987     2013 04 20 20 15 15.192     210.2
789
790
 2013 04 20 12 10 28.488     2013 04 20 12 13 45.744     197.3
 2013 04 20 22 13 18.005     2013 04 20 22 15 52.692     154.7
791
 2013 04 20 09 56 12.831     2013 04 20 09 58 53.784     161.0
792
 2013 04 20 07 20 44.924     2013 04 20 07 21 38.782      53.9
 2013 04 20 19 10 17.574     2013 04 20 19 13 58.544     221.0
793
 2013 04 20 08 08 11.412     2013 04 20 08 11 18.413     187.0
 2013 04 20 19 56 12.895     2013 04 20 19 58 46.038     153.1
794
 2013 04 20 12 54 40.105     2013 04 20 12 57 14.103     154.0
795
 2013 04 20 10 44  7.670     2013 04 20 10 47 47.262     219.6
 2013 04 20 17 20 34.245     2013 04 20 17 23 47.838     193.6
796
 2013 04 20 03 29 15.657     2013 04 20 03 30 52.677      97.0
 2013 04 20 13 33 42.136     2013 04 20 13 36 33.179     171.0
797
798
 2013 04 20 20 44 38.508     2013 04 20 20 44 41.118       2.6
799
 2013 04 20 13 54 37.485     2013 04 20 13 57 16.672     159.2
 2013 04 20 20 28 45.916     2013 04 20 20 31 24.999     159.1
800
 2013 04 20 14 59  9.780     2013 04 20 15 02 35.343     205.6
801
 2013 04 20 00 16 23.596     2013 04 20 00 17 21.768      58.2
802
 2013 04 20 14 36 39.597     2013 04 20 14 37 51.162      71.6
 2013 04 20 22 55 42.692     2013 04 20 22 58 39.495     176.8
803
 2013 04 20 09 07 20.172     2013 04 20 09 10  3.876     163.7
 2013 04 20 17 23 42.702     2013 04 20 17 26 21.615     158.9
804
 2013 04 20 16 17 57.540     2013 04 20 16 20 34.641     157.1
 2013 04 20 21 12 47.224     2013 04 20 21 16  1.885     194.7
805
 2013 04 20 10 29 51.526     2013 04 20 10 32 48.744     177.2
 2013 04 20 22 18 17.954     2013 04 20 22 20 54.779     156.8
806
 2013 04 20 05 34  7.261     2013 04 20 05 36 42.513     155.3
 2013 04 20 20 56 21.220     2013 04 20 20 58 57.203     156.0
807
 2013 04 20 03 14 42.802     2013 04 20 03 14 59.795      17.0
 2013 04 20 18 32 48.982     2013 04 20 18 36 13.279     204.3
808
 2013 04 20 07 20 52.981     2013 04 20 07 24   .778     187.8
 2013 04 20 19 08 55.086     2013 04 20 19 11 29.482     154.4
809
810
 2013 04 20 06 50  5.791     2013 04 20 06 52 45.228     159.4
 2013 04 20 11 48 43.149     2013 04 20 11 49  8.628      25.5
 2013 04 20 13 23 17.820     2013 04 20 13 26 53.309     215.5
811
 2013 04 20 07 54 11.500     2013 04 20 07 57 43.743     212.2
 2013 04 20 23 19  5.880     2013 04 20 23 22 44.244     218.4
812
813
814
 2013 04 20 08 50 21.688     2013 04 20 08 52 56.593     154.9
815
 2013 04 20 21 17 57.176     2013 04 20 21 20 46.895     169.7
816
 2013 04 20 02 51 50.076     2013 04 20 02 55 19.750     209.7
 2013 04 20 04 29 30.914     2013 04 20 04 29 51.615      20.7
 2013 04 20 09 25 53.408     2013 04 20 09 28 31.693     158.3
817
 2013 04 20 16 49 57.076     2013 04 20 16 52 30.117     153.0
818
 2013 04 20 01 02 31.179     2013 04 20 01 05  9.392     158.2
 2013 04 20 12 51 17.238     2013 04 20 12 53 51.641     154.4
819
 2013 04 20 02 02 33.134     2013 04 20 02 05 31.490     178.4
 2013 04 20 10 17 48.715     2013 04 20 10 21 22.296     213.6
820
821
 2013 04 20 05 33 52.501     2013 04 20 05 34 23.134      30.6
 2013 04 20 20 55  5.103     2013 04 20 20 57 40.192     155.1
822
 2013 04 20 04 53 43.689     2013 04 20 04 57 24.635     220.9
823
 2013 04 20 01 51 16.988     2013 04 20 01 53 50.642     153.7
 2013 04 20 13 37 35.051     2013 04 20 13 41 11.891     216.8
824
 2013 04 20 01 42 54.557     2013 04 20 01 45 54.875     180.3
 2013 04 20 15 20 48.515     2013 04 20 15 23 32.821     164.3
825
826
 2013 04 20 09 46 36.015     2013 04 20 09 46 49.241      13.2
827
 2013 04 20 11 55  2.093     2013 04 20 11 57 36.328     154.2
828
 2013 04 20 17 31 25.863     2013 04 20 17 34 38.202     192.3
829
 2013 04 20 04 42  8.812     2013 04 20 04 44 51.081     162.3
 2013 04 20 21 46 52.963     2013 04 20 21 50 34.214     221.3
 2013 04 20 23 24 47.382     2013 04 20 23 28 33.248     225.9
830
 2013 04 20 00 19  3.002     2013 04 20 00 19  8.193       5.2
 2013 04 20 12 02 34.924     2013 04 20 12 05 14.207     159.3
831
 2013 04 20 06 19 38.589     2013 04 20 06 22 28.704     170.1
832
 2013 04 20 21 22  7.354     2013 04 20 21 24 41.991     154.6
833
 2013 04 20 01 54 48.793     2013 04 20 01 57 46.265     177.5
834
 2013 04 20 07 58 12.121     2013 04 20 08 01 37.456     205.3
835
 2013 04 20 04 18 37.123     2013 04 20 04 21 16.550     159.4
 2013 04 20 14 18 58.252     2013 04 20 14 21 33.444     155.2
836
837
 2013 04 20 01 04 33.955     2013 04 20 01 08  7.997     214.0
 2013 04 20 12 48 27.623     2013 04 20 12 48 40.927      13.3
838
 2013 04 20 23 16 12.059     2013 04 20 23 19 12.749     180.7
839
840
 2013 04 20 00 56 12.856     2013 04 20 00 56 31.677      18.8
841
 2013 04 20 03 58 44.368     2013 04 20 04 01 25.872     161.5
 2013 04 20 19 22  7.935     2013 04 20 19 25 12.666     184.7
842
 2013 04 20 07 57 44.385     2013 04 20 08 00 32.484     168.1
843
844
 2013 04 20 03 58 42.369     2013 04 20 04 01 19.269     156.9
 2013 04 20 19 21 30.217     2013 04 20 19 24 47.820     197.6
845
 2013 04 20 12 01 28.334     2013 04 20 12 05 10.525     222.2
846
 2013 04 20 08 07 26.143     2013 04 20 08 10 18.164     172.0
 2013 04 20 19 57 57.452     2013 04 20 20 00 30.871     153.4
847
 2013 04 20 20 42 42.319     2013 04 20 20 45 46.070     183.8
848
 2013 04 20 22 17 24.103     2013 04 20 22 18  2.122      38.0
849
850
 2013 04 20 15 04 13.171     2013 04 20 15 06 49.682     156.5
851
852
 2013 04 20 08 52  8.949     2013 04 20 08 55 20.460     191.5
853
 2013 04 20 20 47 23.385     2013 04 20 20 47 52.334      28.9
854
 2013 04 20 14 28 35.114     2013 04 20 14 31  8.827     153.7
855
 2013 04 20 12 56 45.226     2013 04 20 13 00 29.010     223.8
 2013 04 20 23 01  2.534     2013 04 20 23 03 54.329     171.8
856
 2013 04 20 04 12 49.089     2013 04 20 04 15 38.142     169.1
 2013 04 20 15 59 20.123     2013 04 20 16 02 24.807     184.7
857
 2013 04 20 01 18 20.674     2013 04 20 01 21  1.965     161.3
 2013 04 20 07 52  4.998     2013 04 20 07 54 54.348     169.4
858
 2013 04 20 08 50  2.156     2013 04 20 08 52 45.949     163.8
859
 2013 04 20 02 45 16.018     2013 04 20 02 48 29.859     193.8
860
 2013 04 20 16 50 13.342     2013 04 20 16 52 51.825     158.5
861
 2013 04 20 16 15 55.398     2013 04 20 16 19 26.046     210.6
 2013 04 20 22 51 52.208     2013 04 20 22 54 28.616     156.4
862
 2013 04 20 05 31 50.706     2013 04 20 05 34 28.061     157.4
 2013 04 20 22 34 21.274     2013 04 20 22 38  4.635     223.4
863
864
 2013 04 20 07 08 16.142     2013 04 20 07 08 18.869       2.7
 2013 04 20 22 32 19.736     2013 04 20 22 35 11.952     172.2
865
866
 2013 04 20 05 08 19.264     2013 04 20 05 12  4.600     225.3
867
 2013 04 20 02 18 54.323     2013 04 20 02 21 51.216     176.9
 2013 04 20 21 02  4.231     2013 04 20 21 04 52.361     168.1
868
 2013 04 20 15 23 10.164     2013 04 20 15 25 45.066     154.9
869
 2013 04 20 10 27 20.320     2013 04 20 10 30 52.169     211.8
 2013 04 20 22 20 36.628     2013 04 20 22 24 11.401     214.8
870
 2013 04 20 20 46 49.968     2013 04 20 20 49 35.553     165.6
871
 2013 04 20 18 30   .383     2013 04 20 18 31  6.158      65.8
872
 2013 04 20 11 54 12.963     2013 04 20 11 54 15.949       3.0
873
874
 2013 04 20 19 14 26.669     2013 04 20 19 17 49.774     203.1
875
 2013 04 20 10 27 22.464     2013 04 20 10 30 59.731     217.3
876
 2013 04 20 02 46  5.252     2013 04 20 02 48 40.123     154.9
877
 2013 04 20 09 49 16.565     2013 04 20 09 51 51.050     154.5
 2013 04 20 19 50 20.136     2013 04 20 19 52 55.534     155.4
878
 2013 04 20 08 07  8.931     2013 04 20 08 09 51.332     162.4
 2013 04 20 19 57 51.318     2013 04 20 20 00 37.593     166.3
879
880
881
882
 2013 04 20 01 16 27.409     2013 04 20 01 19 25.469     178.1
 2013 04 20 07 52  9.456     2013 04 20 07 52 10.254        .8
883
 2013 04 20 16 16 34.264     2013 04 20 16 19 48.537     194.3
 2013 04 20 22 51 40.981     2013 04 20 22 54 24.862     163.9
884
 2013 04 20 13 03 15.939     2013 04 20 13 06  8.658     172.7
 2013 04 20 21 19 13.246     2013 04 20 21 21 55.933     162.7
885
 2013 04 20 01 35 47.031     2013 04 20 01 39 13.528     206.5
 2013 04 20 17 00 38.355     2013 04 20 17 01   .030      21.7
886
887
 2013 04 20 13 47 14.041     2013 04 20 13 47 45.068      31.0
888
 2013 04 20 15 57 40.749     2013 04 20 16 00 14.989     154.2
889
 2013 04 20 13 00 14.318     2013 04 20 13 02 49.702     155.4
 2013 04 20 22 58  9.570     2013 04 20 22 58 24.939      15.4
890
 2013 04 20 07 35 35.601     2013 04 20 07 38 12.478     156.9
 2013 04 20 14 10 24.978     2013 04 20 14 13 22.837     177.9
891
 2013 04 20 15 46 46.690     2013 04 20 15 47 32.549      45.9
892
 2013 04 20 05 57 56.677     2013 04 20 06 00 41.123     164.4
 2013 04 20 14 13 50.411     2013 04 20 14 16 28.444     158.0
893
 2013 04 20 02 01 18.998     2013 04 20 02 04 55.979     217.0
 2013 04 20 10 16 38.499     2013 04 20 10 19 13.959     155.5
894
895
 2013 04 20 06 48  6.243     2013 04 20 06 51  3.311     177.1
 2013 04 20 13 23 42.208     2013 04 20 13 26 47.312     185.1
896
 2013 04 20 03 18 18.419     2013 04 20 03 20 53.901     155.5
 2013 04 20 16 54 14.087     2013 04 20 16 57  8.346     174.3
897
 2013 04 20 03 16 49.601     2013 04 20 03 19 29.358     159.8
 2013 04 20 16 55 19.295     2013 04 20 16 58  4.117     164.8
898
 2013 04 20 13 47 45.425     2013 04 20 13 50 20.667     155.2
899
 2013 04 20 09 40  5.974     2013 04 20 09 43 44.135     218.2
900
 2013 04 20 05 46 31.106     2013 04 20 05 49  5.685     154.6
 2013 04 20 17 34 59.428     2013 04 20 17 37 34.727     155.3
901
 2013 04 20 06 46 30.917     2013 04 20 06 49 42.588     191.7
 2013 04 20 14 59 52.530     2013 04 20 15 03 33.771     221.2
902
903
904
 2013 04 20 10 31  8.263     2013 04 20 10 33 41.127     152.9
 2013 04 20 22 18  2.960     2013 04 20 22 21 23.381     200.4
905
 2013 04 20 20 02  4.881     2013 04 20 20 03 23.223      78.3
906
 2013 04 20 05 54 59.103     2013 04 20 05 55 44.211      45.1
907
 2013 04 20 09 38 29.897     2013 04 20 09 39  2.514      32.6
 2013 04 20 23 11 36.036     2013 04 20 23 14 33.186     177.2
908
 2013 04 20 14 35 40.756     2013 04 20 14 38 27.143     166.4
909
 2013 04 20 21 22 58.149     2013 04 20 21 25 49.671     171.5
910
 2013 04 20 20 49 20.559     2013 04 20 20 52 15.605     175.0
911
912
913
914
 2013 04 20 00 44 51.870     2013 04 20 00 47 33.654     161.8
 2013 04 20 19 27 50.140     2013 04 20 19 30 52.005     181.9
915
 2013 04 20 00 57 55.972     2013 04 20 01 00 29.246     153.3
916
917
 2013 04 20 03 12 10.761     2013 04 20 03 15 40.559     209.8
 2013 04 20 18 35 28.909     2013 04 20 18 38 15.823     166.9
918
 2013 04 20 04 07 23.257     2013 04 20 04 07 40.098      16.8
919
 2013 04 20 05 11  2.840     2013 04 20 05 13 39.271     156.4
 2013 04 20 13 27  2.722     2013 04 20 13 29 40.210     157.5
920
 2013 04 20 15 27 47.410     2013 04 20 15 30 40.850     173.4
 2013 04 20 22 03 22.525     2013 04 20 22 07  7.978     225.5
921
 2013 04 20 08 47 38.245     2013 04 20 08 50 15.618     157.4
 2013 04 20 22 26 18.057     2013 04 20 22 29 12.804     174.7
922
 2013 04 20 00 13 31.407     2013 04 20 00 16 29.225     177.8
923
 2013 04 20 06 01 54.635     2013 04 20 06 05 45.226     230.6
 2013 04 20 12 37 15.440     2013 04 20 12 40 18.430     183.0
924
925
 2013 04 20 04 40 26.548     2013 04 20 04 44  4.219     217.7
 2013 04 20 23 23 21.427     2013 04 20 23 26 24.397     183.0
926
 2013 04 20 15 51  3.641     2013 04 20 15 54 42.898     219.3
927
 2013 04 20 09 37 11.795     2013 04 20 09 40 28.337     196.5
 2013 04 20 23 11  2.274     2013 04 20 23 14 34.658     212.4
928
 2013 04 20 05 30  9.981     2013 04 20 05 32 50.669     160.7
 2013 04 20 22 34 10.159     2013 04 20 22 36 54.447     164.3
929
 2013 04 20 20 05 10.464     2013 04 20 20 05 52.056      41.6
930
 2013 04 20 00 46 10.400     2013 04 20 00 49 27.623     197.2
 2013 04 20 17 51 37.030     2013 04 20 17 54 27.274     170.2
 2013 04 20 22 49 55.351     2013 04 20 22 50 18.632      23.3
931
 2013 04 20 02 01 59.788     2013 04 20 02 04 40.594     160.8
 2013 04 20 10 17 24.720     2013 04 20 10 20  3.387     158.7
932
933
 2013 04 20 10 30 31.673     2013 04 20 10 33  4.520     152.8
 2013 04 20 22 18 39.029     2013 04 20 22 21 25.940     166.9
934
 2013 04 20 19 05 18.929     2013 04 20 19 07 59.272     160.3
935
 2013 04 20 04 49 24.971     2013 04 20 04 52 39.382     194.4
936
 2013 04 20 02 38 45.186     2013 04 20 02 41 18.845     153.7
 2013 04 20 14 24 36.712     2013 04 20 14 26 11.306      94.6
937
 2013 04 20 10 37  5.648     2013 04 20 10 37  8.258       2.6
938
 2013 04 20 01 14 21.991     2013 04 20 01 18  1.023     219.0
 2013 04 20 09 29 14.076     2013 04 20 09 31 54.792     160.7
939
 2013 04 20 03 33 55.597     2013 04 20 03 36 32.863     157.3
940
 2013 04 20 09 28 11.237     2013 04 20 09 31 35.607     204.4
941
 2013 04 20 03 59 54.860     2013 04 20 04 00  7.282      12.4
 2013 04 20 20 58 20.797     2013 04 20 21 01 32.535     191.7
942
 2013 04 20 16 52 11.793     2013 04 20 16 54 46.241     154.4
943
 2013 04 20 09 02 47.243     2013 04 20 09 06   .856     193.6
 2013 04 20 19 02 59.475     2013 04 20 19 06 39.763     220.3
944
 2013 04 20 10 36 42.948     2013 04 20 10 39 17.379     154.4
 2013 04 20 20 37 33.404     2013 04 20 20 40  8.495     155.1
945
 2013 04 20 04 06 58.144     2013 04 20 04 09 57.261     179.1
946
947
948
949
 2013 04 20 11 22  1.983     2013 04 20 11 24 36.213     154.2
950
 2013 04 20 11 24  3.886     2013 04 20 11 27 33.186     209.3
 2013 04 20 21 25 26.976     2013 04 20 21 28 37.021     190.0
951
 2013 04 20 02 21 58.043     2013 04 20 02 24 33.941     155.9
 2013 04 20 19 25 28.296     2013 04 20 19 28 16.174     167.9
952
 2013 04 20 09 57   .405     2013 04 20 09 59 42.052     161.6
 2013 04 20 16 31 41.337     2013 04 20 16 35  6.143     204.8
953
 2013 04 20 04 10 27.982     2013 04 20 04 13 41.593     193.6
 2013 04 20 16 01 59.555     2013 04 20 16 04 36.331     156.8
954
 2013 04 20 00 13 10.696     2013 04 20 00 16 30.796     200.1
955
 2013 04 20 00 57 45.192     2013 04 20 01 01  3.808     198.6
956
 2013 04 20 00 29  8.029     2013 04 20 00 31 44.969     156.9
957
 2013 04 20 03 13 19.233     2013 04 20 03 15 55.249     156.0
 2013 04 20 18 34  1.019     2013 04 20 18 37 18.377     197.4
958
 2013 04 20 05 05  5.354     2013 04 20 05 08 21.940     196.6
 2013 04 20 15 05 41.406     2013 04 20 15 08 37.028     175.6
959
960
961
 2013 04 20 05 47 46.932     2013 04 20 05 50 52.846     185.9
 2013 04 20 17 33 11.471     2013 04 20 17 36 41.163     209.7
962
 2013 04 20 04 23 37.876     2013 04 20 04 26 33.587     175.7
 2013 04 20 12 38 59.570     2013 04 20 12 41 37.226     157.7
963
 2013 04 20 21 23  6.116     2013 04 20 21 25 49.635     163.5
964
 2013 04 20 12 19 12.569     2013 04 20 12 20 49.458      96.9
 2013 04 20 18 55 39.235     2013 04 20 18 58 19.336     160.1
965
 2013 04 20 13 56 14.966     2013 04 20 13 59 40.287     205.3
 2013 04 20 18 52  8.470     2013 04 20 18 55 23.019     194.5
966
 2013 04 20 09 53  4.745     2013 04 20 09 55 40.731     156.0
 2013 04 20 18 13 48.026     2013 04 20 18 14  9.148      21.1
967
968
 2013 04 20 04 46 46.726     2013 04 20 04 50  9.433     202.7
 2013 04 20 20 08  6.667     2013 04 20 20 10 42.071     155.4
969
 2013 04 20 07 08 19.424     2013 04 20 07 11 14.686     175.3
 2013 04 20 22 30 22.053     2013 04 20 22 33  5.993     163.9
970
 2013 04 20 13 56 28.389     2013 04 20 13 59 26.845     178.5
 2013 04 20 18 51 55.502     2013 04 20 18 54 58.395     182.9
971
 2013 04 20 02 34 47.324     2013 04 20 02 37 20.306     153.0
972
 2013 04 20 11 08 19.500     2013 04 20 11 10 55.702     156.2
973
974
 2013 04 20 00 05 29.367     2013 04 20 00 08  8.486     159.1
 2013 04 20 23 43 58.286     2013 04 20 23 46 34.969     156.7
975
 2013 04 20 02 35 49.538     2013 04 20 02 38 35.896     166.4
 2013 04 20 14 27  1.201     2013 04 20 14 29 58.610     177.4
976
 2013 04 20 02 24 32.729     2013 04 20 02 27 50.022     197.3
 2013 04 20 17 48 15.878     2013 04 20 17 50 51.471     155.6
977
 2013 04 20 09 46 20.613     2013 04 20 09 48 58.811     158.2
978
 2013 04 20 00 56 33.255     2013 04 20 01 00 10.836     217.6
 2013 04 20 14 31  4.368     2013 04 20 14 34  6.349     182.0
979
 2013 04 20 10 33 28.997     2013 04 20 10 36 30.076     181.1
980
 2013 04 20 14 36 44.845     2013 04 20 14 39 26.173     161.3
 2013 04 20 22 57 31.182     2013 04 20 22 57 41.174      10.0
981
 2013 04 20 05 39 51.723     2013 04 20 05 43 17.693     206.0
 2013 04 20 19 16 46.868     2013 04 20 19 20 30.707     223.8
982
 2013 04 20 00 56 53.843     2013 04 20 00 58 13.753      79.9
 2013 04 20 14 31 32.212     2013 04 20 14 35  4.078     211.9
983
 2013 04 20 03 17 52.842     2013 04 20 03 20 27.524     154.7
 2013 04 20 16 54 38.438     2013 04 20 16 57 16.992     158.6
984
 2013 04 20 07 09 16.443     2013 04 20 07 11 59.035     162.6
 2013 04 20 22 31  8.024     2013 04 20 22 34  2.502     174.5
985
 2013 04 20 05 50  2.099     2013 04 20 05 52 48.746     166.6
986
 2013 04 20 06 29 25.321     2013 04 20 06 32 44.820     199.5
987
 2013 04 20 15 28 44.315     2013 04 20 15 30 29.552     105.2
 2013 04 20 22 04 50.960     2013 04 20 22 07 29.382     158.4
988
 2013 04 20 06 37  5.095     2013 04 20 06 40 23.258     198.2
989
 2013 04 20 16 10 34.781     2013 04 20 16 13 13.417     158.6
990
 2013 04 20 02 05 59.474     2013 04 20 02 08 45.174     165.7
 2013 04 20 08 39 58.036     2013 04 20 08 43  3.374     185.3
991
992
993
 2013 04 20 02 46 38.057     2013 04 20 02 50 23.883     225.8
994
 2013 04 20 06 02 32.585     2013 04 20 06 05 11.609     159.0
 2013 04 20 11 01 11.898     2013 04 20 11 01 25.743      13.8
 2013 04 20 12 35 42.056     2013 04 20 12 39  1.527     199.5
995
 2013 04 20 07 25 36.224     2013 04 20 07 28  9.872     153.6
996
 2013 04 20 10 30 25.452     2013 04 20 10 30 29.157       3.7
997
 2013 04 20 07 56  3.849     2013 04 20 07 58 45.565     161.7
 2013 04 20 23 17 57.018     2013 04 20 23 20 32.648     155.6
998
 2013 04 20 09 45 33.622     2013 04 20 09 48 40.917     187.3
999
 2013 04 20 05 54 28.883     2013 04 20 05 57 35.657     186.8
 2013 04 20 15 51 54.920     2013 04 20 15 55 34.602     219.7
