0 15.1272 156.2176 10 23 9
2  45.0 45.0 0.00
1 -3.9900 -1.1226 2 17 8
2  45.0 45.0 0.00
2 -45.9248 -126.0049 3 24 5
2  45.0 45.0 0.00
3 37.5019 -88.2987 5 24 8
2  45.0 45.0 0.00
4 -21.8547 174.0696 5 22 5
2  45.0 45.0 0.00
5 -0.3095 30.8761 2 22 7
2  45.0 45.0 0.00
6 8.2493 -15.2666 10 16 9
2  45.0 45.0 0.00
7 10.2612 -34.4111 8 21 5
2  45.0 45.0 0.00
8 -37.3783 -104.2702 1 25 7
2  45.0 45.0 0.00
9 -14.6861 150.0587 7 19 6
2  45.0 45.0 0.00
10 22.8161 -29.8695 7 22 5
2  45.0 45.0 0.00
11 16.8734 -16.1762 7 21 8
2  45.0 45.0 0.00
12 39.9187 -178.0305 7 26 8
2  45.0 45.0 0.00
13 11.5704 -172.3474 8 25 6
2  45.0 45.0 0.00
14 -5.3659 124.5860 9 24 8
2  45.0 45.0 0.00
15 -44.1529 -86.5071 4 28 7
2  45.0 45.0 0.00
16 8.5066 -83.6466 9 19 8
2  45.0 45.0 0.00
17 -35.9557 154.6866 3 16 6
2  45.0 45.0 0.00
18 -37.9758 179.1514 2 24 6
2  45.0 45.0 0.00
19 -37.9582 -10.6889 3 15 9
2  45.0 45.0 0.00
20 -16.9393 -112.9423 1 15 6
2  45.0 45.0 0.00
21 39.1324 105.6881 2 28 8
2  45.0 45.0 0.00
22 -10.6551 7.9558 6 28 9
2  45.0 45.0 0.00
23 11.5480 81.9736 1 29 7
2  45.0 45.0 0.00
24 19.0238 143.7913 6 21 5
2  45.0 45.0 0.00
25 -5.1160 -114.9889 8 18 7
2  45.0 45.0 0.00
26 11.9944 -97.6803 2 16 7
2  45.0 45.0 0.00
27 -11.2382 -92.9664 5 28 7
2  45.0 45.0 0.00
28 -14.0750 -173.5241 4 21 8
2  45.0 45.0 0.00
29 12.6817 -135.1220 8 26 6
2  45.0 45.0 0.00
30 -9.0949 5.2704 7 23 6
2  45.0 45.0 0.00
31 -6.2779 93.3463 4 27 8
2  45.0 45.0 0.00
32 19.9903 14.5237 8 22 7
2  45.0 45.0 0.00
33 -34.8937 -29.2757 10 20 7
2  45.0 45.0 0.00
34 -14.0786 107.0034 7 20 5
2  45.0 45.0 0.00
35 17.1170 -8.8431 2 25 7
2  45.0 45.0 0.00
36 -18.3301 -23.2135 2 29 9
2  45.0 45.0 0.00
37 -42.5574 60.2937 8 27 5
2  45.0 45.0 0.00
38 14.2765 -34.8005 1 19 9
2  45.0 45.0 0.00
39 34.6485 3.8189 7 28 9
2  45.0 45.0 0.00
40 -31.6983 96.9105 6 19 7
2  45.0 45.0 0.00
41 12.3986 -126.3224 3 21 5
2  45.0 45.0 0.00
42 49.3259 -148.1831 7 20 7
2  45.0 45.0 0.00
43 -26.1747 24.5146 5 25 8
2  45.0 45.0 0.00
44 0.3531 32.1260 9 17 6
2  45.0 45.0 0.00
45 49.1682 -3.8015 1 22 7
2  45.0 45.0 0.00
46 -37.0074 29.5802 4 27 9
2  45.0 45.0 0.00
47 6.1351 -133.8079 10 20 7
2  45.0 45.0 0.00
48 47.6375 -99.9387 2 26 7
2  45.0 45.0 0.00
49 4.9082 -163.0535 1 26 7
2  45.0 45.0 0.00
50 -25.5697 109.6532 5 16 9
2  45.0 45.0 0.00
51 11.8424 34.0002 1 28 7
2  45.0 45.0 0.00
52 -39.4821 47.2275 3 29 8
2  45.0 45.0 0.00
53 -12.3838 -93.9029 6 21 8
2  45.0 45.0 0.00
54 -39.7757 -114.6293 9 17 8
2  45.0 45.0 0.00
55 -23.2205 124.3554 9 25 6
2  45.0 45.0 0.00
56 44.1784 71.7681 6 16 5
2  45.0 45.0 0.00
57 -16.2942 -11.9961 2 27 9
2  45.0 45.0 0.00
58 49.1239 -101.8136 3 27 6
2  45.0 45.0 0.00
59 -19.2684 -97.8398 1 15 9
2  45.0 45.0 0.00
60 -20.4426 49.8634 7 17 7
2  45.0 45.0 0.00
61 -44.8177 59.1020 3 22 5
2  45.0 45.0 0.00
62 28.2266 153.0315 8 23 5
2  45.0 45.0 0.00
63 -7.6139 16.3616 4 29 8
2  45.0 45.0 0.00
64 44.1484 -44.7197 2 22 6
2  45.0 45.0 0.00
65 43.2028 -64.7122 9 27 8
2  45.0 45.0 0.00
66 -47.4121 117.2817 6 25 8
2  45.0 45.0 0.00
67 -23.5036 8.2669 3 22 8
2  45.0 45.0 0.00
68 19.3035 177.4790 1 26 5
2  45.0 45.0 0.00
69 -48.9353 45.2504 6 27 9
2  45.0 45.0 0.00
70 28.9140 -81.7669 6 20 9
2  45.0 45.0 0.00
71 45.7248 -127.2620 8 27 8
2  45.0 45.0 0.00
72 27.2365 114.2753 4 27 7
2  45.0 45.0 0.00
73 46.6937 -94.7971 7 29 9
2  45.0 45.0 0.00
74 42.9520 -167.6423 1 18 7
2  45.0 45.0 0.00
75 44.8907 40.2471 5 19 8
2  45.0 45.0 0.00
76 -23.1210 -10.8686 9 28 5
2  45.0 45.0 0.00
77 29.6637 -26.0667 8 28 9
2  45.0 45.0 0.00
78 -39.0320 60.4691 3 27 6
2  45.0 45.0 0.00
79 38.6558 -125.0339 3 18 7
2  45.0 45.0 0.00
80 31.9771 57.8064 6 15 9
2  45.0 45.0 0.00
81 25.2754 -155.1643 7 27 6
2  45.0 45.0 0.00
82 -19.1257 115.4966 9 15 9
2  45.0 45.0 0.00
83 -22.5634 147.3229 1 26 8
2  45.0 45.0 0.00
84 1.3689 -53.6255 10 16 7
2  45.0 45.0 0.00
85 -27.8528 -106.6705 10 27 6
2  45.0 45.0 0.00
86 28.7062 -43.5615 7 27 6
2  45.0 45.0 0.00
87 12.8583 -27.6611 1 15 6
2  45.0 45.0 0.00
88 22.3510 45.1280 1 23 9
2  45.0 45.0 0.00
89 -20.0393 39.0129 10 15 6
2  45.0 45.0 0.00
90 48.2774 -48.4324 10 22 7
2  45.0 45.0 0.00
91 -5.2331 16.2150 1 22 9
2  45.0 45.0 0.00
92 3.6839 -94.7503 5 22 8
2  45.0 45.0 0.00
93 46.7007 167.0431 1 27 8
2  45.0 45.0 0.00
94 38.5813 130.5712 5 21 8
2  45.0 45.0 0.00
95 41.0812 97.9651 3 16 7
2  45.0 45.0 0.00
96 13.6601 -108.8044 7 23 6
2  45.0 45.0 0.00
97 -10.0331 137.4937 7 19 5
2  45.0 45.0 0.00
98 -44.9162 145.6395 7 16 9
2  45.0 45.0 0.00
99 -2.7503 -125.8156 6 28 9
2  45.0 45.0 0.00
100 -16.2242 93.1190 1 18 8
2  45.0 45.0 0.00
101 -43.1686 164.2605 2 27 6
2  45.0 45.0 0.00
102 18.9216 -26.7044 2 29 6
2  45.0 45.0 0.00
103 -17.2793 64.2332 9 16 9
2  45.0 45.0 0.00
104 -46.7835 57.0260 7 25 5
2  45.0 45.0 0.00
105 48.6986 83.7852 5 22 5
2  45.0 45.0 0.00
106 25.1269 132.6778 8 18 7
2  45.0 45.0 0.00
107 39.2417 166.4759 3 26 6
2  45.0 45.0 0.00
108 -5.3987 -157.1071 6 29 9
2  45.0 45.0 0.00
109 15.9468 164.8073 10 27 5
2  45.0 45.0 0.00
110 31.3366 -172.2089 2 28 6
2  45.0 45.0 0.00
111 19.9848 -163.3429 10 16 6
2  45.0 45.0 0.00
112 -14.8386 -4.5725 2 24 8
2  45.0 45.0 0.00
113 32.8553 -100.6396 5 20 9
2  45.0 45.0 0.00
114 -13.2972 150.2138 10 28 7
2  45.0 45.0 0.00
115 52.4758 71.0033 3 26 6
2  45.0 45.0 0.00
116 -52.8280 138.6717 8 20 9
2  45.0 45.0 0.00
117 22.8329 167.1765 10 29 7
2  45.0 45.0 0.00
118 34.3371 141.9176 6 20 5
2  45.0 45.0 0.00
119 48.9477 -35.3723 3 20 7
2  45.0 45.0 0.00
120 -7.4204 24.2226 2 27 5
2  45.0 45.0 0.00
121 40.1070 -136.3326 9 22 5
2  45.0 45.0 0.00
122 52.0783 -76.9819 10 27 8
2  45.0 45.0 0.00
123 -2.6697 -126.1561 2 25 8
2  45.0 45.0 0.00
124 36.6311 -89.3530 8 26 6
2  45.0 45.0 0.00
125 -2.0840 19.0735 2 27 5
2  45.0 45.0 0.00
126 9.8909 -54.8081 3 18 5
2  45.0 45.0 0.00
127 -6.9602 -168.1634 4 17 5
2  45.0 45.0 0.00
128 9.9752 -8.4851 1 29 8
2  45.0 45.0 0.00
129 4.0040 -155.4703 7 25 9
2  45.0 45.0 0.00
130 33.0936 76.0053 8 25 8
2  45.0 45.0 0.00
131 -34.1109 99.3781 3 21 5
2  45.0 45.0 0.00
132 -18.5091 -75.0758 4 19 8
2  45.0 45.0 0.00
133 15.2162 -169.0704 4 25 6
2  45.0 45.0 0.00
134 -6.1550 -178.4413 8 22 8
2  45.0 45.0 0.00
135 -13.8705 -74.9420 2 17 8
2  45.0 45.0 0.00
136 -9.3067 120.8533 6 28 7
2  45.0 45.0 0.00
137 40.5116 62.2351 5 22 9
2  45.0 45.0 0.00
138 16.7785 27.7585 2 16 9
2  45.0 45.0 0.00
139 -20.9191 -114.6486 8 18 6
2  45.0 45.0 0.00
140 0.7858 -47.0943 10 20 5
2  45.0 45.0 0.00
141 32.6346 -114.8275 4 15 8
2  45.0 45.0 0.00
142 40.9553 43.9863 10 24 7
2  45.0 45.0 0.00
143 -1.0937 -44.7438 10 27 6
2  45.0 45.0 0.00
144 49.8914 16.6647 5 27 5
2  45.0 45.0 0.00
145 38.6717 157.2376 1 25 9
2  45.0 45.0 0.00
146 -33.1128 -153.2670 9 28 9
2  45.0 45.0 0.00
147 -48.4400 -19.6071 1 25 5
2  45.0 45.0 0.00
148 21.3219 40.9885 7 27 9
2  45.0 45.0 0.00
149 -49.1731 147.7857 3 23 9
2  45.0 45.0 0.00
150 45.2555 -60.7227 3 28 8
2  45.0 45.0 0.00
151 48.8790 10.0465 10 18 5
2  45.0 45.0 0.00
152 39.3369 -6.8014 5 17 8
2  45.0 45.0 0.00
153 33.0840 85.3516 8 27 7
2  45.0 45.0 0.00
154 -48.3205 54.7198 9 25 8
2  45.0 45.0 0.00
155 -15.1774 70.3747 8 28 9
2  45.0 45.0 0.00
156 48.1570 -46.8554 1 26 8
2  45.0 45.0 0.00
157 37.7666 -127.7948 10 16 9
2  45.0 45.0 0.00
158 1.6019 -93.3167 2 23 8
2  45.0 45.0 0.00
159 -29.6754 -22.5538 8 15 6
2  45.0 45.0 0.00
160 -21.3044 -155.0561 5 17 5
2  45.0 45.0 0.00
161 -23.8565 42.9803 2 19 9
2  45.0 45.0 0.00
162 -24.8424 51.8459 7 19 5
2  45.0 45.0 0.00
163 0.1332 69.5454 5 23 9
2  45.0 45.0 0.00
164 17.7124 48.3648 9 15 6
2  45.0 45.0 0.00
165 32.1561 -159.6452 4 15 9
2  45.0 45.0 0.00
166 44.4634 51.1651 6 24 7
2  45.0 45.0 0.00
167 40.8124 -95.7871 8 26 7
2  45.0 45.0 0.00
168 -27.8887 128.8425 7 16 5
2  45.0 45.0 0.00
169 39.3361 167.8092 9 22 6
2  45.0 45.0 0.00
170 2.8473 143.8880 3 17 6
2  45.0 45.0 0.00
171 17.4549 -158.2981 8 27 8
2  45.0 45.0 0.00
172 -29.8498 37.4858 4 21 7
2  45.0 45.0 0.00
173 13.0923 -178.2611 8 26 6
2  45.0 45.0 0.00
174 -24.6628 159.1613 7 16 6
2  45.0 45.0 0.00
175 32.7755 10.3312 7 27 7
2  45.0 45.0 0.00
176 35.7456 22.1981 5 27 7
2  45.0 45.0 0.00
177 -50.9036 -8.1609 1 18 8
2  45.0 45.0 0.00
178 34.4224 -28.6204 1 16 5
2  45.0 45.0 0.00
179 14.0738 -22.3902 5 25 7
2  45.0 45.0 0.00
180 38.8241 -115.7839 3 16 8
2  45.0 45.0 0.00
181 8.9832 108.4862 1 28 8
2  45.0 45.0 0.00
182 -38.5871 -91.0181 10 20 5
2  45.0 45.0 0.00
183 16.6141 107.3713 6 27 6
2  45.0 45.0 0.00
184 -37.5048 91.4245 7 16 6
2  45.0 45.0 0.00
185 36.7643 132.4352 8 15 9
2  45.0 45.0 0.00
186 -13.6319 127.7712 10 20 6
2  45.0 45.0 0.00
187 16.8375 -22.0679 7 17 7
2  45.0 45.0 0.00
188 -29.8468 24.1780 5 22 8
2  45.0 45.0 0.00
189 8.2222 -148.7883 10 28 7
2  45.0 45.0 0.00
190 35.4589 39.9243 8 19 8
2  45.0 45.0 0.00
191 -41.0953 -143.4954 1 27 9
2  45.0 45.0 0.00
192 22.9883 88.6221 2 16 8
2  45.0 45.0 0.00
193 -23.2086 148.7145 6 16 7
2  45.0 45.0 0.00
194 -29.8881 35.8228 10 18 9
2  45.0 45.0 0.00
195 8.3761 -82.1144 5 19 6
2  45.0 45.0 0.00
196 27.5742 173.3503 2 23 5
2  45.0 45.0 0.00
197 27.6127 26.8757 2 23 5
2  45.0 45.0 0.00
198 6.0889 44.5198 6 20 7
2  45.0 45.0 0.00
199 -2.9411 -1.4135 8 25 5
2  45.0 45.0 0.00
200 17.4341 -175.2596 7 19 7
2  45.0 45.0 0.00
201 -28.0889 -46.5570 6 20 6
2  45.0 45.0 0.00
202 36.0828 96.5884 5 21 8
2  45.0 45.0 0.00
203 24.9463 -116.9227 4 29 8
2  45.0 45.0 0.00
204 21.8780 -50.0503 9 28 5
2  45.0 45.0 0.00
205 10.0033 -97.0677 4 27 6
2  45.0 45.0 0.00
206 -44.2077 25.9025 1 17 8
2  45.0 45.0 0.00
207 26.1784 57.7455 6 29 7
2  45.0 45.0 0.00
208 -11.6789 -95.6558 10 18 8
2  45.0 45.0 0.00
209 30.6490 -112.1261 7 26 5
2  45.0 45.0 0.00
210 -21.5138 1.8943 1 16 6
2  45.0 45.0 0.00
211 -20.8289 -134.3777 10 18 6
2  45.0 45.0 0.00
212 -52.5078 20.6828 10 17 6
2  45.0 45.0 0.00
213 -24.5440 30.0844 5 25 5
2  45.0 45.0 0.00
214 -45.0565 -112.1829 7 21 8
2  45.0 45.0 0.00
215 -2.9567 -139.6284 5 17 6
2  45.0 45.0 0.00
216 -9.9818 -3.2835 6 26 6
2  45.0 45.0 0.00
217 8.2346 0.6826 8 28 8
2  45.0 45.0 0.00
218 12.7452 -38.1095 3 26 7
2  45.0 45.0 0.00
219 35.2312 -145.0501 10 29 6
2  45.0 45.0 0.00
220 -31.2092 -4.9149 5 24 6
2  45.0 45.0 0.00
221 -41.4822 -160.5753 10 20 9
2  45.0 45.0 0.00
222 -32.7161 155.9611 5 28 8
2  45.0 45.0 0.00
223 1.4590 97.8088 6 29 7
2  45.0 45.0 0.00
224 28.2550 76.3882 9 28 9
2  45.0 45.0 0.00
225 19.1646 -20.5137 1 27 9
2  45.0 45.0 0.00
226 -13.2475 -122.3247 7 28 9
2  45.0 45.0 0.00
227 44.4654 124.4020 4 21 6
2  45.0 45.0 0.00
228 2.5151 -127.9634 7 15 6
2  45.0 45.0 0.00
229 19.8233 4.6009 1 15 5
2  45.0 45.0 0.00
230 -46.5681 -121.8107 4 20 7
2  45.0 45.0 0.00
231 -0.7012 27.5467 7 26 6
2  45.0 45.0 0.00
232 17.5579 -109.5260 3 23 6
2  45.0 45.0 0.00
233 -49.6983 -172.2788 1 28 6
2  45.0 45.0 0.00
234 17.8295 -50.1059 7 24 9
2  45.0 45.0 0.00
235 12.9331 75.2313 4 23 9
2  45.0 45.0 0.00
236 -35.1901 -41.1794 4 27 7
2  45.0 45.0 0.00
237 -30.3810 106.4904 6 21 6
2  45.0 45.0 0.00
238 -16.6456 -157.5243 9 16 5
2  45.0 45.0 0.00
239 -18.2356 31.4469 10 26 6
2  45.0 45.0 0.00
240 17.5499 41.3348 1 25 7
2  45.0 45.0 0.00
241 21.1853 0.5367 8 20 5
2  45.0 45.0 0.00
242 30.1473 176.6105 1 29 9
2  45.0 45.0 0.00
243 -23.3170 -39.5618 1 17 8
2  45.0 45.0 0.00
244 -28.0538 20.8337 9 23 7
2  45.0 45.0 0.00
245 11.2116 -74.7025 3 24 5
2  45.0 45.0 0.00
246 -49.3262 165.9983 10 20 9
2  45.0 45.0 0.00
247 5.6391 60.5622 7 20 8
2  45.0 45.0 0.00
248 22.4609 -29.4365 9 19 6
2  45.0 45.0 0.00
249 -15.6476 -143.6867 1 16 9
2  45.0 45.0 0.00
250 46.4131 -24.6493 7 15 6
2  45.0 45.0 0.00
251 -41.5845 -156.4890 8 18 5
2  45.0 45.0 0.00
252 -9.8189 133.5538 2 19 5
2  45.0 45.0 0.00
253 34.2700 48.6365 10 17 6
2  45.0 45.0 0.00
254 11.8508 -174.2723 6 22 9
2  45.0 45.0 0.00
255 33.6137 -96.2291 2 18 7
2  45.0 45.0 0.00
256 0.5194 -100.2980 10 25 6
2  45.0 45.0 0.00
257 10.9316 149.9180 1 15 5
2  45.0 45.0 0.00
258 -1.2836 -22.9280 6 18 7
2  45.0 45.0 0.00
259 36.1368 -146.7282 5 17 6
2  45.0 45.0 0.00
260 23.0317 162.5036 3 26 7
2  45.0 45.0 0.00
261 44.7266 160.7384 1 17 5
2  45.0 45.0 0.00
262 39.7496 126.4718 10 27 6
2  45.0 45.0 0.00
263 -33.2868 -110.7114 7 28 5
2  45.0 45.0 0.00
264 43.1275 46.8039 4 16 8
2  45.0 45.0 0.00
265 -34.3982 106.2205 1 29 7
2  45.0 45.0 0.00
266 23.8170 -156.9267 4 27 5
2  45.0 45.0 0.00
267 5.6711 -11.6058 3 18 6
2  45.0 45.0 0.00
268 16.6031 80.1693 2 27 5
2  45.0 45.0 0.00
269 14.4775 43.0977 7 29 9
2  45.0 45.0 0.00
270 15.7351 -121.1972 3 15 9
2  45.0 45.0 0.00
271 -43.7495 122.3589 4 15 6
2  45.0 45.0 0.00
272 -39.5494 -177.3228 9 26 9
2  45.0 45.0 0.00
273 32.9558 178.0365 3 24 5
2  45.0 45.0 0.00
274 23.1305 158.9408 1 23 9
2  45.0 45.0 0.00
275 -33.4779 110.5744 8 15 5
2  45.0 45.0 0.00
276 5.9119 108.6518 4 15 5
2  45.0 45.0 0.00
277 6.5028 -177.0896 7 28 9
2  45.0 45.0 0.00
278 22.6432 -14.5698 2 27 7
2  45.0 45.0 0.00
279 15.8148 156.5837 10 29 9
2  45.0 45.0 0.00
280 15.0556 169.7761 9 29 9
2  45.0 45.0 0.00
281 21.9359 31.5919 6 15 6
2  45.0 45.0 0.00
282 -23.3075 111.3508 2 29 9
2  45.0 45.0 0.00
283 -18.5413 177.9984 4 24 5
2  45.0 45.0 0.00
284 32.0988 -136.8494 7 27 9
2  45.0 45.0 0.00
285 -25.5795 -150.6494 4 16 9
2  45.0 45.0 0.00
286 -26.5831 122.1384 1 17 5
2  45.0 45.0 0.00
287 8.9223 117.9775 8 17 8
2  45.0 45.0 0.00
288 50.2007 159.3536 10 24 8
2  45.0 45.0 0.00
289 42.8566 -0.1353 9 28 5
2  45.0 45.0 0.00
290 16.4041 -74.0565 7 26 5
2  45.0 45.0 0.00
291 2.3502 -125.2853 1 16 7
2  45.0 45.0 0.00
292 13.2938 -0.7495 3 16 5
2  45.0 45.0 0.00
293 -6.2705 45.8388 10 26 6
2  45.0 45.0 0.00
294 -0.2792 122.7937 8 15 6
2  45.0 45.0 0.00
295 38.1780 3.1473 7 17 5
2  45.0 45.0 0.00
296 27.4604 -103.4731 5 28 6
2  45.0 45.0 0.00
297 48.2225 -162.8738 5 15 5
2  45.0 45.0 0.00
298 -7.1881 90.5705 3 24 6
2  45.0 45.0 0.00
299 -2.5786 134.1556 4 21 8
2  45.0 45.0 0.00
300 -23.6404 72.6780 5 24 7
2  45.0 45.0 0.00
301 33.2482 -86.4128 2 23 7
2  45.0 45.0 0.00
302 -51.5765 -178.1774 3 15 5
2  45.0 45.0 0.00
303 -9.2392 29.4683 6 26 8
2  45.0 45.0 0.00
304 -11.3132 44.2672 10 25 9
2  45.0 45.0 0.00
305 26.0529 -109.9438 3 25 9
2  45.0 45.0 0.00
306 51.6767 -146.9296 3 20 8
2  45.0 45.0 0.00
307 -46.9393 27.6111 2 22 5
2  45.0 45.0 0.00
308 20.6662 -14.3327 7 22 9
2  45.0 45.0 0.00
309 -7.7248 83.6457 3 23 9
2  45.0 45.0 0.00
310 41.7446 -133.9017 10 24 9
2  45.0 45.0 0.00
311 16.3254 173.8651 1 24 5
2  45.0 45.0 0.00
312 12.6205 17.9797 5 25 6
2  45.0 45.0 0.00
313 44.6861 44.7269 3 20 9
2  45.0 45.0 0.00
314 35.6309 -139.7629 5 23 5
2  45.0 45.0 0.00
315 45.9070 -144.4266 3 27 8
2  45.0 45.0 0.00
316 -51.5761 38.3296 9 28 9
2  45.0 45.0 0.00
317 38.1033 -16.3240 4 23 8
2  45.0 45.0 0.00
318 -45.1329 157.7261 6 19 8
2  45.0 45.0 0.00
319 -37.6278 83.0400 10 18 8
2  45.0 45.0 0.00
320 32.1056 -46.8779 4 25 6
2  45.0 45.0 0.00
321 29.8970 13.0159 1 21 7
2  45.0 45.0 0.00
322 5.8510 -136.9174 1 27 6
2  45.0 45.0 0.00
323 -51.6654 50.8474 5 27 9
2  45.0 45.0 0.00
324 -3.5074 -159.1711 4 25 6
2  45.0 45.0 0.00
325 42.1893 105.1365 4 27 5
2  45.0 45.0 0.00
326 -31.5437 119.9373 2 18 7
2  45.0 45.0 0.00
327 15.2268 145.8696 1 23 9
2  45.0 45.0 0.00
328 -18.7292 178.6384 6 15 7
2  45.0 45.0 0.00
329 48.1817 -153.1706 10 15 6
2  45.0 45.0 0.00
330 0.4005 153.1443 10 20 6
2  45.0 45.0 0.00
331 25.9727 56.4965 9 19 9
2  45.0 45.0 0.00
332 51.9402 61.2238 2 18 7
2  45.0 45.0 0.00
333 23.5361 135.4924 9 20 6
2  45.0 45.0 0.00
334 -41.6159 -155.4996 8 29 6
2  45.0 45.0 0.00
335 -3.1065 -162.2828 1 17 7
2  45.0 45.0 0.00
336 34.2896 91.5106 5 23 6
2  45.0 45.0 0.00
337 -23.6362 -0.6873 7 29 8
2  45.0 45.0 0.00
338 51.5917 26.3767 4 24 8
2  45.0 45.0 0.00
339 16.2438 84.4942 6 23 8
2  45.0 45.0 0.00
340 -44.7133 66.6423 3 27 7
2  45.0 45.0 0.00
341 -6.8135 160.8909 9 29 5
2  45.0 45.0 0.00
342 20.7560 7.1761 4 28 7
2  45.0 45.0 0.00
343 -28.0046 -138.1267 4 15 9
2  45.0 45.0 0.00
344 -29.2615 135.6641 6 26 9
2  45.0 45.0 0.00
345 3.6176 -22.0331 8 20 9
2  45.0 45.0 0.00
346 25.0146 -4.8120 4 21 5
2  45.0 45.0 0.00
347 -38.3329 155.7418 4 15 6
2  45.0 45.0 0.00
348 -18.0096 17.1908 2 27 6
2  45.0 45.0 0.00
349 -3.5213 53.4225 7 16 6
2  45.0 45.0 0.00
350 3.9145 72.3127 4 25 5
2  45.0 45.0 0.00
351 -31.6588 156.9742 1 28 8
2  45.0 45.0 0.00
352 52.6740 34.4749 4 16 8
2  45.0 45.0 0.00
353 -30.8272 -148.5613 7 26 5
2  45.0 45.0 0.00
354 -20.8619 -142.1708 3 25 8
2  45.0 45.0 0.00
355 18.6768 -155.4413 3 22 6
2  45.0 45.0 0.00
356 40.8877 -66.0885 4 16 7
2  45.0 45.0 0.00
357 -49.2774 94.3973 9 19 5
2  45.0 45.0 0.00
358 -31.5530 -177.5786 2 18 5
2  45.0 45.0 0.00
359 24.8395 -26.5367 2 15 8
2  45.0 45.0 0.00
360 -12.7782 140.5127 5 29 5
2  45.0 45.0 0.00
361 -7.2242 -168.1740 1 15 9
2  45.0 45.0 0.00
362 -38.8900 -12.9159 4 24 7
2  45.0 45.0 0.00
363 19.1334 -1.4532 5 24 9
2  45.0 45.0 0.00
364 -5.6220 95.2883 6 24 9
2  45.0 45.0 0.00
365 -21.5748 127.1737 1 24 7
2  45.0 45.0 0.00
366 -26.5096 -161.6950 6 27 9
2  45.0 45.0 0.00
367 52.5145 -56.8581 10 16 7
2  45.0 45.0 0.00
368 -52.7595 73.3610 5 22 9
2  45.0 45.0 0.00
369 25.2500 -53.3673 1 27 7
2  45.0 45.0 0.00
370 -27.7327 112.9120 5 16 5
2  45.0 45.0 0.00
371 12.1647 -78.2256 10 29 9
2  45.0 45.0 0.00
372 8.3303 -34.9473 8 23 6
2  45.0 45.0 0.00
373 -44.2798 51.1863 1 26 7
2  45.0 45.0 0.00
374 -17.1251 -32.4300 5 16 7
2  45.0 45.0 0.00
375 25.7773 -76.4359 6 26 9
2  45.0 45.0 0.00
376 47.1389 -163.9704 3 15 9
2  45.0 45.0 0.00
377 -6.7559 166.3258 3 26 9
2  45.0 45.0 0.00
378 22.5476 -51.0546 4 16 8
2  45.0 45.0 0.00
379 10.5305 -131.0126 9 17 8
2  45.0 45.0 0.00
380 -42.8216 18.7629 10 19 5
2  45.0 45.0 0.00
381 34.8162 69.4670 2 23 7
2  45.0 45.0 0.00
382 -18.3292 -5.2348 3 15 8
2  45.0 45.0 0.00
383 3.6104 -47.1252 8 23 5
2  45.0 45.0 0.00
384 -40.2535 136.1380 7 28 5
2  45.0 45.0 0.00
385 50.9077 -71.1535 8 20 8
2  45.0 45.0 0.00
386 11.3532 -134.5340 10 16 5
2  45.0 45.0 0.00
387 -11.3858 87.1225 3 28 9
2  45.0 45.0 0.00
388 25.7899 -46.4905 5 19 8
2  45.0 45.0 0.00
389 -28.9111 -57.4700 10 21 9
2  45.0 45.0 0.00
390 -28.5937 23.1665 4 17 5
2  45.0 45.0 0.00
391 -29.9066 50.1059 9 16 7
2  45.0 45.0 0.00
392 2.7669 -56.2147 2 29 7
2  45.0 45.0 0.00
393 -31.7164 -32.9900 7 29 7
2  45.0 45.0 0.00
394 30.9577 -5.4743 4 25 7
2  45.0 45.0 0.00
395 26.4353 29.6128 10 18 5
2  45.0 45.0 0.00
396 14.8294 135.4329 6 20 6
2  45.0 45.0 0.00
397 -48.4680 176.0074 8 15 6
2  45.0 45.0 0.00
398 26.8608 44.4916 10 22 8
2  45.0 45.0 0.00
399 -10.6580 -26.9644 10 27 5
2  45.0 45.0 0.00
400 33.8027 -55.2805 8 29 8
2  45.0 45.0 0.00
401 26.0182 119.6272 6 23 5
2  45.0 45.0 0.00
402 14.3740 -40.4991 1 28 9
2  45.0 45.0 0.00
403 15.8895 176.6181 6 24 8
2  45.0 45.0 0.00
404 -30.5408 -36.9110 6 26 7
2  45.0 45.0 0.00
405 -35.1426 -174.1848 7 16 8
2  45.0 45.0 0.00
406 -18.6251 95.0486 6 18 6
2  45.0 45.0 0.00
407 -21.8936 154.9542 7 26 9
2  45.0 45.0 0.00
408 -30.6916 -31.5547 1 27 5
2  45.0 45.0 0.00
409 -14.2145 69.9265 4 23 5
2  45.0 45.0 0.00
410 -9.6622 110.3455 3 16 7
2  45.0 45.0 0.00
411 -8.3291 19.6275 6 21 9
2  45.0 45.0 0.00
412 24.3059 94.9927 4 29 8
2  45.0 45.0 0.00
413 39.3875 -115.6543 8 23 6
2  45.0 45.0 0.00
414 23.2641 -89.9520 3 27 8
2  45.0 45.0 0.00
415 31.7503 15.1710 4 24 5
2  45.0 45.0 0.00
416 -2.7321 -15.6353 3 29 6
2  45.0 45.0 0.00
417 1.8843 58.7722 2 26 9
2  45.0 45.0 0.00
418 25.3272 -6.5345 3 26 7
2  45.0 45.0 0.00
419 -5.6617 -14.5660 3 18 6
2  45.0 45.0 0.00
420 -33.1607 -122.4995 5 20 9
2  45.0 45.0 0.00
421 -36.1763 176.0202 6 20 5
2  45.0 45.0 0.00
422 40.2039 141.1480 8 19 8
2  45.0 45.0 0.00
423 -24.0904 116.2500 9 24 7
2  45.0 45.0 0.00
424 -30.9176 -22.5707 3 25 9
2  45.0 45.0 0.00
425 -27.8119 -2.6169 6 20 7
2  45.0 45.0 0.00
426 -16.9608 -60.7724 10 19 8
2  45.0 45.0 0.00
427 -19.6628 -137.4030 1 15 8
2  45.0 45.0 0.00
428 3.0561 -84.5257 10 24 5
2  45.0 45.0 0.00
429 36.7670 -114.1603 4 15 7
2  45.0 45.0 0.00
430 13.1092 123.5916 1 25 5
2  45.0 45.0 0.00
431 26.4851 -22.4365 3 20 6
2  45.0 45.0 0.00
432 17.5942 41.2883 4 29 5
2  45.0 45.0 0.00
433 5.0980 39.9200 5 24 8
2  45.0 45.0 0.00
434 -36.6328 96.0304 6 27 7
2  45.0 45.0 0.00
435 46.9705 107.3056 8 25 7
2  45.0 45.0 0.00
436 -47.1980 -16.3441 7 27 7
2  45.0 45.0 0.00
437 -0.3517 58.4155 3 16 7
2  45.0 45.0 0.00
438 39.9435 84.6474 4 25 7
2  45.0 45.0 0.00
439 43.8990 -77.6064 3 21 7
2  45.0 45.0 0.00
440 -27.9873 20.7183 9 20 9
2  45.0 45.0 0.00
441 37.8336 178.5467 9 16 7
2  45.0 45.0 0.00
442 47.8896 88.2970 4 27 8
2  45.0 45.0 0.00
443 -30.5934 108.0995 3 23 9
2  45.0 45.0 0.00
444 40.8978 -7.0181 10 18 6
2  45.0 45.0 0.00
445 -8.5568 -147.0178 7 21 6
2  45.0 45.0 0.00
446 16.8213 -56.7000 8 16 8
2  45.0 45.0 0.00
447 -0.2984 -158.7224 5 27 7
2  45.0 45.0 0.00
448 0.0763 33.0285 5 25 5
2  45.0 45.0 0.00
449 -39.0550 151.1924 4 29 5
2  45.0 45.0 0.00
450 -40.9303 74.9527 1 23 8
2  45.0 45.0 0.00
451 27.0792 -58.2604 10 16 6
2  45.0 45.0 0.00
452 28.1221 31.4718 5 26 8
2  45.0 45.0 0.00
453 11.5846 50.2793 7 16 6
2  45.0 45.0 0.00
454 -36.8584 171.6247 8 15 7
2  45.0 45.0 0.00
455 -21.8272 107.7511 5 17 9
2  45.0 45.0 0.00
456 -0.0745 -129.3773 6 18 6
2  45.0 45.0 0.00
457 47.7519 99.2596 7 21 8
2  45.0 45.0 0.00
458 -36.1440 172.6093 7 22 5
2  45.0 45.0 0.00
459 43.8096 123.1142 7 15 7
2  45.0 45.0 0.00
460 -0.8595 120.2225 8 24 6
2  45.0 45.0 0.00
461 -38.4643 64.1607 10 16 5
2  45.0 45.0 0.00
462 48.3525 -107.9358 7 17 8
2  45.0 45.0 0.00
463 13.2165 -56.7552 10 22 9
2  45.0 45.0 0.00
464 35.3581 -117.1052 8 19 8
2  45.0 45.0 0.00
465 -34.6823 -17.3084 7 28 8
2  45.0 45.0 0.00
466 -5.0775 100.7358 6 25 5
2  45.0 45.0 0.00
467 17.5266 -2.5819 1 27 6
2  45.0 45.0 0.00
468 -24.1399 57.5229 6 19 5
2  45.0 45.0 0.00
469 48.6371 122.6554 8 26 5
2  45.0 45.0 0.00
470 7.5208 -55.1818 1 15 8
2  45.0 45.0 0.00
471 -19.3785 8.6266 10 15 8
2  45.0 45.0 0.00
472 19.6321 91.9660 8 20 8
2  45.0 45.0 0.00
473 -34.3086 -8.0184 3 29 8
2  45.0 45.0 0.00
474 -39.0232 -6.2705 3 17 7
2  45.0 45.0 0.00
475 -34.5792 145.7865 5 17 9
2  45.0 45.0 0.00
476 -17.7975 59.4884 7 26 8
2  45.0 45.0 0.00
477 -41.8295 89.4358 10 15 6
2  45.0 45.0 0.00
478 -38.0135 -6.1984 8 16 7
2  45.0 45.0 0.00
479 1.7812 -64.0624 9 24 9
2  45.0 45.0 0.00
480 -2.0019 135.7645 6 16 9
2  45.0 45.0 0.00
481 -43.6329 -110.8932 10 23 6
2  45.0 45.0 0.00
482 -9.3046 -60.8368 8 16 5
2  45.0 45.0 0.00
483 -50.8839 -179.9361 5 24 8
2  45.0 45.0 0.00
484 -7.6425 -16.0426 2 25 9
2  45.0 45.0 0.00
485 15.8018 -39.9630 2 23 8
2  45.0 45.0 0.00
486 37.2837 -72.6151 10 19 6
2  45.0 45.0 0.00
487 -4.7726 17.2843 2 27 9
2  45.0 45.0 0.00
488 43.8224 -119.2825 9 26 7
2  45.0 45.0 0.00
489 32.8996 -35.5777 4 29 5
2  45.0 45.0 0.00
490 1.7624 77.2374 9 28 9
2  45.0 45.0 0.00
491 -50.2783 -123.6306 2 17 8
2  45.0 45.0 0.00
492 21.1340 49.1570 3 29 6
2  45.0 45.0 0.00
493 -40.9234 -162.6534 10 25 9
2  45.0 45.0 0.00
494 -2.9732 -130.3260 10 26 9
2  45.0 45.0 0.00
495 -25.5204 68.4726 2 18 7
2  45.0 45.0 0.00
496 -26.7225 -35.5393 4 20 8
2  45.0 45.0 0.00
497 -38.4585 -38.3375 5 22 6
2  45.0 45.0 0.00
498 -21.3702 -54.4655 2 16 7
2  45.0 45.0 0.00
499 -23.6516 -111.8777 2 21 7
2  45.0 45.0 0.00
500 27.7920 77.4094 3 15 6
2  45.0 45.0 0.00
501 -12.8638 151.6247 4 16 8
2  45.0 45.0 0.00
502 -17.4396 151.4641 9 24 7
2  45.0 45.0 0.00
503 -21.4016 -82.2980 1 18 9
2  45.0 45.0 0.00
504 23.3648 26.6285 8 20 8
2  45.0 45.0 0.00
505 -39.9361 -167.0864 7 18 8
2  45.0 45.0 0.00
506 -45.5786 -87.9426 10 24 6
2  45.0 45.0 0.00
507 3.4847 -57.5048 6 16 7
2  45.0 45.0 0.00
508 -30.1035 -65.5949 1 27 7
2  45.0 45.0 0.00
509 -12.9680 82.0939 9 24 7
2  45.0 45.0 0.00
510 -52.4195 172.3784 9 22 9
2  45.0 45.0 0.00
511 -33.0486 -65.0635 6 19 7
2  45.0 45.0 0.00
512 -16.6662 62.9681 3 21 8
2  45.0 45.0 0.00
513 -44.5454 -85.3336 8 19 9
2  45.0 45.0 0.00
514 48.5304 -128.7340 5 27 9
2  45.0 45.0 0.00
515 -10.3211 79.2913 6 29 9
2  45.0 45.0 0.00
516 -11.1082 -46.3655 3 25 8
2  45.0 45.0 0.00
517 -43.3345 87.2278 10 27 9
2  45.0 45.0 0.00
518 -30.3577 -161.1214 4 23 5
2  45.0 45.0 0.00
519 4.3559 143.1741 7 17 8
2  45.0 45.0 0.00
520 -40.8420 -14.1681 8 26 5
2  45.0 45.0 0.00
521 38.4856 -115.8835 10 24 6
2  45.0 45.0 0.00
522 -3.3955 -47.4959 2 19 6
2  45.0 45.0 0.00
523 49.9859 164.3808 9 24 9
2  45.0 45.0 0.00
524 -17.2292 -31.0197 7 21 7
2  45.0 45.0 0.00
525 42.9717 33.7952 3 24 6
2  45.0 45.0 0.00
526 0.5221 27.2910 1 19 6
2  45.0 45.0 0.00
527 46.0635 30.0763 2 25 9
2  45.0 45.0 0.00
528 43.7867 -137.1889 1 23 8
2  45.0 45.0 0.00
529 36.6272 79.1200 10 18 6
2  45.0 45.0 0.00
530 8.9549 -87.1535 8 20 9
2  45.0 45.0 0.00
531 21.2916 -165.0294 5 19 8
2  45.0 45.0 0.00
532 -24.4652 18.3350 1 21 6
2  45.0 45.0 0.00
533 41.5688 -149.1829 6 16 5
2  45.0 45.0 0.00
534 -11.8699 -79.1891 10 26 8
2  45.0 45.0 0.00
535 -29.8347 115.1717 8 25 8
2  45.0 45.0 0.00
536 -33.3248 -54.8065 5 19 7
2  45.0 45.0 0.00
537 -26.8161 -95.4446 5 19 9
2  45.0 45.0 0.00
538 41.6555 -71.7620 5 28 9
2  45.0 45.0 0.00
539 -14.6119 71.0324 8 20 5
2  45.0 45.0 0.00
540 27.5533 37.4421 1 16 7
2  45.0 45.0 0.00
541 -20.7284 -6.8809 4 23 6
2  45.0 45.0 0.00
542 40.3799 -47.3212 2 25 6
2  45.0 45.0 0.00
543 44.6722 -87.6934 9 29 9
2  45.0 45.0 0.00
544 16.6719 103.4069 4 19 8
2  45.0 45.0 0.00
545 -43.7400 -45.8950 1 28 9
2  45.0 45.0 0.00
546 2.2502 -11.2000 5 22 7
2  45.0 45.0 0.00
547 8.6506 -93.3435 7 28 5
2  45.0 45.0 0.00
548 28.2100 55.7179 2 16 8
2  45.0 45.0 0.00
549 2.5890 42.5866 6 23 5
2  45.0 45.0 0.00
550 -41.7911 93.8801 9 23 8
2  45.0 45.0 0.00
551 50.1057 -70.4467 4 21 7
2  45.0 45.0 0.00
552 45.7852 19.6303 3 23 9
2  45.0 45.0 0.00
553 -9.3223 123.8985 7 16 8
2  45.0 45.0 0.00
554 19.1567 -40.2543 3 26 8
2  45.0 45.0 0.00
555 -52.7339 72.5141 6 24 5
2  45.0 45.0 0.00
556 -3.2794 110.5040 5 28 5
2  45.0 45.0 0.00
557 27.6078 155.8371 4 25 6
2  45.0 45.0 0.00
558 -23.6067 111.6908 7 21 9
2  45.0 45.0 0.00
559 -30.5701 -157.6776 2 19 9
2  45.0 45.0 0.00
560 19.1077 8.7664 2 28 8
2  45.0 45.0 0.00
561 23.0616 173.0298 2 27 6
2  45.0 45.0 0.00
562 -24.2457 49.8367 4 20 9
2  45.0 45.0 0.00
563 -39.7521 54.8400 8 21 7
2  45.0 45.0 0.00
564 -2.2076 -137.5016 10 27 9
2  45.0 45.0 0.00
565 39.2700 155.8386 10 27 7
2  45.0 45.0 0.00
566 46.6934 -29.2455 4 25 9
2  45.0 45.0 0.00
567 47.1394 149.8260 9 16 9
2  45.0 45.0 0.00
568 29.6601 -148.1431 6 22 9
2  45.0 45.0 0.00
569 14.7191 -9.0577 5 22 5
2  45.0 45.0 0.00
570 6.2826 37.6298 1 26 5
2  45.0 45.0 0.00
571 6.5943 59.0431 7 28 9
2  45.0 45.0 0.00
572 30.1758 -138.3940 4 20 9
2  45.0 45.0 0.00
573 37.3655 160.3179 5 21 5
2  45.0 45.0 0.00
574 -30.8675 10.5876 9 22 9
2  45.0 45.0 0.00
575 -11.5877 38.1543 2 29 7
2  45.0 45.0 0.00
576 -11.0630 -35.4359 4 25 7
2  45.0 45.0 0.00
577 -17.3865 48.8116 9 24 6
2  45.0 45.0 0.00
578 -23.2455 -177.9403 3 19 8
2  45.0 45.0 0.00
579 17.4095 87.9302 9 25 7
2  45.0 45.0 0.00
580 20.5144 -156.6035 6 21 6
2  45.0 45.0 0.00
581 -49.8349 -140.0383 9 28 9
2  45.0 45.0 0.00
582 48.3600 66.5864 3 20 7
2  45.0 45.0 0.00
583 -12.3903 -38.4044 10 28 5
2  45.0 45.0 0.00
584 -30.0068 -63.2155 1 17 9
2  45.0 45.0 0.00
585 -31.4740 -101.4616 6 27 5
2  45.0 45.0 0.00
586 15.5217 156.7191 5 22 9
2  45.0 45.0 0.00
587 -17.9520 174.7953 7 21 7
2  45.0 45.0 0.00
588 -29.1530 95.6914 8 25 9
2  45.0 45.0 0.00
589 10.1485 54.8500 3 27 8
2  45.0 45.0 0.00
590 -24.2826 120.1204 5 24 6
2  45.0 45.0 0.00
591 -13.8722 140.5412 4 23 8
2  45.0 45.0 0.00
592 33.0399 -78.9908 7 26 7
2  45.0 45.0 0.00
593 -50.7851 -116.8526 7 20 9
2  45.0 45.0 0.00
594 -10.8578 175.0816 6 20 6
2  45.0 45.0 0.00
595 -5.1826 55.7567 9 18 7
2  45.0 45.0 0.00
596 5.3757 -39.6524 10 16 8
2  45.0 45.0 0.00
597 33.1529 -74.6171 2 16 8
2  45.0 45.0 0.00
598 -6.3336 -22.1989 3 24 9
2  45.0 45.0 0.00
599 47.1054 -177.1163 10 17 6
2  45.0 45.0 0.00
600 -8.4449 -77.2566 3 29 5
2  45.0 45.0 0.00
601 -22.8344 -0.3420 1 20 7
2  45.0 45.0 0.00
602 22.7106 54.5097 10 29 9
2  45.0 45.0 0.00
603 -8.2846 -105.1091 2 15 6
2  45.0 45.0 0.00
604 24.1855 -158.5713 9 26 7
2  45.0 45.0 0.00
605 48.6786 -54.8000 2 21 6
2  45.0 45.0 0.00
606 -6.0317 -7.1190 10 29 6
2  45.0 45.0 0.00
607 -24.8765 -32.6585 6 28 8
2  45.0 45.0 0.00
608 -19.7463 142.0850 10 23 8
2  45.0 45.0 0.00
609 30.6164 -10.9081 6 27 9
2  45.0 45.0 0.00
610 25.0542 159.7981 6 27 7
2  45.0 45.0 0.00
611 -14.7545 18.3768 6 20 5
2  45.0 45.0 0.00
612 46.3012 -149.1196 1 16 8
2  45.0 45.0 0.00
613 -28.1933 70.1506 5 24 6
2  45.0 45.0 0.00
614 -51.6685 -65.2435 9 20 7
2  45.0 45.0 0.00
615 35.3494 -4.8773 6 15 5
2  45.0 45.0 0.00
616 -1.1096 9.5531 4 23 8
2  45.0 45.0 0.00
617 -0.0833 41.3349 2 22 8
2  45.0 45.0 0.00
618 22.7125 -176.2664 2 27 8
2  45.0 45.0 0.00
619 -28.8389 96.9758 10 29 6
2  45.0 45.0 0.00
620 -43.0391 111.7003 4 23 9
2  45.0 45.0 0.00
621 -8.7352 18.9687 6 21 9
2  45.0 45.0 0.00
622 39.6816 16.7858 8 20 8
2  45.0 45.0 0.00
623 -9.5117 -3.6178 6 21 7
2  45.0 45.0 0.00
624 12.6359 -115.0926 10 28 5
2  45.0 45.0 0.00
625 -52.7679 -7.7546 2 26 7
2  45.0 45.0 0.00
626 -46.2046 17.9027 3 26 8
2  45.0 45.0 0.00
627 19.0009 177.0623 3 24 5
2  45.0 45.0 0.00
628 47.3314 -123.2546 8 23 5
2  45.0 45.0 0.00
629 -35.2299 50.8676 3 17 5
2  45.0 45.0 0.00
630 25.2263 -47.9306 6 22 6
2  45.0 45.0 0.00
631 43.8493 150.7986 7 21 9
2  45.0 45.0 0.00
632 46.5481 98.2530 6 15 8
2  45.0 45.0 0.00
633 -18.5898 112.5212 7 24 7
2  45.0 45.0 0.00
634 -8.6467 134.2717 9 18 8
2  45.0 45.0 0.00
635 -4.0725 29.1605 1 27 9
2  45.0 45.0 0.00
636 -14.7455 -57.0228 10 26 9
2  45.0 45.0 0.00
637 20.9083 -151.4685 6 21 5
2  45.0 45.0 0.00
638 27.5991 26.5393 4 26 8
2  45.0 45.0 0.00
639 -34.5986 -128.0115 9 29 7
2  45.0 45.0 0.00
640 -15.3612 174.3365 10 25 5
2  45.0 45.0 0.00
641 38.6908 -126.0984 2 26 6
2  45.0 45.0 0.00
642 -17.7369 -148.3866 3 23 9
2  45.0 45.0 0.00
643 10.3382 -168.2601 2 16 5
2  45.0 45.0 0.00
644 -26.9907 -40.1491 10 24 5
2  45.0 45.0 0.00
645 36.5389 -140.2059 2 23 9
2  45.0 45.0 0.00
646 -19.3802 35.3470 9 21 9
2  45.0 45.0 0.00
647 -13.0779 56.4007 7 23 8
2  45.0 45.0 0.00
648 5.0373 -63.8947 7 16 8
2  45.0 45.0 0.00
649 18.2907 171.5636 1 27 7
2  45.0 45.0 0.00
650 -38.0554 -172.3635 3 28 7
2  45.0 45.0 0.00
651 49.4605 -57.3523 8 23 5
2  45.0 45.0 0.00
652 26.9736 29.7968 3 27 7
2  45.0 45.0 0.00
653 24.8554 62.4501 10 26 6
2  45.0 45.0 0.00
654 46.7313 -21.9501 8 20 6
2  45.0 45.0 0.00
655 44.8227 -86.2090 4 28 5
2  45.0 45.0 0.00
656 39.0230 -91.4543 5 16 8
2  45.0 45.0 0.00
657 -21.6287 61.5781 7 29 5
2  45.0 45.0 0.00
658 -49.1909 -149.1128 7 23 7
2  45.0 45.0 0.00
659 49.2638 -12.1916 10 25 9
2  45.0 45.0 0.00
660 52.9026 -97.4207 3 23 8
2  45.0 45.0 0.00
661 21.4077 54.8954 3 23 5
2  45.0 45.0 0.00
662 21.8443 -9.5225 9 21 7
2  45.0 45.0 0.00
663 0.9018 -2.9997 5 17 8
2  45.0 45.0 0.00
664 -46.2759 82.6233 7 24 8
2  45.0 45.0 0.00
665 37.6367 129.5357 8 28 7
2  45.0 45.0 0.00
666 -4.5875 31.8529 5 15 9
2  45.0 45.0 0.00
667 14.7080 63.9528 5 21 7
2  45.0 45.0 0.00
668 15.2076 -142.6322 10 28 6
2  45.0 45.0 0.00
669 6.6130 44.5694 10 15 5
2  45.0 45.0 0.00
670 -2.8530 -74.0645 5 28 6
2  45.0 45.0 0.00
671 -24.4254 38.3643 3 28 9
2  45.0 45.0 0.00
672 36.2667 89.0660 5 17 8
2  45.0 45.0 0.00
673 -40.5346 -13.3172 4 24 5
2  45.0 45.0 0.00
674 35.0713 -151.6584 8 26 8
2  45.0 45.0 0.00
675 48.7213 128.5554 10 19 8
2  45.0 45.0 0.00
676 -28.4865 120.6696 2 27 9
2  45.0 45.0 0.00
677 -35.7796 62.3034 10 26 8
2  45.0 45.0 0.00
678 -49.5882 97.4207 2 22 9
2  45.0 45.0 0.00
679 41.9826 163.8383 2 18 9
2  45.0 45.0 0.00
680 -42.4658 179.9946 9 28 6
2  45.0 45.0 0.00
681 -11.1980 11.4914 7 17 6
2  45.0 45.0 0.00
682 -9.2778 -70.0757 3 17 8
2  45.0 45.0 0.00
683 -52.2638 137.9799 2 17 8
2  45.0 45.0 0.00
684 -5.8795 66.6640 2 29 9
2  45.0 45.0 0.00
685 -46.6137 29.5872 8 26 8
2  45.0 45.0 0.00
686 -52.5199 43.9799 1 19 9
2  45.0 45.0 0.00
687 -28.4849 145.5929 1 24 6
2  45.0 45.0 0.00
688 13.8368 6.1149 6 22 6
2  45.0 45.0 0.00
689 24.0452 34.5428 8 26 9
2  45.0 45.0 0.00
690 -51.6448 105.1747 2 23 8
2  45.0 45.0 0.00
691 -9.0947 -177.4533 4 15 7
2  45.0 45.0 0.00
692 33.0902 93.3040 6 23 5
2  45.0 45.0 0.00
693 30.7726 172.6851 3 18 8
2  45.0 45.0 0.00
694 -42.1329 -80.5799 10 26 5
2  45.0 45.0 0.00
695 45.3199 -122.5298 6 24 5
2  45.0 45.0 0.00
696 -3.7846 108.9624 1 29 7
2  45.0 45.0 0.00
697 -30.4880 -157.0594 1 23 7
2  45.0 45.0 0.00
698 -29.2348 135.4929 7 16 9
2  45.0 45.0 0.00
699 39.3639 167.4295 8 20 5
2  45.0 45.0 0.00
700 26.1991 -56.7523 10 17 9
2  45.0 45.0 0.00
701 25.0815 -175.3279 1 21 6
2  45.0 45.0 0.00
702 -26.0165 -36.9217 5 28 7
2  45.0 45.0 0.00
703 -51.9931 103.4543 1 16 5
2  45.0 45.0 0.00
704 24.0178 -19.4433 1 25 9
2  45.0 45.0 0.00
705 -29.0280 -117.2425 8 29 6
2  45.0 45.0 0.00
706 49.0213 108.7330 7 22 5
2  45.0 45.0 0.00
707 -40.0742 50.4691 3 16 7
2  45.0 45.0 0.00
708 -31.8637 41.4505 4 19 5
2  45.0 45.0 0.00
709 34.6366 170.0473 5 24 8
2  45.0 45.0 0.00
710 -44.0976 132.8894 8 18 5
2  45.0 45.0 0.00
711 -21.0759 51.4957 3 18 5
2  45.0 45.0 0.00
712 6.6029 -152.6851 9 16 7
2  45.0 45.0 0.00
713 -5.0323 154.0721 5 26 6
2  45.0 45.0 0.00
714 -13.8535 57.2822 10 25 8
2  45.0 45.0 0.00
715 -41.1870 -125.5582 9 23 7
2  45.0 45.0 0.00
716 -26.0975 19.0255 10 17 8
2  45.0 45.0 0.00
717 -43.1073 14.6863 6 20 9
2  45.0 45.0 0.00
718 -2.2368 -32.7782 10 15 7
2  45.0 45.0 0.00
719 -39.9064 7.9045 8 26 8
2  45.0 45.0 0.00
720 42.2710 -106.5556 10 21 9
2  45.0 45.0 0.00
721 -7.9640 -113.9560 4 22 6
2  45.0 45.0 0.00
722 -37.1060 -158.8360 2 25 6
2  45.0 45.0 0.00
723 -51.9991 145.2343 6 22 9
2  45.0 45.0 0.00
724 43.6434 24.4668 4 28 6
2  45.0 45.0 0.00
725 48.7979 50.8398 5 16 9
2  45.0 45.0 0.00
726 9.4855 -31.0677 8 29 7
2  45.0 45.0 0.00
727 -47.7228 -131.7641 1 20 6
2  45.0 45.0 0.00
728 43.4464 -165.2533 2 16 8
2  45.0 45.0 0.00
729 -8.4685 63.9768 9 27 5
2  45.0 45.0 0.00
730 -29.6699 -165.8831 8 26 6
2  45.0 45.0 0.00
731 -17.9332 -68.5574 1 17 6
2  45.0 45.0 0.00
732 30.0665 -148.1427 5 22 7
2  45.0 45.0 0.00
733 25.0417 -139.3830 6 18 5
2  45.0 45.0 0.00
734 39.7981 14.4603 6 18 8
2  45.0 45.0 0.00
735 39.3013 -5.0151 5 17 6
2  45.0 45.0 0.00
736 -23.0398 117.8132 1 16 6
2  45.0 45.0 0.00
737 5.3289 48.8545 5 25 7
2  45.0 45.0 0.00
738 25.4636 158.8218 7 15 9
2  45.0 45.0 0.00
739 34.0662 10.7556 4 22 5
2  45.0 45.0 0.00
740 -20.4279 -11.5998 1 24 7
2  45.0 45.0 0.00
741 19.0724 104.8525 9 29 8
2  45.0 45.0 0.00
742 36.5435 -130.0802 2 26 6
2  45.0 45.0 0.00
743 48.3770 -173.3398 2 19 5
2  45.0 45.0 0.00
744 -42.3433 -28.1830 1 26 7
2  45.0 45.0 0.00
745 46.0340 3.4258 8 21 6
2  45.0 45.0 0.00
746 -16.8656 170.8172 7 15 6
2  45.0 45.0 0.00
747 33.3757 -104.5501 8 23 6
2  45.0 45.0 0.00
748 27.4557 51.9871 9 28 6
2  45.0 45.0 0.00
749 10.7650 -126.8044 9 26 8
2  45.0 45.0 0.00
750 32.1052 -92.0463 5 21 5
2  45.0 45.0 0.00
751 40.8704 76.3806 10 16 8
2  45.0 45.0 0.00
752 -34.9363 -49.3954 10 23 5
2  45.0 45.0 0.00
753 39.2474 -133.0313 9 22 7
2  45.0 45.0 0.00
754 26.1612 -15.2940 4 29 6
2  45.0 45.0 0.00
755 -4.6506 4.2804 3 22 8
2  45.0 45.0 0.00
756 30.3708 91.8033 2 26 9
2  45.0 45.0 0.00
757 -42.7631 16.3893 9 27 6
2  45.0 45.0 0.00
758 -42.1141 -139.9074 9 27 6
2  45.0 45.0 0.00
759 -11.0001 -161.7785 7 26 7
2  45.0 45.0 0.00
760 -3.0647 58.8170 10 18 6
2  45.0 45.0 0.00
761 -16.3916 -73.2544 7 17 9
2  45.0 45.0 0.00
762 -13.3900 -102.7170 6 21 7
2  45.0 45.0 0.00
763 -8.9673 43.6182 2 24 6
2  45.0 45.0 0.00
764 -18.5784 -81.2193 8 17 8
2  45.0 45.0 0.00
765 14.3562 46.7282 3 23 8
2  45.0 45.0 0.00
766 -10.0158 83.2201 9 16 8
2  45.0 45.0 0.00
767 -39.9475 9.8873 8 20 6
2  45.0 45.0 0.00
768 31.8063 -39.0993 6 29 8
2  45.0 45.0 0.00
769 41.1304 72.1940 5 19 6
2  45.0 45.0 0.00
770 29.1567 -28.2516 3 22 8
2  45.0 45.0 0.00
771 -32.1501 -0.6613 7 23 5
2  45.0 45.0 0.00
772 22.8495 83.8771 1 22 5
2  45.0 45.0 0.00
773 15.1064 -136.8069 2 25 9
2  45.0 45.0 0.00
774 41.1214 -90.5099 1 20 8
2  45.0 45.0 0.00
775 45.9342 -65.2078 10 20 5
2  45.0 45.0 0.00
776 46.0991 -49.9793 4 20 7
2  45.0 45.0 0.00
777 51.3027 -97.1148 1 21 5
2  45.0 45.0 0.00
778 13.2472 166.7773 6 18 6
2  45.0 45.0 0.00
779 -45.8909 134.8994 8 28 8
2  45.0 45.0 0.00
780 28.4124 -174.5002 9 21 5
2  45.0 45.0 0.00
781 2.8069 -154.3918 4 25 8
2  45.0 45.0 0.00
782 40.0499 -137.3815 8 20 9
2  45.0 45.0 0.00
783 -15.4343 -40.7593 2 16 9
2  45.0 45.0 0.00
784 -9.2987 60.9635 2 23 6
2  45.0 45.0 0.00
785 45.0148 -169.2120 5 16 9
2  45.0 45.0 0.00
786 -46.7862 -32.9188 9 25 6
2  45.0 45.0 0.00
787 44.4797 161.4685 6 17 5
2  45.0 45.0 0.00
788 43.7625 1.8555 6 26 6
2  45.0 45.0 0.00
789 0.6984 26.0977 7 20 5
2  45.0 45.0 0.00
790 19.1105 98.4784 5 29 7
2  45.0 45.0 0.00
791 -42.5379 -29.3409 5 15 8
2  45.0 45.0 0.00
792 -0.3696 161.5979 5 26 8
2  45.0 45.0 0.00
793 -3.2573 -37.5013 7 15 6
2  45.0 45.0 0.00
794 -9.9778 -102.9424 2 15 7
2  45.0 45.0 0.00
795 43.1549 145.4682 3 18 8
2  45.0 45.0 0.00
796 -15.6696 49.7675 10 15 7
2  45.0 45.0 0.00
797 -22.7826 -13.2516 3 18 9
2  45.0 45.0 0.00
798 0.1190 138.7677 5 21 8
2  45.0 45.0 0.00
799 49.1809 96.3129 1 29 8
2  45.0 45.0 0.00
800 -41.2595 2.7774 2 16 9
2  45.0 45.0 0.00
801 -3.5787 91.3882 1 23 6
2  45.0 45.0 0.00
802 -32.3702 -105.6758 6 20 9
2  45.0 45.0 0.00
803 37.9767 158.0776 1 17 7
2  45.0 45.0 0.00
804 -52.3555 -112.9430 4 17 9
2  45.0 45.0 0.00
805 2.1628 106.5398 7 20 6
2  45.0 45.0 0.00
806 -38.2039 155.7254 3 22 7
2  45.0 45.0 0.00
807 36.5127 5.1794 9 16 7
2  45.0 45.0 0.00
808 3.3086 154.4273 8 28 6
2  45.0 45.0 0.00
809 -21.7654 15.6329 3 23 8
2  45.0 45.0 0.00
810 -50.3641 30.0206 2 20 6
2  45.0 45.0 0.00
811 44.9959 -59.8354 2 19 6
2  45.0 45.0 0.00
812 18.0512 -33.7401 6 17 5
2  45.0 45.0 0.00
813 -25.2227 84.2508 4 26 5
2  45.0 45.0 0.00
814 -16.5484 124.4705 3 24 9
2  45.0 45.0 0.00
815 -44.8257 -87.0012 9 27 7
2  45.0 45.0 0.00
816 50.5598 -100.7290 5 25 5
2  45.0 45.0 0.00
817 5.9567 15.6569 3 16 7
2  45.0 45.0 0.00
818 1.1309 -108.6939 9 28 5
2  45.0 45.0 0.00
819 -39.7568 89.4962 1 28 9
2  45.0 45.0 0.00
820 6.4275 94.7163 1 23 7
2  45.0 45.0 0.00
821 -34.0138 152.8552 9 23 7
2  45.0 45.0 0.00
822 17.6129 8.1716 1 26 9
2  45.0 45.0 0.00
823 -5.2897 62.5071 6 15 8
2  45.0 45.0 0.00
824 23.1672 50.8198 9 20 5
2  45.0 45.0 0.00
825 -37.5441 170.6039 8 24 8
2  45.0 45.0 0.00
826 -18.1774 -55.9410 8 27 7
2  45.0 45.0 0.00
827 -30.3289 66.7086 9 19 6
2  45.0 45.0 0.00
828 13.9493 177.0304 1 23 6
2  45.0 45.0 0.00
829 51.7248 -27.5071 3 15 7
2  45.0 45.0 0.00
830 -5.1616 80.3109 7 17 5
2  45.0 45.0 0.00
831 44.4639 -39.1409 3 20 8
2  45.0 45.0 0.00
832 -31.2471 -77.9615 8 26 9
2  45.0 45.0 0.00
833 -18.9156 66.9615 8 18 9
2  45.0 45.0 0.00
834 28.0684 -56.4514 4 25 8
2  45.0 45.0 0.00
835 24.0416 -144.3510 3 15 9
2  45.0 45.0 0.00
836 23.5552 152.3848 8 17 5
2  45.0 45.0 0.00
837 11.1755 -107.0756 3 25 6
2  45.0 45.0 0.00
838 34.1959 -66.8742 10 24 7
2  45.0 45.0 0.00
839 -16.0953 -107.0803 9 25 7
2  45.0 45.0 0.00
840 -20.9917 -112.5765 9 16 5
2  45.0 45.0 0.00
841 -41.5398 179.0248 9 21 9
2  45.0 45.0 0.00
842 33.9672 -53.3360 6 21 9
2  45.0 45.0 0.00
843 -23.1160 -133.4955 10 24 7
2  45.0 45.0 0.00
844 -40.3877 176.9279 2 29 5
2  45.0 45.0 0.00
845 -5.2409 76.6441 5 17 9
2  45.0 45.0 0.00
846 2.5707 -34.6668 9 21 5
2  45.0 45.0 0.00
847 3.7028 127.5495 5 29 6
2  45.0 45.0 0.00
848 11.4627 96.7635 2 26 8
2  45.0 45.0 0.00
849 -3.0996 142.6137 1 24 8
2  45.0 45.0 0.00
850 -29.7883 18.4337 6 16 7
2  45.0 45.0 0.00
851 -20.0871 -106.5377 8 15 8
2  45.0 45.0 0.00
852 -11.1073 130.2834 5 23 5
2  45.0 45.0 0.00
853 -8.8254 142.9996 1 20 7
2  45.0 45.0 0.00
854 -7.6722 -127.8162 5 20 7
2  45.0 45.0 0.00
855 -15.8792 -94.1605 6 19 9
2  45.0 45.0 0.00
856 5.7673 -155.2780 1 22 6
2  45.0 45.0 0.00
857 50.1430 -71.0630 7 15 6
2  45.0 45.0 0.00
858 -17.9278 124.8436 2 19 9
2  45.0 45.0 0.00
859 26.1015 -113.3777 8 24 8
2  45.0 45.0 0.00
860 7.7950 15.0217 7 16 5
2  45.0 45.0 0.00
861 -45.1535 -115.9922 2 24 9
2  45.0 45.0 0.00
862 -45.3621 149.6243 5 15 8
2  45.0 45.0 0.00
863 -18.3865 -61.2688 9 19 7
2  45.0 45.0 0.00
864 -40.9013 138.6887 1 15 7
2  45.0 45.0 0.00
865 8.5683 121.1437 2 22 8
2  45.0 45.0 0.00
866 -35.4958 26.8016 8 24 6
2  45.0 45.0 0.00
867 -51.6558 179.4184 5 20 5
2  45.0 45.0 0.00
868 31.2963 54.4466 6 16 9
2  45.0 45.0 0.00
869 -8.9839 108.3728 1 24 5
2  45.0 45.0 0.00
870 -8.8583 135.0397 5 18 7
2  45.0 45.0 0.00
871 19.9588 -6.9669 6 23 5
2  45.0 45.0 0.00
872 -27.8236 62.2781 6 29 5
2  45.0 45.0 0.00
873 -0.2537 -76.3446 3 26 6
2  45.0 45.0 0.00
874 -18.2153 161.5878 9 17 9
2  45.0 45.0 0.00
875 -3.9328 101.4843 3 17 7
2  45.0 45.0 0.00
876 29.6585 -115.0753 8 22 6
2  45.0 45.0 0.00
877 -22.2575 -48.2483 4 15 8
2  45.0 45.0 0.00
878 3.3956 -35.8511 8 20 7
2  45.0 45.0 0.00
879 -40.0412 72.1252 4 29 8
2  45.0 45.0 0.00
880 -39.5046 -167.7298 6 21 5
2  45.0 45.0 0.00
881 -3.4369 68.4982 1 19 6
2  45.0 45.0 0.00
882 43.0774 -74.5978 2 17 6
2  45.0 45.0 0.00
883 -46.9404 -114.5324 8 25 8
2  45.0 45.0 0.00
884 -39.0472 -86.4016 10 15 7
2  45.0 45.0 0.00
885 45.3409 35.1861 4 24 7
2  45.0 45.0 0.00
886 27.8304 107.7857 2 23 9
2  45.0 45.0 0.00
887 26.0456 81.5405 6 19 5
2  45.0 45.0 0.00
888 10.5736 -160.7241 10 25 8
2  45.0 45.0 0.00
889 -27.6395 -91.7310 9 15 8
2  45.0 45.0 0.00
890 46.6823 -170.2088 3 18 8
2  45.0 45.0 0.00
891 38.9359 171.7586 5 15 9
2  45.0 45.0 0.00
892 39.2028 -157.4203 2 26 5
2  45.0 45.0 0.00
893 -41.6595 80.3314 4 18 8
2  45.0 45.0 0.00
894 -17.9495 130.3650 1 22 9
2  45.0 45.0 0.00
895 -44.7229 23.7855 4 21 7
2  45.0 45.0 0.00
896 19.3505 25.3477 1 27 6
2  45.0 45.0 0.00
897 24.9474 23.9076 3 28 7
2  45.0 45.0 0.00
898 28.4722 76.7899 8 21 5
2  45.0 45.0 0.00
899 3.9251 -66.5354 1 22 6
2  45.0 45.0 0.00
900 1.7074 -179.7270 8 19 8
2  45.0 45.0 0.00
901 -44.7030 13.3998 10 20 6
2  45.0 45.0 0.00
902 -21.0676 8.7045 4 21 8
2  45.0 45.0 0.00
903 -21.2607 -106.4068 5 21 9
2  45.0 45.0 0.00
904 4.3010 110.4317 7 26 5
2  45.0 45.0 0.00
905 12.4401 -34.7091 3 22 9
2  45.0 45.0 0.00
906 27.8681 -157.4399 9 17 9
2  45.0 45.0 0.00
907 19.2702 -76.2722 6 16 6
2  45.0 45.0 0.00
908 -31.9981 -115.5077 2 24 5
2  45.0 45.0 0.00
909 -27.0908 -77.2282 5 25 7
2  45.0 45.0 0.00
910 -17.7440 138.9881 8 22 8
2  45.0 45.0 0.00
911 22.1914 -83.9584 3 18 7
2  45.0 45.0 0.00
912 18.5169 -157.1058 4 23 7
2  45.0 45.0 0.00
913 -27.7103 -60.5073 6 23 6
2  45.0 45.0 0.00
914 -51.8028 -153.6955 9 15 9
2  45.0 45.0 0.00
915 -14.6884 -115.7755 5 23 8
2  45.0 45.0 0.00
916 -17.8205 84.6960 1 29 5
2  45.0 45.0 0.00
917 39.9438 16.8090 5 23 8
2  45.0 45.0 0.00
918 -9.0088 -165.7837 9 25 5
2  45.0 45.0 0.00
919 -38.7391 37.3233 5 17 8
2  45.0 45.0 0.00
920 43.7253 70.1002 2 21 8
2  45.0 45.0 0.00
921 -25.4892 119.5564 8 24 6
2  45.0 45.0 0.00
922 3.2808 79.5668 9 24 7
2  45.0 45.0 0.00
923 46.5787 -136.0637 10 22 9
2  45.0 45.0 0.00
924 20.3404 105.2348 7 29 6
2  45.0 45.0 0.00
925 50.0113 -37.8224 4 29 7
2  45.0 45.0 0.00
926 27.3220 -176.4380 3 28 7
2  45.0 45.0 0.00
927 14.5389 -71.1703 2 18 6
2  45.0 45.0 0.00
928 -48.2589 141.5979 3 19 8
2  45.0 45.0 0.00
929 20.5632 -30.8470 4 18 5
2  45.0 45.0 0.00
930 -51.6759 -142.0219 6 18 9
2  45.0 45.0 0.00
931 -40.2605 83.9960 5 15 6
2  45.0 45.0 0.00
932 38.6474 121.1285 8 18 9
2  45.0 45.0 0.00
933 2.2320 109.4864 1 17 6
2  45.0 45.0 0.00
934 14.5344 147.6338 4 17 8
2  45.0 45.0 0.00
935 31.6477 -1.6301 7 17 5
2  45.0 45.0 0.00
936 6.0940 -129.3300 7 28 9
2  45.0 45.0 0.00
937 16.1395 110.0339 3 29 9
2  45.0 45.0 0.00
938 42.8068 -86.6918 10 28 8
2  45.0 45.0 0.00
939 -30.9245 54.8799 4 19 8
2  45.0 45.0 0.00
940 41.3256 -93.2327 8 29 8
2  45.0 45.0 0.00
941 -42.1459 166.1003 9 22 6
2  45.0 45.0 0.00
942 13.2194 19.7951 7 29 8
2  45.0 45.0 0.00
943 23.7279 149.1415 2 20 8
2  45.0 45.0 0.00
944 22.8331 120.0967 5 18 6
2  45.0 45.0 0.00
945 -12.9397 -165.5012 5 23 6
2  45.0 45.0 0.00
946 -37.5114 -120.2297 5 22 6
2  45.0 45.0 0.00
947 -19.4541 -110.2598 9 17 5
2  45.0 45.0 0.00
948 20.2322 -61.3375 2 24 6
2  45.0 45.0 0.00
949 -16.0218 -75.1099 4 18 7
2  45.0 45.0 0.00
950 -21.8384 -67.2000 7 24 6
2  45.0 45.0 0.00
951 -47.0362 -165.6313 1 24 6
2  45.0 45.0 0.00
952 -46.4150 -28.8172 5 16 9
2  45.0 45.0 0.00
953 -4.3796 -154.3750 6 25 9
2  45.0 45.0 0.00
954 3.1933 78.4096 9 19 7
2  45.0 45.0 0.00
955 -12.1064 -118.2043 8 28 9
2  45.0 45.0 0.00
956 -43.8240 114.8807 1 16 8
2  45.0 45.0 0.00
957 35.2753 14.8049 2 18 6
2  45.0 45.0 0.00
958 -23.6849 20.6131 8 28 7
2  45.0 45.0 0.00
959 -24.2827 -104.2741 1 26 8
2  45.0 45.0 0.00
960 -23.5670 37.9144 10 20 7
2  45.0 45.0 0.00
961 8.0743 -179.1347 2 16 7
2  45.0 45.0 0.00
962 40.7683 -133.2501 7 25 5
2  45.0 45.0 0.00
963 -27.2410 -76.5845 5 21 8
2  45.0 45.0 0.00
964 44.2612 124.4266 8 22 5
2  45.0 45.0 0.00
965 50.1239 109.1286 7 26 7
2  45.0 45.0 0.00
966 -34.4035 -40.0454 5 17 5
2  45.0 45.0 0.00
967 -1.9877 -20.5203 9 24 7
2  45.0 45.0 0.00
968 35.0205 -14.2945 6 25 7
2  45.0 45.0 0.00
969 -37.4502 129.4095 9 25 5
2  45.0 45.0 0.00
970 51.2672 108.0871 9 15 5
2  45.0 45.0 0.00
971 -7.2037 -135.7335 10 19 9
2  45.0 45.0 0.00
972 28.9420 -99.3635 2 24 5
2  45.0 45.0 0.00
973 -0.4405 171.3060 6 25 6
2  45.0 45.0 0.00
974 31.8011 66.9176 10 27 5
2  45.0 45.0 0.00
975 -4.5299 -132.1460 9 29 6
2  45.0 45.0 0.00
976 -40.9800 -152.9196 5 24 7
2  45.0 45.0 0.00
977 -13.2291 -54.2238 5 16 5
2  45.0 45.0 0.00
978 -15.0218 -120.7492 4 25 7
2  45.0 45.0 0.00
979 11.2775 117.0684 8 25 9
2  45.0 45.0 0.00
980 -34.8903 -112.6236 4 20 5
2  45.0 45.0 0.00
981 -21.4363 173.4546 1 27 5
2  45.0 45.0 0.00
982 -21.2941 -125.2841 6 15 7
2  45.0 45.0 0.00
983 20.9683 24.8378 1 15 7
2  45.0 45.0 0.00
984 -37.4746 135.2351 2 24 9
2  45.0 45.0 0.00
985 14.3550 -174.6310 6 20 6
2  45.0 45.0 0.00
986 14.0000 -14.9083 3 29 9
2  45.0 45.0 0.00
987 45.1814 78.0084 3 21 7
2  45.0 45.0 0.00
988 -11.3019 -2.1142 2 28 7
2  45.0 45.0 0.00
989 -31.1325 -136.3931 1 17 7
2  45.0 45.0 0.00
990 -49.0358 100.9728 1 16 9
2  45.0 45.0 0.00
991 -21.7095 16.0815 3 20 8
2  45.0 45.0 0.00
992 -23.0172 39.7686 5 21 9
2  45.0 45.0 0.00
993 36.0956 -116.8101 10 17 5
2  45.0 45.0 0.00
994 50.9992 -140.5572 2 22 6
2  45.0 45.0 0.00
995 16.1479 164.6726 8 17 9
2  45.0 45.0 0.00
996 1.5152 115.2604 4 29 6
2  45.0 45.0 0.00
997 37.2691 -60.5608 3 16 8
2  45.0 45.0 0.00
998 -12.5537 -56.8097 10 27 5
2  45.0 45.0 0.00
999 29.9885 -166.7981 10 15 7
2  45.0 45.0 0.00
