s1
0
1
 2013 04 20 03 45  5.565     2013 04 20 03 47 48.638     163.1
 2013 04 20 11 58 14.863     2013 04 20 12 01 51.879     217.0
2
 2013 04 20 04 32  2.599     2013 04 20 04 32  8.630       6.0
3
 2013 04 20 23 26  1.196     2013 04 20 23 29 25.097     203.9
4
5
6
 2013 04 20 17 51 21.198     2013 04 20 17 53 53.260     152.1
7
 2013 04 20 08 30 41.011     2013 04 20 08 34 26.223     225.2
 2013 04 20 15 06  3.253     2013 04 20 15 08 43.242     160.0
8
 2013 04 20 00 07 25.265     2013 04 20 00 10 46.190     200.9
 2013 04 20 17 11 16.384     2013 04 20 17 13 53.240     156.9
 2013 04 20 23 44 21.932     2013 04 20 23 47 32.494     190.6
9
 2013 04 20 00 40 27.173     2013 04 20 00 43 29.194     182.0
 2013 04 20 05 35 39.840     2013 04 20 05 38 40.802     181.0
10
 2013 04 20 13 58 33.132     2013 04 20 13 58 57.988      24.9
11
 2013 04 20 11 27 19.431     2013 04 20 11 29 52.519     153.1
12
 2013 04 20 04 13 46.676     2013 04 20 04 16 23.938     157.3
 2013 04 20 17 47 50.598     2013 04 20 17 49 17.701      87.1
13
 2013 04 20 10 46 36.015     2013 04 20 10 49 57.349     201.3
14
 2013 04 20 09 53 16.175     2013 04 20 09 56 10.132     174.0
15
 2013 04 20 21 47 23.893     2013 04 20 21 50 40.352     196.5
16
 2013 04 20 03 15 46.063     2013 04 20 03 18 35.233     169.2
 2013 04 20 20 19 28.968     2013 04 20 20 22 26.970     178.0
17
18
 2013 04 20 01 48  3.812     2013 04 20 01 50 39.789     156.0
19
 2013 04 20 09 18  3.256     2013 04 20 09 19 44.199     100.9
 2013 04 20 15 53 21.718     2013 04 20 15 56  6.327     164.6
20
 2013 04 20 16 44  2.315     2013 04 20 16 44 20.000      17.7
21
22
 2013 04 20 05 23 16.393     2013 04 20 05 26 11.687     175.3
 2013 04 20 10 18 18.857     2013 04 20 10 22  5.016     226.2
 2013 04 20 11 55 55.954     2013 04 20 11 56  7.347      11.4
23
 2013 04 20 10 47 37.161     2013 04 20 10 50 19.634     162.5
 2013 04 20 19 06 48.371     2013 04 20 19 07 39.383      51.0
24
 2013 04 20 03 29 47.011     2013 04 20 03 32 52.112     185.1
25
 2013 04 20 20 12 24.515     2013 04 20 20 15 34.581     190.1
26
 2013 04 20 04 55 53.923     2013 04 20 04 56 57.257      63.3
27
 2013 04 20 06 41 24.666     2013 04 20 06 44 46.255     201.6
 2013 04 20 18 29 11.734     2013 04 20 18 32 49.598     217.9
28
 2013 04 20 01 21 52.374     2013 04 20 01 25  1.869     189.5
 2013 04 20 09 36 55.704     2013 04 20 09 39 30.929     155.2
29
 2013 04 20 07 16 20.967     2013 04 20 07 18 58.986     158.0
 2013 04 20 22 37 30.558     2013 04 20 22 40  5.713     155.2
30
 2013 04 20 10 23  9.764     2013 04 20 10 25 46.982     157.2
31
 2013 04 20 08 14 38.830     2013 04 20 08 15  2.608      23.8
32
 2013 04 20 04 03 46.676     2013 04 20 04 06 39.883     173.2
 2013 04 20 21 07   .819     2013 04 20 21 09 36.712     155.9
33
 2013 04 20 21 39 41.355     2013 04 20 21 43 11.689     210.3
34
 2013 04 20 06 45 32.260     2013 04 20 06 48 10.776     158.5
35
 2013 04 20 02 03 49.994     2013 04 20 02 06 33.140     163.1
 2013 04 20 12 04  5.014     2013 04 20 12 06 57.013     172.0
36
 2013 04 20 09 15 33.201     2013 04 20 09 18  8.669     155.5
 2013 04 20 17 29 35.778     2013 04 20 17 32 56.305     200.5
37
 2013 04 20 13 11 13.460     2013 04 20 13 13 50.063     156.6
 2013 04 20 21 25 45.049     2013 04 20 21 28 32.641     167.6
38
 2013 04 20 00 34 53.268     2013 04 20 00 37 41.246     168.0
 2013 04 20 08 49 56.662     2013 04 20 08 52 31.850     155.2
39
 2013 04 20 07 42  5.067     2013 04 20 07 44 47.102     162.0
40
 2013 04 20 12 49 17.539     2013 04 20 12 51 50.026     152.5
41
 2013 04 20 01 13 27.013     2013 04 20 01 13 42.046      15.0
42
 2013 04 20 22 10 51.838     2013 04 20 22 14 21.165     209.3
43
 2013 04 20 00 38  7.584     2013 04 20 00 38 24.095      16.5
 2013 04 20 08 49   .557     2013 04 20 08 51 36.798     156.2
44
45
 2013 04 20 02 46 39.638     2013 04 20 02 49 17.921     158.3
 2013 04 20 14 31  7.761     2013 04 20 14 31 51.466      43.7
46
 2013 04 20 15 11 28.352     2013 04 20 15 12 26.495      58.1
47
 2013 04 20 01 17  4.302     2013 04 20 01 20 17.196     192.9
 2013 04 20 11 16 21.543     2013 04 20 11 18 53.749     152.2
48
 2013 04 20 06 06 14.611     2013 04 20 06 08 54.137     159.5
 2013 04 20 14 20 36.517     2013 04 20 14 23 27.966     171.4
49
 2013 04 20 05 09  6.839     2013 04 20 05 12 32.745     205.9
50
 2013 04 20 11 34 48.264     2013 04 20 11 34 54.011       5.7
 2013 04 20 19 50 10.337     2013 04 20 19 53 32.766     202.4
51
 2013 04 20 07 24 36.439     2013 04 20 07 25  7.595      31.2
 2013 04 20 20 56  8.959     2013 04 20 20 58 41.932     153.0
52
 2013 04 20 01 57 23.797     2013 04 20 02 01   .543     216.7
 2013 04 20 13 44 26.883     2013 04 20 13 47  5.478     158.6
53
 2013 04 20 05 09 50.386     2013 04 20 05 13 29.651     219.3
54
 2013 04 20 17 07 57.303     2013 04 20 17 11 27.981     210.7
55
 2013 04 20 05 44 20.404     2013 04 20 05 47 10.805     170.4
56
 2013 04 20 00 54 15.131     2013 04 20 00 55  8.292      53.2
 2013 04 20 17 58 52.024     2013 04 20 18 01 26.461     154.4
 2013 04 20 22 53 22.461     2013 04 20 22 57  9.513     227.1
57
 2013 04 20 01 42 21.531     2013 04 20 01 44 30.120     128.6
 2013 04 20 18 45 50.756     2013 04 20 18 48 58.440     187.7
58
59
 2013 04 20 11 32  5.411     2013 04 20 11 35  3.673     178.3
 2013 04 20 21 29 56.377     2013 04 20 21 32 55.532     179.2
60
 2013 04 20 21 51 25.636     2013 04 20 21 54 16.262     170.6
61
 2013 04 20 11 24 12.328     2013 04 20 11 27  5.996     173.7
 2013 04 20 23 13  9.452     2013 04 20 23 15 48.360     158.9
62
 2013 04 20 10 33 24.332     2013 04 20 10 34 37.596      73.3
63
 2013 04 20 04 13  2.907     2013 04 20 04 16 35.593     212.7
 2013 04 20 17 47  9.831     2013 04 20 17 49 52.952     163.1
64
 2013 04 20 06 01 41.364     2013 04 20 06 04 30.124     168.8
 2013 04 20 15 59 22.085     2013 04 20 16 02 33.230     191.1
65
 2013 04 20 12 58 11.801     2013 04 20 12 58 30.712      18.9
66
 2013 04 20 13 58 30.328     2013 04 20 14 01 49.538     199.2
 2013 04 20 22 12  8.721     2013 04 20 22 15  9.332     180.6
67
 2013 04 20 16 57  5.022     2013 04 20 17 00 30.749     205.7
68
69
 2013 04 20 02 30 22.301     2013 04 20 02 34  4.295     222.0
70
 2013 04 20 08 25  7.206     2013 04 20 08 25  8.180       1.0
 2013 04 20 16 44  7.809     2013 04 20 16 47 35.856     208.0
71
72
73
 2013 04 20 20 46 16.991     2013 04 20 20 47  7.835      50.8
74
 2013 04 20 04 29  8.208     2013 04 20 04 31 49.769     161.6
75
 2013 04 20 02 59  6.707     2013 04 20 03 02 40.543     213.8
 2013 04 20 09 34 59.476     2013 04 20 09 38  2.757     183.3
76
 2013 04 20 05 05 42.323     2013 04 20 05 08 12.111     149.8
 2013 04 20 16 54 52.958     2013 04 20 16 57 51.573     178.6
77
 2013 04 20 10 35 29.461     2013 04 20 10 38 24.687     175.2
 2013 04 20 22 26 23.145     2013 04 20 22 29 31.290     188.1
78
 2013 04 20 08 56 30.851     2013 04 20 09 00 13.843     223.0
79
 2013 04 20 07 14 25.436     2013 04 20 07 17   .916     155.5
80
 2013 04 20 10 27 21.216     2013 04 20 10 29 55.606     154.4
81
 2013 04 20 04 03 47.340     2013 04 20 04 07 36.257     228.9
 2013 04 20 21 04 57.212     2013 04 20 21 08  8.317     191.1
82
 2013 04 20 21 41  3.158     2013 04 20 21 44 29.003     205.8
83
 2013 04 20 15 57 36.866     2013 04 20 16 00 30.916     174.1
84
 2013 04 20 15 56  9.152     2013 04 20 15 56 16.455       7.3
85
 2013 04 20 01 40  5.988     2013 04 20 01 43  9.065     183.1
 2013 04 20 20 21  2.072     2013 04 20 20 24 44.298     222.2
86
 2013 04 20 10 04 27.489     2013 04 20 10 07  1.272     153.8
 2013 04 20 16 38 49.663     2013 04 20 16 42   .055     190.4
87
 2013 04 20 00 13 51.513     2013 04 20 00 16 25.824     154.3
88
 2013 04 20 01 58   .848     2013 04 20 01 58 15.599      14.8
89
 2013 04 20 10 52  5.951     2013 04 20 10 55  9.666     183.7
 2013 04 20 17 25 47.229     2013 04 20 17 28 22.241     155.0
90
 2013 04 20 10 03 55.896     2013 04 20 10 06 29.407     153.5
 2013 04 20 16 38 22.326     2013 04 20 16 38 29.567       7.2
91
 2013 04 20 10 01 22.053     2013 04 20 10 02 17.669      55.6
 2013 04 20 19 53 44.875     2013 04 20 19 53 45.968       1.1
92
 2013 04 20 12 13 32.285     2013 04 20 12 16  5.730     153.4
93
 2013 04 20 05 15 46.310     2013 04 20 05 18 24.791     158.5
94
 2013 04 20 07 15 42.929     2013 04 20 07 18 24.001     161.1
 2013 04 20 22 36 57.952     2013 04 20 22 39 42.990     165.0
95
 2013 04 20 05 41 51.509     2013 04 20 05 45 14.838     203.3
 2013 04 20 21 01 43.030     2013 04 20 21 04 20.599     157.6
96
 2013 04 20 04 05 22.214     2013 04 20 04 08  4.621     162.4
97
 2013 04 20 04 24  1.574     2013 04 20 04 26 37.495     155.9
98
 2013 04 20 06 43 21.650     2013 04 20 06 46   .538     158.9
99
 2013 04 20 01 18 32.883     2013 04 20 01 21 52.342     199.5
100
 2013 04 20 14 35 47.993     2013 04 20 14 38 47.193     179.2
101
 2013 04 20 23 03 47.558     2013 04 20 23 06 24.913     157.4
102
 2013 04 20 08 55  2.648     2013 04 20 08 57 57.141     174.5
 2013 04 20 22 33   .336     2013 04 20 22 35 35.736     155.4
103
104
 2013 04 20 15 05 44.197     2013 04 20 15 09 32.221     228.0
105
 2013 04 20 12 16  1.644     2013 04 20 12 19  7.991     186.3
106
 2013 04 20 01 25 23.936     2013 04 20 01 28 30.933     187.0
 2013 04 20 08 00 30.354     2013 04 20 08 03  6.079     155.7
107
 2013 04 20 06 24 26.313     2013 04 20 06 27 33.946     187.6
 2013 04 20 23 27  5.957     2013 04 20 23 30   .925     175.0
108
 2013 04 20 22 27 59.831     2013 04 20 22 29   .794      61.0
109
110
 2013 04 20 01 08  7.914     2013 04 20 01 11  3.095     175.2
111
 2013 04 20 09 15 53.867     2013 04 20 09 18 31.287     157.4
 2013 04 20 17 29 22.124     2013 04 20 17 30 11.365      49.2
112
113
 2013 04 20 06 10 23.970     2013 04 20 06 14 13.504     229.5
 2013 04 20 11 06 17.033     2013 04 20 11 10  2.104     225.1
114
 2013 04 20 07 19 19.486     2013 04 20 07 21 53.777     154.3
115
 2013 04 20 02 37 39.416     2013 04 20 02 40 20.191     160.8
 2013 04 20 16 14  1.735     2013 04 20 16 16 40.127     158.4
116
 2013 04 20 11 30   .613     2013 04 20 11 32 46.410     165.8
 2013 04 20 21 30 43.366     2013 04 20 21 34 16.923     213.6
117
 2013 04 20 07 35 43.449     2013 04 20 07 38 32.181     168.7
 2013 04 20 17 34 13.118     2013 04 20 17 36 58.802     165.7
118
 2013 04 20 03 48 18.986     2013 04 20 03 51 12.768     173.8
 2013 04 20 05 25 40.573     2013 04 20 05 26   .155      19.6
 2013 04 20 08 42 37.661     2013 04 20 08 46 13.310     215.6
 2013 04 20 10 20 27.124     2013 04 20 10 24  2.185     215.1
119
 2013 04 20 10 40  7.711     2013 04 20 10 40 21.293      13.6
 2013 04 20 22 23 44.434     2013 04 20 22 26 51.415     187.0
120
 2013 04 20 17 43 56.259     2013 04 20 17 47  9.829     193.6
121
122
 2013 04 20 10 45 29.738     2013 04 20 10 49 12.604     222.9
 2013 04 20 20 41 23.302     2013 04 20 20 42 14.447      51.1
123
 2013 04 20 14 41 45.135     2013 04 20 14 42 16.744      31.6
124
 2013 04 20 10 52 10.953     2013 04 20 10 53  1.204      50.3
 2013 04 20 12 30 11.121     2013 04 20 12 33 36.445     205.3
 2013 04 20 17 25 12.116     2013 04 20 17 27 57.618     165.5
125
 2013 04 20 01 13 30.391     2013 04 20 01 13 36.559       6.2
 2013 04 20 12 56 54.712     2013 04 20 13 00  1.269     186.6
126
 2013 04 20 04 19 39.190     2013 04 20 04 22 41.543     182.4
 2013 04 20 16 07 35.863     2013 04 20 16 10 43.430     187.6
127
 2013 04 20 06 49 19.706     2013 04 20 06 49 53.216      33.5
128
 2013 04 20 19 18 11.183     2013 04 20 19 20 44.602     153.4
129
 2013 04 20 10 00 17.200     2013 04 20 10 02 51.991     154.8
 2013 04 20 18 20 23.752     2013 04 20 18 20 41.437      17.7
130
 2013 04 20 12 06 26.515     2013 04 20 12 09 25.712     179.2
131
 2013 04 20 01 12 28.959     2013 04 20 01 15 16.730     167.8
132
 2013 04 20 16 11 26.603     2013 04 20 16 14 10.046     163.4
133
134
 2013 04 20 00 14 56.709     2013 04 20 00 18 21.864     205.2
 2013 04 20 13 51 23.709     2013 04 20 13 55  7.018     223.3
135
 2013 04 20 16 22 39.598     2013 04 20 16 25 13.380     153.8
 2013 04 20 22 56 58.845     2013 04 20 22 59 47.934     169.1
136
 2013 04 20 08 25 20.331     2013 04 20 08 29  4.613     224.3
137
 2013 04 20 01 47 42.327     2013 04 20 01 50 45.969     183.6
138
 2013 04 20 14 47  6.380     2013 04 20 14 49 40.429     154.0
139
 2013 04 20 00 26 40.292     2013 04 20 00 29 29.193     168.9
140
 2013 04 20 15 34 41.108     2013 04 20 15 37 23.655     162.5
 2013 04 20 22 09 33.510     2013 04 20 22 13 19.207     225.7
141
 2013 04 20 17 02 30.640     2013 04 20 17 03  8.931      38.3
142
 2013 04 20 17 45 20.397     2013 04 20 17 48 16.058     175.7
143
 2013 04 20 06 23 28.406     2013 04 20 06 27 13.398     225.0
 2013 04 20 23 26 11.672     2013 04 20 23 29 54.942     223.3
144
 2013 04 20 10 03 15.026     2013 04 20 10 03 48.518      33.5
 2013 04 20 16 43 50.299     2013 04 20 16 43 53.415       3.1
145
 2013 04 20 02 46   .490     2013 04 20 02 47  3.833      63.3
 2013 04 20 14 35 22.002     2013 04 20 14 35 32.962      11.0
146
147
148
 2013 04 20 06 46 57.673     2013 04 20 06 50 37.449     219.8
 2013 04 20 16 46 37.362     2013 04 20 16 49 37.128     179.8
149
 2013 04 20 22 58 26.666     2013 04 20 23 01 46.831     200.2
150
 2013 04 20 00 52 24.090     2013 04 20 00 55 45.853     201.8
 2013 04 20 19 33 35.256     2013 04 20 19 37  1.835     206.6
151
152
 2013 04 20 10 38 54.778     2013 04 20 10 41 38.043     163.3
 2013 04 20 22 23 25.746     2013 04 20 22 24 56.219      90.5
153
 2013 04 20 07 40 58.775     2013 04 20 07 44 43.500     224.7
154
 2013 04 20 02 46 44.961     2013 04 20 02 49 46.019     181.1
 2013 04 20 14 30 34.748     2013 04 20 14 31 15.374      40.6
155
 2013 04 20 05 57 21.146     2013 04 20 06 00  7.603     166.5
156
 2013 04 20 11 30 36.405     2013 04 20 11 33 25.298     168.9
 2013 04 20 21 32  2.132     2013 04 20 21 34 36.602     154.5
157
 2013 04 20 05 45 52.146     2013 04 20 05 48 49.156     177.0
 2013 04 20 19 24  8.708     2013 04 20 19 26 51.081     162.4
158
 2013 04 20 01 12  6.309     2013 04 20 01 15 19.528     193.2
159
 2013 04 20 10 36  8.998     2013 04 20 10 39  6.822     177.8
 2013 04 20 22 26 21.762     2013 04 20 22 28 56.722     155.0
160
 2013 04 20 00 39  8.816     2013 04 20 00 42  3.157     174.3
 2013 04 20 07 12 57.980     2013 04 20 07 16  1.284     183.3
161
 2013 04 20 08 02  1.745     2013 04 20 08 04 35.135     153.4
 2013 04 20 23 27 23.700     2013 04 20 23 28 11.110      47.4
162
 2013 04 20 08 15 38.084     2013 04 20 08 18 18.043     160.0
 2013 04 20 20 03  7.292     2013 04 20 20 05 40.278     153.0
163
164
 2013 04 20 01 44 16.071     2013 04 20 01 48   .291     224.2
 2013 04 20 17 07 58.812     2013 04 20 17 10 46.943     168.1
165
 2013 04 20 13 41 36.109     2013 04 20 13 44 16.626     160.5
166
167
 2013 04 20 05 52 42.792     2013 04 20 05 55 26.827     164.0
 2013 04 20 17 42 43.579     2013 04 20 17 45 29.504     165.9
168
 2013 04 20 06 08  8.631     2013 04 20 06 10 45.367     156.7
 2013 04 20 12 42 29.707     2013 04 20 12 45 50.456     200.7
169
 2013 04 20 03 43 30.612     2013 04 20 03 46 31.925     181.3
 2013 04 20 12 00 11.941     2013 04 20 12 02 46.702     154.8
170
 2013 04 20 13 41  4.631     2013 04 20 13 44 15.993     191.4
171
 2013 04 20 12 09 22.456     2013 04 20 12 11 59.392     156.9
172
 2013 04 20 08 24 35.542     2013 04 20 08 25 21.180      45.6
 2013 04 20 18 20 55.579     2013 04 20 18 23 51.071     175.5
173
 2013 04 20 22 27 18.698     2013 04 20 22 30  8.012     169.3
174
 2013 04 20 03 37 54.351     2013 04 20 03 41 23.271     208.9
 2013 04 20 13 37 48.048     2013 04 20 13 40 58.160     190.1
175
 2013 04 20 06 30 32.909     2013 04 20 06 34  7.110     214.2
176
 2013 04 20 04 25  2.964     2013 04 20 04 28  5.391     182.4
 2013 04 20 14 25 27.232     2013 04 20 14 28 46.256     199.0
177
 2013 04 20 15 10 18.251     2013 04 20 15 13 14.203     176.0
178
 2013 04 20 20 12  6.361     2013 04 20 20 14 56.457     170.1
179
180
 2013 04 20 11 28  4.204     2013 04 20 11 31 25.201     201.0
181
 2013 04 20 00 16   .059     2013 04 20 00 19 21.268     201.2
 2013 04 20 13 53 26.008     2013 04 20 13 56 13.769     167.8
182
 2013 04 20 02 26 16.117     2013 04 20 02 29 33.662     197.5
 2013 04 20 21 08 10.257     2013 04 20 21 10 54.738     164.5
183
 2013 04 20 05 16 31.672     2013 04 20 05 19 15.550     163.9
184
 2013 04 20 06 07 14.696     2013 04 20 06 09 57.542     162.8
185
 2013 04 20 09 13 46.603     2013 04 20 09 16 43.490     176.9
 2013 04 20 17 30 45.867     2013 04 20 17 33 29.302     163.4
186
187
 2013 04 20 00 25  8.808     2013 04 20 00 27 38.702     149.9
188
 2013 04 20 05 07 18.653     2013 04 20 05 10  2.045     163.4
 2013 04 20 16 54 22.512     2013 04 20 16 57 40.434     197.9
189
 2013 04 20 08 07  9.737     2013 04 20 08 10 51.611     221.9
 2013 04 20 21 46 27.978     2013 04 20 21 49  5.858     157.9
190
 2013 04 20 03 16  3.623     2013 04 20 03 18 59.947     176.3
 2013 04 20 20 18 31.596     2013 04 20 20 21  8.666     157.1
191
 2013 04 20 06 47  7.140     2013 04 20 06 50 37.922     210.8
 2013 04 20 16 46 44.400     2013 04 20 16 49 37.103     172.7
192
 2013 04 20 15 57 57.736     2013 04 20 16 00 30.666     152.9
193
 2013 04 20 01 59 24.236     2013 04 20 02 02 21.526     177.3
 2013 04 20 13 43 29.125     2013 04 20 13 45 29.298     120.2
194
195
 2013 04 20 04 14 55.946     2013 04 20 04 18 38.757     222.8
196
 2013 04 20 20 52 25.697     2013 04 20 20 54 14.477     108.8
197
 2013 04 20 13 35 59.270     2013 04 20 13 39 41.799     222.5
198
 2013 04 20 01 26  8.773     2013 04 20 01 29 19.077     190.3
 2013 04 20 08 00 31.194     2013 04 20 08 03 22.449     171.3
199
 2013 04 20 13 00  1.257     2013 04 20 13 03 18.449     197.2
200
 2013 04 20 21 04 32.466     2013 04 20 21 07  5.667     153.2
201
 2013 04 20 05 52  9.963     2013 04 20 05 53 19.546      69.6
 2013 04 20 17 43 40.191     2013 04 20 17 46 10.490     150.3
202
 2013 04 20 05 15 57.810     2013 04 20 05 18 36.020     158.2
203
 2013 04 20 08 01 47.932     2013 04 20 08 04 26.194     158.3
204
 2013 04 20 09 13 14.552     2013 04 20 09 14   .479      45.9
 2013 04 20 17 31 32.987     2013 04 20 17 34 10.721     157.7
205
 2013 04 20 05 18  6.436     2013 04 20 05 20 55.101     168.7
 2013 04 20 13 33 20.098     2013 04 20 13 35 57.971     157.9
206
 2013 04 20 00 56 46.671     2013 04 20 00 56 49.351       2.7
 2013 04 20 16 17 47.823     2013 04 20 16 21 17.632     209.8
207
208
 2013 04 20 13 37 16.152     2013 04 20 13 39 51.217     155.1
209
 2013 04 20 05 12 18.839     2013 04 20 05 13   .352      41.5
210
 2013 04 20 04 09 11.193     2013 04 20 04 09 31.601      20.4
 2013 04 20 19 29 19.263     2013 04 20 19 30 20.859      61.6
211
 2013 04 20 13 08 34.701     2013 04 20 13 12  7.829     213.1
212
213
 2013 04 20 13 31 39.719     2013 04 20 13 34 43.647     183.9
214
 2013 04 20 08 53 55.667     2013 04 20 08 57 31.369     215.7
215
 2013 04 20 16 44 42.041     2013 04 20 16 47 20.380     158.3
216
 2013 04 20 04 21 41.728     2013 04 20 04 24 30.956     169.2
217
 2013 04 20 15 10  8.860     2013 04 20 15 13 37.322     208.5
218
 2013 04 20 03 37 49.311     2013 04 20 03 41 17.826     208.5
 2013 04 20 13 37 47.435     2013 04 20 13 41  3.492     196.1
219
 2013 04 20 05 22  9.384     2013 04 20 05 25 28.802     199.4
 2013 04 20 06 59 48.464     2013 04 20 07 03 32.332     223.9
 2013 04 20 10 16 25.882     2013 04 20 10 17 11.002      45.1
 2013 04 20 11 54 45.702     2013 04 20 11 57 50.896     185.2
220
 2013 04 20 03 22 33.470     2013 04 20 03 25 16.438     163.0
221
222
 2013 04 20 00 16 50.361     2013 04 20 00 19 26.900     156.5
 2013 04 20 13 52   .472     2013 04 20 13 54 41.128     160.7
223
 2013 04 20 01 18 10.590     2013 04 20 01 19 20.340      69.8
 2013 04 20 11 15  4.878     2013 04 20 11 18 18.069     193.2
224
225
 2013 04 20 01 50 52.149     2013 04 20 01 51  1.773       9.6
 2013 04 20 15 25 33.704     2013 04 20 15 28  7.521     153.8
226
 2013 04 20 20 06  8.736     2013 04 20 20 08 44.069     155.3
227
 2013 04 20 14 48 14.848     2013 04 20 14 50 56.727     161.9
 2013 04 20 21 22 11.706     2013 04 20 21 24 53.220     161.5
228
229
 2013 04 20 06 38 21.152     2013 04 20 06 39 16.074      54.9
 2013 04 20 18 31  3.306     2013 04 20 18 34 19.912     196.6
230
 2013 04 20 18 38 41.692     2013 04 20 18 41 59.209     197.5
231
 2013 04 20 11 36 52.354     2013 04 20 11 39 52.277     179.9
 2013 04 20 19 50 39.541     2013 04 20 19 53 40.118     180.6
232
 2013 04 20 01 17 11.132     2013 04 20 01 19 45.729     154.6
 2013 04 20 11 17 24.529     2013 04 20 11 19 55.773     151.2
233
 2013 04 20 07 20 54.250     2013 04 20 07 23 32.081     157.8
 2013 04 20 20 58  7.460     2013 04 20 21 00 42.296     154.8
234
 2013 04 20 16 57 19.259     2013 04 20 17 00 34.613     195.4
235
 2013 04 20 18 25 55.492     2013 04 20 18 28 32.080     156.6
236
 2013 04 20 13 08 36.032     2013 04 20 13 11  8.317     152.3
237
 2013 04 20 02 29  2.537     2013 04 20 02 31 39.353     156.8
 2013 04 20 19 31 47.839     2013 04 20 19 34 22.745     154.9
238
 2013 04 20 04 59 29.475     2013 04 20 05 02   .273     150.8
 2013 04 20 18 36  4.584     2013 04 20 18 38 40.502     155.9
239
240
241
 2013 04 20 16 45 13.314     2013 04 20 16 48 13.697     180.4
242
 2013 04 20 05 58 31.334     2013 04 20 06 01 28.619     177.3
 2013 04 20 16 04   .224     2013 04 20 16 05 16.314      76.1
243
 2013 04 20 23 10 35.826     2013 04 20 23 14   .368     204.5
244
 2013 04 20 13 36 19.809     2013 04 20 13 39 59.005     219.2
245
 2013 04 20 02 30 46.954     2013 04 20 02 33 48.853     181.9
246
 2013 04 20 08 05 30.678     2013 04 20 08 05 45.926      15.2
 2013 04 20 23 22 41.722     2013 04 20 23 26 29.509     227.8
247
 2013 04 20 19 24 19.366     2013 04 20 19 27 51.747     212.4
248
 2013 04 20 07 30 29.455     2013 04 20 07 33  4.192     154.7
249
 2013 04 20 05 59 14.059     2013 04 20 06 02   .999     166.9
 2013 04 20 16 00  7.902     2013 04 20 16 03 50.308     222.4
250
 2013 04 20 00 55  8.982     2013 04 20 00 58 35.230     206.2
 2013 04 20 17 58 23.430     2013 04 20 18 01 23.426     180.0
251
 2013 04 20 13 12 56.769     2013 04 20 13 15 33.379     156.6
 2013 04 20 19 47 39.122     2013 04 20 19 48 47.478      68.4
252
 2013 04 20 11 34 19.052     2013 04 20 11 37 11.548     172.5
253
 2013 04 20 09 55 14.510     2013 04 20 09 58 45.314     210.8
 2013 04 20 19 58 15.460     2013 04 20 20 00 56.979     161.5
254
 2013 04 20 21 39  3.515     2013 04 20 21 40 10.528      67.0
255
 2013 04 20 02 38 41.361     2013 04 20 02 41 43.997     182.6
 2013 04 20 16 14  8.635     2013 04 20 16 17 40.679     212.0
256
 2013 04 20 16 23  6.321     2013 04 20 16 25 53.535     167.2
 2013 04 20 22 57 38.134     2013 04 20 23 00 13.585     155.5
257
 2013 04 20 03 26 12.200     2013 04 20 03 26 31.746      19.5
258
 2013 04 20 02 59 31.815     2013 04 20 03 03 14.503     222.7
 2013 04 20 04 37 19.557     2013 04 20 04 41  7.474     227.9
 2013 04 20 09 33   .967     2013 04 20 09 35 35.399     154.4
259
 2013 04 20 06 47 31.215     2013 04 20 06 50 46.358     195.1
 2013 04 20 16 46 55.203     2013 04 20 16 49 33.715     158.5
260
261
262
 2013 04 20 03 00 17.790     2013 04 20 03 03  8.232     170.4
 2013 04 20 09 33 41.825     2013 04 20 09 36 19.937     158.1
263
 2013 04 20 00 51 38.900     2013 04 20 00 54 34.469     175.6
 2013 04 20 19 33 54.503     2013 04 20 19 36 29.032     154.5
264
 2013 04 20 04 29 19.014     2013 04 20 04 30 34.732      75.7
 2013 04 20 12 47 55.213     2013 04 20 12 51  6.658     191.4
265
 2013 04 20 10 28  7.808     2013 04 20 10 31 51.115     223.3
266
 2013 04 20 07 37 36.655     2013 04 20 07 40 44.080     187.4
267
 2013 04 20 07 40 24.342     2013 04 20 07 43 57.605     213.3
 2013 04 20 15 56 12.442     2013 04 20 15 59 31.863     199.4
268
269
 2013 04 20 07 36 44.304     2013 04 20 07 39 42.834     178.5
270
 2013 04 20 08 25  8.757     2013 04 20 08 25 33.810      25.1
 2013 04 20 16 44  1.024     2013 04 20 16 47 34.227     213.2
271
 2013 04 20 12 01 36.883     2013 04 20 12 04 42.285     185.4
272
 2013 04 20 12 29 12.339     2013 04 20 12 32 17.079     184.7
 2013 04 20 17 24 26.297     2013 04 20 17 27 13.384     167.1
273
 2013 04 20 14 51 29.622     2013 04 20 14 54 28.613     179.0
 2013 04 20 19 46 23.741     2013 04 20 19 48 59.812     156.1
274
 2013 04 20 09 20  7.881     2013 04 20 09 22 51.651     163.8
 2013 04 20 14 14 59.023     2013 04 20 14 17 53.008     174.0
275
 2013 04 20 03 43 10.668     2013 04 20 03 46 31.584     200.9
 2013 04 20 12 00 28.135     2013 04 20 12 03  3.887     155.8
276
 2013 04 20 05 15  5.619     2013 04 20 05 15 26.478      20.9
277
 2013 04 20 22 29 51.507     2013 04 20 22 32 30.946     159.4
278
 2013 04 20 00 33 48.420     2013 04 20 00 36 21.150     152.7
 2013 04 20 08 50 18.770     2013 04 20 08 53 52.472     213.7
279
 2013 04 20 03 01 57.051     2013 04 20 03 04 33.882     156.8
 2013 04 20 07 56 26.771     2013 04 20 07 59 28.330     181.6
280
 2013 04 20 01 56 47.874     2013 04 20 02 00 17.210     209.3
 2013 04 20 13 44 36.852     2013 04 20 13 47 43.412     186.6
281
 2013 04 20 01 01 16.613     2013 04 20 01 04 18.444     181.8
 2013 04 20 14 44 14.723     2013 04 20 14 44 38.828      24.1
282
 2013 04 20 06 41 23.898     2013 04 20 06 42 32.000      68.1
283
 2013 04 20 13 00 45.469     2013 04 20 13 02 43.819     118.4
284
 2013 04 20 02 06 23.660     2013 04 20 02 09 50.517     206.9
285
 2013 04 20 18 19  5.000     2013 04 20 18 21 55.902     170.9
286
 2013 04 20 01 43 45.361     2013 04 20 01 46 43.289     177.9
 2013 04 20 17 10 46.746     2013 04 20 17 11  3.354      16.6
287
 2013 04 20 16 03  2.892     2013 04 20 16 05 35.016     152.1
288
 2013 04 20 19 26  6.341     2013 04 20 19 28 46.458     160.1
289
290
 2013 04 20 06 03  2.781     2013 04 20 06 06 45.017     222.2
291
 2013 04 20 06 30 23.656     2013 04 20 06 33 47.942     204.3
292
 2013 04 20 04 29 34.224     2013 04 20 04 32 17.892     163.7
 2013 04 20 12 49 59.876     2013 04 20 12 50 38.279      38.4
293
 2013 04 20 03 00  8.668     2013 04 20 03 01 29.816      81.1
 2013 04 20 09 35 31.606     2013 04 20 09 38 14.546     162.9
294
 2013 04 20 07 23 47.786     2013 04 20 07 27 15.932     208.1
295
 2013 04 20 03 40 21.279     2013 04 20 03 43 30.968     189.7
 2013 04 20 13 36 48.759     2013 04 20 13 40 32.877     224.1
296
 2013 04 20 09 48 40.644     2013 04 20 09 51 10.877     150.2
 2013 04 20 21 38 25.296     2013 04 20 21 41 45.470     200.2
297
 2013 04 20 13 56 35.863     2013 04 20 14 00  3.632     207.8
 2013 04 20 22 12  8.774     2013 04 20 22 15 36.056     207.3
298
 2013 04 20 10 28 14.723     2013 04 20 10 30 55.779     161.1
299
 2013 04 20 08 48 36.281     2013 04 20 08 51 30.517     174.2
300
301
 2013 04 20 13 57 15.284     2013 04 20 14 00 36.530     201.2
 2013 04 20 22 12 28.202     2013 04 20 22 15 12.982     164.8
302
303
 2013 04 20 01 10  1.281     2013 04 20 01 13 22.281     201.0
 2013 04 20 12 59 20.212     2013 04 20 13 02  5.707     165.5
304
 2013 04 20 13 06 35.126     2013 04 20 13 10  3.286     208.2
 2013 04 20 23 03 52.973     2013 04 20 23 06 58.814     185.8
305
306
 2013 04 20 01 07 59.139     2013 04 20 01 09 36.065      96.9
 2013 04 20 13 00 23.508     2013 04 20 13 03 23.247     179.7
307
308
 2013 04 20 02 33 17.524     2013 04 20 02 36 39.135     201.6
 2013 04 20 17 54 18.705     2013 04 20 17 57 42.865     204.2
309
 2013 04 20 00 17 37.970     2013 04 20 00 20 15.601     157.6
 2013 04 20 13 51 43.384     2013 04 20 13 52 53.892      70.5
310
 2013 04 20 07 40 51.545     2013 04 20 07 44 14.132     202.6
 2013 04 20 15 55 46.129     2013 04 20 15 57  1.888      75.8
311
 2013 04 20 03 40  6.764     2013 04 20 03 42 45.175     158.4
 2013 04 20 13 38  9.494     2013 04 20 13 39 44.789      95.3
312
 2013 04 20 14 23 12.597     2013 04 20 14 26 20.721     188.1
313
 2013 04 20 04 50  7.479     2013 04 20 04 52 56.925     169.4
 2013 04 20 21 52 53.306     2013 04 20 21 55 50.232     176.9
314
 2013 04 20 07 19 12.870     2013 04 20 07 22 15.161     182.3
 2013 04 20 21 01 33.974     2013 04 20 21 02 25.405      51.4
315
 2013 04 20 02 08 22.891     2013 04 20 02 11 27.305     184.4
 2013 04 20 10 23 57.485     2013 04 20 10 27 13.819     196.3
316
 2013 04 20 01 42 36.154     2013 04 20 01 45 22.924     166.8
 2013 04 20 18 45  8.468     2013 04 20 18 48  4.849     176.4
317
 2013 04 20 21 34 46.067     2013 04 20 21 37 42.215     176.1
318
 2013 04 20 06 54 24.818     2013 04 20 06 57 29.396     184.6
319
 2013 04 20 06 54 24.142     2013 04 20 06 57 49.768     205.6
 2013 04 20 13 31 45.048     2013 04 20 13 32 25.902      40.9
320
 2013 04 20 07 19 25.900     2013 04 20 07 22 26.474     180.6
321
 2013 04 20 12 27 40.505     2013 04 20 12 30 20.166     159.7
 2013 04 20 19 00 37.153     2013 04 20 19 03 38.569     181.4
322
 2013 04 20 13 47 20.589     2013 04 20 13 50  6.101     165.5
323
 2013 04 20 05 14 20.038     2013 04 20 05 17  3.869     163.8
 2013 04 20 15 12 15.841     2013 04 20 15 15 20.858     185.0
324
 2013 04 20 04 22 31.579     2013 04 20 04 26  7.120     215.5
325
 2013 04 20 19 10 59.213     2013 04 20 19 14  8.185     189.0
326
 2013 04 20 14 29 36.543     2013 04 20 14 32 11.485     154.9
327
 2013 04 20 00 35 43.289     2013 04 20 00 36 37.787      54.5
 2013 04 20 08 48 29.300     2013 04 20 08 52  1.401     212.1
328
 2013 04 20 12 14  6.309     2013 04 20 12 17 15.106     188.8
329
 2013 04 20 15 17  9.236     2013 04 20 15 19 48.607     159.4
330
331
 2013 04 20 08 25 51.966     2013 04 20 08 28 43.631     171.7
 2013 04 20 16 43  9.729     2013 04 20 16 46 44.798     215.1
332
 2013 04 20 00 53 14.678     2013 04 20 00 53 35.830      21.2
 2013 04 20 17 55 53.359     2013 04 20 17 58 49.939     176.6
333
 2013 04 20 07 25 55.095     2013 04 20 07 27  5.781      70.7
 2013 04 20 19 18 18.124     2013 04 20 19 21 10.708     172.6
334
 2013 04 20 11 28   .389     2013 04 20 11 28 18.102      17.7
 2013 04 20 23 10 53.538     2013 04 20 23 13 28.927     155.4
335
 2013 04 20 12 23 58.705     2013 04 20 12 26 50.665     172.0
 2013 04 20 20 38 13.518     2013 04 20 20 41   .953     167.4
336
 2013 04 20 03 44 47.794     2013 04 20 03 47 32.870     165.1
 2013 04 20 11 58 27.112     2013 04 20 12 01 40.098     193.0
337
 2013 04 20 12 01 26.342     2013 04 20 12 04 51.800     205.5
338
 2013 04 20 09 46 29.252     2013 04 20 09 50  1.109     211.9
339
 2013 04 20 02 44 10.221     2013 04 20 02 47  2.083     171.9
 2013 04 20 14 32 31.161     2013 04 20 14 35 26.391     175.2
340
 2013 04 20 22 26 57.780     2013 04 20 22 28 17.752      80.0
341
 2013 04 20 11 31 30.555     2013 04 20 11 34 56.695     206.1
 2013 04 20 21 29 55.572     2013 04 20 21 32 33.115     157.5
342
 2013 04 20 10 32 43.933     2013 04 20 10 35 47.874     183.9
343
 2013 04 20 16 51  7.278     2013 04 20 16 54   .787     173.5
344
 2013 04 20 10 44 25.413     2013 04 20 10 47  5.183     159.8
 2013 04 20 20 43 32.021     2013 04 20 20 46  9.213     157.2
345
 2013 04 20 11 36 23.545     2013 04 20 11 39  3.903     160.4
 2013 04 20 19 51 19.652     2013 04 20 19 53 55.679     156.0
346
 2013 04 20 09 11 44.649     2013 04 20 09 14 55.277     190.6
347
348
 2013 04 20 22 11 12.509     2013 04 20 22 14 26.501     194.0
349
 2013 04 20 08 02 43.535     2013 04 20 08 06 14.561     211.0
 2013 04 20 23 23 24.528     2013 04 20 23 26 11.095     166.6
350
 2013 04 20 03 02 36.016     2013 04 20 03 05 28.396     172.4
 2013 04 20 07 57 34.200     2013 04 20 08 00 14.410     160.2
351
 2013 04 20 23 17  7.388     2013 04 20 23 19 53.288     165.9
352
 2013 04 20 06 27 14.427     2013 04 20 06 29 49.610     155.2
353
 2013 04 20 00 24  3.995     2013 04 20 00 24 30.090      26.1
354
 2013 04 20 17 38 56.943     2013 04 20 17 41 29.986     153.0
355
 2013 04 20 11 39  2.248     2013 04 20 11 42 10.487     188.2
 2013 04 20 18 12 49.399     2013 04 20 18 15 30.907     161.5
356
 2013 04 20 08 05 41.067     2013 04 20 08 08 31.802     170.7
357
 2013 04 20 11 23 39.721     2013 04 20 11 26 19.427     159.7
 2013 04 20 23 12 15.878     2013 04 20 23 15 17.821     181.9
358
 2013 04 20 04 36  8.467     2013 04 20 04 38 44.767     156.3
 2013 04 20 09 30 38.663     2013 04 20 09 34  1.667     203.0
 2013 04 20 11 08  1.409     2013 04 20 11 08  8.580       7.2
359
 2013 04 20 06 40 43.147     2013 04 20 06 41 34.690      51.5
 2013 04 20 18 29 51.653     2013 04 20 18 33 11.250     199.6
360
 2013 04 20 11 37 42.367     2013 04 20 11 40 17.484     155.1
 2013 04 20 19 50 34.639     2013 04 20 19 51 10.663      36.0
361
 2013 04 20 10 07 39.526     2013 04 20 10 10 50.851     191.3
 2013 04 20 15 02 57.350     2013 04 20 15 05 38.278     160.9
362
 2013 04 20 05 45 13.041     2013 04 20 05 48 47.365     214.3
 2013 04 20 19 25 52.605     2013 04 20 19 25 58.135       5.5
363
364
 2013 04 20 06 50  6.275     2013 04 20 06 52 37.799     151.5
365
 2013 04 20 19 19 23.067     2013 04 20 19 21 54.583     151.5
366
 2013 04 20 17 39 42.231     2013 04 20 17 42 33.476     171.2
367
368
 2013 04 20 00 39 54.824     2013 04 20 00 43 40.368     225.5
 2013 04 20 05 35 46.092     2013 04 20 05 39 18.380     212.3
369
 2013 04 20 02 28 16.340     2013 04 20 02 31  9.277     172.9
 2013 04 20 19 31  5.108     2013 04 20 19 34  5.923     180.8
370
 2013 04 20 00 23  6.770     2013 04 20 00 26  2.235     175.5
 2013 04 20 12 10 33.091     2013 04 20 12 13  8.468     155.4
371
 2013 04 20 00 19 35.353     2013 04 20 00 22 38.832     183.5
372
 2013 04 20 16 21 54.688     2013 04 20 16 24 31.387     156.7
 2013 04 20 22 56 11.567     2013 04 20 22 59 53.646     222.1
373
 2013 04 20 06 47 33.188     2013 04 20 06 51  9.680     216.5
 2013 04 20 16 48 40.924     2013 04 20 16 51 43.555     182.6
374
 2013 04 20 07 20  6.562     2013 04 20 07 20 39.727      33.2
 2013 04 20 22 35 24.277     2013 04 20 22 38 30.237     186.0
375
376
377
 2013 04 20 02 56  5.470     2013 04 20 02 59 32.225     206.8
 2013 04 20 11 13 18.074     2013 04 20 11 15 50.320     152.2
378
 2013 04 20 07 36 44.881     2013 04 20 07 40 22.833     218.0
379
 2013 04 20 22 11 29.199     2013 04 20 22 14 37.402     188.2
380
381
 2013 04 20 12 15 26.793     2013 04 20 12 17 14.803     108.0
 2013 04 20 22 23 59.632     2013 04 20 22 24  5.431       5.8
382
383
 2013 04 20 16 50 52.803     2013 04 20 16 53 26.789     154.0
384
 2013 04 20 14 46 17.662     2013 04 20 14 48 56.277     158.6
 2013 04 20 22 59 41.779     2013 04 20 23 03 11.972     210.2
385
 2013 04 20 16 44  5.033     2013 04 20 16 44 27.823      22.8
386
387
 2013 04 20 03 35 51.645     2013 04 20 03 38 27.960     156.3
388
 2013 04 20 08 30 32.753     2013 04 20 08 31 48.313      75.6
 2013 04 20 15 06  8.147     2013 04 20 15 08 45.804     157.7
389
 2013 04 20 04 36 52.166     2013 04 20 04 39 30.340     158.2
 2013 04 20 09 31 32.329     2013 04 20 09 34 17.695     165.4
390
 2013 04 20 21 34 23.265     2013 04 20 21 36 57.630     154.4
391
 2013 04 20 02 39 32.198     2013 04 20 02 42 19.603     167.4
392
 2013 04 20 11 35 25.348     2013 04 20 11 38  1.052     155.7
 2013 04 20 19 51 22.204     2013 04 20 19 54 30.198     188.0
393
 2013 04 20 20 05 59.880     2013 04 20 20 08 53.908     174.0
394
 2013 04 20 01 18 43.999     2013 04 20 01 21 24.926     160.9
395
396
 2013 04 20 08 31 32.526     2013 04 20 08 34  6.687     154.2
 2013 04 20 15 04 42.430     2013 04 20 15 07 43.952     181.5
397
 2013 04 20 02 39 22.702     2013 04 20 02 42  2.712     160.0
 2013 04 20 16 13 19.648     2013 04 20 16 13 52.919      33.3
398
 2013 04 20 12 05 24.274     2013 04 20 12 06 24.243      60.0
399
 2013 04 20 05 00 13.651     2013 04 20 05 00 28.374      14.7
