0 -7.8356 47.2607 1 29 9
2  45.0 45.0 0.00
1 -43.3219 60.6323 8 15 8
2  45.0 45.0 0.00
2 34.7077 -145.0692 7 18 7
2  45.0 45.0 0.00
3 40.6800 -52.2514 7 20 5
2  45.0 45.0 0.00
4 -4.9642 -170.0821 6 20 5
2  45.0 45.0 0.00
5 36.3487 94.3974 8 24 6
2  45.0 45.0 0.00
6 -30.3697 -164.3690 10 18 9
2  45.0 45.0 0.00
7 -45.7189 4.3718 4 15 6
2  45.0 45.0 0.00
8 50.0030 51.0316 4 24 8
2  45.0 45.0 0.00
9 -51.0611 130.3129 10 19 7
2  45.0 45.0 0.00
10 34.8377 71.7520 10 27 9
2  45.0 45.0 0.00
11 -10.7559 -81.0524 6 28 5
2  45.0 45.0 0.00
12 -18.1167 -166.1232 10 24 8
2  45.0 45.0 0.00
13 30.1052 128.5460 5 20 6
2  45.0 45.0 0.00
14 -13.6073 -57.4828 7 15 9
2  45.0 45.0 0.00
15 33.0098 -46.5459 6 24 5
2  45.0 45.0 0.00
16 50.9788 -2.0270 8 17 6
2  45.0 45.0 0.00
17 1.5034 -92.7866 2 19 6
2  45.0 45.0 0.00
18 31.1465 41.6271 10 28 7
2  45.0 45.0 0.00
19 45.9170 173.2819 1 28 6
2  45.0 45.0 0.00
20 -35.9107 -3.1076 2 15 9
2  45.0 45.0 0.00
21 -1.2368 47.8746 7 29 6
2  45.0 45.0 0.00
22 -50.0507 55.1947 8 26 6
2  45.0 45.0 0.00
23 35.4801 125.7433 10 18 8
2  45.0 45.0 0.00
24 4.4257 28.5202 10 16 6
2  45.0 45.0 0.00
25 27.1358 -18.0252 9 24 8
2  45.0 45.0 0.00
26 34.9879 -3.6559 7 19 5
2  45.0 45.0 0.00
27 -1.1062 -8.9446 6 20 8
2  45.0 45.0 0.00
28 40.4069 -88.8955 7 28 7
2  45.0 45.0 0.00
29 -38.1053 131.9687 9 22 7
2  45.0 45.0 0.00
30 -44.1074 77.4586 3 18 7
2  45.0 45.0 0.00
31 8.6917 -47.9569 6 25 5
2  45.0 45.0 0.00
32 -48.9294 169.6247 9 18 8
2  45.0 45.0 0.00
33 4.0258 -54.5631 10 25 8
2  45.0 45.0 0.00
34 -14.8862 -4.4086 5 22 5
2  45.0 45.0 0.00
35 -22.3995 67.8772 1 24 7
2  45.0 45.0 0.00
36 41.2784 157.8407 7 17 7
2  45.0 45.0 0.00
37 -40.8193 -84.5626 6 28 7
2  45.0 45.0 0.00
38 -39.9855 104.4208 1 20 9
2  45.0 45.0 0.00
39 43.4619 -173.8240 6 17 7
2  45.0 45.0 0.00
40 30.9605 -126.5893 4 25 5
2  45.0 45.0 0.00
41 10.1907 -98.5667 9 18 6
2  45.0 45.0 0.00
42 41.7056 72.3401 3 18 6
2  45.0 45.0 0.00
43 -42.4047 101.2504 10 25 5
2  45.0 45.0 0.00
44 -24.0752 -15.7856 9 18 8
2  45.0 45.0 0.00
45 7.3677 -131.4389 4 23 7
2  45.0 45.0 0.00
46 -24.2180 15.5858 2 17 5
2  45.0 45.0 0.00
47 25.5519 -100.1267 9 17 8
2  45.0 45.0 0.00
48 41.2031 -156.6174 10 22 5
2  45.0 45.0 0.00
49 -8.2857 18.8619 2 15 9
2  45.0 45.0 0.00
50 -39.3507 -68.2017 5 29 8
2  45.0 45.0 0.00
51 -17.3915 138.9977 1 28 8
2  45.0 45.0 0.00
52 -4.1078 55.2373 3 26 6
2  45.0 45.0 0.00
53 -15.8835 13.1856 1 17 7
2  45.0 45.0 0.00
54 40.0770 43.2433 3 15 6
2  45.0 45.0 0.00
55 -30.9601 163.2988 10 16 8
2  45.0 45.0 0.00
56 -51.1861 -139.6219 9 24 9
2  45.0 45.0 0.00
57 48.8636 30.8159 10 22 5
2  45.0 45.0 0.00
58 37.6248 -72.6501 6 21 6
2  45.0 45.0 0.00
59 -28.0613 -73.3467 6 18 5
2  45.0 45.0 0.00
60 40.8319 -31.1563 8 23 8
2  45.0 45.0 0.00
61 0.9165 -83.2151 7 25 8
2  45.0 45.0 0.00
62 -12.4739 105.7007 9 18 9
2  45.0 45.0 0.00
63 -15.9969 -170.9074 3 27 6
2  45.0 45.0 0.00
64 28.0429 -168.6502 1 16 9
2  45.0 45.0 0.00
65 8.4685 -119.7053 4 25 8
2  45.0 45.0 0.00
66 43.6364 82.0682 8 29 9
2  45.0 45.0 0.00
67 10.9877 11.9172 1 28 6
2  45.0 45.0 0.00
68 20.3658 127.3476 5 26 5
2  45.0 45.0 0.00
69 -46.4982 -158.8105 2 24 5
2  45.0 45.0 0.00
70 -30.7385 -12.2931 2 28 5
2  45.0 45.0 0.00
71 37.4900 -72.9336 10 25 6
2  45.0 45.0 0.00
72 -16.8369 34.9717 1 15 9
2  45.0 45.0 0.00
73 16.3616 128.2406 10 19 8
2  45.0 45.0 0.00
74 33.4941 -139.9987 7 22 9
2  45.0 45.0 0.00
75 43.5461 -96.4621 4 29 8
2  45.0 45.0 0.00
76 2.2293 8.9561 4 23 7
2  45.0 45.0 0.00
77 -5.7440 106.2563 6 27 9
2  45.0 45.0 0.00
78 -20.5374 124.9877 2 23 6
2  45.0 45.0 0.00
79 -42.9314 125.0098 2 27 5
2  45.0 45.0 0.00
80 -31.2579 88.3671 6 27 7
2  45.0 45.0 0.00
81 -42.5167 165.1114 4 16 8
2  45.0 45.0 0.00
82 12.8928 -58.9175 1 29 5
2  45.0 45.0 0.00
83 33.5260 -173.6449 6 21 7
2  45.0 45.0 0.00
84 38.0750 -172.7095 6 20 8
2  45.0 45.0 0.00
85 49.6922 12.7479 4 18 8
2  45.0 45.0 0.00
86 -46.2623 -28.8473 3 26 6
2  45.0 45.0 0.00
87 29.2101 64.4533 2 17 6
2  45.0 45.0 0.00
88 -1.3601 64.7100 5 16 9
2  45.0 45.0 0.00
89 49.8105 139.0347 6 23 8
2  45.0 45.0 0.00
90 -44.8026 -30.6976 4 19 8
2  45.0 45.0 0.00
91 -33.4045 -48.9025 7 18 5
2  45.0 45.0 0.00
92 6.7298 86.1958 4 21 7
2  45.0 45.0 0.00
93 -31.6133 26.6435 1 26 9
2  45.0 45.0 0.00
94 -38.4519 128.2481 8 17 5
2  45.0 45.0 0.00
95 -33.9785 152.6902 1 22 5
2  45.0 45.0 0.00
96 -44.2458 174.1987 4 21 6
2  45.0 45.0 0.00
97 15.7764 -148.7979 2 16 7
2  45.0 45.0 0.00
98 -9.3908 -10.6635 10 16 9
2  45.0 45.0 0.00
99 26.2600 -90.9061 9 24 9
2  45.0 45.0 0.00
100 -11.0345 -130.9294 4 24 5
2  45.0 45.0 0.00
101 -29.5646 -100.5212 2 18 8
2  45.0 45.0 0.00
102 -25.3633 119.4883 5 16 8
2  45.0 45.0 0.00
103 8.4379 -74.1397 3 16 6
2  45.0 45.0 0.00
104 -40.8006 -0.0069 4 17 9
2  45.0 45.0 0.00
105 17.6879 88.2143 4 19 6
2  45.0 45.0 0.00
106 45.7883 -71.5252 3 25 8
2  45.0 45.0 0.00
107 47.3056 -54.9389 1 21 5
2  45.0 45.0 0.00
108 -7.6257 116.2973 10 21 5
2  45.0 45.0 0.00
109 8.4265 -50.0571 7 21 7
2  45.0 45.0 0.00
110 -4.9100 -115.0654 3 20 7
2  45.0 45.0 0.00
111 41.9675 159.4195 3 24 8
2  45.0 45.0 0.00
112 -2.5388 143.5583 6 15 6
2  45.0 45.0 0.00
113 48.6969 -133.4708 6 20 8
2  45.0 45.0 0.00
114 -28.3856 138.2092 4 28 6
2  45.0 45.0 0.00
115 -22.0437 -147.2440 10 16 6
2  45.0 45.0 0.00
116 -20.5731 -77.0153 8 26 9
2  45.0 45.0 0.00
117 26.6686 166.5197 9 18 7
2  45.0 45.0 0.00
118 -52.6346 72.5932 2 25 8
2  45.0 45.0 0.00
119 3.1044 101.9058 5 15 7
2  45.0 45.0 0.00
120 -5.2738 -174.7566 8 27 6
2  45.0 45.0 0.00
121 7.3951 -72.8327 1 15 7
2  45.0 45.0 0.00
122 32.3227 119.0064 10 19 9
2  45.0 45.0 0.00
123 -32.8620 -120.7085 3 16 7
2  45.0 45.0 0.00
124 52.6661 138.7906 8 27 7
2  45.0 45.0 0.00
125 3.2397 -114.5468 4 18 9
2  45.0 45.0 0.00
126 0.9507 -154.2583 5 23 8
2  45.0 45.0 0.00
127 -22.1170 -8.1852 3 22 9
2  45.0 45.0 0.00
128 -4.8862 158.2920 3 25 8
2  45.0 45.0 0.00
129 -34.6753 -42.0865 4 26 7
2  45.0 45.0 0.00
130 -14.3537 72.1520 4 21 8
2  45.0 45.0 0.00
131 6.8601 -104.3589 8 18 9
2  45.0 45.0 0.00
132 -11.8772 -149.2007 6 17 5
2  45.0 45.0 0.00
133 24.7432 -87.7365 5 25 8
2  45.0 45.0 0.00
134 22.5480 65.0896 10 17 6
2  45.0 45.0 0.00
135 -46.9421 -123.0562 4 17 6
2  45.0 45.0 0.00
136 -37.3681 -21.5783 2 26 7
2  45.0 45.0 0.00
137 32.7059 43.0845 1 27 9
2  45.0 45.0 0.00
138 -44.3891 -103.5087 8 23 7
2  45.0 45.0 0.00
139 -13.9549 86.6367 9 24 5
2  45.0 45.0 0.00
140 44.1582 67.5261 6 16 7
2  45.0 45.0 0.00
141 19.4810 14.7563 6 17 7
2  45.0 45.0 0.00
142 -9.9067 -173.3267 7 15 8
2  45.0 45.0 0.00
143 47.4764 -59.0328 4 25 5
2  45.0 45.0 0.00
144 -40.9428 -25.8039 7 26 9
2  45.0 45.0 0.00
145 0.0256 -139.3949 9 26 7
2  45.0 45.0 0.00
146 -19.4518 12.2036 10 29 8
2  45.0 45.0 0.00
147 -4.2508 -49.9671 3 18 9
2  45.0 45.0 0.00
148 -24.6390 -5.9660 4 21 6
2  45.0 45.0 0.00
149 -46.3540 -111.4241 4 27 5
2  45.0 45.0 0.00
150 -49.5730 -157.2081 10 23 7
2  45.0 45.0 0.00
151 -1.2440 146.8012 5 17 8
2  45.0 45.0 0.00
152 7.5251 108.4421 1 25 7
2  45.0 45.0 0.00
153 39.5000 -172.8936 4 20 7
2  45.0 45.0 0.00
154 9.1889 -132.3068 9 26 8
2  45.0 45.0 0.00
155 13.8138 -176.7854 4 22 8
2  45.0 45.0 0.00
156 -20.1662 -72.2753 8 25 7
2  45.0 45.0 0.00
157 -26.1627 167.0363 10 21 6
2  45.0 45.0 0.00
158 5.5244 -103.4963 8 22 9
2  45.0 45.0 0.00
159 -3.5691 107.5022 8 29 9
2  45.0 45.0 0.00
160 -48.4464 123.6637 5 19 5
2  45.0 45.0 0.00
161 42.3840 -65.4264 4 28 6
2  45.0 45.0 0.00
162 -2.1905 -38.3170 9 23 9
2  45.0 45.0 0.00
163 -24.1938 -134.9779 8 17 7
2  45.0 45.0 0.00
164 43.3171 36.7836 1 16 8
2  45.0 45.0 0.00
165 -13.3372 50.2442 4 28 9
2  45.0 45.0 0.00
166 35.1604 -169.6644 9 23 5
2  45.0 45.0 0.00
167 -3.5783 178.3068 8 22 6
2  45.0 45.0 0.00
168 46.1017 -149.9299 1 17 6
2  45.0 45.0 0.00
169 -36.1934 60.4056 3 23 5
2  45.0 45.0 0.00
170 -16.8256 53.6417 6 22 9
2  45.0 45.0 0.00
171 -6.2771 78.2988 6 23 9
2  45.0 45.0 0.00
172 -25.4101 -30.1149 10 29 6
2  45.0 45.0 0.00
173 -5.2338 112.0528 10 20 6
2  45.0 45.0 0.00
174 -23.6953 41.8723 4 29 7
2  45.0 45.0 0.00
175 34.4631 -28.1317 2 25 7
2  45.0 45.0 0.00
176 21.8768 -149.5415 2 27 6
2  45.0 45.0 0.00
177 -33.6341 18.2146 6 25 8
2  45.0 45.0 0.00
178 26.3670 -20.0155 3 25 6
2  45.0 45.0 0.00
179 1.9689 -144.5096 8 27 7
2  45.0 45.0 0.00
180 -16.1867 -81.5387 9 20 8
2  45.0 45.0 0.00
181 23.8453 73.8124 3 15 8
2  45.0 45.0 0.00
182 -50.9939 175.9400 8 16 8
2  45.0 45.0 0.00
183 -34.3785 28.1402 3 24 9
2  45.0 45.0 0.00
184 42.4030 -151.0626 9 26 9
2  45.0 45.0 0.00
185 35.1982 155.1309 6 25 8
2  45.0 45.0 0.00
186 24.0132 36.4025 7 19 8
2  45.0 45.0 0.00
187 -7.1146 85.6394 9 16 5
2  45.0 45.0 0.00
188 -2.3677 13.4527 9 15 9
2  45.0 45.0 0.00
189 27.5625 -47.0486 3 15 5
2  45.0 45.0 0.00
190 46.6831 -4.6856 7 29 7
2  45.0 45.0 0.00
191 -24.7072 -5.4918 10 21 5
2  45.0 45.0 0.00
192 31.1679 -175.9214 5 19 5
2  45.0 45.0 0.00
193 -8.7124 59.4590 10 21 8
2  45.0 45.0 0.00
194 -6.5945 -3.3997 9 22 5
2  45.0 45.0 0.00
195 -14.5580 -160.0644 4 28 8
2  45.0 45.0 0.00
196 -3.9486 138.0148 9 25 5
2  45.0 45.0 0.00
197 -27.6072 37.2848 7 25 8
2  45.0 45.0 0.00
198 47.5024 -68.2283 6 28 8
2  45.0 45.0 0.00
199 -3.5687 -103.6475 1 29 9
2  45.0 45.0 0.00
200 -42.9449 159.6261 9 18 5
2  45.0 45.0 0.00
201 -5.3158 -178.9147 2 29 6
2  45.0 45.0 0.00
202 -30.5771 29.4285 6 26 6
2  45.0 45.0 0.00
203 43.5302 -65.1971 10 18 6
2  45.0 45.0 0.00
204 33.3093 157.4984 8 25 6
2  45.0 45.0 0.00
205 -39.5051 32.0748 9 26 9
2  45.0 45.0 0.00
206 -37.0396 -140.6674 9 15 8
2  45.0 45.0 0.00
207 2.0504 48.7677 8 22 9
2  45.0 45.0 0.00
208 -27.9267 42.3974 3 21 5
2  45.0 45.0 0.00
209 -14.1626 11.6530 4 22 8
2  45.0 45.0 0.00
210 -37.3717 170.4597 2 23 5
2  45.0 45.0 0.00
211 -36.3194 -93.5625 1 15 6
2  45.0 45.0 0.00
212 38.2399 -96.1132 1 29 6
2  45.0 45.0 0.00
213 -42.1583 25.6583 5 29 8
2  45.0 45.0 0.00
214 -23.8292 112.1849 5 19 5
2  45.0 45.0 0.00
215 -32.1744 -9.3406 6 23 9
2  45.0 45.0 0.00
216 10.0638 -155.0179 6 15 9
2  45.0 45.0 0.00
217 -34.2305 19.9603 8 28 8
2  45.0 45.0 0.00
218 -23.4007 41.7218 6 17 9
2  45.0 45.0 0.00
219 -52.6267 45.4759 4 15 8
2  45.0 45.0 0.00
220 31.2824 18.4917 3 27 6
2  45.0 45.0 0.00
221 -17.4040 56.9236 9 20 8
2  45.0 45.0 0.00
222 19.4309 70.3720 9 17 9
2  45.0 45.0 0.00
223 30.8841 -98.6076 5 16 8
2  45.0 45.0 0.00
224 4.9645 71.8741 3 18 5
2  45.0 45.0 0.00
225 16.8860 43.7534 2 21 8
2  45.0 45.0 0.00
226 7.4355 -32.5768 6 26 8
2  45.0 45.0 0.00
227 -48.3810 -100.1102 8 25 5
2  45.0 45.0 0.00
228 2.0086 -123.4033 4 18 9
2  45.0 45.0 0.00
229 8.8787 -12.6370 9 20 7
2  45.0 45.0 0.00
230 29.4077 8.0944 6 20 7
2  45.0 45.0 0.00
231 -42.8805 -61.3778 8 25 5
2  45.0 45.0 0.00
232 22.7131 -97.2749 2 24 5
2  45.0 45.0 0.00
233 -23.9771 142.6212 3 23 5
2  45.0 45.0 0.00
234 7.3609 18.2390 4 15 6
2  45.0 45.0 0.00
235 -11.7001 -18.0935 8 19 6
2  45.0 45.0 0.00
236 -32.3931 -91.0625 6 29 5
2  45.0 45.0 0.00
237 -47.9479 -170.6518 8 19 9
2  45.0 45.0 0.00
238 22.6914 -1.9833 7 22 9
2  45.0 45.0 0.00
239 -22.3493 13.8914 7 17 8
2  45.0 45.0 0.00
240 19.8847 152.9977 6 18 5
2  45.0 45.0 0.00
241 -28.9626 -9.1028 1 16 8
2  45.0 45.0 0.00
242 15.4470 -170.8928 4 22 8
2  45.0 45.0 0.00
243 -3.4741 -90.9756 10 21 6
2  45.0 45.0 0.00
244 -26.7296 38.1223 3 24 7
2  45.0 45.0 0.00
245 -45.0551 -160.4105 7 17 8
2  45.0 45.0 0.00
246 37.2096 -69.1460 5 24 8
2  45.0 45.0 0.00
247 -24.4424 173.4084 9 29 5
2  45.0 45.0 0.00
248 7.7324 158.8847 6 22 7
2  45.0 45.0 0.00
249 20.0098 -173.4266 10 28 9
2  45.0 45.0 0.00
250 -48.5620 -138.6170 3 26 7
2  45.0 45.0 0.00
251 -44.3402 -77.2071 4 26 6
2  45.0 45.0 0.00
252 -34.7307 -68.1222 10 21 6
2  45.0 45.0 0.00
253 -17.1933 -47.7381 5 27 8
2  45.0 45.0 0.00
254 -1.5332 -67.3314 8 18 9
2  45.0 45.0 0.00
255 -20.5123 -141.3659 7 15 7
2  45.0 45.0 0.00
256 -46.9906 -119.2390 10 18 7
2  45.0 45.0 0.00
257 25.0247 13.6904 4 18 6
2  45.0 45.0 0.00
258 51.2908 -102.7944 8 23 6
2  45.0 45.0 0.00
259 -25.2094 -4.3779 4 17 5
2  45.0 45.0 0.00
260 -18.9340 -108.6612 7 17 5
2  45.0 45.0 0.00
261 24.2633 133.6097 8 28 8
2  45.0 45.0 0.00
262 50.2842 -98.8204 1 18 6
2  45.0 45.0 0.00
263 -52.6214 -160.9848 9 15 9
2  45.0 45.0 0.00
264 31.7756 -132.4402 8 22 9
2  45.0 45.0 0.00
265 -24.2659 87.5701 8 15 7
2  45.0 45.0 0.00
266 33.7767 170.0122 4 29 9
2  45.0 45.0 0.00
267 38.0041 -175.3968 7 15 8
2  45.0 45.0 0.00
268 38.6840 47.0261 7 21 6
2  45.0 45.0 0.00
269 27.3879 172.8298 9 17 6
2  45.0 45.0 0.00
270 -30.8083 -12.6490 4 17 6
2  45.0 45.0 0.00
271 -32.9377 67.3124 9 18 7
2  45.0 45.0 0.00
272 51.4788 132.0925 5 20 6
2  45.0 45.0 0.00
273 -52.7750 -81.0390 3 19 8
2  45.0 45.0 0.00
274 52.0232 177.2767 1 19 6
2  45.0 45.0 0.00
275 -35.0710 60.7352 9 18 5
2  45.0 45.0 0.00
276 -22.1547 15.5989 10 24 5
2  45.0 45.0 0.00
277 -15.4988 113.1847 2 23 5
2  45.0 45.0 0.00
278 -34.8156 103.3764 5 23 6
2  45.0 45.0 0.00
279 52.7901 -90.4820 7 16 5
2  45.0 45.0 0.00
280 -1.7506 54.3895 9 22 6
2  45.0 45.0 0.00
281 -30.0065 -123.3451 4 27 7
2  45.0 45.0 0.00
282 2.1792 -20.1710 7 16 7
2  45.0 45.0 0.00
283 -6.1142 -101.2385 2 17 6
2  45.0 45.0 0.00
284 -33.1016 71.9297 9 18 6
2  45.0 45.0 0.00
285 -31.4154 -34.1753 9 15 8
2  45.0 45.0 0.00
286 44.5710 31.9056 9 17 6
2  45.0 45.0 0.00
287 14.8306 -165.6791 5 19 9
2  45.0 45.0 0.00
288 -32.1806 171.4831 10 16 7
2  45.0 45.0 0.00
289 24.1236 60.1172 10 16 5
2  45.0 45.0 0.00
290 29.5992 -158.8909 3 28 5
2  45.0 45.0 0.00
291 30.0701 -36.0897 7 19 7
2  45.0 45.0 0.00
292 33.0563 -136.2953 2 17 8
2  45.0 45.0 0.00
293 45.7847 -91.0628 8 27 5
2  45.0 45.0 0.00
294 -10.3309 144.6176 6 20 6
2  45.0 45.0 0.00
295 -30.5938 47.2579 7 27 6
2  45.0 45.0 0.00
296 3.8834 -63.1627 2 28 7
2  45.0 45.0 0.00
297 38.3555 76.5565 1 15 8
2  45.0 45.0 0.00
298 -27.5430 89.4380 7 27 8
2  45.0 45.0 0.00
299 -45.0492 103.0728 2 21 8
2  45.0 45.0 0.00
300 -2.0635 118.6264 1 15 8
2  45.0 45.0 0.00
301 40.0174 78.4249 9 24 7
2  45.0 45.0 0.00
302 -36.8447 24.3087 5 15 6
2  45.0 45.0 0.00
303 -1.3458 -106.5712 7 26 7
2  45.0 45.0 0.00
304 -29.7569 -97.9522 9 17 6
2  45.0 45.0 0.00
305 16.3345 -157.5803 3 24 5
2  45.0 45.0 0.00
306 -7.9431 -108.5950 6 17 6
2  45.0 45.0 0.00
307 21.9545 -83.4529 7 19 7
2  45.0 45.0 0.00
308 -37.7363 -151.7354 3 22 6
2  45.0 45.0 0.00
309 18.2994 74.0534 6 22 5
2  45.0 45.0 0.00
310 39.3301 -174.6462 7 28 9
2  45.0 45.0 0.00
311 -26.2220 50.2842 9 25 6
2  45.0 45.0 0.00
312 33.4160 -148.6030 2 23 9
2  45.0 45.0 0.00
313 48.1304 -30.1256 10 27 8
2  45.0 45.0 0.00
314 -29.7735 141.1236 9 17 6
2  45.0 45.0 0.00
315 -38.0792 77.2791 8 29 8
2  45.0 45.0 0.00
316 47.5299 26.8561 7 22 7
2  45.0 45.0 0.00
317 -9.5195 -68.6438 8 20 7
2  45.0 45.0 0.00
318 -45.8514 13.3115 4 29 7
2  45.0 45.0 0.00
319 -46.9810 12.8733 4 24 6
2  45.0 45.0 0.00
320 -25.8302 136.7653 6 26 6
2  45.0 45.0 0.00
321 50.7771 120.6398 5 23 5
2  45.0 45.0 0.00
322 4.0236 62.5672 7 29 8
2  45.0 45.0 0.00
323 -27.4916 23.1460 3 16 5
2  45.0 45.0 0.00
324 15.3422 -154.8391 6 21 6
2  45.0 45.0 0.00
325 19.3070 148.5433 9 26 9
2  45.0 45.0 0.00
326 11.1303 -140.2475 7 26 5
2  45.0 45.0 0.00
327 -45.7399 105.6069 4 19 9
2  45.0 45.0 0.00
328 7.9588 90.0044 8 19 8
2  45.0 45.0 0.00
329 -11.2739 30.3549 9 18 5
2  45.0 45.0 0.00
330 -0.7962 -28.3446 2 21 8
2  45.0 45.0 0.00
331 -33.2387 -14.8890 10 22 6
2  45.0 45.0 0.00
332 -45.9606 -153.2797 8 24 6
2  45.0 45.0 0.00
333 -7.6813 155.9754 1 26 6
2  45.0 45.0 0.00
334 -5.5870 -88.6450 2 16 7
2  45.0 45.0 0.00
335 41.8409 106.5609 1 25 7
2  45.0 45.0 0.00
336 -42.6308 59.5911 5 23 8
2  45.0 45.0 0.00
337 -33.5238 68.1631 2 16 6
2  45.0 45.0 0.00
338 11.6441 -62.7039 2 28 6
2  45.0 45.0 0.00
339 0.0912 -136.2687 7 28 8
2  45.0 45.0 0.00
340 -4.2000 114.3636 5 27 5
2  45.0 45.0 0.00
341 -27.6951 -75.2343 8 29 8
2  45.0 45.0 0.00
342 -11.6150 97.3021 1 15 9
2  45.0 45.0 0.00
343 -10.5069 2.8072 7 27 6
2  45.0 45.0 0.00
344 25.2485 118.6788 9 22 6
2  45.0 45.0 0.00
345 -40.1242 -62.0145 6 28 8
2  45.0 45.0 0.00
346 28.9645 150.9090 6 15 5
2  45.0 45.0 0.00
347 -23.3046 110.4449 10 22 5
2  45.0 45.0 0.00
348 41.6285 73.6568 10 22 5
2  45.0 45.0 0.00
349 35.9941 -65.7868 8 29 7
2  45.0 45.0 0.00
350 52.2646 -84.4496 3 24 8
2  45.0 45.0 0.00
351 13.8557 -75.8704 7 24 7
2  45.0 45.0 0.00
352 43.5647 -42.0698 6 18 5
2  45.0 45.0 0.00
353 -3.0493 89.3508 3 29 9
2  45.0 45.0 0.00
354 9.9732 172.7693 4 26 6
2  45.0 45.0 0.00
355 -49.4394 -54.1228 10 20 7
2  45.0 45.0 0.00
356 32.2464 -53.2899 8 20 7
2  45.0 45.0 0.00
357 0.8302 -87.6640 6 18 6
2  45.0 45.0 0.00
358 52.0350 -115.6037 4 15 7
2  45.0 45.0 0.00
359 1.0157 -8.7135 1 20 9
2  45.0 45.0 0.00
360 -43.3148 -57.4402 3 29 5
2  45.0 45.0 0.00
361 -51.6063 -10.4992 7 20 8
2  45.0 45.0 0.00
362 -23.2082 160.5463 7 17 8
2  45.0 45.0 0.00
363 6.2556 -167.9093 8 26 7
2  45.0 45.0 0.00
364 -30.2371 3.4153 8 24 8
2  45.0 45.0 0.00
365 -8.9879 160.0216 4 19 6
2  45.0 45.0 0.00
366 6.1263 173.0800 5 21 5
2  45.0 45.0 0.00
367 -3.8407 -53.0627 7 17 8
2  45.0 45.0 0.00
368 -49.0784 130.9137 6 21 8
2  45.0 45.0 0.00
369 -48.2369 -174.7101 1 18 8
2  45.0 45.0 0.00
370 -2.5443 80.4215 5 26 5
2  45.0 45.0 0.00
371 8.6796 74.2874 1 20 8
2  45.0 45.0 0.00
372 -45.7238 -126.6494 3 17 6
2  45.0 45.0 0.00
373 -21.1706 2.8768 1 29 5
2  45.0 45.0 0.00
374 -31.1204 129.0415 4 29 5
2  45.0 45.0 0.00
375 -15.7839 -156.9667 8 29 7
2  45.0 45.0 0.00
376 -10.5455 70.2230 4 24 8
2  45.0 45.0 0.00
377 35.4466 -106.7008 1 19 5
2  45.0 45.0 0.00
378 27.2858 175.1324 1 20 7
2  45.0 45.0 0.00
379 41.2128 74.6693 5 16 7
2  45.0 45.0 0.00
380 3.9160 -173.3860 8 16 6
2  45.0 45.0 0.00
381 12.4602 94.3022 3 25 6
2  45.0 45.0 0.00
382 1.8976 93.4399 8 26 7
2  45.0 45.0 0.00
383 -13.4006 4.3842 9 20 6
2  45.0 45.0 0.00
384 -42.7532 -106.7960 3 28 5
2  45.0 45.0 0.00
385 -29.6872 -12.7004 6 21 8
2  45.0 45.0 0.00
386 15.2301 155.1924 9 20 9
2  45.0 45.0 0.00
387 -12.4930 41.9255 9 19 7
2  45.0 45.0 0.00
388 -45.3201 4.2800 4 28 6
2  45.0 45.0 0.00
389 52.7730 -111.0593 6 29 8
2  45.0 45.0 0.00
390 -13.0781 -67.1243 1 27 6
2  45.0 45.0 0.00
391 -17.6385 -140.8352 7 29 9
2  45.0 45.0 0.00
392 -36.8003 -64.3561 1 15 7
2  45.0 45.0 0.00
393 9.2020 -35.1325 1 29 8
2  45.0 45.0 0.00
394 27.2547 -93.1580 5 28 9
2  45.0 45.0 0.00
395 8.9866 -73.0704 2 23 8
2  45.0 45.0 0.00
396 -49.9864 1.5586 6 26 7
2  45.0 45.0 0.00
397 -18.0055 -141.7609 5 15 5
2  45.0 45.0 0.00
398 -24.0248 63.1589 5 22 7
2  45.0 45.0 0.00
399 26.6291 -11.5208 3 20 6
2  45.0 45.0 0.00
