s1
0
 2013 04 20 10 45 21.503     2013 04 20 10 48  2.242     160.7
 2013 04 20 20 43  6.619     2013 04 20 20 43 31.014      24.4
1
 2013 04 20 12 18 31.730     2013 04 20 12 21 31.306     179.6
 2013 04 20 22 17 45.895     2013 04 20 22 20 17.121     151.2
2
 2013 04 20 00 20 30.894     2013 04 20 00 24  3.067     212.2
 2013 04 20 12 12 55.548     2013 04 20 12 16 29.952     214.4
3
 2013 04 20 10 44 24.890     2013 04 20 10 47 49.940     205.0
 2013 04 20 20 42 41.785     2013 04 20 20 45 20.618     158.8
4
5
 2013 04 20 15 37 30.401     2013 04 20 15 40 14.230     163.8
 2013 04 20 20 32 20.630     2013 04 20 20 35 48.781     208.2
6
 2013 04 20 20 45 58.180     2013 04 20 20 48 45.556     167.4
7
 2013 04 20 09 04 10.639     2013 04 20 09 06 55.759     165.1
 2013 04 20 20 49 13.777     2013 04 20 20 52 37.318     203.5
8
 2013 04 20 22 16 55.496     2013 04 20 22 19 37.346     161.8
9
 2013 04 20 12 25 22.427     2013 04 20 12 25 31.034       8.6
10
 2013 04 20 20 42  3.379     2013 04 20 20 45 30.693     207.3
11
 2013 04 20 10 48 12.440     2013 04 20 10 51 17.534     185.1
 2013 04 20 19 03 41.423     2013 04 20 19 06 38.029     176.6
12
 2013 04 20 12 17 47.165     2013 04 20 12 20 26.280     159.1
 2013 04 20 22 19  3.305     2013 04 20 22 21 41.657     158.4
13
 2013 04 20 22 20 40.047     2013 04 20 22 23 10.930     150.9
14
 2013 04 20 10 45  4.428     2013 04 20 10 48  8.383     184.0
 2013 04 20 20 42 29.063     2013 04 20 20 45 40.359     191.3
15
 2013 04 20 10 45 12.655     2013 04 20 10 46 37.667      85.0
16
 2013 04 20 13 55 37.419     2013 04 20 13 56 39.489      62.1
 2013 04 20 22 17 18.604     2013 04 20 22 18 21.508      62.9
17
 2013 04 20 10 47 36.833     2013 04 20 10 50 15.623     158.8
 2013 04 20 19 07  3.414     2013 04 20 19 07 46.887      43.5
18
 2013 04 20 10 40 39.333     2013 04 20 10 43 13.007     153.7
19
 2013 04 20 00 20 32.060     2013 04 20 00 23 12.329     160.3
20
 2013 04 20 00 18 13.481     2013 04 20 00 19  5.623      52.1
21
 2013 04 20 13 57 11.984     2013 04 20 13 59 50.682     158.7
 2013 04 20 22 13  7.124     2013 04 20 22 16  8.036     180.9
22
 2013 04 20 19 02 49.298     2013 04 20 19 05 23.528     154.2
23
 2013 04 20 20 47 38.342     2013 04 20 20 50 33.184     174.8
24
25
 2013 04 20 10 53  7.045     2013 04 20 10 53 43.519      36.5
 2013 04 20 19 02 25.018     2013 04 20 19 05 56.373     211.4
26
 2013 04 20 10 43 27.099     2013 04 20 10 46 12.211     165.1
 2013 04 20 20 44 42.451     2013 04 20 20 47 14.593     152.1
27
 2013 04 20 12 19 25.173     2013 04 20 12 23  4.879     219.7
28
 2013 04 20 13 55  5.754     2013 04 20 13 57 43.378     157.6
29
30
 2013 04 20 22 21 40.157     2013 04 20 22 22 10.753      30.6
31
 2013 04 20 13 58 39.775     2013 04 20 14 01 20.512     160.7
 2013 04 20 22 12 49.899     2013 04 20 22 15 47.102     177.2
32
 2013 04 20 19 02 10.417     2013 04 20 19 02 25.612      15.2
33
 2013 04 20 10 37 20.097     2013 04 20 10 40 54.857     214.8
 2013 04 20 22 23 57.361     2013 04 20 22 26 27.305     149.9
34
 2013 04 20 12 23 18.464     2013 04 20 12 25 53.376     154.9
 2013 04 20 20 39  1.564     2013 04 20 20 41 35.878     154.3
35
36
 2013 04 20 20 36 49.332     2013 04 20 20 40 10.210     200.9
37
 2013 04 20 14 00   .246     2013 04 20 14 03  7.414     187.2
 2013 04 20 20 35 27.702     2013 04 20 20 35 57.823      30.1
38
39
 2013 04 20 13 58 52.452     2013 04 20 13 59 16.113      23.7
40
 2013 04 20 13 58 48.738     2013 04 20 14 01 31.571     162.8
 2013 04 20 22 12 39.380     2013 04 20 22 15 47.466     188.1
41
 2013 04 20 12 22 59.672     2013 04 20 12 23 48.888      49.2
 2013 04 20 20 40 16.451     2013 04 20 20 43   .353     163.9
42
 2013 04 20 13 56 23.364     2013 04 20 13 59 14.910     171.5
 2013 04 20 22 16 22.986     2013 04 20 22 16 31.017       8.0
43
 2013 04 20 20 47 12.144     2013 04 20 20 50 48.896     216.8
44
 2013 04 20 13 58  8.353     2013 04 20 14 00 45.764     157.4
 2013 04 20 22 13 38.292     2013 04 20 22 16 14.308     156.0
45
 2013 04 20 13 55  4.301     2013 04 20 13 57 38.755     154.5
46
 2013 04 20 15 38 29.705     2013 04 20 15 41 18.621     168.9
 2013 04 20 20 33 20.207     2013 04 20 20 35 56.356     156.1
47
 2013 04 20 13 56 19.192     2013 04 20 13 59 36.376     197.2
 2013 04 20 22 15 29.146     2013 04 20 22 16  3.546      34.4
48
 2013 04 20 12 14  6.960     2013 04 20 12 16 58.382     171.4
49
 2013 04 20 00 19 20.280     2013 04 20 00 19 48.068      27.8
50
 2013 04 20 19 02 35.749     2013 04 20 19 05 19.345     163.6
51
 2013 04 20 10 45 52.288     2013 04 20 10 49 23.881     211.6
52
 2013 04 20 22 15 23.922     2013 04 20 22 18 16.083     172.2
53
54
 2013 04 20 12 14  1.148     2013 04 20 12 17  3.764     182.6
55
 2013 04 20 10 44 53.514     2013 04 20 10 47 56.904     183.4
 2013 04 20 20 42 40.032     2013 04 20 20 45 39.288     179.3
56
 2013 04 20 12 18 42.419     2013 04 20 12 21 50.354     187.9
 2013 04 20 22 18 50.073     2013 04 20 22 21 56.831     186.8
57
 2013 04 20 20 47   .012     2013 04 20 20 50  3.077     183.1
58
 2013 04 20 12 27 14.686     2013 04 20 12 30  2.499     167.8
 2013 04 20 19 01 29.846     2013 04 20 19 04  7.822     158.0
59
 2013 04 20 12 26 35.849     2013 04 20 12 29 24.564     168.7
 2013 04 20 19 01 24.479     2013 04 20 19 04  5.703     161.2
60
 2013 04 20 12 24 15.788     2013 04 20 12 24 45.544      29.8
61
 2013 04 20 12 20 56.140     2013 04 20 12 23 51.924     175.8
62
 2013 04 20 12 25 41.370     2013 04 20 12 28 16.888     155.5
 2013 04 20 19 00  9.174     2013 04 20 19 00 39.334      30.2
63
 2013 04 20 12 14 46.714     2013 04 20 12 17 34.413     167.7
64
 2013 04 20 13 57  9.151     2013 04 20 14 00  9.593     180.4
 2013 04 20 22 14 13.179     2013 04 20 22 16 55.790     162.6
65
66
 2013 04 20 10 48  1.244     2013 04 20 10 51 37.078     215.8
 2013 04 20 19 03 18.571     2013 04 20 19 06 15.016     176.4
67
 2013 04 20 10 37 42.114     2013 04 20 10 40 23.688     161.6
 2013 04 20 22 24 38.986     2013 04 20 22 27 14.104     155.1
68
 2013 04 20 12 24 29.618     2013 04 20 12 24 31.433       1.8
69
 2013 04 20 10 41 27.070     2013 04 20 10 45  7.524     220.5
 2013 04 20 20 45 31.276     2013 04 20 20 49  6.988     215.7
70
 2013 04 20 12 22 37.585     2013 04 20 12 26  3.190     205.6
 2013 04 20 20 40  6.463     2013 04 20 20 42 41.717     155.3
71
72
 2013 04 20 22 22 51.223     2013 04 20 22 25 45.350     174.1
73
 2013 04 20 12 27  9.490     2013 04 20 12 30 14.808     185.3
 2013 04 20 19 00 12.455     2013 04 20 19 02 59.694     167.2
74
 2013 04 20 10 47 41.504     2013 04 20 10 50 16.150     154.6
 2013 04 20 19 04 12.651     2013 04 20 19 04 56.429      43.8
75
 2013 04 20 12 26 24.457     2013 04 20 12 29  9.461     165.0
 2013 04 20 19 00 26.413     2013 04 20 19 03 12.500     166.1
76
 2013 04 20 13 55 27.268     2013 04 20 13 58 11.112     163.8
77
 2013 04 20 20 48 17.542     2013 04 20 20 51 14.902     177.4
78
 2013 04 20 10 44 33.931     2013 04 20 10 45 29.881      56.0
79
 2013 04 20 12 16 38.151     2013 04 20 12 19 17.908     159.8
 2013 04 20 22 21 56.718     2013 04 20 22 22 48.435      51.7
80
 2013 04 20 12 18 24.975     2013 04 20 12 21 57.707     212.7
 2013 04 20 22 17 18.187     2013 04 20 22 19 49.564     151.4
81
 2013 04 20 20 37  9.533     2013 04 20 20 40 41.077     211.5
82
 2013 04 20 10 49 12.720     2013 04 20 10 52 18.112     185.4
 2013 04 20 19 03 39.849     2013 04 20 19 06 17.846     158.0
83
84
 2013 04 20 00 22 49.320     2013 04 20 00 23 51.480      62.2
85
 2013 04 20 12 24 29.791     2013 04 20 12 27 16.417     166.6
 2013 04 20 20 38 46.196     2013 04 20 20 42 21.956     215.8
86
 2013 04 20 20 41 32.212     2013 04 20 20 44 21.309     169.1
87
 2013 04 20 22 20 46.261     2013 04 20 22 22  3.035      76.8
88
 2013 04 20 10 48 58.849     2013 04 20 10 51 33.748     154.9
 2013 04 20 19 04 34.917     2013 04 20 19 07  7.661     152.7
89
 2013 04 20 20 42 12.170     2013 04 20 20 45  1.825     169.7
90
 2013 04 20 13 55 28.536     2013 04 20 13 58 52.461     203.9
91
92
93
94
 2013 04 20 13 54 38.808     2013 04 20 13 57 15.978     157.2
95
 2013 04 20 12 13 46.421     2013 04 20 12 16 59.499     193.1
96
 2013 04 20 00 21 59.260     2013 04 20 00 23  9.572      70.3
97
 2013 04 20 12 19 23.248     2013 04 20 12 22  2.234     159.0
 2013 04 20 22 18  2.363     2013 04 20 22 21 23.460     201.1
98
 2013 04 20 13 58 39.101     2013 04 20 14 01 25.923     166.8
 2013 04 20 22 13 30.528     2013 04 20 22 16 40.483     190.0
99
 2013 04 20 00 16 49.479     2013 04 20 00 20 16.669     207.2
 2013 04 20 13 52 37.407     2013 04 20 13 54 18.474     101.1
