0 26.7261 122.8654 8 16 7
2  45.0 45.0 0.00
1 25.4458 93.1107 3 19 6
2  45.0 45.0 0.00
2 8.9080 82.2811 6 25 9
2  45.0 45.0 0.00
3 27.9661 117.0874 6 15 7
2  45.0 45.0 0.00
4 40.0750 118.5427 8 29 8
2  45.0 45.0 0.00
5 50.9822 79.2042 5 29 5
2  45.0 45.0 0.00
6 17.5385 124.2215 5 25 7
2  45.0 45.0 0.00
7 6.7635 131.8316 7 29 7
2  45.0 45.0 0.00
8 26.8143 90.0566 4 27 9
2  45.0 45.0 0.00
9 38.0102 97.7742 1 29 7
2  45.0 45.0 0.00
10 25.4001 111.8984 5 29 8
2  45.0 45.0 0.00
11 38.7738 126.3654 1 19 5
2  45.0 45.0 0.00
12 20.2757 94.6130 4 17 8
2  45.0 45.0 0.00
13 16.2234 98.9641 3 19 6
2  45.0 45.0 0.00
14 28.9397 118.9792 5 23 5
2  45.0 45.0 0.00
15 25.8612 126.9379 3 15 8
2  45.0 45.0 0.00
16 30.3370 82.8328 8 21 8
2  45.0 45.0 0.00
17 35.1231 126.0141 1 29 6
2  45.0 45.0 0.00
18 12.2924 112.3438 9 27 6
2  45.0 45.0 0.00
19 8.8035 79.3905 1 16 8
2  45.0 45.0 0.00
20 16.3734 79.3422 9 25 5
2  45.0 45.0 0.00
21 37.0841 79.8710 10 27 7
2  45.0 45.0 0.00
22 43.8255 125.7404 6 24 7
2  45.0 45.0 0.00
23 12.0816 127.6382 8 23 8
2  45.0 45.0 0.00
24 22.0450 102.7378 7 28 6
2  45.0 45.0 0.00
25 46.1533 129.6373 3 19 5
2  45.0 45.0 0.00
26 20.5358 119.3579 2 20 9
2  45.0 45.0 0.00
27 25.0518 101.7843 5 20 8
2  45.0 45.0 0.00
28 29.3973 76.4078 4 20 9
2  45.0 45.0 0.00
29 18.3420 132.8563 1 21 7
2  45.0 45.0 0.00
30 13.2716 106.1092 9 21 5
2  45.0 45.0 0.00
31 41.5919 83.8867 5 19 9
2  45.0 45.0 0.00
32 39.8863 120.9161 2 25 7
2  45.0 45.0 0.00
33 5.1940 104.3535 3 27 9
2  45.0 45.0 0.00
34 38.0947 106.1539 4 28 6
2  45.0 45.0 0.00
35 19.2052 80.1288 2 16 6
2  45.0 45.0 0.00
36 46.2730 104.7560 10 27 6
2  45.0 45.0 0.00
37 42.9447 92.8556 10 20 7
2  45.0 45.0 0.00
38 15.9796 82.7771 7 22 7
2  45.0 45.0 0.00
39 39.4672 92.7530 7 28 7
2  45.0 45.0 0.00
40 42.2140 84.1979 1 22 5
2  45.0 45.0 0.00
41 35.6434 111.9160 2 16 9
2  45.0 45.0 0.00
42 35.6512 77.0124 2 15 9
2  45.0 45.0 0.00
43 13.4230 129.0743 3 22 7
2  45.0 45.0 0.00
44 38.6476 84.1154 5 21 6
2  45.0 45.0 0.00
45 29.9472 75.2782 1 20 8
2  45.0 45.0 0.00
46 52.7444 84.6279 4 22 6
2  45.0 45.0 0.00
47 36.9414 76.0777 2 26 5
2  45.0 45.0 0.00
48 10.5148 85.3853 3 21 6
2  45.0 45.0 0.00
49 12.6359 81.5200 1 24 6
2  45.0 45.0 0.00
50 42.7386 123.2977 5 20 5
2  45.0 45.0 0.00
51 32.9512 120.0511 4 18 5
2  45.0 45.0 0.00
52 33.7448 90.2977 7 21 7
2  45.0 45.0 0.00
53 25.9613 105.3670 2 26 8
2  45.0 45.0 0.00
54 10.8583 84.8488 6 21 6
2  45.0 45.0 0.00
55 28.3266 118.6136 3 16 5
2  45.0 45.0 0.00
56 22.8471 98.5396 9 15 6
2  45.0 45.0 0.00
57 10.8297 122.0519 6 20 9
2  45.0 45.0 0.00
58 47.7321 121.6547 6 25 7
2  45.0 45.0 0.00
59 46.1000 119.1646 7 28 5
2  45.0 45.0 0.00
60 35.6634 96.3551 6 28 8
2  45.0 45.0 0.00
61 32.8646 98.4038 3 16 9
2  45.0 45.0 0.00
62 44.9399 113.5448 9 15 5
2  45.0 45.0 0.00
63 12.4618 86.6690 3 17 9
2  45.0 45.0 0.00
64 35.0847 83.5319 10 26 5
2  45.0 45.0 0.00
65 20.3126 104.3178 7 29 8
2  45.0 45.0 0.00
66 39.8561 125.1961 5 29 8
2  45.0 45.0 0.00
67 3.3845 106.5235 3 19 5
2  45.0 45.0 0.00
68 39.6598 117.3896 10 22 5
2  45.0 45.0 0.00
69 13.9448 118.7214 8 22 6
2  45.0 45.0 0.00
70 34.7092 108.9188 5 29 6
2  45.0 45.0 0.00
71 26.8868 108.4012 10 25 5
2  45.0 45.0 0.00
72 6.7665 100.7697 10 21 7
2  45.0 45.0 0.00
73 51.4431 117.5010 1 21 9
2  45.0 45.0 0.00
74 34.5256 127.1740 3 17 9
2  45.0 45.0 0.00
75 48.0934 115.1061 3 24 7
2  45.0 45.0 0.00
76 32.2115 75.1229 5 25 6
2  45.0 45.0 0.00
77 9.9238 128.8974 8 25 8
2  45.0 45.0 0.00
78 23.8835 125.7566 8 18 5
2  45.0 45.0 0.00
79 16.5184 92.5236 10 29 5
2  45.0 45.0 0.00
80 26.8606 92.0650 8 22 5
2  45.0 45.0 0.00
81 39.5642 98.8029 9 29 9
2  45.0 45.0 0.00
82 41.7984 129.1693 1 18 8
2  45.0 45.0 0.00
83 4.9974 116.9103 4 17 8
2  45.0 45.0 0.00
84 4.8619 74.1376 10 26 6
2  45.0 45.0 0.00
85 40.5617 111.6354 8 16 5
2  45.0 45.0 0.00
86 31.8237 115.4086 10 23 8
2  45.0 45.0 0.00
87 16.3240 104.1018 10 25 7
2  45.0 45.0 0.00
88 38.4213 130.5896 1 26 8
2  45.0 45.0 0.00
89 27.0758 113.0937 10 24 8
2  45.0 45.0 0.00
90 29.9265 80.6908 9 19 5
2  45.0 45.0 0.00
91 25.9126 104.9749 8 19 6
2  45.0 45.0 0.00
92 7.3681 93.7475 1 28 5
2  45.0 45.0 0.00
93 6.4579 94.3975 5 22 8
2  45.0 45.0 0.00
94 29.0793 73.8020 1 26 8
2  45.0 45.0 0.00
95 6.8706 89.6639 3 17 6
2  45.0 45.0 0.00
96 7.1503 73.0098 4 20 5
2  45.0 45.0 0.00
97 25.4147 97.8096 5 21 5
2  45.0 45.0 0.00
98 39.6782 86.7561 6 22 6
2  45.0 45.0 0.00
99 21.1318 75.6643 10 25 5
2  45.0 45.0 0.00
