s1
0
 2013 04 20 10 46 47.038     2013 04 20 10 49  7.250     140.2
 2013 04 20 19 08 13.374     2013 04 20 19 09 20.178      66.8
1
 2013 04 20 10 43 30.585     2013 04 20 10 46 28.513     177.9
 2013 04 20 20 44 51.739     2013 04 20 20 47 22.862     151.1
2
 2013 04 20 10 38 26.378     2013 04 20 10 40 59.796     153.4
 2013 04 20 22 24 14.868     2013 04 20 22 27 34.289     199.4
3
 2013 04 20 09 05  1.340     2013 04 20 09 08  1.169     179.8
4
 2013 04 20 12 13 40.440     2013 04 20 12 16 29.019     168.6
5
 2013 04 20 20 40 13.216     2013 04 20 20 40 19.674       6.5
6
 2013 04 20 09 05 16.097     2013 04 20 09 08 27.521     191.4
7
 2013 04 20 12 23 36.531     2013 04 20 12 26 13.606     157.1
 2013 04 20 20 39 10.968     2013 04 20 20 41 45.401     154.4
8
 2013 04 20 12 28 11.831     2013 04 20 12 30 49.617     157.8
 2013 04 20 17 22 37.462     2013 04 20 17 26 17.688     220.2
 2013 04 20 19 00 25.161     2013 04 20 19 04  8.112     223.0
9
 2013 04 20 19 06 12.724     2013 04 20 19 06 56.826      44.1
10
 2013 04 20 00 18  1.432     2013 04 20 00 20 36.916     155.5
11
 2013 04 20 12 18  2.533     2013 04 20 12 18 39.768      37.2
 2013 04 20 22 19 27.369     2013 04 20 22 22 38.385     191.0
12
 2013 04 20 14 00 44.163     2013 04 20 14 01   .521      16.4
 2013 04 20 15 38 43.900     2013 04 20 15 42 16.037     212.1
 2013 04 20 20 34  7.894     2013 04 20 20 36 43.190     155.3
13
 2013 04 20 10 37 49.585     2013 04 20 10 40 52.048     182.5
 2013 04 20 22 24  8.726     2013 04 20 22 26 46.146     157.4
14
 2013 04 20 20 41 15.073     2013 04 20 20 43 48.172     153.1
15
 2013 04 20 12 16 53.131     2013 04 20 12 20 30.780     217.6
 2013 04 20 22 20  2.647     2013 04 20 22 22 41.050     158.4
16
 2013 04 20 13 57  2.330     2013 04 20 13 58  4.622      62.3
 2013 04 20 22 12  8.633     2013 04 20 22 14 55.148     166.5
17
 2013 04 20 22 22 32.390     2013 04 20 22 25 30.015     177.6
18
 2013 04 20 12 16 34.689     2013 04 20 12 20   .814     206.1
 2013 04 20 22 19 53.841     2013 04 20 22 22 55.377     181.5
19
 2013 04 20 13 58 17.268     2013 04 20 14 01 39.519     202.3
 2013 04 20 22 14  1.284     2013 04 20 22 17 13.107     191.8
20
 2013 04 20 14 01  6.241     2013 04 20 14 04 32.716     206.5
 2013 04 20 15 38 43.027     2013 04 20 15 39 35.071      52.0
 2013 04 20 20 34 27.441     2013 04 20 20 37  3.745     156.3
21
 2013 04 20 10 47 34.841     2013 04 20 10 50  9.738     154.9
 2013 04 20 19 07 28.827     2013 04 20 19 08  1.059      32.2
22
 2013 04 20 14 03 52.980     2013 04 20 14 07 22.909     209.9
 2013 04 20 18 59 26.604     2013 04 20 19 02  4.211     157.6
23
 2013 04 20 12 26 32.330     2013 04 20 12 29 15.318     163.0
 2013 04 20 19 00 32.552     2013 04 20 19 03 13.884     161.3
24
 2013 04 20 10 46  7.154     2013 04 20 10 49  4.678     177.5
25
 2013 04 20 10 40 23.637     2013 04 20 10 43 13.583     169.9
26
27
 2013 04 20 12 17 53.012     2013 04 20 12 21 37.416     224.4
 2013 04 20 22 17 16.299     2013 04 20 22 19 58.211     161.9
28
 2013 04 20 22 20 54.221     2013 04 20 22 23 46.223     172.0
29
 2013 04 20 10 47 56.576     2013 04 20 10 50 57.906     181.3
 2013 04 20 19 05 13.801     2013 04 20 19 08 11.128     177.3
30
 2013 04 20 12 26 30.298     2013 04 20 12 26 45.105      14.8
 2013 04 20 14 04 32.958     2013 04 20 14 07 57.383     204.4
 2013 04 20 18 59 38.479     2013 04 20 19 02 19.908     161.4
31
 2013 04 20 00 20 19.026     2013 04 20 00 23  7.038     168.0
32
 2013 04 20 00 24   .777     2013 04 20 00 24 25.197      24.4
33
 2013 04 20 13 55 34.131     2013 04 20 13 58 52.258     198.1
34
 2013 04 20 13 56 38.361     2013 04 20 13 59 55.960     197.6
 2013 04 20 22 14 21.613     2013 04 20 22 17 22.797     181.2
35
 2013 04 20 22 22 58.095     2013 04 20 22 26 15.898     197.8
36
 2013 04 20 12 16 10.796     2013 04 20 12 19 47.297     216.5
 2013 04 20 22 19 59.277     2013 04 20 22 23 18.526     199.2
37
 2013 04 20 10 43 16.873     2013 04 20 10 46  2.285     165.4
 2013 04 20 20 44 45.177     2013 04 20 20 47 20.860     155.7
38
39
40
 2013 04 20 13 56 10.856     2013 04 20 13 58 45.366     154.5
41
 2013 04 20 14 00 23.093     2013 04 20 14 03 28.548     185.5
 2013 04 20 20 35 46.138     2013 04 20 20 39  3.711     197.6
42
 2013 04 20 10 47 59.743     2013 04 20 10 51  3.559     183.8
 2013 04 20 19 05 17.599     2013 04 20 19 08  9.925     172.3
43
 2013 04 20 22 15  1.713     2013 04 20 22 17 42.282     160.6
44
 2013 04 20 14 00 10.451     2013 04 20 14 02 56.272     165.8
 2013 04 20 20 34 22.092     2013 04 20 20 37 59.635     217.5
45
 2013 04 20 10 48 10.181     2013 04 20 10 51 12.768     182.6
 2013 04 20 19 05 18.981     2013 04 20 19 08  2.812     163.8
46
 2013 04 20 12 27 17.414     2013 04 20 12 30 18.988     181.6
 2013 04 20 19 01 42.497     2013 04 20 19 04 25.138     162.6
47
 2013 04 20 12 14 50.399     2013 04 20 12 17 35.260     164.9
48
 2013 04 20 15 37 33.596     2013 04 20 15 40  9.890     156.3
 2013 04 20 20 32  4.402     2013 04 20 20 35 15.382     191.0
49
50
 2013 04 20 12 27 41.217     2013 04 20 12 30 32.483     171.3
 2013 04 20 17 21 58.351     2013 04 20 17 22 10.651      12.3
 2013 04 20 19 00 16.387     2013 04 20 19 03 28.534     192.1
51
52
 2013 04 20 12 25 36.133     2013 04 20 12 28 14.625     158.5
 2013 04 20 18 59 55.395     2013 04 20 19 00  3.569       8.2
53
 2013 04 20 19 02 15.122     2013 04 20 19 05 12.998     177.9
54
 2013 04 20 20 45  1.335     2013 04 20 20 48 22.677     201.3
55
 2013 04 20 13 59 33.618     2013 04 20 14 02 14.882     161.3
56
 2013 04 20 13 56 25.472     2013 04 20 13 59 18.391     172.9
 2013 04 20 22 16  5.741     2013 04 20 22 16 26.937      21.2
57
 2013 04 20 10 38 43.142     2013 04 20 10 41 46.967     183.8
 2013 04 20 22 23 16.165     2013 04 20 22 26 42.922     206.8
58
 2013 04 20 20 47 33.648     2013 04 20 20 50  8.695     155.0
59
 2013 04 20 10 41 33.938     2013 04 20 10 45 12.511     218.6
60
 2013 04 20 10 47  4.078     2013 04 20 10 49 53.090     169.0
61
 2013 04 20 12 13 44.304     2013 04 20 12 16 30.563     166.3
62
 2013 04 20 09 04 12.121     2013 04 20 09 06 57.986     165.9
 2013 04 20 20 49 11.236     2013 04 20 20 52 36.348     205.1
63
 2013 04 20 13 59 24.507     2013 04 20 14 02  7.986     163.5
64
 2013 04 20 10 41 16.893     2013 04 20 10 43 50.473     153.6
65
 2013 04 20 12 20 23.685     2013 04 20 12 24  2.631     218.9
66
 2013 04 20 12 13 54.336     2013 04 20 12 16 55.812     181.5
67
 2013 04 20 15 34 49.742     2013 04 20 15 36  9.226      79.5
 2013 04 20 22 11  1.743     2013 04 20 22 13 55.530     173.8
68
 2013 04 20 15 36 27.928     2013 04 20 15 39 22.313     174.4
 2013 04 20 22 10 28.002     2013 04 20 22 13 20.893     172.9
69
 2013 04 20 12 14 19.363     2013 04 20 12 17 20.821     181.5
70
 2013 04 20 22 23  5.460     2013 04 20 22 25 55.994     170.5
71
 2013 04 20 12 28 44.053     2013 04 20 12 32  2.963     198.9
 2013 04 20 17 24 12.916     2013 04 20 17 27 26.830     193.9
72
 2013 04 20 10 47  1.971     2013 04 20 10 49 38.747     156.8
73
 2013 04 20 13 59 51.864     2013 04 20 14 03  4.338     192.5
 2013 04 20 20 33 54.984     2013 04 20 20 37 35.400     220.4
74
 2013 04 20 10 49 30.091     2013 04 20 10 52 19.058     169.0
 2013 04 20 19 03 49.944     2013 04 20 19 06 35.985     166.0
75
 2013 04 20 10 40 38.204     2013 04 20 10 43 11.995     153.8
76
 2013 04 20 12 17  3.555     2013 04 20 12 19 52.018     168.5
 2013 04 20 22 19 17.284     2013 04 20 22 22 24.124     186.8
77
 2013 04 20 13 57 35.559     2013 04 20 14 00 16.200     160.6
 2013 04 20 22 13 50.939     2013 04 20 22 16 26.614     155.7
78
 2013 04 20 12 25 49.666     2013 04 20 12 28 25.175     155.5
 2013 04 20 19 00 21.360     2013 04 20 19 04  1.530     220.2
79
 2013 04 20 22 23 11.985     2013 04 20 22 26 16.398     184.4
80
 2013 04 20 14 00 24.396     2013 04 20 14 04 10.386     226.0
 2013 04 20 15 38 10.455     2013 04 20 15 39 17.579      67.1
 2013 04 20 20 34  9.021     2013 04 20 20 36 48.988     160.0
81
 2013 04 20 09 03 36.093     2013 04 20 09 04  8.208      32.1
 2013 04 20 20 48 47.907     2013 04 20 20 51 37.459     169.6
82
 2013 04 20 22 20 36.469     2013 04 20 22 24  6.374     209.9
83
 2013 04 20 20 46 34.625     2013 04 20 20 49 51.783     197.2
84
 2013 04 20 22 14 32.809     2013 04 20 22 15 22.968      50.2
85
 2013 04 20 10 39 21.548     2013 04 20 10 41 20.242     118.7
86
 2013 04 20 13 58  1.064     2013 04 20 14 00 36.896     155.8
 2013 04 20 22 13 36.119     2013 04 20 22 16  9.376     153.3
87
 2013 04 20 00 21 27.975     2013 04 20 00 23 57.812     149.8
 2013 04 20 12 14 27.213     2013 04 20 12 15 23.293      56.1
88
 2013 04 20 20 37  7.404     2013 04 20 20 40 33.458     206.1
89
90
 2013 04 20 20 47 33.470     2013 04 20 20 50 19.673     166.2
91
 2013 04 20 15 37 13.726     2013 04 20 15 40 25.161     191.4
 2013 04 20 20 32 31.336     2013 04 20 20 33 27.492      56.2
 2013 04 20 22 10 12.762     2013 04 20 22 10 19.607       6.8
92
93
94
 2013 04 20 12 14 31.928     2013 04 20 12 17  5.174     153.2
95
96
 2013 04 20 14 04 14.451     2013 04 20 14 07 17.349     182.9
 2013 04 20 18 59 14.096     2013 04 20 19 01 48.786     154.7
97
 2013 04 20 12 26  1.928     2013 04 20 12 28 39.599     157.7
 2013 04 20 19 00 20.414     2013 04 20 19 03 37.844     197.4
98
 2013 04 20 14 02 22.738     2013 04 20 14 05 21.914     179.2
 2013 04 20 20 35 52.897     2013 04 20 20 39 16.015     203.1
99
 2013 04 20 12 26 22.743     2013 04 20 12 30 10.081     227.3
 2013 04 20 19 02 13.746     2013 04 20 19 04 49.341     155.6
100
 2013 04 20 13 55 37.300     2013 04 20 13 58 13.717     156.4
101
 2013 04 20 12 27 52.450     2013 04 20 12 29 24.551      92.1
 2013 04 20 19 01 50.863     2013 04 20 19 02 49.333      58.5
102
103
 2013 04 20 12 23 42.833     2013 04 20 12 26 39.077     176.2
 2013 04 20 20 38 16.567     2013 04 20 20 40 54.074     157.5
104
 2013 04 20 10 44 28.854     2013 04 20 10 47 12.315     163.5
 2013 04 20 20 44  2.963     2013 04 20 20 47   .175     177.2
105
 2013 04 20 12 23 15.207     2013 04 20 12 23 54.471      39.3
 2013 04 20 20 40  6.738     2013 04 20 20 43  7.001     180.3
106
 2013 04 20 13 54  6.029     2013 04 20 13 56 51.472     165.4
107
 2013 04 20 12 27 34.887     2013 04 20 12 30 15.592     160.7
 2013 04 20 19 01 15.122     2013 04 20 19 04  6.366     171.2
108
 2013 04 20 12 27 26.046     2013 04 20 12 30  1.804     155.8
 2013 04 20 19 00 58.101     2013 04 20 19 03 41.928     163.8
109
 2013 04 20 20 36 55.879     2013 04 20 20 39 47.182     171.3
110
 2013 04 20 22 20 29.451     2013 04 20 22 23 20.127     170.7
111
 2013 04 20 13 58 49.600     2013 04 20 14 01 25.148     155.5
 2013 04 20 22 13  6.451     2013 04 20 22 16 17.368     190.9
112
 2013 04 20 10 40 19.328     2013 04 20 10 43 45.636     206.3
113
 2013 04 20 12 16 59.966     2013 04 20 12 20   .123     180.2
 2013 04 20 22 20 25.566     2013 04 20 22 21 32.841      67.3
114
 2013 04 20 15 36 59.817     2013 04 20 15 39 37.612     157.8
 2013 04 20 22 09 50.566     2013 04 20 22 13 16.899     206.3
115
 2013 04 20 22 15 13.194     2013 04 20 22 18 35.780     202.6
116
 2013 04 20 12 15 53.610     2013 04 20 12 18 28.180     154.6
117
 2013 04 20 12 28 30.984     2013 04 20 12 31 12.773     161.8
 2013 04 20 17 22 56.147     2013 04 20 17 26  3.202     187.1
118
 2013 04 20 13 58 24.204     2013 04 20 14 02  6.438     222.2
 2013 04 20 22 13 57.885     2013 04 20 22 17 37.097     219.2
119
 2013 04 20 22 20   .854     2013 04 20 22 23  2.949     182.1
120
 2013 04 20 13 54 39.599     2013 04 20 13 57 14.900     155.3
121
122
 2013 04 20 12 18 56.281     2013 04 20 12 21 33.446     157.2
 2013 04 20 22 18  3.067     2013 04 20 22 20 42.525     159.5
123
 2013 04 20 12 26 34.509     2013 04 20 12 29 55.628     201.1
 2013 04 20 14 04  5.287     2013 04 20 14 04 14.952       9.7
 2013 04 20 19 00  3.284     2013 04 20 19 02 37.911     154.6
124
 2013 04 20 12 20 16.365     2013 04 20 12 23 24.184     187.8
125
 2013 04 20 12 22 53.520     2013 04 20 12 25 31.578     158.1
 2013 04 20 20 39 15.691     2013 04 20 20 42  1.669     166.0
126
 2013 04 20 20 47 40.857     2013 04 20 20 50 13.236     152.4
127
 2013 04 20 10 41 14.432     2013 04 20 10 44 59.717     225.3
 2013 04 20 20 48  4.894     2013 04 20 20 49 20.240      75.3
128
 2013 04 20 12 20  8.150     2013 04 20 12 21 14.984      66.8
 2013 04 20 22 17  7.136     2013 04 20 22 20 17.461     190.3
129
 2013 04 20 12 17 47.458     2013 04 20 12 21  6.780     199.3
 2013 04 20 22 19 35.241     2013 04 20 22 22  7.936     152.7
130
 2013 04 20 12 21 23.300     2013 04 20 12 24 16.477     173.2
131
132
 2013 04 20 13 56 38.863     2013 04 20 13 59 46.049     187.2
 2013 04 20 22 12 21.804     2013 04 20 22 15 55.875     214.1
133
 2013 04 20 10 46 38.183     2013 04 20 10 49 13.369     155.2
134
 2013 04 20 09 07 54.617     2013 04 20 09 08 48.468      53.9
135
 2013 04 20 22 21 31.082     2013 04 20 22 25  6.770     215.7
136
137
138
139
 2013 04 20 10 43 38.382     2013 04 20 10 46 37.973     179.6
 2013 04 20 20 44 48.535     2013 04 20 20 47 21.867     153.3
140
141
 2013 04 20 12 21 31.529     2013 04 20 12 24 43.346     191.8
142
 2013 04 20 10 45 24.668     2013 04 20 10 47 58.793     154.1
 2013 04 20 20 42 52.761     2013 04 20 20 44 34.808     102.0
143
 2013 04 20 13 57 25.388     2013 04 20 14 00 30.434     185.0
 2013 04 20 22 12 41.794     2013 04 20 22 15 23.423     161.6
144
 2013 04 20 00 18 56.007     2013 04 20 00 21 28.514     152.5
145
 2013 04 20 10 47 47.784     2013 04 20 10 50 25.122     157.3
 2013 04 20 19 03 59.913     2013 04 20 19 07 39.626     219.7
146
147
 2013 04 20 10 42 18.181     2013 04 20 10 45  6.999     168.8
148
 2013 04 20 20 45 59.656     2013 04 20 20 48 47.229     167.6
149
 2013 04 20 12 21 58.390     2013 04 20 12 24 40.414     162.0
 2013 04 20 20 41 49.011     2013 04 20 20 42 52.355      63.3
150
 2013 04 20 20 46 30.886     2013 04 20 20 49 18.260     167.4
151
152
 2013 04 20 19 02 16.128     2013 04 20 19 05 43.300     207.2
153
 2013 04 20 14 01 54.803     2013 04 20 14 04 30.518     155.7
 2013 04 20 20 35 27.416     2013 04 20 20 38 11.674     164.3
154
 2013 04 20 00 20 14.334     2013 04 20 00 23 39.382     205.0
155
156
 2013 04 20 12 14 35.287     2013 04 20 12 17 25.778     170.5
157
 2013 04 20 12 22  6.612     2013 04 20 12 23 10.035      63.4
 2013 04 20 22 16 24.601     2013 04 20 22 19 26.687     182.1
158
 2013 04 20 12 16 23.338     2013 04 20 12 17 45.976      82.6
159
160
 2013 04 20 00 19  4.185     2013 04 20 00 22 32.860     208.7
161
162
 2013 04 20 14 01  1.397     2013 04 20 14 04 21.112     199.7
 2013 04 20 20 36 23.213     2013 04 20 20 38 59.275     156.1
163
164
 2013 04 20 12 21 49.947     2013 04 20 12 25  4.807     194.9
 2013 04 20 20 39 41.074     2013 04 20 20 43 11.659     210.6
165
 2013 04 20 12 25 19.254     2013 04 20 12 28 25.101     185.8
 2013 04 20 18 59 24.159     2013 04 20 18 59 47.099      22.9
166
 2013 04 20 10 41 10.136     2013 04 20 10 43 54.719     164.6
167
168
 2013 04 20 12 19 49.712     2013 04 20 12 20 49.004      59.3
 2013 04 20 22 16 59.193     2013 04 20 22 17 21.049      21.9
169
 2013 04 20 13 59 59.004     2013 04 20 14 03 35.255     216.3
 2013 04 20 20 35 58.471     2013 04 20 20 39 32.779     214.3
170
 2013 04 20 10 42 52.026     2013 04 20 10 45 29.495     157.5
 2013 04 20 20 44 31.543     2013 04 20 20 47 34.758     183.2
171
 2013 04 20 10 48 28.817     2013 04 20 10 51 15.604     166.8
 2013 04 20 19 05  3.820     2013 04 20 19 07 42.483     158.7
172
 2013 04 20 10 47 30.629     2013 04 20 10 50 35.722     185.1
 2013 04 20 19 05  6.500     2013 04 20 19 08 33.823     207.3
173
 2013 04 20 10 40 18.988     2013 04 20 10 43  8.692     169.7
174
 2013 04 20 22 22 48.929     2013 04 20 22 25 47.150     178.2
175
176
 2013 04 20 22 16 20.848     2013 04 20 22 19  5.396     164.5
177
 2013 04 20 10 43 24.302     2013 04 20 10 43 28.005       3.7
 2013 04 20 20 42 42.826     2013 04 20 20 45 24.177     161.4
178
 2013 04 20 00 23 14.559     2013 04 20 00 23 37.736      23.2
179
 2013 04 20 12 19 36.331     2013 04 20 12 20 38.322      62.0
180
 2013 04 20 00 20 36.627     2013 04 20 00 23 11.251     154.6
181
 2013 04 20 13 59 37.444     2013 04 20 14 02 39.825     182.4
182
 2013 04 20 00 20 47.399     2013 04 20 00 23 28.126     160.7
183
 2013 04 20 10 42 31.355     2013 04 20 10 45 21.882     170.5
 2013 04 20 20 46 19.203     2013 04 20 20 47 16.885      57.7
184
 2013 04 20 12 19  6.648     2013 04 20 12 21 43.152     156.5
 2013 04 20 22 17 56.776     2013 04 20 22 20 43.915     167.1
185
 2013 04 20 20 47 50.409     2013 04 20 20 51 25.085     214.7
186
 2013 04 20 14 00 21.540     2013 04 20 14 03  9.549     168.0
 2013 04 20 20 35 22.222     2013 04 20 20 38 51.793     209.6
187
188
189
 2013 04 20 14 04 15.006     2013 04 20 14 07 30.504     195.5
 2013 04 20 18 59 25.936     2013 04 20 19 02   .725     154.8
190
 2013 04 20 12 24 53.774     2013 04 20 12 28  8.445     194.7
191
 2013 04 20 10 51 19.910     2013 04 20 10 51 34.458      14.5
 2013 04 20 19 02 47.885     2013 04 20 19 06 12.528     204.6
192
193
 2013 04 20 12 24  4.257     2013 04 20 12 26 41.444     157.2
 2013 04 20 20 38 56.664     2013 04 20 20 41 49.953     173.3
194
 2013 04 20 19 02 32.983     2013 04 20 19 05 13.418     160.4
195
 2013 04 20 12 16 49.855     2013 04 20 12 19 24.526     154.7
 2013 04 20 22 21 12.439     2013 04 20 22 22 30.834      78.4
196
197
 2013 04 20 20 47 37.272     2013 04 20 20 50 32.922     175.6
198
 2013 04 20 20 41 34.335     2013 04 20 20 44 19.659     165.3
199
 2013 04 20 12 16  5.240     2013 04 20 12 18 41.283     156.0
200
 2013 04 20 00 16 27.891     2013 04 20 00 16 47.303      19.4
 2013 04 20 13 52 55.519     2013 04 20 13 53 48.711      53.2
201
 2013 04 20 14 02 59.512     2013 04 20 14 06 48.859     229.3
 2013 04 20 18 58 54.915     2013 04 20 19 02 17.791     202.9
202
 2013 04 20 12 18 21.254     2013 04 20 12 21  2.369     161.1
 2013 04 20 22 18 12.978     2013 04 20 22 20 45.133     152.2
203
 2013 04 20 22 11 29.803     2013 04 20 22 14  4.670     154.9
204
 2013 04 20 13 59 46.287     2013 04 20 14 03 16.856     210.6
 2013 04 20 20 33 46.844     2013 04 20 20 37 18.992     212.1
205
 2013 04 20 20 48 41.444     2013 04 20 20 51 11.748     150.3
206
 2013 04 20 12 27 55.312     2013 04 20 12 30 45.896     170.6
 2013 04 20 17 22 15.317     2013 04 20 17 25 55.195     219.9
 2013 04 20 19 00  9.380     2013 04 20 19 03 40.770     211.4
207
 2013 04 20 10 41 50.200     2013 04 20 10 41 56.426       6.2
208
 2013 04 20 13 55 27.262     2013 04 20 13 58 30.924     183.7
209
 2013 04 20 00 18 51.201     2013 04 20 00 21 53.350     182.1
210
 2013 04 20 10 40 22.007     2013 04 20 10 43  5.763     163.8
211
 2013 04 20 22 21 18.816     2013 04 20 22 24 23.124     184.3
212
 2013 04 20 09 03  1.322     2013 04 20 09 06  5.124     183.8
 2013 04 20 20 49 52.976     2013 04 20 20 52 23.412     150.4
213
 2013 04 20 13 56 42.323     2013 04 20 13 56 59.123      16.8
 2013 04 20 22 15  1.934     2013 04 20 22 17 35.775     153.8
214
 2013 04 20 10 40 43.260     2013 04 20 10 43 42.460     179.2
215
 2013 04 20 12 25 37.024     2013 04 20 12 25 49.078      12.1
 2013 04 20 19 02  7.621     2013 04 20 19 05 13.006     185.4
216
217
 2013 04 20 20 44 57.667     2013 04 20 20 46 59.562     121.9
218
 2013 04 20 12 28 23.768     2013 04 20 12 31 16.906     173.1
 2013 04 20 17 23 23.684     2013 04 20 17 27  8.455     224.8
 2013 04 20 19 01  1.515     2013 04 20 19 01 14.079      12.6
219
 2013 04 20 13 56 23.820     2013 04 20 13 59  9.537     165.7
 2013 04 20 22 13 33.024     2013 04 20 22 13 32.396       -.6
220
221
 2013 04 20 12 20  5.110     2013 04 20 12 23 18.966     193.9
222
223
 2013 04 20 10 48 12.653     2013 04 20 10 51  7.499     174.8
 2013 04 20 19 05 11.084     2013 04 20 19 07 57.162     166.1
224
 2013 04 20 13 58 28.452     2013 04 20 14 01  4.441     156.0
 2013 04 20 22 13 23.866     2013 04 20 22 16 12.363     168.5
225
 2013 04 20 20 46 20.467     2013 04 20 20 49 37.906     197.4
226
 2013 04 20 12 22 18.113     2013 04 20 12 25  3.439     165.3
 2013 04 20 20 38 16.219     2013 04 20 20 41 49.972     213.8
227
228
 2013 04 20 14 01 50.347     2013 04 20 14 02 55.931      65.6
 2013 04 20 20 36 38.085     2013 04 20 20 39 49.193     191.1
229
 2013 04 20 13 58 36.939     2013 04 20 14 01 21.424     164.5
 2013 04 20 22 12 45.360     2013 04 20 22 15 40.478     175.1
230
 2013 04 20 20 40 38.053     2013 04 20 20 43 48.967     190.9
231
 2013 04 20 12 24 34.516     2013 04 20 12 27 26.688     172.2
 2013 04 20 20 37 45.715     2013 04 20 20 41 15.965     210.2
232
 2013 04 20 22 15 43.198     2013 04 20 22 18 20.619     157.4
233
 2013 04 20 12 26 47.928     2013 04 20 12 29 31.380     163.5
 2013 04 20 19 01 21.466     2013 04 20 19 03 57.470     156.0
234
 2013 04 20 22 15 59.592     2013 04 20 22 19 10.522     190.9
235
 2013 04 20 22 21 20.710     2013 04 20 22 23 36.564     135.9
236
237
 2013 04 20 14 03 41.380     2013 04 20 14 06 45.887     184.5
 2013 04 20 18 58 54.852     2013 04 20 19 01 41.171     166.3
238
 2013 04 20 13 58 13.275     2013 04 20 14 01 27.915     194.6
 2013 04 20 22 14  2.489     2013 04 20 22 17  3.612     181.1
239
 2013 04 20 20 41 13.716     2013 04 20 20 44  2.940     169.2
240
 2013 04 20 12 12 37.646     2013 04 20 12 16  4.097     206.5
241
 2013 04 20 10 44 16.432     2013 04 20 10 47  7.553     171.1
 2013 04 20 20 44 17.233     2013 04 20 20 47 10.181     172.9
242
 2013 04 20 12 16 51.299     2013 04 20 12 17 15.307      24.0
 2013 04 20 22 20 17.697     2013 04 20 22 22 48.598     150.9
243
 2013 04 20 20 37 13.785     2013 04 20 20 39 47.191     153.4
244
 2013 04 20 00 17 55.240     2013 04 20 00 20 38.443     163.2
245
 2013 04 20 12 15 40.515     2013 04 20 12 18 33.908     173.4
246
 2013 04 20 13 55 19.564     2013 04 20 13 58 10.917     171.4
247
 2013 04 20 12 27 36.879     2013 04 20 12 27 43.982       7.1
 2013 04 20 20 37 13.507     2013 04 20 20 40  4.634     171.1
248
 2013 04 20 20 47 53.340     2013 04 20 20 50 34.368     161.0
249
 2013 04 20 00 17 57.757     2013 04 20 00 21 26.327     208.6
250
 2013 04 20 00 20 14.411     2013 04 20 00 22 44.801     150.4
251
 2013 04 20 12 26 23.106     2013 04 20 12 30  4.846     221.7
 2013 04 20 14 04 10.862     2013 04 20 14 07 57.790     226.9
 2013 04 20 18 59 49.457     2013 04 20 19 02 24.276     154.8
252
 2013 04 20 10 40 26.123     2013 04 20 10 43 31.597     185.5
253
 2013 04 20 10 39 58.687     2013 04 20 10 43  9.240     190.6
254
 2013 04 20 10 42 44.809     2013 04 20 10 46  7.169     202.4
 2013 04 20 20 45 21.888     2013 04 20 20 47 56.726     154.8
255
256
 2013 04 20 12 15 14.778     2013 04 20 12 18  3.238     168.5
257
 2013 04 20 12 19  5.068     2013 04 20 12 21 44.178     159.1
 2013 04 20 22 17 52.693     2013 04 20 22 20 37.624     164.9
258
 2013 04 20 00 19 54.830     2013 04 20 00 22 29.960     155.1
259
 2013 04 20 10 45  6.740     2013 04 20 10 47 45.560     158.8
 2013 04 20 20 43 22.216     2013 04 20 20 46 58.034     215.8
260
 2013 04 20 10 48 31.995     2013 04 20 10 51  6.787     154.8
 2013 04 20 19 04 32.643     2013 04 20 19 07 17.111     164.5
261
 2013 04 20 10 43 19.368     2013 04 20 10 46 24.901     185.5
 2013 04 20 20 45  1.188     2013 04 20 20 47 31.932     150.7
262
263
 2013 04 20 12 26 12.348     2013 04 20 12 28 49.355     157.0
 2013 04 20 19 00 48.060     2013 04 20 19 03 55.744     187.7
264
 2013 04 20 12 24  2.302     2013 04 20 12 27 32.120     209.8
 2013 04 20 20 37 30.221     2013 04 20 20 40 35.383     185.2
265
 2013 04 20 10 41 10.218     2013 04 20 10 43 44.095     153.9
266
 2013 04 20 10 46 26.185     2013 04 20 10 49  4.238     158.1
267
 2013 04 20 10 41 11.682     2013 04 20 10 43 53.093     161.4
268
 2013 04 20 22 14 37.929     2013 04 20 22 17 49.710     191.8
269
 2013 04 20 12 27  2.403     2013 04 20 12 29 53.488     171.1
 2013 04 20 19 00 28.974     2013 04 20 19 03  6.022     157.0
270
 2013 04 20 12 23 28.525     2013 04 20 12 26 15.857     167.3
 2013 04 20 20 38 31.636     2013 04 20 20 41  4.560     152.9
271
 2013 04 20 22 23 58.990     2013 04 20 22 24 52.606      53.6
272
 2013 04 20 13 57 41.354     2013 04 20 14 01  5.538     204.2
 2013 04 20 22 14 25.486     2013 04 20 22 17  3.876     158.4
273
 2013 04 20 13 54 51.023     2013 04 20 13 55 13.949      22.9
274
 2013 04 20 00 19  3.202     2013 04 20 00 21 33.713     150.5
275
 2013 04 20 10 45 29.028     2013 04 20 10 48 32.146     183.1
 2013 04 20 20 42  4.111     2013 04 20 20 45 47.275     223.2
276
 2013 04 20 10 45 28.904     2013 04 20 10 48 11.580     162.7
277
 2013 04 20 00 20 48.619     2013 04 20 00 23 54.366     185.7
278
 2013 04 20 12 24 45.101     2013 04 20 12 27 59.417     194.3
 2013 04 20 20 37  8.438     2013 04 20 20 37 45.729      37.3
279
 2013 04 20 10 44 54.855     2013 04 20 10 48 27.753     212.9
280
 2013 04 20 10 49 23.001     2013 04 20 10 52 44.063     201.1
 2013 04 20 19 03 18.883     2013 04 20 19 06  8.503     169.6
281
 2013 04 20 12 23 25.727     2013 04 20 12 26   .797     155.1
 2013 04 20 20 39  5.297     2013 04 20 20 41 38.083     152.8
282
 2013 04 20 12 18  1.931     2013 04 20 12 21  1.331     179.4
 2013 04 20 22 19 18.774     2013 04 20 22 21 50.781     152.0
283
 2013 04 20 10 49 40.930     2013 04 20 10 53 10.216     209.3
 2013 04 20 19 02 57.633     2013 04 20 19 06 10.634     193.0
284
 2013 04 20 22 19 32.178     2013 04 20 22 20  1.882      29.7
285
 2013 04 20 10 47 43.326     2013 04 20 10 51  9.199     205.9
 2013 04 20 19 05 34.007     2013 04 20 19 08 28.490     174.5
286
 2013 04 20 22 14 29.938     2013 04 20 22 15 51.320      81.4
287
 2013 04 20 20 41 57.646     2013 04 20 20 44 32.635     155.0
288
 2013 04 20 00 15  8.284     2013 04 20 00 15 10.559       2.3
 2013 04 20 13 54  9.840     2013 04 20 13 56 48.759     158.9
289
 2013 04 20 10 46 35.402     2013 04 20 10 47 11.527      36.1
 2013 04 20 20 42 36.370     2013 04 20 20 45 27.418     171.0
290
 2013 04 20 13 54 32.855     2013 04 20 13 57 20.651     167.8
291
 2013 04 20 10 47 13.563     2013 04 20 10 50 37.532     204.0
 2013 04 20 19 05 18.490     2013 04 20 19 08 52.969     214.5
292
 2013 04 20 12 24  2.127     2013 04 20 12 26 45.206     163.1
 2013 04 20 20 39  6.356     2013 04 20 20 42  2.573     176.2
293
 2013 04 20 22 23 23.831     2013 04 20 22 26 14.986     171.2
294
295
 2013 04 20 10 44 36.506     2013 04 20 10 45 47.708      71.2
296
 2013 04 20 12 27 40.563     2013 04 20 12 30 19.048     158.5
 2013 04 20 19 01  8.455     2013 04 20 19 04  4.962     176.5
297
 2013 04 20 10 47 23.503     2013 04 20 10 49 58.736     155.2
298
 2013 04 20 10 46   .008     2013 04 20 10 49 13.314     193.3
299
 2013 04 20 13 58 44.992     2013 04 20 14 02 29.982     225.0
 2013 04 20 22 11 30.602     2013 04 20 22 15  3.405     212.8
300
 2013 04 20 15 37  1.960     2013 04 20 15 39 41.121     159.2
 2013 04 20 20 31 25.371     2013 04 20 20 35 10.510     225.1
 2013 04 20 22 09 20.324     2013 04 20 22 12 56.053     215.7
301
 2013 04 20 10 48 46.865     2013 04 20 10 51 27.140     160.3
 2013 04 20 19 04 15.284     2013 04 20 19 06 51.230     155.9
302
 2013 04 20 12 23 38.738     2013 04 20 12 26 28.721     170.0
 2013 04 20 20 39 26.569     2013 04 20 20 42  6.926     160.4
303
 2013 04 20 12 27 50.423     2013 04 20 12 31 10.355     199.9
 2013 04 20 19 01 39.361     2013 04 20 19 05  8.150     208.8
304
 2013 04 20 12 14 10.005     2013 04 20 12 17  7.006     177.0
305
 2013 04 20 12 17 31.810     2013 04 20 12 20  6.614     154.8
 2013 04 20 22 18 51.874     2013 04 20 22 21 47.770     175.9
306
307
 2013 04 20 12 25 41.057     2013 04 20 12 28 52.606     191.5
 2013 04 20 18 59 42.314     2013 04 20 19 02 58.029     195.7
308
 2013 04 20 10 48 36.225     2013 04 20 10 51 11.047     154.8
 2013 04 20 19 04 35.069     2013 04 20 19 07 16.213     161.1
309
 2013 04 20 15 37  1.167     2013 04 20 15 39 43.948     162.8
 2013 04 20 20 31 23.239     2013 04 20 20 35  1.931     218.7
 2013 04 20 22 09 12.397     2013 04 20 22 12 51.061     218.7
310
 2013 04 20 12 26 26.549     2013 04 20 12 29 53.910     207.4
 2013 04 20 14 04  1.650     2013 04 20 14 04 27.617      26.0
 2013 04 20 18 59 58.495     2013 04 20 19 02 32.870     154.4
311
 2013 04 20 13 58 28.543     2013 04 20 14 01 14.570     166.0
 2013 04 20 22 12 48.420     2013 04 20 22 15 35.954     167.5
312
313
 2013 04 20 20 39 57.021     2013 04 20 20 40 24.970      27.9
314
315
 2013 04 20 10 39 57.341     2013 04 20 10 43 32.523     215.2
316
 2013 04 20 10 42 52.910     2013 04 20 10 45 52.439     179.5
 2013 04 20 20 45  3.100     2013 04 20 20 47 44.477     161.4
317
 2013 04 20 10 46  7.765     2013 04 20 10 49  3.652     175.9
318
 2013 04 20 13 57 21.510     2013 04 20 14 00 29.002     187.5
 2013 04 20 22 12 39.171     2013 04 20 22 15 22.976     163.8
319
 2013 04 20 20 42 22.258     2013 04 20 20 45 21.941     179.7
320
 2013 04 20 22 15 43.524     2013 04 20 22 18 54.383     190.9
321
 2013 04 20 10 49 59.949     2013 04 20 10 52 47.425     167.5
 2013 04 20 19 03 30.310     2013 04 20 19 06 49.146     198.8
322
 2013 04 20 00 19 28.757     2013 04 20 00 21 58.929     150.2
323
 2013 04 20 12 22  5.351     2013 04 20 12 25 33.958     208.6
 2013 04 20 20 40  2.346     2013 04 20 20 43  1.311     179.0
324
 2013 04 20 14 02  3.490     2013 04 20 14 04 39.263     155.8
 2013 04 20 20 35 26.268     2013 04 20 20 38 17.878     171.6
325
 2013 04 20 10 40 34.908     2013 04 20 10 44  7.526     212.6
326
 2013 04 20 12 21 10.439     2013 04 20 12 24 31.581     201.1
327
 2013 04 20 15 38  4.708     2013 04 20 15 40 45.197     160.5
 2013 04 20 20 32 50.020     2013 04 20 20 35 38.845     168.8
328
 2013 04 20 12 21 34.514     2013 04 20 12 24 10.280     155.8
329
 2013 04 20 12 23  1.822     2013 04 20 12 25 37.907     156.1
 2013 04 20 20 39 11.170     2013 04 20 20 41 52.429     161.3
330
 2013 04 20 22 11  2.585     2013 04 20 22 14 48.301     225.7
331
 2013 04 20 20 46 18.222     2013 04 20 20 49 30.010     191.8
332
333
 2013 04 20 10 47 54.736     2013 04 20 10 50 29.427     154.7
 2013 04 20 19 04 20.251     2013 04 20 19 07 47.245     207.0
334
335
 2013 04 20 12 19 29.471     2013 04 20 12 22 42.860     193.4
336
 2013 04 20 10 47 38.177     2013 04 20 10 50 24.424     166.2
 2013 04 20 19 04 44.281     2013 04 20 19 08 19.769     215.5
337
 2013 04 20 10 44 20.579     2013 04 20 10 47 52.020     211.4
 2013 04 20 20 44 15.002     2013 04 20 20 47 54.106     219.1
338
 2013 04 20 12 15 33.036     2013 04 20 12 18 25.567     172.5
339
 2013 04 20 14 00 52.796     2013 04 20 14 04 34.888     222.1
 2013 04 20 20 36 38.338     2013 04 20 20 39 14.035     155.7
340
 2013 04 20 13 57 23.732     2013 04 20 14 01   .940     217.2
 2013 04 20 22 12 18.873     2013 04 20 22 14 55.000     156.1
341
 2013 04 20 10 43  4.844     2013 04 20 10 45 44.087     159.2
 2013 04 20 20 43 50.598     2013 04 20 20 46 57.061     186.5
342
343
 2013 04 20 00 19 10.823     2013 04 20 00 22 14.820     184.0
344
 2013 04 20 12 23 48.029     2013 04 20 12 27  3.370     195.3
 2013 04 20 20 37 54.123     2013 04 20 20 40 39.480     165.4
345
 2013 04 20 12 14 51.196     2013 04 20 12 16 29.998      98.8
346
347
 2013 04 20 20 41 54.526     2013 04 20 20 44 30.998     156.5
348
 2013 04 20 13 57 47.616     2013 04 20 14 00 33.159     165.5
 2013 04 20 22 13 56.995     2013 04 20 22 16 29.576     152.6
349
 2013 04 20 12 17 52.864     2013 04 20 12 21 23.466     210.6
 2013 04 20 22 17 26.576     2013 04 20 22 20 10.549     164.0
350
 2013 04 20 12 25 23.787     2013 04 20 12 27 59.472     155.7
351
 2013 04 20 10 41 34.241     2013 04 20 10 45  6.086     211.8
 2013 04 20 20 45 24.920     2013 04 20 20 49   .378     215.5
352
 2013 04 20 09 05 34.106     2013 04 20 09 06  8.268      34.2
 2013 04 20 20 49 20.898     2013 04 20 20 52  8.560     167.7
353
 2013 04 20 15 36 56.918     2013 04 20 15 39 47.915     171.0
 2013 04 20 22 10 10.713     2013 04 20 22 13 38.547     207.8
354
 2013 04 20 10 44 27.979     2013 04 20 10 47 24.587     176.6
 2013 04 20 20 43  7.908     2013 04 20 20 45 46.135     158.2
355
 2013 04 20 22 15 31.535     2013 04 20 22 18 50.166     198.6
356
 2013 04 20 10 50  1.689     2013 04 20 10 53 30.759     209.1
 2013 04 20 19 02 39.404     2013 04 20 19 06 21.956     222.6
357
358
 2013 04 20 14 00 55.904     2013 04 20 14 00 58.324       2.4
 2013 04 20 22 11 52.265     2013 04 20 22 14 45.871     173.6
359
 2013 04 20 13 59 25.444     2013 04 20 14 02   .934     155.5
 2013 04 20 22 12 32.334     2013 04 20 22 12 48.882      16.5
360
 2013 04 20 10 43 44.031     2013 04 20 10 46 35.257     171.2
 2013 04 20 20 44 40.649     2013 04 20 20 47 13.303     152.7
361
 2013 04 20 10 39 16.636     2013 04 20 10 42 32.764     196.1
362
 2013 04 20 15 36 22.872     2013 04 20 15 39 12.061     169.2
 2013 04 20 22 10 24.661     2013 04 20 22 13 11.207     166.5
363
364
 2013 04 20 00 17  4.338     2013 04 20 00 19 56.655     172.3
 2013 04 20 13 52 23.135     2013 04 20 13 55 52.187     209.1
365
366
 2013 04 20 22 19 12.840     2013 04 20 22 19 34.117      21.3
367
 2013 04 20 00 21 23.312     2013 04 20 00 24  5.830     162.5
 2013 04 20 12 12  6.285     2013 04 20 12 15 37.043     210.8
368
 2013 04 20 13 58  3.350     2013 04 20 13 58 43.113      39.8
 2013 04 20 22 14 18.176     2013 04 20 22 17 44.392     206.2
369
 2013 04 20 10 48 46.845     2013 04 20 10 51 37.353     170.5
 2013 04 20 19 04  1.124     2013 04 20 19 06 36.159     155.0
370
 2013 04 20 20 48 56.700     2013 04 20 20 52 23.114     206.4
371
 2013 04 20 12 16 10.380     2013 04 20 12 16 23.079      12.7
372
 2013 04 20 15 36 52.972     2013 04 20 15 40 35.935     223.0
 2013 04 20 22 10 40.014     2013 04 20 22 11 37.942      57.9
373
 2013 04 20 12 18 58.143     2013 04 20 12 21 39.783     161.6
 2013 04 20 22 18 28.545     2013 04 20 22 21 25.047     176.5
374
 2013 04 20 15 36 38.823     2013 04 20 15 39 26.947     168.1
 2013 04 20 22 10 17.568     2013 04 20 22 13 19.880     182.3
375
 2013 04 20 10 37 57.491     2013 04 20 10 41 12.626     195.1
 2013 04 20 22 23 49.989     2013 04 20 22 26 32.382     162.4
376
 2013 04 20 10 45 48.701     2013 04 20 10 49 34.490     225.8
377
 2013 04 20 13 54 49.111     2013 04 20 13 57 40.617     171.5
378
 2013 04 20 12 25 58.308     2013 04 20 12 29 17.183     198.9
 2013 04 20 19 01 35.355     2013 04 20 19 04 41.415     186.1
379
 2013 04 20 12 20 31.719     2013 04 20 12 23 12.880     161.2
380
 2013 04 20 00 17 22.036     2013 04 20 00 20 32.554     190.5
381
 2013 04 20 14 01 51.649     2013 04 20 14 04 39.372     167.7
 2013 04 20 20 34 56.848     2013 04 20 20 37 46.735     169.9
382
 2013 04 20 12 25 35.639     2013 04 20 12 28 44.565     188.9
 2013 04 20 19 01  5.123     2013 04 20 19 04 50.228     225.1
383
 2013 04 20 14 03 26.812     2013 04 20 14 06  4.817     158.0
 2013 04 20 18 58  8.474     2013 04 20 19 01  4.706     176.2
384
 2013 04 20 10 43 17.955     2013 04 20 10 45 52.005     154.1
 2013 04 20 20 44 20.047     2013 04 20 20 47  5.507     165.5
385
 2013 04 20 00 19 54.550     2013 04 20 00 22 24.669     150.1
386
 2013 04 20 12 20 53.866     2013 04 20 12 24 36.600     222.7
387
388
 2013 04 20 12 13 51.750     2013 04 20 12 16 44.784     173.0
389
 2013 04 20 10 39 17.574     2013 04 20 10 39 18.481        .9
390
 2013 04 20 10 37 55.252     2013 04 20 10 40 42.471     167.2
 2013 04 20 22 24 21.230     2013 04 20 22 27  2.802     161.6
391
 2013 04 20 12 21 42.729     2013 04 20 12 24 46.281     183.6
 2013 04 20 20 42 17.506     2013 04 20 20 43 16.600      59.1
392
 2013 04 20 14 02   .373     2013 04 20 14 05 26.029     205.7
 2013 04 20 20 36 19.857     2013 04 20 20 39 27.078     187.2
393
 2013 04 20 10 43 20.366     2013 04 20 10 46 16.591     176.2
 2013 04 20 20 43 28.728     2013 04 20 20 46 20.508     171.8
394
395
 2013 04 20 10 39 37.584     2013 04 20 10 42 32.718     175.1
396
397
398
 2013 04 20 12 26 48.078     2013 04 20 12 29 27.813     159.7
 2013 04 20 19 00 43.046     2013 04 20 19 03 18.253     155.2
399
 2013 04 20 10 47 51.566     2013 04 20 10 50 28.166     156.6
 2013 04 20 19 04  4.208     2013 04 20 19 07 38.119     213.9
400
 2013 04 20 12 16 37.146     2013 04 20 12 20 20.013     222.9
401
 2013 04 20 13 57  6.852     2013 04 20 14 00 16.276     189.4
 2013 04 20 22 14 21.475     2013 04 20 22 17  1.554     160.1
402
 2013 04 20 14 03 43.423     2013 04 20 14 06 34.732     171.3
 2013 04 20 18 58 42.437     2013 04 20 19 01 27.645     165.2
403
 2013 04 20 14 02  4.156     2013 04 20 14 04 53.439     169.3
 2013 04 20 20 35 53.705     2013 04 20 20 38 48.959     175.3
404
 2013 04 20 00 21 21.298     2013 04 20 00 23 55.292     154.0
 2013 04 20 12 11 48.513     2013 04 20 12 11 58.460       9.9
405
406
 2013 04 20 00 18 28.669     2013 04 20 00 21 36.621     188.0
407
 2013 04 20 12 14 49.071     2013 04 20 12 17 22.686     153.6
408
 2013 04 20 15 36 32.560     2013 04 20 15 39 37.948     185.4
 2013 04 20 22 10 34.393     2013 04 20 22 13 36.901     182.5
409
 2013 04 20 12 17 18.586     2013 04 20 12 19 57.386     158.8
 2013 04 20 22 18 16.653     2013 04 20 22 21 39.976     203.3
410
 2013 04 20 12 16 54.072     2013 04 20 12 17 57.868      63.8
411
 2013 04 20 09 09  3.261     2013 04 20 09 09 37.485      34.2
412
 2013 04 20 10 46  9.056     2013 04 20 10 49 42.892     213.8
413
 2013 04 20 10 54  8.036     2013 04 20 10 54 25.890      17.9
 2013 04 20 12 28  9.493     2013 04 20 12 28 20.623      11.1
 2013 04 20 17 24 19.157     2013 04 20 17 28  7.229     228.1
414
 2013 04 20 10 48  4.012     2013 04 20 10 50 39.865     155.9
 2013 04 20 19 04 13.587     2013 04 20 19 07 29.562     196.0
415
 2013 04 20 15 37 14.203     2013 04 20 15 39 57.864     163.7
 2013 04 20 20 31 37.784     2013 04 20 20 34 57.211     199.4
 2013 04 20 22 09  1.779     2013 04 20 22 09 31.589      29.8
416
 2013 04 20 15 37 50.305     2013 04 20 15 40 59.241     188.9
 2013 04 20 20 33  9.736     2013 04 20 20 36 13.223     183.5
417
 2013 04 20 12 13 42.621     2013 04 20 12 17 24.407     221.8
418
 2013 04 20 20 47 42.426     2013 04 20 20 50 39.191     176.8
419
 2013 04 20 15 38 13.917     2013 04 20 15 41  5.472     171.6
 2013 04 20 20 33 12.597     2013 04 20 20 35 56.113     163.5
420
 2013 04 20 12 16 53.723     2013 04 20 12 20 13.035     199.3
 2013 04 20 22 20 36.157     2013 04 20 22 21 19.724      43.6
421
 2013 04 20 00 17 44.811     2013 04 20 00 20 51.995     187.2
422
 2013 04 20 10 41 11.408     2013 04 20 10 43 46.110     154.7
423
 2013 04 20 10 43 26.870     2013 04 20 10 46 56.670     209.8
 2013 04 20 20 45  5.313     2013 04 20 20 47 45.564     160.3
424
 2013 04 20 20 40 58.622     2013 04 20 20 43 35.164     156.5
425
 2013 04 20 12 22 40.401     2013 04 20 12 26 15.457     215.1
 2013 04 20 20 37 50.231     2013 04 20 20 40 36.393     166.2
426
 2013 04 20 13 59 15.165     2013 04 20 14 02  3.416     168.3
 2013 04 20 22 12  7.378     2013 04 20 22 13 50.495     103.1
427
428
 2013 04 20 00 20 31.417     2013 04 20 00 24  4.796     213.4
429
 2013 04 20 00 14 46.745     2013 04 20 00 15 31.050      44.3
 2013 04 20 13 54 15.675     2013 04 20 13 56 51.218     155.5
430
 2013 04 20 12 13 47.979     2013 04 20 12 17 11.464     203.5
431
 2013 04 20 13 58 10.859     2013 04 20 14 01 16.034     185.2
 2013 04 20 22 14   .839     2013 04 20 22 16 52.944     172.1
432
 2013 04 20 12 26 10.272     2013 04 20 12 29 47.246     217.0
 2013 04 20 19 02   .180     2013 04 20 19 04 45.798     165.6
433
434
 2013 04 20 15 37 44.891     2013 04 20 15 40 20.847     156.0
 2013 04 20 20 32 17.560     2013 04 20 20 35 18.016     180.5
435
 2013 04 20 12 20 58.738     2013 04 20 12 23 34.513     155.8
436
 2013 04 20 13 57  4.654     2013 04 20 14 00 40.621     216.0
 2013 04 20 22 12 16.684     2013 04 20 22 15  5.737     169.1
437
 2013 04 20 12 22 33.608     2013 04 20 12 25 29.856     176.2
 2013 04 20 20 39 38.749     2013 04 20 20 42 30.278     171.5
438
 2013 04 20 10 44 24.370     2013 04 20 10 47  8.742     164.4
 2013 04 20 20 43 25.464     2013 04 20 20 46  1.744     156.3
439
 2013 04 20 10 43  7.223     2013 04 20 10 43 36.187      29.0
440
 2013 04 20 22 22  6.551     2013 04 20 22 25   .402     173.9
441
 2013 04 20 12 13 39.112     2013 04 20 12 16 33.415     174.3
442
 2013 04 20 10 41 59.234     2013 04 20 10 45 45.217     226.0
 2013 04 20 20 45 41.344     2013 04 20 20 48 34.472     173.1
443
 2013 04 20 12 24 29.377     2013 04 20 12 27 26.758     177.4
 2013 04 20 20 38 51.389     2013 04 20 20 40 41.272     109.9
444
445
446
 2013 04 20 15 37 54.887     2013 04 20 15 40 31.223     156.3
 2013 04 20 20 32 31.566     2013 04 20 20 35 25.498     173.9
447
448
 2013 04 20 12 18 13.534     2013 04 20 12 20 48.571     155.0
 2013 04 20 22 18 47.514     2013 04 20 22 21 18.829     151.3
449
 2013 04 20 12 23 16.289     2013 04 20 12 24  1.074      44.8
 2013 04 20 20 40  5.735     2013 04 20 20 43  6.291     180.6
450
 2013 04 20 12 21 21.015     2013 04 20 12 24 43.701     202.7
 2013 04 20 20 43 37.345     2013 04 20 20 43 41.212       3.9
451
 2013 04 20 12 27 28.441     2013 04 20 12 30 33.777     185.3
 2013 04 20 14 04 55.573     2013 04 20 14 05 32.768      37.2
 2013 04 20 17 21 45.071     2013 04 20 17 22  7.578      22.5
 2013 04 20 19 00  4.990     2013 04 20 19 03 12.111     187.1
452
 2013 04 20 14 01  8.591     2013 04 20 14 03 58.467     169.9
 2013 04 20 20 34 56.062     2013 04 20 20 37 31.505     155.4
453
454
 2013 04 20 12 23 33.687     2013 04 20 12 26 23.842     170.2
 2013 04 20 20 38 26.896     2013 04 20 20 41   .490     153.6
455
 2013 04 20 00 21  5.734     2013 04 20 00 23 43.534     157.8
 2013 04 20 12 15 21.773     2013 04 20 12 15 56.804      35.0
456
 2013 04 20 10 46 42.909     2013 04 20 10 49 17.368     154.5
457
 2013 04 20 20 41 43.014     2013 04 20 20 45 26.123     223.1
458
 2013 04 20 22 15 37.490     2013 04 20 22 18 33.034     175.5
459
 2013 04 20 10 39  3.879     2013 04 20 10 42 31.266     207.4
460
 2013 04 20 12 17 22.267     2013 04 20 12 20 18.897     176.6
 2013 04 20 22 19 28.096     2013 04 20 22 22 10.311     162.2
461
 2013 04 20 10 37 44.745     2013 04 20 10 40 32.242     167.5
 2013 04 20 22 24 29.040     2013 04 20 22 27  4.643     155.6
462
 2013 04 20 15 36  1.727     2013 04 20 15 39 43.565     221.8
 2013 04 20 22 11  6.105     2013 04 20 22 13 52.402     166.3
463
 2013 04 20 00 20  1.585     2013 04 20 00 23 24.029     202.4
464
 2013 04 20 00 14 32.734     2013 04 20 00 14 39.722       7.0
 2013 04 20 13 54 24.724     2013 04 20 13 57  1.861     157.1
465
 2013 04 20 10 45 45.800     2013 04 20 10 48 22.540     156.7
466
467
 2013 04 20 12 15  9.592     2013 04 20 12 17 50.134     160.5
468
 2013 04 20 15 36 17.351     2013 04 20 15 39  7.873     170.5
 2013 04 20 22 10 27.472     2013 04 20 22 13 10.115     162.6
469
 2013 04 20 00 15 10.908     2013 04 20 00 16   .176      49.3
 2013 04 20 13 54  5.222     2013 04 20 13 56 40.883     155.7
470
471
 2013 04 20 10 44 32.269     2013 04 20 10 44 57.977      25.7
472
 2013 04 20 22 21 41.225     2013 04 20 22 24 18.700     157.5
473
 2013 04 20 22 21 19.896     2013 04 20 22 23 51.870     152.0
474
 2013 04 20 14 00 23.894     2013 04 20 14 03 30.650     186.8
 2013 04 20 20 35 48.281     2013 04 20 20 39  4.021     195.7
475
476
 2013 04 20 12 20 31.365     2013 04 20 12 24  4.154     212.8
477
 2013 04 20 10 38 50.598     2013 04 20 10 41 23.749     153.2
 2013 04 20 22 23 49.247     2013 04 20 22 24 38.394      49.1
478
 2013 04 20 22 15 46.312     2013 04 20 22 18 37.395     171.1
479
 2013 04 20 22 16 38.417     2013 04 20 22 16 42.142       3.7
480
481
 2013 04 20 10 47 57.694     2013 04 20 10 50 47.336     169.6
 2013 04 20 19 03 47.743     2013 04 20 19 07  8.848     201.1
482
 2013 04 20 12 14  1.958     2013 04 20 12 16 50.269     168.3
483
484
 2013 04 20 12 21 39.731     2013 04 20 12 24 18.307     158.6
485
 2013 04 20 10 45 35.986     2013 04 20 10 48 14.820     158.8
 2013 04 20 20 42 27.292     2013 04 20 20 43 15.727      48.4
486
 2013 04 20 12 16  8.779     2013 04 20 12 19 14.888     186.1
 2013 04 20 22 22 48.290     2013 04 20 22 23 23.947      35.7
487
 2013 04 20 10 49 48.760     2013 04 20 10 52 24.279     155.5
 2013 04 20 19 04  4.991     2013 04 20 19 07  7.465     182.5
488
 2013 04 20 20 47 43.525     2013 04 20 20 50 56.265     192.7
489
490
 2013 04 20 22 14 26.527     2013 04 20 22 14 56.193      29.7
491
 2013 04 20 22 16 29.244     2013 04 20 22 19  8.873     159.6
492
 2013 04 20 14 01 36.069     2013 04 20 14 04 47.301     191.2
 2013 04 20 20 36 19.373     2013 04 20 20 38 58.492     159.1
493
 2013 04 20 14 00  7.378     2013 04 20 14 03 35.037     207.7
 2013 04 20 20 35 57.015     2013 04 20 20 39 24.080     207.1
494
 2013 04 20 10 49   .492     2013 04 20 10 51 44.356     163.9
 2013 04 20 19 04 56.947     2013 04 20 19 07 30.596     153.6
495
 2013 04 20 12 23  6.808     2013 04 20 12 25 41.817     155.0
 2013 04 20 20 39  5.634     2013 04 20 20 41 44.778     159.1
496
 2013 04 20 22 15 12.906     2013 04 20 22 15 39.936      27.0
497
 2013 04 20 15 36 40.432     2013 04 20 15 39 35.758     175.3
 2013 04 20 22 10 23.410     2013 04 20 22 13 30.807     187.4
498
 2013 04 20 10 45  4.570     2013 04 20 10 45 18.782      14.2
499
 2013 04 20 12 24 34.066     2013 04 20 12 25 23.350      49.3
500
 2013 04 20 00 21 35.544     2013 04 20 00 24  7.784     152.2
 2013 04 20 12 14  2.557     2013 04 20 12 15  6.621      64.1
501
 2013 04 20 13 56 44.710     2013 04 20 13 59 47.012     182.3
 2013 04 20 22 12 28.360     2013 04 20 22 15 56.287     207.9
502
 2013 04 20 15 37 40.809     2013 04 20 15 40 17.300     156.5
 2013 04 20 20 32 11.187     2013 04 20 20 35 13.369     182.2
503
 2013 04 20 20 40 29.896     2013 04 20 20 44 13.409     223.5
504
505
 2013 04 20 20 37  3.845     2013 04 20 20 39 52.640     168.8
506
 2013 04 20 14 03 21.106     2013 04 20 14 06 27.207     186.1
 2013 04 20 18 58 37.818     2013 04 20 19 01 42.988     185.2
507
 2013 04 20 19 08 55.064     2013 04 20 19 09 47.456      52.4
508
 2013 04 20 12 23 58.009     2013 04 20 12 27 44.989     227.0
 2013 04 20 20 37 17.012     2013 04 20 20 40 25.018     188.0
509
 2013 04 20 00 16 47.194     2013 04 20 00 20 25.355     218.2
 2013 04 20 13 52 38.152     2013 04 20 13 53 25.828      47.7
510
 2013 04 20 20 47  4.675     2013 04 20 20 50  5.321     180.6
511
 2013 04 20 12 23 15.878     2013 04 20 12 26 47.342     211.5
 2013 04 20 20 39 59.038     2013 04 20 20 42 42.069     163.0
512
 2013 04 20 20 46 33.647     2013 04 20 20 49 21.248     167.6
513
 2013 04 20 10 46 15.431     2013 04 20 10 46 51.819      36.4
 2013 04 20 20 42 34.149     2013 04 20 20 45 45.473     191.3
514
 2013 04 20 20 41 47.234     2013 04 20 20 44 21.246     154.0
515
 2013 04 20 10 40 29.547     2013 04 20 10 43 17.354     167.8
516
 2013 04 20 12 24 26.812     2013 04 20 12 28  7.109     220.3
517
 2013 04 20 00 19 49.997     2013 04 20 00 22 24.687     154.7
518
 2013 04 20 13 59 34.017     2013 04 20 14 03  8.802     214.8
 2013 04 20 20 33 35.038     2013 04 20 20 37 22.688     227.7
519
 2013 04 20 12 28 24.197     2013 04 20 12 31   .858     156.7
 2013 04 20 17 23   .674     2013 04 20 17 26 37.209     216.5
 2013 04 20 19 00 37.292     2013 04 20 19 01 16.995      39.7
520
 2013 04 20 13 55 57.783     2013 04 20 13 56 21.416      23.6
521
 2013 04 20 10 43 39.753     2013 04 20 10 47 17.406     217.7
 2013 04 20 20 42 51.438     2013 04 20 20 45 26.259     154.8
522
 2013 04 20 20 49  1.124     2013 04 20 20 51 51.294     170.2
523
 2013 04 20 20 41 49.634     2013 04 20 20 44 22.548     152.9
524
525
526
 2013 04 20 12 17 41.029     2013 04 20 12 20 42.890     181.9
 2013 04 20 22 19 29.098     2013 04 20 22 22   .636     151.5
527
 2013 04 20 12 24 50.563     2013 04 20 12 25 38.352      47.8
 2013 04 20 20 37 10.456     2013 04 20 20 37 20.572      10.1
528
 2013 04 20 22 19 42.671     2013 04 20 22 20 17.240      34.6
529
 2013 04 20 10 37 41.226     2013 04 20 10 40 24.092     162.9
 2013 04 20 22 24 37.732     2013 04 20 22 27 12.265     154.5
530
 2013 04 20 10 41 42.374     2013 04 20 10 44 27.143     164.8
531
 2013 04 20 00 20 44.305     2013 04 20 00 24 20.845     216.5
 2013 04 20 12 13   .489     2013 04 20 12 16 14.615     194.1
532
 2013 04 20 12 26  4.467     2013 04 20 12 28 55.347     170.9
 2013 04 20 19 00  9.080     2013 04 20 19 03 11.348     182.3
533
 2013 04 20 13 57 21.512     2013 04 20 14 00 24.904     183.4
 2013 04 20 22 14 17.117     2013 04 20 22 16 51.826     154.7
534
 2013 04 20 00 19 46.100     2013 04 20 00 22 35.141     169.0
535
 2013 04 20 12 13 54.155     2013 04 20 12 16 57.305     183.1
536
 2013 04 20 14 00  4.741     2013 04 20 14 00 25.966      21.2
 2013 04 20 20 36 32.725     2013 04 20 20 39 40.047     187.3
537
 2013 04 20 10 48 26.239     2013 04 20 10 51  8.139     161.9
 2013 04 20 19 04 55.985     2013 04 20 19 07 38.840     162.9
538
 2013 04 20 10 46 37.424     2013 04 20 10 49 47.549     190.1
539
 2013 04 20 12 24 14.263     2013 04 20 12 26 49.448     155.2
 2013 04 20 20 38 41.767     2013 04 20 20 41 42.896     181.1
540
 2013 04 20 10 50  7.992     2013 04 20 10 53  5.663     177.7
 2013 04 20 19 03  9.274     2013 04 20 19 06 44.176     214.9
541
 2013 04 20 00 18 36.581     2013 04 20 00 20  1.931      85.3
542
 2013 04 20 15 36 18.230     2013 04 20 15 38 58.366     160.1
 2013 04 20 22 10 13.348     2013 04 20 22 12 54.409     161.1
543
 2013 04 20 10 44 47.730     2013 04 20 10 47 45.076     177.3
 2013 04 20 20 42 51.760     2013 04 20 20 45 44.815     173.1
544
 2013 04 20 13 56 10.111     2013 04 20 13 59 52.996     222.9
 2013 04 20 22 15  5.267     2013 04 20 22 15 44.941      39.7
545
 2013 04 20 12 15 38.762     2013 04 20 12 18 24.154     165.4
546
 2013 04 20 10 45 53.467     2013 04 20 10 48 39.953     166.5
547
 2013 04 20 22 11 34.023     2013 04 20 22 14 11.590     157.6
548
 2013 04 20 13 55 41.361     2013 04 20 13 59 23.185     221.8
 2013 04 20 22 17 51.346     2013 04 20 22 18 17.562      26.2
549
 2013 04 20 12 20 58.352     2013 04 20 12 24  6.858     188.5
550
 2013 04 20 15 38 20.848     2013 04 20 15 41  5.971     165.1
 2013 04 20 20 33  9.570     2013 04 20 20 35 48.861     159.3
551
 2013 04 20 19 02 33.534     2013 04 20 19 05 25.982     172.4
552
 2013 04 20 12 26 43.144     2013 04 20 12 29 42.644     179.5
 2013 04 20 19 00 20.164     2013 04 20 19 02 54.418     154.3
553
 2013 04 20 22 21 55.916     2013 04 20 22 25 21.400     205.5
554
 2013 04 20 10 43 16.301     2013 04 20 10 47   .118     223.8
 2013 04 20 20 42 48.960     2013 04 20 20 45 37.654     168.7
555
 2013 04 20 12 19  9.476     2013 04 20 12 19 32.906      23.4
 2013 04 20 22 16 33.718     2013 04 20 22 19 29.699     176.0
556
 2013 04 20 10 48 15.613     2013 04 20 10 51   .780     165.2
 2013 04 20 19 04   .936     2013 04 20 19 07   .920     180.0
557
 2013 04 20 00 16 39.711     2013 04 20 00 19 51.440     191.7
 2013 04 20 13 52 49.267     2013 04 20 13 56  9.011     199.7
558
 2013 04 20 14 03  5.260     2013 04 20 14 05 42.615     157.4
 2013 04 20 18 57 45.133     2013 04 20 19 01  5.149     200.0
559
 2013 04 20 12 25 39.522     2013 04 20 12 28 15.034     155.5
 2013 04 20 19 00  7.358     2013 04 20 19 00 17.881      10.5
560
 2013 04 20 12 13 51.661     2013 04 20 12 16 29.577     157.9
561
 2013 04 20 00 17 40.273     2013 04 20 00 17 49.621       9.3
562
563
564
 2013 04 20 09 03 37.707     2013 04 20 09 06 55.020     197.3
 2013 04 20 20 49 12.954     2013 04 20 20 52  1.480     168.5
565
 2013 04 20 12 27 11.462     2013 04 20 12 30  4.246     172.8
 2013 04 20 19 00 25.650     2013 04 20 19 03  8.345     162.7
566
 2013 04 20 12 26 35.471     2013 04 20 12 29 16.610     161.1
 2013 04 20 19 01 12.528     2013 04 20 19 03 55.778     163.2
567
 2013 04 20 13 54 29.595     2013 04 20 13 57 25.058     175.5
568
 2013 04 20 10 41 57.840     2013 04 20 10 44 32.358     154.5
569
570
571
 2013 04 20 10 40 38.965     2013 04 20 10 43 48.676     189.7
572
 2013 04 20 10 48 35.451     2013 04 20 10 48 44.198       8.7
 2013 04 20 20 41 55.140     2013 04 20 20 44 47.714     172.6
573
 2013 04 20 13 58  7.498     2013 04 20 14 01 45.855     218.4
 2013 04 20 22 14 12.164     2013 04 20 22 17 24.254     192.1
574
 2013 04 20 14 02 39.441     2013 04 20 14 05 16.976     157.5
 2013 04 20 18 57  5.140     2013 04 20 19 00 46.654     221.5
 2013 04 20 20 34 54.152     2013 04 20 20 38 36.181     222.0
575
 2013 04 20 10 42 23.224     2013 04 20 10 46  5.195     222.0
 2013 04 20 20 45 37.325     2013 04 20 20 46 32.445      55.1
576
 2013 04 20 10 43 20.224     2013 04 20 10 45 55.445     155.2
 2013 04 20 20 44 25.638     2013 04 20 20 47  7.275     161.6
577
 2013 04 20 09 07 46.976     2013 04 20 09 08 13.099      26.1
 2013 04 20 20 47 59.735     2013 04 20 20 51 24.630     204.9
578
 2013 04 20 19 01 52.927     2013 04 20 19 05 29.626     216.7
579
 2013 04 20 20 40 25.311     2013 04 20 20 43 51.858     206.5
580
581
 2013 04 20 10 47 31.471     2013 04 20 10 50  7.271     155.8
 2013 04 20 19 07 45.459     2013 04 20 19 08 15.467      30.0
582
 2013 04 20 22 16 14.538     2013 04 20 22 19  9.475     174.9
583
 2013 04 20 14 01  7.540     2013 04 20 14 01 38.293      30.8
 2013 04 20 22 11 59.557     2013 04 20 22 14 33.545     154.0
584
 2013 04 20 13 59  2.986     2013 04 20 14 02 27.207     204.2
585
 2013 04 20 10 40 59.803     2013 04 20 10 42  8.279      68.5
 2013 04 20 20 49  5.615     2013 04 20 20 49 35.116      29.5
586
 2013 04 20 12 26 32.485     2013 04 20 12 27  7.795      35.3
 2013 04 20 20 37 32.840     2013 04 20 20 40  6.502     153.7
587
 2013 04 20 14 04  1.861     2013 04 20 14 07 15.105     193.2
 2013 04 20 18 59 17.516     2013 04 20 19 01 53.181     155.7
588
 2013 04 20 20 46 32.091     2013 04 20 20 49 22.543     170.5
589
 2013 04 20 12 20 41.283     2013 04 20 12 24 19.467     218.2
590
591
 2013 04 20 12 26 34.025     2013 04 20 12 27  4.916      30.9
 2013 04 20 19 02 26.733     2013 04 20 19 05   .988     154.3
592
 2013 04 20 12 26 49.900     2013 04 20 12 30 21.556     211.7
 2013 04 20 19 02  6.826     2013 04 20 19 04 41.708     154.9
593
 2013 04 20 09 02 48.639     2013 04 20 09 05 54.359     185.7
 2013 04 20 20 49 57.405     2013 04 20 20 52 27.648     150.2
594
 2013 04 20 10 40 47.393     2013 04 20 10 44  8.556     201.2
595
 2013 04 20 14 01  7.744     2013 04 20 14 03 50.821     163.1
 2013 04 20 20 35 45.776     2013 04 20 20 38 25.799     160.0
596
 2013 04 20 13 57 36.959     2013 04 20 14 01  8.054     211.1
 2013 04 20 22 14 30.345     2013 04 20 22 17  8.666     158.3
597
 2013 04 20 12 16 51.383     2013 04 20 12 17 51.731      60.3
 2013 04 20 22 20 13.347     2013 04 20 22 22 45.929     152.6
598
 2013 04 20 22 22 38.450     2013 04 20 22 25 10.884     152.4
599
 2013 04 20 00 15 58.357     2013 04 20 00 16 13.541      15.2
 2013 04 20 13 53 27.343     2013 04 20 13 56 46.965     199.6
600
 2013 04 20 12 21  5.727     2013 04 20 12 23 47.742     162.0
601
 2013 04 20 13 58 46.620     2013 04 20 14 02 12.863     206.2
 2013 04 20 22 13 35.003     2013 04 20 22 14  7.665      32.7
602
 2013 04 20 12 19 55.334     2013 04 20 12 23 38.092     222.8
603
 2013 04 20 12 21 42.470     2013 04 20 12 24 24.931     162.5
604
 2013 04 20 13 55 18.896     2013 04 20 13 58 25.572     186.7
605
 2013 04 20 10 48 27.307     2013 04 20 10 51  9.180     161.9
 2013 04 20 19 04  9.427     2013 04 20 19 06 58.295     168.9
606
 2013 04 20 12 25 42.636     2013 04 20 12 28 23.840     161.2
 2013 04 20 19 00 32.687     2013 04 20 19 01 18.849      46.2
607
 2013 04 20 22 21 23.348     2013 04 20 22 23 58.252     154.9
608
 2013 04 20 12 29 35.524     2013 04 20 12 32 23.610     168.1
 2013 04 20 17 24 24.381     2013 04 20 17 27   .061     155.7
609
 2013 04 20 10 47 29.621     2013 04 20 10 50  4.174     154.6
 2013 04 20 19 08  2.764     2013 04 20 19 08 10.281       7.5
610
 2013 04 20 12 27 32.224     2013 04 20 12 30 12.235     160.0
 2013 04 20 19 00 39.632     2013 04 20 19 03 32.462     172.8
611
 2013 04 20 12 20 37.604     2013 04 20 12 23 29.105     171.5
612
 2013 04 20 19 02 40.939     2013 04 20 19 05 14.878     153.9
613
 2013 04 20 12 23 48.359     2013 04 20 12 26 43.361     175.0
 2013 04 20 20 38 15.463     2013 04 20 20 40 55.879     160.4
614
 2013 04 20 10 40 34.242     2013 04 20 10 43 30.608     176.4
615
 2013 04 20 13 55 26.930     2013 04 20 13 58 32.661     185.7
616
 2013 04 20 20 37 20.262     2013 04 20 20 39 53.649     153.4
617
 2013 04 20 09 04   .140     2013 04 20 09 06 33.318     153.2
 2013 04 20 20 49 46.712     2013 04 20 20 53  9.937     203.2
618
 2013 04 20 10 49  5.052     2013 04 20 10 52 48.516     223.5
 2013 04 20 19 03  8.919     2013 04 20 19 05 51.084     162.2
619
 2013 04 20 10 40 14.705     2013 04 20 10 43 23.772     189.1
620
 2013 04 20 22 23 14.966     2013 04 20 22 25 52.571     157.6
621
622
 2013 04 20 22 15 17.807     2013 04 20 22 18 19.530     181.7
623
 2013 04 20 20 45 13.054     2013 04 20 20 46 41.249      88.2
624
 2013 04 20 12 23 29.932     2013 04 20 12 26 44.171     194.2
 2013 04 20 20 38  3.466     2013 04 20 20 40 38.341     154.9
625
 2013 04 20 10 43 53.458     2013 04 20 10 44   .385       6.9
626
 2013 04 20 12 27 50.239     2013 04 20 12 30 55.256     185.0
 2013 04 20 19 01 31.430     2013 04 20 19 04 51.317     199.9
627
 2013 04 20 10 43  2.900     2013 04 20 10 46 25.691     202.8
 2013 04 20 20 45 16.753     2013 04 20 20 47 47.421     150.7
628
 2013 04 20 20 42 14.975     2013 04 20 20 45 13.787     178.8
629
 2013 04 20 12 21 49.262     2013 04 20 12 24 29.837     160.6
 2013 04 20 20 42 59.482     2013 04 20 20 43   .561       1.1
630
 2013 04 20 10 42 47.790     2013 04 20 10 44  7.592      79.8
631
 2013 04 20 12 20 55.280     2013 04 20 12 23 33.000     157.7
632
 2013 04 20 12 23 12.935     2013 04 20 12 26 14.927     182.0
 2013 04 20 20 39 45.446     2013 04 20 20 42 18.398     153.0
633
 2013 04 20 12 21 11.901     2013 04 20 12 21 37.083      25.2
634
 2013 04 20 22 15 39.894     2013 04 20 22 18 32.164     172.3
635
 2013 04 20 09 03 55.015     2013 04 20 09 07 26.615     211.6
 2013 04 20 20 48 43.185     2013 04 20 20 51 48.760     185.6
636
637
 2013 04 20 22 20  6.519     2013 04 20 22 23 15.586     189.1
638
 2013 04 20 12 26 51.552     2013 04 20 12 30 39.408     227.9
 2013 04 20 19 02 16.483     2013 04 20 19 04 54.712     158.2
639
 2013 04 20 10 53 28.616     2013 04 20 10 53 47.010      18.4
 2013 04 20 19 02 21.586     2013 04 20 19 05 53.573     212.0
640
 2013 04 20 20 47 33.512     2013 04 20 20 50 57.638     204.1
641
 2013 04 20 09 02 43.804     2013 04 20 09 06  9.002     205.2
 2013 04 20 20 49 41.363     2013 04 20 20 52 12.203     150.8
642
 2013 04 20 20 41  4.431     2013 04 20 20 43 37.901     153.5
643
 2013 04 20 12 27 34.061     2013 04 20 12 30 45.199     191.1
 2013 04 20 19 01 43.378     2013 04 20 19 04 45.473     182.1
644
 2013 04 20 10 40 42.195     2013 04 20 10 43 23.720     161.5
645
 2013 04 20 12 23 11.346     2013 04 20 12 25 51.741     160.4
 2013 04 20 20 39 22.530     2013 04 20 20 41 56.905     154.4
646
 2013 04 20 22 22 12.510     2013 04 20 22 24 46.610     154.1
647
 2013 04 20 15 34 44.450     2013 04 20 15 35   .692      16.2
 2013 04 20 22 11 10.059     2013 04 20 22 14  3.176     173.1
648
649
 2013 04 20 12 13 57.508     2013 04 20 12 17 38.565     221.1
650
 2013 04 20 14 02 18.498     2013 04 20 14 05 21.293     182.8
 2013 04 20 15 39 47.920     2013 04 20 15 41 44.178     116.3
 2013 04 20 18 56 38.661     2013 04 20 19 00  8.122     209.5
 2013 04 20 20 34 23.447     2013 04 20 20 37 59.251     215.8
651
 2013 04 20 20 41 39.044     2013 04 20 20 44 12.625     153.6
652
653
 2013 04 20 20 49 52.679     2013 04 20 20 50 51.492      58.8
654
 2013 04 20 12 26  6.666     2013 04 20 12 28 49.629     163.0
 2013 04 20 19 00 16.928     2013 04 20 19 03 22.904     186.0
655
656
657
 2013 04 20 22 11 45.431     2013 04 20 22 14 33.638     168.2
658
 2013 04 20 10 39  4.025     2013 04 20 10 42 16.756     192.7
 2013 04 20 22 22 43.412     2013 04 20 22 23 27.206      43.8
659
 2013 04 20 00 18 29.390     2013 04 20 00 21  6.518     157.1
660
661
662
 2013 04 20 22 16  9.671     2013 04 20 22 18 41.449     151.8
663
 2013 04 20 22 20 35.582     2013 04 20 22 23 38.732     183.2
664
 2013 04 20 09 03 22.464     2013 04 20 09 06 36.916     194.5
 2013 04 20 20 49 28.396     2013 04 20 20 52  6.427     158.0
665
 2013 04 20 12 15 34.620     2013 04 20 12 19 20.078     225.5
666
 2013 04 20 22 20 43.791     2013 04 20 22 23 18.324     154.5
667
 2013 04 20 12 21  1.128     2013 04 20 12 24  6.494     185.4
668
 2013 04 20 12 22 43.829     2013 04 20 12 25 45.810     182.0
 2013 04 20 20 39 47.212     2013 04 20 20 42 27.292     160.1
669
 2013 04 20 14 00 50.142     2013 04 20 14 03 30.150     160.0
 2013 04 20 20 35 30.562     2013 04 20 20 38 26.127     175.6
670
 2013 04 20 12 23 38.906     2013 04 20 12 26 43.778     184.9
 2013 04 20 20 38  9.030     2013 04 20 20 40 46.095     157.1
671
672
 2013 04 20 09 03 38.046     2013 04 20 09 07  6.858     208.8
 2013 04 20 20 49  2.040     2013 04 20 20 51 51.558     169.5
673
 2013 04 20 22 22 48.880     2013 04 20 22 25 35.710     166.8
674
 2013 04 20 10 49  6.880     2013 04 20 10 52 14.535     187.7
 2013 04 20 19 03 39.975     2013 04 20 19 06 15.673     155.7
675
 2013 04 20 12 20   .838     2013 04 20 12 20 31.296      30.5
676
 2013 04 20 12 28 15.842     2013 04 20 12 30 51.721     155.9
 2013 04 20 17 22 47.424     2013 04 20 17 26 32.520     225.1
 2013 04 20 19 00 36.959     2013 04 20 19 04 22.182     225.2
677
 2013 04 20 10 47 53.819     2013 04 20 10 51  8.026     194.2
 2013 04 20 19 03 27.478     2013 04 20 19 06 42.543     195.1
678
 2013 04 20 14 03 17.271     2013 04 20 14 06 36.558     199.3
 2013 04 20 18 58 46.642     2013 04 20 19 01 54.282     187.6
679
 2013 04 20 12 22 15.060     2013 04 20 12 25 28.835     193.8
 2013 04 20 20 37 52.227     2013 04 20 20 41 16.715     204.5
680
 2013 04 20 12 16 46.619     2013 04 20 12 19 46.257     179.6
681
 2013 04 20 10 50 13.219     2013 04 20 10 53 26.013     192.8
 2013 04 20 19 02 46.174     2013 04 20 19 04   .918      74.7
682
 2013 04 20 12 27 16.869     2013 04 20 12 29 53.133     156.3
 2013 04 20 19 00 55.051     2013 04 20 19 03 33.636     158.6
683
 2013 04 20 00 18 40.836     2013 04 20 00 19  8.871      28.0
684
 2013 04 20 20 46 21.510     2013 04 20 20 46 59.889      38.4
685
 2013 04 20 10 40 46.199     2013 04 20 10 43 21.803     155.6
686
 2013 04 20 12 12 44.876     2013 04 20 12 15 43.628     178.8
687
 2013 04 20 22 14 16.545     2013 04 20 22 14 31.046      14.5
688
 2013 04 20 12 24  1.720     2013 04 20 12 26 54.248     172.5
 2013 04 20 20 39 13.476     2013 04 20 20 42 16.822     183.3
689
 2013 04 20 20 47 46.189     2013 04 20 20 50 48.500     182.3
690
 2013 04 20 12 20 25.428     2013 04 20 12 23 30.324     184.9
691
 2013 04 20 12 18 54.960     2013 04 20 12 22  5.136     190.2
 2013 04 20 22 18 37.520     2013 04 20 22 22  1.775     204.3
692
 2013 04 20 12 15 20.792     2013 04 20 12 17 56.206     155.4
693
 2013 04 20 12 21 34.704     2013 04 20 12 25 18.696     224.0
 2013 04 20 20 41 22.639     2013 04 20 20 41 23.475        .8
694
 2013 04 20 14 02 30.017     2013 04 20 14 05 39.393     189.4
 2013 04 20 20 35 54.665     2013 04 20 20 39 34.788     220.1
695
 2013 04 20 20 40 32.683     2013 04 20 20 43 11.220     158.5
696
 2013 04 20 10 41 24.228     2013 04 20 10 44 25.709     181.5
697
 2013 04 20 12 22  9.017     2013 04 20 12 25  6.182     177.2
 2013 04 20 20 39 29.870     2013 04 20 20 42 49.920     200.0
698
 2013 04 20 20 46 17.055     2013 04 20 20 48 48.237     151.2
699
 2013 04 20 13 53 54.217     2013 04 20 13 56 56.000     181.8
700
 2013 04 20 13 58 50.138     2013 04 20 14 01 38.162     168.0
 2013 04 20 22 13 21.905     2013 04 20 22 16 47.943     206.0
701
 2013 04 20 20 47 35.853     2013 04 20 20 47 59.576      23.7
702
 2013 04 20 13 59 21.527     2013 04 20 14 02 53.855     212.3
703
 2013 04 20 22 16 11.469     2013 04 20 22 18 44.537     153.1
704
 2013 04 20 12 13 56.084     2013 04 20 12 16 51.004     174.9
705
 2013 04 20 20 48  2.565     2013 04 20 20 50 59.223     176.7
706
 2013 04 20 12 21 49.474     2013 04 20 12 25 19.584     210.1
 2013 04 20 20 39 56.952     2013 04 20 20 43 14.402     197.4
707
 2013 04 20 12 13  9.852     2013 04 20 12 16 24.077     194.2
708
 2013 04 20 12 25 29.971     2013 04 20 12 29 10.036     220.1
 2013 04 20 19 01 33.529     2013 04 20 19 05  6.919     213.4
709
 2013 04 20 14 02 37.050     2013 04 20 14 05 37.968     180.9
 2013 04 20 19 01 41.081     2013 04 20 19 01 49.376       8.3
 2013 04 20 20 35 45.099     2013 04 20 20 39 31.185     226.1
710
 2013 04 20 10 40 47.071     2013 04 20 10 44  1.474     194.4
711
 2013 04 20 12 20 57.784     2013 04 20 12 23 41.098     163.3
712
 2013 04 20 12 15 58.759     2013 04 20 12 16 15.993      17.2
 2013 04 20 22 20 23.712     2013 04 20 22 23 27.552     183.8
713
 2013 04 20 22 21 46.612     2013 04 20 22 24 17.386     150.8
714
 2013 04 20 22 20 37.798     2013 04 20 22 24  3.693     205.9
715
 2013 04 20 12 18 24.873     2013 04 20 12 22   .947     216.1
 2013 04 20 22 19  7.249     2013 04 20 22 22 20.516     193.3
716
 2013 04 20 13 56 22.029     2013 04 20 13 59 12.005     170.0
 2013 04 20 22 13 39.034     2013 04 20 22 13 52.116      13.1
717
 2013 04 20 15 36 12.165     2013 04 20 15 36 12.760        .6
 2013 04 20 22 11 14.893     2013 04 20 22 14 27.086     192.2
718
 2013 04 20 22 15 39.809     2013 04 20 22 18 19.759     159.9
719
 2013 04 20 12 18 40.065     2013 04 20 12 21 18.382     158.3
 2013 04 20 22 18 40.087     2013 04 20 22 21 18.843     158.8
720
721
 2013 04 20 13 57 35.204     2013 04 20 14 00 15.288     160.1
 2013 04 20 22 13 49.902     2013 04 20 22 16 25.932     156.0
722
 2013 04 20 12 13 50.971     2013 04 20 12 16 24.859     153.9
723
 2013 04 20 00 19 42.754     2013 04 20 00 22 53.330     190.6
724
 2013 04 20 00 22 11.324     2013 04 20 00 23 17.279      66.0
725
726
 2013 04 20 12 29 17.336     2013 04 20 12 32   .383     163.0
 2013 04 20 17 24  5.265     2013 04 20 17 26 48.499     163.2
727
 2013 04 20 00 15 32.469     2013 04 20 00 16 20.812      48.3
 2013 04 20 13 53 50.990     2013 04 20 13 56 37.545     166.6
728
 2013 04 20 10 50 21.823     2013 04 20 10 51  2.698      40.9
 2013 04 20 19 06 34.500     2013 04 20 19 06 43.242       8.7
729
730
 2013 04 20 12 18 26.710     2013 04 20 12 19 56.158      89.4
 2013 04 20 22 19  3.784     2013 04 20 22 22 34.766     211.0
731
 2013 04 20 10 44 26.934     2013 04 20 10 47 14.631     167.7
 2013 04 20 20 43 19.266     2013 04 20 20 45 56.757     157.5
732
 2013 04 20 12 28 35.405     2013 04 20 12 32 27.042     231.6
 2013 04 20 17 24 33.285     2013 04 20 17 27 50.499     197.2
733
 2013 04 20 10 39 57.037     2013 04 20 10 42 32.687     155.6
734
 2013 04 20 10 39 11.282     2013 04 20 10 42 50.827     219.5
735
 2013 04 20 20 46 29.796     2013 04 20 20 49  9.295     159.5
736
 2013 04 20 12 27  9.451     2013 04 20 12 30   .197     170.7
 2013 04 20 19 00 28.505     2013 04 20 19 03  9.032     160.5
737
 2013 04 20 10 47 34.797     2013 04 20 10 48 26.743      51.9
 2013 04 20 20 42  9.939     2013 04 20 20 44 56.141     166.2
738
739
 2013 04 20 12 25 17.485     2013 04 20 12 25 39.267      21.8
 2013 04 20 20 40 22.250     2013 04 20 20 41  2.419      40.2
740
 2013 04 20 12 23  1.206     2013 04 20 12 25 45.770     164.6
 2013 04 20 20 38 34.922     2013 04 20 20 41 18.356     163.4
741
 2013 04 20 13 58  3.928     2013 04 20 13 58 43.725      39.8
 2013 04 20 22 14 17.663     2013 04 20 22 17 44.703     207.0
742
 2013 04 20 20 40 48.190     2013 04 20 20 43 20.838     152.6
743
 2013 04 20 22 21  4.341     2013 04 20 22 24 10.899     186.6
744
 2013 04 20 10 43 59.454     2013 04 20 10 46 40.337     160.9
 2013 04 20 20 43 43.414     2013 04 20 20 46 14.647     151.2
745
746
 2013 04 20 14 00 36.414     2013 04 20 14 03 40.019     183.6
 2013 04 20 20 35 54.208     2013 04 20 20 38 55.584     181.4
747
 2013 04 20 10 46 31.468     2013 04 20 10 46 50.136      18.7
 2013 04 20 20 42 29.255     2013 04 20 20 45 47.740     198.5
748
 2013 04 20 12 16 24.989     2013 04 20 12 16 36.425      11.4
 2013 04 20 22 20 25.644     2013 04 20 22 23  5.321     159.7
749
750
 2013 04 20 10 42 46.013     2013 04 20 10 45 44.329     178.3
 2013 04 20 20 45  2.162     2013 04 20 20 47 49.524     167.4
751
 2013 04 20 14 01  6.020     2013 04 20 14 04 31.029     205.0
 2013 04 20 15 38 41.352     2013 04 20 15 39 21.730      40.4
 2013 04 20 20 34 28.496     2013 04 20 20 37  4.444     155.9
752
 2013 04 20 13 58 56.553     2013 04 20 14 01 34.446     157.9
 2013 04 20 22 13  6.708     2013 04 20 22 16 30.532     203.8
753
 2013 04 20 00 18 41.000     2013 04 20 00 19 18.565      37.6
754
 2013 04 20 13 54 54.431     2013 04 20 13 57 37.205     162.8
755
756
 2013 04 20 20 40 26.622     2013 04 20 20 43 58.275     211.7
757
 2013 04 20 12 13 27.076     2013 04 20 12 16  2.048     155.0
758
 2013 04 20 00 20 22.128     2013 04 20 00 23 47.957     205.8
 2013 04 20 12 15 30.175     2013 04 20 12 16 41.484      71.3
759
 2013 04 20 10 37 56.784     2013 04 20 10 40 40.733     163.9
 2013 04 20 22 24 24.170     2013 04 20 22 27  7.294     163.1
760
 2013 04 20 14 01 58.394     2013 04 20 14 04 34.272     155.9
 2013 04 20 20 35 23.046     2013 04 20 20 38 10.627     167.6
761
 2013 04 20 10 41 51.260     2013 04 20 10 45 20.049     208.8
 2013 04 20 20 45 25.917     2013 04 20 20 48 42.642     196.7
762
 2013 04 20 12 22   .852     2013 04 20 12 24 54.408     173.6
 2013 04 20 20 41 11.483     2013 04 20 20 41 54.761      43.3
763
 2013 04 20 10 39 38.723     2013 04 20 10 42 51.207     192.5
764
 2013 04 20 00 21 22.688     2013 04 20 00 24 10.855     168.2
765
 2013 04 20 12 17 14.796     2013 04 20 12 20 14.783     180.0
 2013 04 20 22 17 47.247     2013 04 20 22 21 16.707     209.5
766
 2013 04 20 10 44 17.830     2013 04 20 10 47  9.393     171.6
 2013 04 20 20 43 20.069     2013 04 20 20 45 53.631     153.6
767
 2013 04 20 12 14 31.164     2013 04 20 12 17  5.463     154.3
768
 2013 04 20 20 45 47.153     2013 04 20 20 48 25.761     158.6
769
 2013 04 20 12 21 17.836     2013 04 20 12 24 50.272     212.4
770
771
 2013 04 20 12 25 24.701     2013 04 20 12 28 13.184     168.5
 2013 04 20 19 03 20.137     2013 04 20 19 03 39.728      19.6
772
 2013 04 20 12 29 41.051     2013 04 20 12 29 42.969       1.9
 2013 04 20 14 03 34.834     2013 04 20 14 07 13.622     218.8
 2013 04 20 18 59 20.545     2013 04 20 19 02  7.856     167.3
773
 2013 04 20 12 27 53.054     2013 04 20 12 30 57.082     184.0
 2013 04 20 19 01 29.207     2013 04 20 19 04 52.547     203.3
774
 2013 04 20 15 37 20.177     2013 04 20 15 40 24.616     184.4
 2013 04 20 20 32 32.068     2013 04 20 20 36 15.447     223.4
775
 2013 04 20 10 40 12.585     2013 04 20 10 42 56.165     163.6
776
 2013 04 20 14 02 52.096     2013 04 20 14 05 44.788     172.7
 2013 04 20 18 57 51.499     2013 04 20 19 01 35.775     224.3
 2013 04 20 20 35 28.792     2013 04 20 20 35 40.475      11.7
777
 2013 04 20 10 45 26.865     2013 04 20 10 48  3.438     156.6
 2013 04 20 20 42 57.754     2013 04 20 20 43 24.872      27.1
778
 2013 04 20 12 20  9.825     2013 04 20 12 22 44.083     154.3
779
780
 2013 04 20 10 49 40.813     2013 04 20 10 52 28.088     167.3
 2013 04 20 19 03 45.459     2013 04 20 19 06 41.068     175.6
781
 2013 04 20 20 45 39.142     2013 04 20 20 49 18.642     219.5
782
 2013 04 20 22 20 41.650     2013 04 20 22 23 28.545     166.9
783
 2013 04 20 13 53 58.381     2013 04 20 13 57 28.586     210.2
784
 2013 04 20 22 22 46.675     2013 04 20 22 25 33.761     167.1
785
 2013 04 20 20 42  1.644     2013 04 20 20 44 36.717     155.1
786
 2013 04 20 10 52 19.469     2013 04 20 10 53   .141      40.7
 2013 04 20 19 02 57.421     2013 04 20 19 05 40.312     162.9
787
 2013 04 20 15 36 56.488     2013 04 20 15 39 37.270     160.8
 2013 04 20 20 31 18.158     2013 04 20 20 35  7.790     229.6
 2013 04 20 22 09 19.634     2013 04 20 22 12 48.951     209.3
788
 2013 04 20 12 21 50.107     2013 04 20 12 24 46.805     176.7
 2013 04 20 20 39 18.588     2013 04 20 20 39 39.388      20.8
789
790
 2013 04 20 13 56 21.458     2013 04 20 13 59  1.192     159.7
 2013 04 20 22 17  5.073     2013 04 20 22 17 23.298      18.2
791
 2013 04 20 12 16 34.240     2013 04 20 12 19 28.325     174.1
792
 2013 04 20 10 48  6.566     2013 04 20 10 51  5.866     179.3
 2013 04 20 19 05 14.635     2013 04 20 19 08  3.366     168.7
793
 2013 04 20 00 17 29.653     2013 04 20 00 21  1.569     211.9
794
 2013 04 20 00 15 49.609     2013 04 20 00 19 27.716     218.1
 2013 04 20 13 53 36.195     2013 04 20 13 56 26.481     170.3
795
 2013 04 20 12 20 53.584     2013 04 20 12 23 28.047     154.5
796
 2013 04 20 20 46  5.130     2013 04 20 20 49 43.350     218.2
797
 2013 04 20 12 22 47.363     2013 04 20 12 25 41.398     174.0
 2013 04 20 20 38 20.805     2013 04 20 20 41 14.002     173.2
798
 2013 04 20 13 59 10.729     2013 04 20 13 59 55.861      45.1
799
 2013 04 20 10 46 28.344     2013 04 20 10 49 48.616     200.3
800
 2013 04 20 00 21 20.281     2013 04 20 00 23 53.902     153.6
801
 2013 04 20 12 19 54.376     2013 04 20 12 23 35.241     220.9
 2013 04 20 22 15 56.843     2013 04 20 22 17 16.121      79.3
802
 2013 04 20 15 35 45.643     2013 04 20 15 38 46.735     181.1
 2013 04 20 22 10 38.628     2013 04 20 22 13 12.620     154.0
803
 2013 04 20 12 26 33.749     2013 04 20 12 29 27.723     174.0
 2013 04 20 19 01 30.120     2013 04 20 19 04 11.434     161.3
804
 2013 04 20 12 27 23.758     2013 04 20 12 27 24.850       1.1
 2013 04 20 20 37 22.960     2013 04 20 20 39 59.775     156.8
805
 2013 04 20 10 44 22.057     2013 04 20 10 48  8.707     226.6
 2013 04 20 20 44 10.916     2013 04 20 20 44 41.280      30.4
806
 2013 04 20 12 24 41.959     2013 04 20 12 25 31.587      49.6
807
808
 2013 04 20 12 17  5.763     2013 04 20 12 19 54.371     168.6
 2013 04 20 22 17 57.279     2013 04 20 22 21 39.876     222.6
809
 2013 04 20 10 48 27.552     2013 04 20 10 51  6.207     158.7
 2013 04 20 19 04 15.277     2013 04 20 19 07  4.397     169.1
810
 2013 04 20 15 35 41.310     2013 04 20 15 39 24.920     223.6
 2013 04 20 22 11 10.247     2013 04 20 22 13 45.268     155.0
811
 2013 04 20 10 46 32.496     2013 04 20 10 49 23.732     171.2
812
 2013 04 20 10 48 24.883     2013 04 20 10 51 21.534     176.7
 2013 04 20 19 03 52.065     2013 04 20 19 06 39.413     167.3
813
 2013 04 20 10 39 52.243     2013 04 20 10 42 25.532     153.3
814
 2013 04 20 20 48  9.876     2013 04 20 20 50 43.393     153.5
815
 2013 04 20 13 55 11.101     2013 04 20 13 58 56.549     225.4
816
 2013 04 20 13 54 34.932     2013 04 20 13 58 12.743     217.8
817
 2013 04 20 10 47 22.651     2013 04 20 10 50 55.930     213.3
 2013 04 20 19 03   .072     2013 04 20 19 03 22.246      22.2
818
 2013 04 20 12 16 43.861     2013 04 20 12 17 43.674      59.8
819
 2013 04 20 10 44 49.384     2013 04 20 10 47 32.231     162.8
 2013 04 20 20 43 42.754     2013 04 20 20 47  2.358     199.6
820
 2013 04 20 22 22 37.899     2013 04 20 22 26  5.961     208.1
821
 2013 04 20 15 37 23.949     2013 04 20 15 39 59.871     155.9
 2013 04 20 20 31 55.504     2013 04 20 20 35 20.873     205.4
 2013 04 20 22 09 20.367     2013 04 20 22 09 31.133      10.8
822
823
 2013 04 20 20 40 57.163     2013 04 20 20 43 44.384     167.2
824
 2013 04 20 12 16 57.967     2013 04 20 12 20 11.910     193.9
 2013 04 20 22 19 44.714     2013 04 20 22 22 33.781     169.1
825
 2013 04 20 14 02 56.880     2013 04 20 14 05 50.297     173.4
 2013 04 20 18 57 57.962     2013 04 20 19 01 35.229     217.3
826
 2013 04 20 13 56 48.641     2013 04 20 14 00  2.106     193.5
 2013 04 20 22 12 23.235     2013 04 20 22 15 40.089     196.9
827
 2013 04 20 12 13  9.379     2013 04 20 12 14  1.431      52.1
828
 2013 04 20 10 47  8.564     2013 04 20 10 49 56.039     167.5
829
 2013 04 20 12 23 30.052     2013 04 20 12 26  5.901     155.8
 2013 04 20 20 39  8.998     2013 04 20 20 41 41.830     152.8
830
 2013 04 20 20 37 15.551     2013 04 20 20 40 18.176     182.6
831
 2013 04 20 13 57 21.626     2013 04 20 13 59 56.649     155.0
 2013 04 20 22 13 23.120     2013 04 20 22 16 13.494     170.4
832
 2013 04 20 13 54 17.499     2013 04 20 13 57 41.734     204.2
833
 2013 04 20 12 17 42.893     2013 04 20 12 20 51.844     189.0
 2013 04 20 22 19 32.828     2013 04 20 22 22  3.536     150.7
834
 2013 04 20 10 42 54.509     2013 04 20 10 45 36.067     161.6
 2013 04 20 20 44 40.469     2013 04 20 20 47 35.630     175.2
835
 2013 04 20 10 44  3.241     2013 04 20 10 46 49.169     165.9
 2013 04 20 20 43 34.310     2013 04 20 20 46  5.451     151.1
836
 2013 04 20 10 45 54.640     2013 04 20 10 46  1.456       6.8
837
 2013 04 20 12 15 30.953     2013 04 20 12 18 40.419     189.5
838
 2013 04 20 14 02 27.076     2013 04 20 14 05 56.882     209.8
 2013 04 20 20 36  5.948     2013 04 20 20 37 49.029     103.1
839
 2013 04 20 20 40 22.577     2013 04 20 20 43 54.789     212.2
840
841
 2013 04 20 10 38 12.454     2013 04 20 10 39 49.364      96.9
842
 2013 04 20 15 36 54.868     2013 04 20 15 39 35.593     160.7
 2013 04 20 22 09 59.717     2013 04 20 22 13 19.819     200.1
843
 2013 04 20 12 26 14.152     2013 04 20 12 29 46.423     212.3
 2013 04 20 19 01 58.122     2013 04 20 19 04 42.243     164.1
844
 2013 04 20 20 50 53.866     2013 04 20 20 51  2.634       8.8
845
 2013 04 20 14 00  2.739     2013 04 20 14 03 27.922     205.2
 2013 04 20 20 35 50.301     2013 04 20 20 39 26.070     215.8
846
 2013 04 20 12 26  9.037     2013 04 20 12 28 47.582     158.5
 2013 04 20 19 00 49.927     2013 04 20 19 04  1.578     191.7
847
 2013 04 20 13 59 51.384     2013 04 20 14 02 28.186     156.8
848
 2013 04 20 12 21 47.883     2013 04 20 12 24 46.747     178.9
 2013 04 20 20 39 20.195     2013 04 20 20 39 31.907      11.7
849
 2013 04 20 14 00 19.674     2013 04 20 14 02 57.113     157.4
 2013 04 20 20 34 39.858     2013 04 20 20 38 12.604     212.7
850
 2013 04 20 12 25 57.515     2013 04 20 12 26 13.346      15.8
 2013 04 20 20 37 21.587     2013 04 20 20 40 31.219     189.6
851
 2013 04 20 13 54 28.949     2013 04 20 13 57  8.444     159.5
852
 2013 04 20 10 48 20.693     2013 04 20 10 51  8.153     167.5
 2013 04 20 19 05  3.495     2013 04 20 19 07 47.327     163.8
853
 2013 04 20 09 08 42.358     2013 04 20 09 09  6.363      24.0
854
 2013 04 20 10 47  9.510     2013 04 20 10 50 53.954     224.4
 2013 04 20 19 05 37.032     2013 04 20 19 08 58.675     201.6
855
 2013 04 20 12 21 23.429     2013 04 20 12 24 32.305     188.9
856
 2013 04 20 12 20 25.948     2013 04 20 12 23  2.524     156.6
857
 2013 04 20 00 16  8.893     2013 04 20 00 17 14.358      65.5
 2013 04 20 13 53 18.142     2013 04 20 13 56 37.806     199.7
858
 2013 04 20 15 35 14.013     2013 04 20 15 36 16.742      62.7
 2013 04 20 22 11 15.433     2013 04 20 22 13 51.148     155.7
859
 2013 04 20 22 15 13.368     2013 04 20 22 17  5.695     112.3
860
 2013 04 20 14 01 31.575     2013 04 20 14 04 19.720     168.1
 2013 04 20 20 35 58.569     2013 04 20 20 38 32.902     154.3
861
 2013 04 20 13 58 41.628     2013 04 20 14 01 22.360     160.7
 2013 04 20 22 12 48.586     2013 04 20 22 15 47.807     179.2
862
 2013 04 20 14 04 38.374     2013 04 20 14 04 52.608      14.2
 2013 04 20 15 38 53.191     2013 04 20 15 42 13.542     200.4
 2013 04 20 20 34  1.344     2013 04 20 20 36 38.825     157.5
863
 2013 04 20 00 19  7.808     2013 04 20 00 20 13.585      65.8
864
 2013 04 20 20 47 45.950     2013 04 20 20 50 50.343     184.4
865
 2013 04 20 22 15 52.924     2013 04 20 22 18 35.964     163.0
866
867
 2013 04 20 12 14 22.575     2013 04 20 12 17 28.733     186.2
868
 2013 04 20 22 21 16.462     2013 04 20 22 23 46.780     150.3
869
 2013 04 20 20 40 39.376     2013 04 20 20 43 48.320     188.9
870
 2013 04 20 10 45 45.031     2013 04 20 10 48 27.027     162.0
871
 2013 04 20 12 27 52.078     2013 04 20 12 30 30.647     158.6
 2013 04 20 17 26 16.550     2013 04 20 17 26 21.139       4.6
 2013 04 20 19 00 34.425     2013 04 20 19 03 49.212     194.8
872
 2013 04 20 12 18 57.813     2013 04 20 12 19 24.517      26.7
 2013 04 20 22 16 43.927     2013 04 20 22 19 29.672     165.7
873
 2013 04 20 10 37 27.759     2013 04 20 10 40 42.135     194.4
 2013 04 20 22 24 11.456     2013 04 20 22 26 41.730     150.3
874
 2013 04 20 12 27 38.832     2013 04 20 12 30 21.208     162.4
 2013 04 20 19 01 16.356     2013 04 20 19 04 12.032     175.7
875
 2013 04 20 12 23 16.307     2013 04 20 12 26  2.515     166.2
 2013 04 20 20 38 34.257     2013 04 20 20 41  9.175     154.9
876
 2013 04 20 15 37 26.382     2013 04 20 15 40 33.183     186.8
 2013 04 20 20 32 41.752     2013 04 20 20 36 15.791     214.0
877
878
 2013 04 20 10 41 52.029     2013 04 20 10 44 52.473     180.4
879
 2013 04 20 14 01  3.334     2013 04 20 14 03 39.635     156.3
 2013 04 20 20 35 14.669     2013 04 20 20 37 57.520     162.9
880
881
 2013 04 20 10 47 12.949     2013 04 20 10 50 31.241     198.3
882
883
884
 2013 04 20 14 00 39.038     2013 04 20 14 03 49.223     190.2
 2013 04 20 20 36  3.148     2013 04 20 20 38 58.627     175.5
885
886
 2013 04 20 00 16 15.097     2013 04 20 00 19 56.676     221.6
 2013 04 20 13 53 12.627     2013 04 20 13 56 31.989     199.4
887
 2013 04 20 00 19 25.795     2013 04 20 00 22  1.018     155.2
888
 2013 04 20 13 55 27.770     2013 04 20 13 59 13.480     225.7
889
 2013 04 20 12 17 12.704     2013 04 20 12 19 51.514     158.8
 2013 04 20 22 19  1.699     2013 04 20 22 22 10.802     189.1
890
 2013 04 20 14 00 54.500     2013 04 20 14 04 17.004     202.5
 2013 04 20 15 38 24.779     2013 04 20 15 38 25.987       1.2
 2013 04 20 20 34 29.310     2013 04 20 20 37  3.825     154.5
891
 2013 04 20 12 22 46.513     2013 04 20 12 25 48.135     181.6
 2013 04 20 20 39 47.187     2013 04 20 20 42 25.772     158.6
892
 2013 04 20 10 39 48.840     2013 04 20 10 42 22.111     153.3
893
 2013 04 20 10 42 46.884     2013 04 20 10 46 12.177     205.3
 2013 04 20 20 42 58.042     2013 04 20 20 46 22.700     204.7
894
895
 2013 04 20 12 23 22.962     2013 04 20 12 26 18.743     175.8
 2013 04 20 20 39 37.790     2013 04 20 20 42 12.269     154.5
896
 2013 04 20 14 00 53.253     2013 04 20 14 03 45.192     171.9
 2013 04 20 20 34 48.626     2013 04 20 20 37 30.766     162.1
897
 2013 04 20 12 13 38.936     2013 04 20 12 16 22.774     163.8
898
 2013 04 20 22 15 56.405     2013 04 20 22 18 48.776     172.4
899
 2013 04 20 13 59 47.695     2013 04 20 14 03 22.532     214.8
 2013 04 20 20 33 47.479     2013 04 20 20 37 13.712     206.2
900
 2013 04 20 13 56 41.764     2013 04 20 13 59 19.255     157.5
 2013 04 20 22 13 25.640     2013 04 20 22 17   .284     214.6
901
 2013 04 20 19 02 53.307     2013 04 20 19 05 40.910     167.6
902
903
 2013 04 20 20 37  8.764     2013 04 20 20 39 45.422     156.7
904
 2013 04 20 20 47 22.134     2013 04 20 20 47 59.348      37.2
905
 2013 04 20 10 37 23.844     2013 04 20 10 41  1.123     217.3
 2013 04 20 22 23 53.308     2013 04 20 22 26 23.412     150.1
906
 2013 04 20 10 45 21.127     2013 04 20 10 45 54.917      33.8
907
 2013 04 20 13 58 28.242     2013 04 20 14 01 31.640     183.4
 2013 04 20 22 12 26.917     2013 04 20 22 15 19.317     172.4
908
 2013 04 20 22 20 41.582     2013 04 20 22 23 12.110     150.5
909
 2013 04 20 12 26 17.156     2013 04 20 12 29  4.012     166.9
 2013 04 20 19 01 11.168     2013 04 20 19 04  9.800     178.6
910
911
 2013 04 20 12 23 18.343     2013 04 20 12 26 45.754     207.4
 2013 04 20 20 39 56.275     2013 04 20 20 42 39.274     163.0
912
 2013 04 20 10 41 53.420     2013 04 20 10 42 35.799      42.4
 2013 04 20 20 45 51.577     2013 04 20 20 48 39.683     168.1
913
914
 2013 04 20 10 50 21.013     2013 04 20 10 50 37.552      16.5
915
 2013 04 20 20 37 17.374     2013 04 20 20 40 10.624     173.2
916
 2013 04 20 10 42 45.328     2013 04 20 10 45 37.102     171.8
 2013 04 20 20 44 54.764     2013 04 20 20 47 48.219     173.5
917
918
 2013 04 20 20 46 51.845     2013 04 20 20 49 59.814     188.0
919
 2013 04 20 22 16 43.983     2013 04 20 22 19 42.597     178.6
920
921
 2013 04 20 22 15 14.375     2013 04 20 22 16  8.286      53.9
922
 2013 04 20 12 14 25.303     2013 04 20 12 18  8.983     223.7
923
 2013 04 20 10 45 15.774     2013 04 20 10 47 51.837     156.1
 2013 04 20 20 42 55.017     2013 04 20 20 46 22.980     208.0
924
 2013 04 20 10 40 44.277     2013 04 20 10 44 17.958     213.7
925
 2013 04 20 12 24 42.568     2013 04 20 12 28 11.823     209.3
 2013 04 20 20 36 54.408     2013 04 20 20 37 13.819      19.4
926
 2013 04 20 20 42 22.610     2013 04 20 20 44 54.909     152.3
927
 2013 04 20 13 59 28.614     2013 04 20 14 02 31.251     182.6
928
 2013 04 20 15 36 53.853     2013 04 20 15 37  9.588      15.7
 2013 04 20 20 36 55.343     2013 04 20 20 37  6.241      10.9
929
 2013 04 20 15 36 49.910     2013 04 20 15 39 29.690     159.8
 2013 04 20 20 31 10.392     2013 04 20 20 31 12.279       1.9
 2013 04 20 22 09 25.843     2013 04 20 22 12 44.615     198.8
930
 2013 04 20 13 56 52.086     2013 04 20 13 59 34.923     162.8
 2013 04 20 22 12 50.697     2013 04 20 22 16 16.491     205.8
931
 2013 04 20 14 00 18.220     2013 04 20 14 00 37.597      19.4
 2013 04 20 22 11 48.806     2013 04 20 22 15  2.281     193.5
932
933
 2013 04 20 20 40 28.732     2013 04 20 20 44  8.510     219.8
934
 2013 04 20 12 15 33.253     2013 04 20 12 19 12.412     219.2
 2013 04 20 22 23 57.989     2013 04 20 22 23 59.924       1.9
935
936
 2013 04 20 12 25 49.800     2013 04 20 12 28 25.827     156.0
 2013 04 20 19 00 14.280     2013 04 20 19 03 52.114     217.8
937
 2013 04 20 10 46  9.213     2013 04 20 10 46 28.296      19.1
 2013 04 20 20 42 23.327     2013 04 20 20 42 30.029       6.7
938
 2013 04 20 13 58 30.919     2013 04 20 14 01 14.577     163.7
 2013 04 20 22 13 34.259     2013 04 20 22 16 31.846     177.6
939
 2013 04 20 12 13 25.324     2013 04 20 12 16  8.475     163.2
940
941
942
 2013 04 20 12 19  3.131     2013 04 20 12 22  6.507     183.4
 2013 04 20 22 18 28.884     2013 04 20 22 21 56.077     207.2
943
944
 2013 04 20 12 27  5.120     2013 04 20 12 30 12.219     187.1
 2013 04 20 19 01 48.754     2013 04 20 19 04 25.573     156.8
945
 2013 04 20 15 37 38.413     2013 04 20 15 40 15.306     156.9
 2013 04 20 20 32 17.389     2013 04 20 20 35 30.168     192.8
946
 2013 04 20 14 01 51.658     2013 04 20 14 01 52.321        .7
 2013 04 20 22 11 51.021     2013 04 20 22 14 27.594     156.6
947
 2013 04 20 22 20 56.385     2013 04 20 22 23 41.012     164.6
948
949
 2013 04 20 20 45 50.905     2013 04 20 20 48 27.396     156.5
950
 2013 04 20 15 38 11.294     2013 04 20 15 41 32.122     200.8
 2013 04 20 20 33 39.638     2013 04 20 20 36 23.158     163.5
951
 2013 04 20 10 48  9.170     2013 04 20 10 48 44.640      35.5
 2013 04 20 20 41 54.591     2013 04 20 20 44 53.986     179.4
952
 2013 04 20 10 41 30.025     2013 04 20 10 45 13.192     223.2
 2013 04 20 20 45 34.534     2013 04 20 20 49  3.386     208.9
953
 2013 04 20 12 17 26.626     2013 04 20 12 20  4.404     157.8
 2013 04 20 22 19   .885     2013 04 20 22 21 56.761     175.9
954
 2013 04 20 12 29 21.849     2013 04 20 12 29 41.871      20.0
 2013 04 20 14 03 35.513     2013 04 20 14 07 18.535     223.0
 2013 04 20 18 59 24.695     2013 04 20 19 02 10.861     166.2
955
 2013 04 20 12 28 11.166     2013 04 20 12 30 47.021     155.9
 2013 04 20 17 22 40.593     2013 04 20 17 26 30.933     230.3
 2013 04 20 19 00 37.396     2013 04 20 19 04 15.666     218.3
956
 2013 04 20 10 40  2.680     2013 04 20 10 42 35.958     153.3
957
 2013 04 20 20 41  5.777     2013 04 20 20 43 54.395     168.6
958
 2013 04 20 10 45 28.688     2013 04 20 10 48 12.575     163.9
959
 2013 04 20 13 56 57.106     2013 04 20 13 59 45.985     168.9
 2013 04 20 22 12 46.160     2013 04 20 22 16  2.739     196.6
960
 2013 04 20 12 28 55.810     2013 04 20 12 32 23.212     207.4
 2013 04 20 17 24 32.683     2013 04 20 17 27 31.797     179.1
961
962
963
 2013 04 20 22 15 48.911     2013 04 20 22 18 25.126     156.2
964
 2013 04 20 10 47   .217     2013 04 20 10 50   .007     179.8
965
 2013 04 20 12 14 11.983     2013 04 20 12 15 18.258      66.3
966
 2013 04 20 12 25 35.646     2013 04 20 12 28 29.190     173.5
 2013 04 20 18 59 43.723     2013 04 20 19 03 24.061     220.3
967
 2013 04 20 09 04 42.096     2013 04 20 09 08  4.000     201.9
 2013 04 20 20 47 59.527     2013 04 20 20 48 14.545      15.0
968
 2013 04 20 00 20 51.355     2013 04 20 00 23 57.185     185.8
969
 2013 04 20 22 22 11.192     2013 04 20 22 25  6.282     175.1
970
971
 2013 04 20 22 24 19.210     2013 04 20 22 25 19.276      60.1
972
 2013 04 20 10 38 18.949     2013 04 20 10 41  4.689     165.7
 2013 04 20 22 24 34.887     2013 04 20 22 26 12.828      97.9
973
974
 2013 04 20 12 21 37.640     2013 04 20 12 24 12.879     155.2
975
 2013 04 20 12 20 46.133     2013 04 20 12 23 35.854     169.7
976
 2013 04 20 12 22 50.688     2013 04 20 12 25 27.282     156.6
 2013 04 20 20 39 10.701     2013 04 20 20 42   .456     169.8
977
 2013 04 20 13 57 54.971     2013 04 20 14 00 54.089     179.1
 2013 04 20 22 14  6.476     2013 04 20 22 16 43.608     157.1
978
 2013 04 20 12 24 29.261     2013 04 20 12 27 19.734     170.5
 2013 04 20 20 38 48.780     2013 04 20 20 42 27.906     219.1
979
 2013 04 20 12 18 35.164     2013 04 20 12 21  9.150     154.0
 2013 04 20 22 18 32.440     2013 04 20 22 21  5.236     152.8
980
 2013 04 20 14 00 13.813     2013 04 20 14 00 18.684       4.9
 2013 04 20 22 11 33.666     2013 04 20 22 15 19.047     225.4
981
 2013 04 20 15 37 14.745     2013 04 20 15 40 26.834     192.1
 2013 04 20 20 32 33.222     2013 04 20 20 33 59.555      86.3
 2013 04 20 22 10 12.338     2013 04 20 22 10 11.710       -.6
982
983
 2013 04 20 10 45 16.666     2013 04 20 10 47 55.800     159.1
 2013 04 20 20 43 11.370     2013 04 20 20 44 16.223      64.9
984
 2013 04 20 14 00 39.435     2013 04 20 14 03 16.340     156.9
 2013 04 20 20 35 14.943     2013 04 20 20 38 23.815     188.9
985
 2013 04 20 12 27 45.016     2013 04 20 12 30 23.445     158.4
 2013 04 20 19 00 38.363     2013 04 20 19 03 43.957     185.6
986
 2013 04 20 12 15 32.143     2013 04 20 12 18  5.553     153.4
987
 2013 04 20 12 22 36.267     2013 04 20 12 25 29.071     172.8
 2013 04 20 20 39 35.323     2013 04 20 20 42 26.587     171.3
988
 2013 04 20 10 46 28.967     2013 04 20 10 49  3.586     154.6
989
 2013 04 20 12 29   .682     2013 04 20 12 31 37.233     156.6
 2013 04 20 17 23 38.156     2013 04 20 17 26 30.879     172.7
990
 2013 04 20 12 20 17.581     2013 04 20 12 23 34.107     196.5
991
 2013 04 20 00 16 14.119     2013 04 20 00 19 45.206     211.1
 2013 04 20 13 53 14.205     2013 04 20 13 56 22.713     188.5
992
 2013 04 20 09 04 16.035     2013 04 20 09 07 42.355     206.3
 2013 04 20 20 48 25.619     2013 04 20 20 51 54.619     209.0
993
994
 2013 04 20 12 27 28.077     2013 04 20 12 30 11.481     163.4
 2013 04 20 19 01 21.506     2013 04 20 19 04  7.379     165.9
995
 2013 04 20 10 38 14.174     2013 04 20 10 41 13.352     179.2
 2013 04 20 22 24 39.677     2013 04 20 22 25 10.814      31.1
996
 2013 04 20 20 50 35.282     2013 04 20 20 51 52.628      77.3
997
 2013 04 20 10 50 14.364     2013 04 20 10 53  6.306     171.9
 2013 04 20 19 03 10.922     2013 04 20 19 06 52.754     221.8
998
 2013 04 20 10 49 31.254     2013 04 20 10 49 37.176       5.9
 2013 04 20 20 41  1.217     2013 04 20 20 41 41.084      39.9
999
 2013 04 20 10 47 13.509     2013 04 20 10 49 48.737     155.2
