0 30.6110 130.5049 7 19 6
2  45.0 45.0 0.00
1 20.5693 120.3820 7 29 6
2  45.0 45.0 0.00
2 4.9435 108.6104 7 25 9
2  45.0 45.0 0.00
3 10.4813 132.6885 7 20 5
2  45.0 45.0 0.00
4 8.8705 84.7546 2 22 5
2  45.0 45.0 0.00
5 40.2995 95.4393 1 22 6
2  45.0 45.0 0.00
6 11.9392 132.7807 6 15 9
2  45.0 45.0 0.00
7 38.4920 107.8035 5 20 5
2  45.0 45.0 0.00
8 51.7521 123.1790 7 27 8
2  45.0 45.0 0.00
9 28.7114 132.3955 4 19 9
2  45.0 45.0 0.00
10 16.9545 74.5512 4 22 6
2  45.0 45.0 0.00
11 20.8154 99.9452 6 18 6
2  45.0 45.0 0.00
12 51.8699 89.3493 10 23 8
2  45.0 45.0 0.00
13 5.1263 105.9078 5 25 7
2  45.0 45.0 0.00
14 31.4784 112.0084 10 17 7
2  45.0 45.0 0.00
15 17.0547 96.4755 2 27 8
2  45.0 45.0 0.00
16 40.8033 77.3317 6 23 5
2  45.0 45.0 0.00
17 10.6466 104.6108 3 24 7
2  45.0 45.0 0.00
18 16.0376 95.3240 1 15 6
2  45.0 45.0 0.00
19 38.1277 88.2513 7 15 5
2  45.0 45.0 0.00
20 51.2882 91.1076 3 26 5
2  45.0 45.0 0.00
21 34.4475 126.5369 8 15 6
2  45.0 45.0 0.00
22 51.2525 111.1383 3 21 8
2  45.0 45.0 0.00
23 48.2601 115.7252 2 23 7
2  45.0 45.0 0.00
24 28.7839 125.9239 4 18 7
2  45.0 45.0 0.00
25 12.8751 110.6442 7 27 8
2  45.0 45.0 0.00
26 4.3452 92.9123 5 24 7
2  45.0 45.0 0.00
27 25.7136 90.8002 6 23 6
2  45.0 45.0 0.00
28 16.0325 101.4377 7 21 5
2  45.0 45.0 0.00
29 34.2558 130.7123 2 18 5
2  45.0 45.0 0.00
30 52.5234 114.2366 8 23 9
2  45.0 45.0 0.00
31 7.1850 76.0105 8 19 6
2  45.0 45.0 0.00
32 3.0774 74.6492 6 19 9
2  45.0 45.0 0.00
33 34.6590 74.2315 3 28 5
2  45.0 45.0 0.00
34 33.4266 83.2752 8 20 9
2  45.0 45.0 0.00
35 5.0858 100.3608 1 16 6
2  45.0 45.0 0.00
36 14.7815 95.0881 1 26 9
2  45.0 45.0 0.00
37 19.9813 119.0512 5 26 8
2  45.0 45.0 0.00
38 23.2049 131.2206 6 17 8
2  45.0 45.0 0.00
39 14.6582 82.1920 7 24 9
2  45.0 45.0 0.00
40 33.2295 78.1172 5 16 6
2  45.0 45.0 0.00
41 43.9607 94.0949 2 25 8
2  45.0 45.0 0.00
42 34.3843 131.0245 8 29 6
2  45.0 45.0 0.00
43 34.6706 88.3836 4 20 6
2  45.0 45.0 0.00
44 46.2829 88.5482 10 16 8
2  45.0 45.0 0.00
45 34.9094 131.4097 4 25 6
2  45.0 45.0 0.00
46 47.4259 123.0742 9 17 9
2  45.0 45.0 0.00
47 10.5172 89.7780 5 20 8
2  45.0 45.0 0.00
48 52.4022 77.6158 7 29 5
2  45.0 45.0 0.00
49 24.8511 131.8719 9 28 6
2  45.0 45.0 0.00
50 51.8385 120.1164 10 18 5
2  45.0 45.0 0.00
51 20.2726 132.6280 7 21 5
2  45.0 45.0 0.00
52 45.2860 112.6364 6 21 9
2  45.0 45.0 0.00
53 42.6558 121.6845 9 16 9
2  45.0 45.0 0.00
54 20.6890 124.4920 3 23 8
2  45.0 45.0 0.00
55 42.4365 89.0507 10 15 8
2  45.0 45.0 0.00
56 35.8494 77.0460 9 20 6
2  45.0 45.0 0.00
57 8.1622 107.3476 9 16 6
2  45.0 45.0 0.00
58 10.8272 124.1739 2 20 6
2  45.0 45.0 0.00
59 19.3719 111.4221 8 16 6
2  45.0 45.0 0.00
60 34.2807 124.0239 1 15 5
2  45.0 45.0 0.00
61 8.9285 84.9657 7 22 5
2  45.0 45.0 0.00
62 6.8970 131.8371 9 24 5
2  45.0 45.0 0.00
63 41.9143 88.8089 9 17 5
2  45.0 45.0 0.00
64 14.0328 113.9027 8 28 8
2  45.0 45.0 0.00
65 28.0441 103.9718 1 20 9
2  45.0 45.0 0.00
66 10.4180 84.6912 6 26 8
2  45.0 45.0 0.00
67 43.3295 73.3770 3 19 8
2  45.0 45.0 0.00
68 48.1907 75.6173 8 15 7
2  45.0 45.0 0.00
69 11.7963 85.3969 1 17 6
2  45.0 45.0 0.00
70 6.1978 101.2912 1 15 7
2  45.0 45.0 0.00
71 50.1951 130.8857 9 19 5
2  45.0 45.0 0.00
72 33.1187 124.7858 2 23 7
2  45.0 45.0 0.00
73 47.1544 86.6480 7 29 9
2  45.0 45.0 0.00
74 41.6002 130.5811 1 23 6
2  45.0 45.0 0.00
75 11.8517 112.8743 9 21 8
2  45.0 45.0 0.00
76 17.7133 94.0419 9 29 9
2  45.0 45.0 0.00
77 36.8420 83.0280 6 18 9
2  45.0 45.0 0.00
78 45.0914 114.3224 4 18 7
2  45.0 45.0 0.00
79 5.0359 101.0630 2 22 8
2  45.0 45.0 0.00
80 50.4229 88.1549 2 18 6
2  45.0 45.0 0.00
81 8.2135 129.2708 3 26 8
2  45.0 45.0 0.00
82 16.9665 102.9905 7 23 5
2  45.0 45.0 0.00
83 15.5838 127.0418 9 24 5
2  45.0 45.0 0.00
84 38.7977 74.1587 10 16 8
2  45.0 45.0 0.00
85 7.1648 115.3143 3 15 5
2  45.0 45.0 0.00
86 38.4658 83.4405 8 25 7
2  45.0 45.0 0.00
87 5.0843 79.4582 10 24 8
2  45.0 45.0 0.00
88 39.9496 98.7338 5 22 5
2  45.0 45.0 0.00
89 20.0993 78.4788 1 16 8
2  45.0 45.0 0.00
90 10.0011 123.5616 10 22 8
2  45.0 45.0 0.00
91 49.4573 80.3953 5 24 5
2  45.0 45.0 0.00
92 22.9516 127.4616 2 24 9
2  45.0 45.0 0.00
93 8.2661 119.7729 10 15 6
2  45.0 45.0 0.00
94 10.2019 87.5946 8 28 7
2  45.0 45.0 0.00
95 17.3529 105.6961 3 29 7
2  45.0 45.0 0.00
96 52.5992 110.9252 9 20 6
2  45.0 45.0 0.00
97 46.3312 114.2798 7 29 5
2  45.0 45.0 0.00
98 48.9215 101.6106 10 23 7
2  45.0 45.0 0.00
99 44.5650 122.6238 1 22 5
2  45.0 45.0 0.00
100 31.1219 77.4276 10 27 9
2  45.0 45.0 0.00
101 47.8389 129.3100 8 28 7
2  45.0 45.0 0.00
102 22.2106 80.6875 2 15 5
2  45.0 45.0 0.00
103 41.3473 105.6202 2 20 6
2  45.0 45.0 0.00
104 23.8663 121.2778 2 27 6
2  45.0 45.0 0.00
105 36.3597 112.8144 9 19 7
2  45.0 45.0 0.00
106 25.9997 75.0301 5 27 8
2  45.0 45.0 0.00
107 48.9095 122.2383 4 22 7
2  45.0 45.0 0.00
108 49.4062 120.3272 8 22 5
2  45.0 45.0 0.00
109 42.5153 98.6488 7 20 7
2  45.0 45.0 0.00
110 17.3815 100.6136 3 17 5
2  45.0 45.0 0.00
111 40.8904 85.7076 6 23 9
2  45.0 45.0 0.00
112 14.6603 109.5029 1 19 5
2  45.0 45.0 0.00
113 20.5189 90.1599 7 20 9
2  45.0 45.0 0.00
114 50.3154 76.0044 3 28 7
2  45.0 45.0 0.00
115 34.4269 91.8899 2 27 8
2  45.0 45.0 0.00
116 14.9857 89.5910 1 28 6
2  45.0 45.0 0.00
117 52.9884 124.3322 2 27 5
2  45.0 45.0 0.00
118 38.3198 89.8265 6 22 6
2  45.0 45.0 0.00
119 18.9871 100.4595 6 21 6
2  45.0 45.0 0.00
120 28.2154 75.0419 3 22 5
2  45.0 45.0 0.00
121 14.8778 107.2612 4 23 9
2  45.0 45.0 0.00
122 25.1488 95.0813 9 28 9
2  45.0 45.0 0.00
123 50.8344 114.8544 9 15 9
2  45.0 45.0 0.00
124 27.7421 101.9383 7 18 6
2  45.0 45.0 0.00
125 36.2933 105.9778 6 22 5
2  45.0 45.0 0.00
126 11.5440 125.8718 9 22 7
2  45.0 45.0 0.00
127 13.2842 118.5602 6 25 5
2  45.0 45.0 0.00
128 24.4374 89.5803 10 29 6
2  45.0 45.0 0.00
129 19.9188 97.3158 2 23 7
2  45.0 45.0 0.00
130 34.1085 99.5701 6 22 8
2  45.0 45.0 0.00
131 4.1002 120.2984 8 18 8
2  45.0 45.0 0.00
132 37.3963 77.1563 7 22 9
2  45.0 45.0 0.00
133 31.0890 124.9106 8 21 6
2  45.0 45.0 0.00
134 12.8676 131.1694 7 15 5
2  45.0 45.0 0.00
135 13.9251 104.8361 3 29 5
2  45.0 45.0 0.00
136 16.0301 130.3225 2 29 7
2  45.0 45.0 0.00
137 39.4022 94.7439 3 27 8
2  45.0 45.0 0.00
138 23.8689 105.8265 6 16 6
2  45.0 45.0 0.00
139 20.9738 120.7450 3 29 7
2  45.0 45.0 0.00
140 26.6600 129.3546 6 19 9
2  45.0 45.0 0.00
141 35.6339 99.3311 4 22 7
2  45.0 45.0 0.00
142 27.5701 121.6392 6 15 7
2  45.0 45.0 0.00
143 39.6276 79.2713 4 28 8
2  45.0 45.0 0.00
144 12.9691 74.5436 10 27 8
2  45.0 45.0 0.00
145 35.5121 126.6372 3 24 8
2  45.0 45.0 0.00
146 24.1377 106.8511 9 21 8
2  45.0 45.0 0.00
147 19.0679 114.0789 8 16 6
2  45.0 45.0 0.00
148 17.4596 124.2798 6 21 5
2  45.0 45.0 0.00
149 33.3362 104.0730 1 24 9
2  45.0 45.0 0.00
150 15.7477 125.1977 5 18 7
2  45.0 45.0 0.00
151 25.3737 80.2820 4 22 8
2  45.0 45.0 0.00
152 40.9362 121.3664 7 25 7
2  45.0 45.0 0.00
153 49.3608 96.5380 2 21 8
2  45.0 45.0 0.00
154 5.3952 74.9197 1 25 5
2  45.0 45.0 0.00
155 20.2359 109.0533 7 25 8
2  45.0 45.0 0.00
156 9.6179 89.7492 7 24 6
2  45.0 45.0 0.00
157 30.6395 93.3113 7 27 6
2  45.0 45.0 0.00
158 12.9996 83.6078 3 21 7
2  45.0 45.0 0.00
159 27.1542 81.5290 9 28 9
2  45.0 45.0 0.00
160 13.7213 79.6894 2 28 9
2  45.0 45.0 0.00
161 14.1480 82.1514 5 16 9
2  45.0 45.0 0.00
162 45.3292 97.5469 1 27 5
2  45.0 45.0 0.00
163 26.9786 82.9359 6 21 9
2  45.0 45.0 0.00
164 32.4347 106.1510 6 17 7
2  45.0 45.0 0.00
165 46.5553 110.4578 9 18 6
2  45.0 45.0 0.00
166 13.1284 115.0813 3 25 7
2  45.0 45.0 0.00
167 4.0434 97.3889 5 25 9
2  45.0 45.0 0.00
168 23.0134 88.7054 5 29 6
2  45.0 45.0 0.00
169 42.5438 94.7540 5 20 9
2  45.0 45.0 0.00
170 18.8743 117.4939 4 15 7
2  45.0 45.0 0.00
171 36.0955 131.0284 6 21 5
2  45.0 45.0 0.00
172 32.9332 129.8332 6 26 8
2  45.0 45.0 0.00
173 10.2615 113.9638 9 18 8
2  45.0 45.0 0.00
174 6.6545 100.5811 6 22 7
2  45.0 45.0 0.00
175 19.3469 108.9860 2 28 5
2  45.0 45.0 0.00
176 28.4270 88.6450 1 18 9
2  45.0 45.0 0.00
177 26.0502 114.5665 9 19 9
2  45.0 45.0 0.00
178 5.6864 73.2884 8 24 6
2  45.0 45.0 0.00
179 25.6524 103.0455 9 19 7
2  45.0 45.0 0.00
180 8.4073 78.9951 3 25 7
2  45.0 45.0 0.00
181 45.8901 86.0512 3 22 6
2  45.0 45.0 0.00
182 6.1071 77.1259 3 20 5
2  45.0 45.0 0.00
183 19.8957 114.4120 1 26 8
2  45.0 45.0 0.00
184 25.6227 95.5144 4 18 9
2  45.0 45.0 0.00
185 6.4141 122.8431 5 18 8
2  45.0 45.0 0.00
186 44.3090 92.5359 8 21 8
2  45.0 45.0 0.00
187 23.4311 105.1066 10 27 8
2  45.0 45.0 0.00
188 15.1742 82.8252 1 15 8
2  45.0 45.0 0.00
189 52.2482 111.9746 7 24 6
2  45.0 45.0 0.00
190 41.1424 115.1181 5 22 5
2  45.0 45.0 0.00
191 39.6453 123.1306 9 27 9
2  45.0 45.0 0.00
192 4.3542 73.3440 3 27 7
2  45.0 45.0 0.00
193 39.8272 109.1717 5 23 5
2  45.0 45.0 0.00
194 43.1401 123.3086 7 16 8
2  45.0 45.0 0.00
195 17.4350 92.1964 2 22 6
2  45.0 45.0 0.00
196 23.9353 85.7154 6 29 5
2  45.0 45.0 0.00
197 9.2105 123.3428 10 20 9
2  45.0 45.0 0.00
198 31.6555 115.1823 3 29 7
2  45.0 45.0 0.00
199 14.8875 91.0937 1 22 6
2  45.0 45.0 0.00
200 22.1051 76.6883 10 23 8
2  45.0 45.0 0.00
201 49.2186 108.0952 7 25 9
2  45.0 45.0 0.00
202 23.6482 93.5761 6 24 7
2  45.0 45.0 0.00
203 43.7580 76.0276 8 25 7
2  45.0 45.0 0.00
204 47.8748 86.0160 3 24 9
2  45.0 45.0 0.00
205 7.9882 127.1678 1 24 8
2  45.0 45.0 0.00
206 52.3570 121.1905 9 16 6
2  45.0 45.0 0.00
207 20.8617 111.6804 2 20 7
2  45.0 45.0 0.00
208 29.9645 79.4168 1 21 7
2  45.0 45.0 0.00
209 14.5088 77.9404 9 22 8
2  45.0 45.0 0.00
210 12.3645 110.8829 2 28 5
2  45.0 45.0 0.00
211 11.2584 97.8176 1 26 7
2  45.0 45.0 0.00
212 4.0787 129.2455 6 29 5
2  45.0 45.0 0.00
213 33.4895 86.3180 6 20 6
2  45.0 45.0 0.00
214 11.5243 115.2749 5 17 7
2  45.0 45.0 0.00
215 42.5275 121.1178 8 18 5
2  45.0 45.0 0.00
216 3.8712 95.7320 9 29 7
2  45.0 45.0 0.00
217 20.7879 125.4481 7 15 6
2  45.0 45.0 0.00
218 50.1804 127.1948 10 27 9
2  45.0 45.0 0.00
219 33.0933 80.3931 1 19 9
2  45.0 45.0 0.00
220 3.4104 116.6415 3 18 6
2  45.0 45.0 0.00
221 27.1354 101.8719 1 20 6
2  45.0 45.0 0.00
222 21.1602 83.0726 3 25 8
2  45.0 45.0 0.00
223 35.1354 130.9603 6 21 7
2  45.0 45.0 0.00
224 39.7828 84.7953 2 17 6
2  45.0 45.0 0.00
225 16.3620 126.6450 5 18 7
2  45.0 45.0 0.00
226 36.3666 102.2014 2 20 9
2  45.0 45.0 0.00
227 17.5033 81.6696 9 25 7
2  45.0 45.0 0.00
228 46.7280 103.3829 3 24 9
2  45.0 45.0 0.00
229 41.7865 83.4931 6 16 6
2  45.0 45.0 0.00
230 34.7931 114.8164 4 28 8
2  45.0 45.0 0.00
231 43.5811 108.3965 5 28 8
2  45.0 45.0 0.00
232 32.4313 89.7259 8 27 6
2  45.0 45.0 0.00
233 46.8257 119.3917 6 28 9
2  45.0 45.0 0.00
234 27.9108 87.0648 3 28 6
2  45.0 45.0 0.00
235 14.4636 104.8044 4 17 8
2  45.0 45.0 0.00
236 7.6177 119.5080 8 27 5
2  45.0 45.0 0.00
237 51.5195 108.2283 5 26 6
2  45.0 45.0 0.00
238 38.0062 87.5592 1 29 8
2  45.0 45.0 0.00
239 32.7897 114.7033 7 21 6
2  45.0 45.0 0.00
240 3.1268 88.3973 8 18 5
2  45.0 45.0 0.00
241 23.0724 121.4607 9 25 6
2  45.0 45.0 0.00
242 17.0774 97.7488 3 17 5
2  45.0 45.0 0.00
243 43.6746 101.1552 7 24 8
2  45.0 45.0 0.00
244 17.4688 75.0590 7 23 9
2  45.0 45.0 0.00
245 15.7781 88.0008 6 16 8
2  45.0 45.0 0.00
246 29.7109 78.2538 8 27 5
2  45.0 45.0 0.00
247 44.7866 103.7263 8 25 6
2  45.0 45.0 0.00
248 11.1356 127.1226 1 21 5
2  45.0 45.0 0.00
249 17.3821 77.7719 8 29 5
2  45.0 45.0 0.00
250 9.3271 77.6798 8 25 8
2  45.0 45.0 0.00
251 51.4109 113.8687 5 21 7
2  45.0 45.0 0.00
252 10.5718 115.1341 7 16 8
2  45.0 45.0 0.00
253 12.6992 109.2821 8 17 6
2  45.0 45.0 0.00
254 18.0694 120.2740 9 19 8
2  45.0 45.0 0.00
255 22.3666 110.8321 5 22 5
2  45.0 45.0 0.00
256 11.8015 90.7540 3 29 9
2  45.0 45.0 0.00
257 25.8111 95.2034 6 15 7
2  45.0 45.0 0.00
258 10.7294 77.8594 8 16 8
2  45.0 45.0 0.00
259 26.0239 122.1257 10 26 7
2  45.0 45.0 0.00
260 37.1471 129.2692 6 24 6
2  45.0 45.0 0.00
261 19.9320 120.4762 5 16 6
2  45.0 45.0 0.00
262 19.8842 85.6248 1 20 6
2  45.0 45.0 0.00
263 45.7768 116.1860 5 19 5
2  45.0 45.0 0.00
264 44.1964 105.8032 3 23 7
2  45.0 45.0 0.00
265 14.0199 113.2043 7 23 8
2  45.0 45.0 0.00
266 31.4285 123.2161 10 16 7
2  45.0 45.0 0.00
267 14.9106 112.4620 6 25 6
2  45.0 45.0 0.00
268 36.2476 89.8003 3 26 7
2  45.0 45.0 0.00
269 50.2087 117.3599 5 27 6
2  45.0 45.0 0.00
270 40.0356 105.2889 1 26 5
2  45.0 45.0 0.00
271 9.8111 96.3754 8 16 8
2  45.0 45.0 0.00
272 36.4285 86.5899 3 21 6
2  45.0 45.0 0.00
273 28.0375 81.4366 5 27 8
2  45.0 45.0 0.00
274 12.8918 75.1101 2 29 8
2  45.0 45.0 0.00
275 30.1961 119.8819 6 29 5
2  45.0 45.0 0.00
276 27.0533 123.3261 8 19 7
2  45.0 45.0 0.00
277 4.5212 76.3088 3 28 9
2  45.0 45.0 0.00
278 45.4310 108.3558 5 15 5
2  45.0 45.0 0.00
279 24.9227 125.2776 6 22 5
2  45.0 45.0 0.00
280 43.1782 129.3195 10 17 5
2  45.0 45.0 0.00
281 38.2772 106.7463 9 15 7
2  45.0 45.0 0.00
282 20.7429 96.6549 2 28 9
2  45.0 45.0 0.00
283 44.4900 130.0800 8 27 5
2  45.0 45.0 0.00
284 25.2802 86.4480 5 29 6
2  45.0 45.0 0.00
285 33.4286 131.6749 4 29 5
2  45.0 45.0 0.00
286 36.6315 91.7165 2 28 6
2  45.0 45.0 0.00
287 30.1204 114.9965 10 17 8
2  45.0 45.0 0.00
288 26.3992 74.5264 6 20 8
2  45.0 45.0 0.00
289 25.7186 113.9271 2 17 6
2  45.0 45.0 0.00
290 27.3561 76.2003 8 21 8
2  45.0 45.0 0.00
291 31.9715 130.2653 5 28 8
2  45.0 45.0 0.00
292 39.3814 109.8562 3 28 7
2  45.0 45.0 0.00
293 5.1457 101.7860 6 24 9
2  45.0 45.0 0.00
294 9.4930 119.2984 3 16 7
2  45.0 45.0 0.00
295 24.0082 125.7003 10 20 5
2  45.0 45.0 0.00
296 49.3227 122.2999 9 25 6
2  45.0 45.0 0.00
297 33.9645 125.9483 7 19 8
2  45.0 45.0 0.00
298 32.3993 120.7453 4 21 7
2  45.0 45.0 0.00
299 45.6858 82.3993 9 28 5
2  45.0 45.0 0.00
300 51.7302 74.7127 1 17 9
2  45.0 45.0 0.00
301 38.7741 129.0039 7 29 8
2  45.0 45.0 0.00
302 38.0546 109.3600 1 26 9
2  45.0 45.0 0.00
303 48.2981 126.8406 4 22 8
2  45.0 45.0 0.00
304 11.0221 85.2727 9 27 8
2  45.0 45.0 0.00
305 19.7053 93.5143 7 25 8
2  45.0 45.0 0.00
306 16.1754 130.5418 2 18 5
2  45.0 45.0 0.00
307 47.8954 111.6182 10 26 8
2  45.0 45.0 0.00
308 37.2946 129.5509 10 24 8
2  45.0 45.0 0.00
309 52.0993 74.3941 7 23 5
2  45.0 45.0 0.00
310 50.8186 114.2458 10 17 6
2  45.0 45.0 0.00
311 41.5030 82.9857 9 23 6
2  45.0 45.0 0.00
312 21.6789 86.6379 3 19 7
2  45.0 45.0 0.00
313 40.1031 96.1238 8 25 9
2  45.0 45.0 0.00
314 16.1163 82.4660 5 25 9
2  45.0 45.0 0.00
315 13.8964 108.6980 3 16 9
2  45.0 45.0 0.00
316 18.5435 119.2590 7 24 8
2  45.0 45.0 0.00
317 31.8039 121.5483 2 29 5
2  45.0 45.0 0.00
318 39.5740 79.0287 2 21 7
2  45.0 45.0 0.00
319 25.9297 113.1558 6 15 9
2  45.0 45.0 0.00
320 32.8294 92.3393 10 24 7
2  45.0 45.0 0.00
321 42.9303 132.1759 7 19 5
2  45.0 45.0 0.00
322 11.7547 76.2288 7 23 8
2  45.0 45.0 0.00
323 33.1297 107.6393 10 22 6
2  45.0 45.0 0.00
324 49.6463 97.2346 3 22 8
2  45.0 45.0 0.00
325 11.0924 116.7783 8 18 6
2  45.0 45.0 0.00
326 30.4332 104.8676 8 17 5
2  45.0 45.0 0.00
327 52.4275 81.5404 1 15 5
2  45.0 45.0 0.00
328 32.4906 102.2244 4 29 7
2  45.0 45.0 0.00
329 36.8834 105.9960 10 27 7
2  45.0 45.0 0.00
330 47.0636 81.7521 10 25 8
2  45.0 45.0 0.00
331 12.6339 120.6038 10 27 9
2  45.0 45.0 0.00
332 6.4483 118.3459 5 15 6
2  45.0 45.0 0.00
333 35.1984 127.7354 2 21 7
2  45.0 45.0 0.00
334 26.0127 104.4194 10 21 5
2  45.0 45.0 0.00
335 25.2926 100.5236 7 15 9
2  45.0 45.0 0.00
336 33.5957 128.7423 1 26 6
2  45.0 45.0 0.00
337 23.1397 123.9697 9 20 5
2  45.0 45.0 0.00
338 12.7577 91.5697 9 17 8
2  45.0 45.0 0.00
339 44.7024 98.4893 3 24 6
2  45.0 45.0 0.00
340 41.2705 78.5085 4 18 7
2  45.0 45.0 0.00
341 20.8808 116.0686 6 24 5
2  45.0 45.0 0.00
342 39.6976 118.2862 6 15 9
2  45.0 45.0 0.00
343 9.9964 73.5642 9 26 7
2  45.0 45.0 0.00
344 42.7236 105.3635 8 19 8
2  45.0 45.0 0.00
345 10.5380 93.2785 9 27 8
2  45.0 45.0 0.00
346 4.0515 121.3379 8 25 7
2  45.0 45.0 0.00
347 29.0053 113.1181 3 18 8
2  45.0 45.0 0.00
348 37.2492 84.1090 6 18 8
2  45.0 45.0 0.00
349 25.0192 91.0638 2 20 8
2  45.0 45.0 0.00
350 44.2322 112.4181 2 18 8
2  45.0 45.0 0.00
351 14.3009 118.5300 6 24 8
2  45.0 45.0 0.00
352 3.9821 126.5450 4 29 6
2  45.0 45.0 0.00
353 49.4160 77.4049 6 22 7
2  45.0 45.0 0.00
354 26.5647 117.9524 4 29 9
2  45.0 45.0 0.00
355 33.4661 92.3599 1 25 7
2  45.0 45.0 0.00
356 45.4848 131.1769 4 16 7
2  45.0 45.0 0.00
357 21.2030 107.9008 10 15 9
2  45.0 45.0 0.00
358 41.0636 76.2266 1 23 7
2  45.0 45.0 0.00
359 42.6284 87.5279 5 27 5
2  45.0 45.0 0.00
360 21.3484 120.3776 3 27 6
2  45.0 45.0 0.00
361 6.7718 113.7009 7 19 7
2  45.0 45.0 0.00
362 48.1677 74.7754 10 16 6
2  45.0 45.0 0.00
363 5.5013 120.3355 6 20 7
2  45.0 45.0 0.00
364 20.3320 74.1460 2 23 7
2  45.0 45.0 0.00
365 23.8759 83.3412 6 23 7
2  45.0 45.0 0.00
366 21.3595 102.0144 3 24 6
2  45.0 45.0 0.00
367 6.0035 80.9996 10 26 9
2  45.0 45.0 0.00
368 37.2856 89.8926 9 22 5
2  45.0 45.0 0.00
369 39.5841 128.4258 2 18 9
2  45.0 45.0 0.00
370 3.1822 124.8645 5 21 9
2  45.0 45.0 0.00
371 20.3934 87.5343 9 20 8
2  45.0 45.0 0.00
372 48.1542 81.0734 3 27 6
2  45.0 45.0 0.00
373 23.9890 97.2216 6 28 6
2  45.0 45.0 0.00
374 48.8350 75.8010 5 22 7
2  45.0 45.0 0.00
375 6.2548 105.7946 5 22 6
2  45.0 45.0 0.00
376 27.6877 127.9842 9 24 5
2  45.0 45.0 0.00
377 28.1391 77.0951 3 24 6
2  45.0 45.0 0.00
378 43.8916 119.1926 7 29 8
2  45.0 45.0 0.00
379 30.5578 98.1722 10 17 7
2  45.0 45.0 0.00
380 19.3994 75.7730 8 28 7
2  45.0 45.0 0.00
381 50.8480 95.0349 6 28 7
2  45.0 45.0 0.00
382 43.0646 117.1164 9 15 9
2  45.0 45.0 0.00
383 52.3340 104.2532 8 27 5
2  45.0 45.0 0.00
384 20.5765 117.6889 1 22 8
2  45.0 45.0 0.00
385 10.3412 76.9785 7 28 7
2  45.0 45.0 0.00
386 35.2780 97.1899 9 15 7
2  45.0 45.0 0.00
387 25.3768 132.1535 6 16 7
2  45.0 45.0 0.00
388 9.7767 84.8967 3 17 7
2  45.0 45.0 0.00
389 7.1279 116.4033 9 16 9
2  45.0 45.0 0.00
390 4.5134 106.5997 10 15 7
2  45.0 45.0 0.00
391 32.1587 105.1238 4 18 9
2  45.0 45.0 0.00
392 47.5326 102.0058 4 19 8
2  45.0 45.0 0.00
393 22.9063 115.7380 2 21 6
2  45.0 45.0 0.00
394 3.0394 96.5619 4 20 8
2  45.0 45.0 0.00
395 10.6625 109.1406 10 29 9
2  45.0 45.0 0.00
396 24.1717 131.8059 6 15 7
2  45.0 45.0 0.00
397 7.2782 93.3897 9 23 5
2  45.0 45.0 0.00
398 48.6070 116.9931 10 19 5
2  45.0 45.0 0.00
399 35.6052 126.8987 5 22 6
2  45.0 45.0 0.00
400 21.5129 88.4658 5 25 7
2  45.0 45.0 0.00
401 34.8785 84.0377 10 19 7
2  45.0 45.0 0.00
402 52.0415 107.2396 3 21 6
2  45.0 45.0 0.00
403 48.5277 99.3694 10 25 8
2  45.0 45.0 0.00
404 5.9149 80.1799 1 19 6
2  45.0 45.0 0.00
405 16.3785 80.3911 5 18 6
2  45.0 45.0 0.00
406 15.7469 77.6090 3 23 6
2  45.0 45.0 0.00
407 11.2835 87.9004 2 22 7
2  45.0 45.0 0.00
408 48.0801 76.8693 3 16 9
2  45.0 45.0 0.00
409 20.0740 91.7244 10 29 5
2  45.0 45.0 0.00
410 13.6307 83.7816 5 26 6
2  45.0 45.0 0.00
411 15.5297 132.3060 4 20 5
2  45.0 45.0 0.00
412 28.7193 128.1579 8 28 6
2  45.0 45.0 0.00
413 48.2007 131.6154 10 15 5
2  45.0 45.0 0.00
414 36.1107 127.5702 8 16 7
2  45.0 45.0 0.00
415 52.6905 75.3550 2 19 7
2  45.0 45.0 0.00
416 50.7748 83.0859 1 16 9
2  45.0 45.0 0.00
417 6.7623 90.9428 1 19 9
2  45.0 45.0 0.00
418 11.8619 127.8698 10 21 9
2  45.0 45.0 0.00
419 52.1152 83.5433 8 27 9
2  45.0 45.0 0.00
420 21.2278 89.4567 1 27 6
2  45.0 45.0 0.00
421 18.1555 76.2729 9 18 5
2  45.0 45.0 0.00
422 13.5672 114.0448 4 28 5
2  45.0 45.0 0.00
423 20.3143 122.0379 8 29 5
2  45.0 45.0 0.00
424 33.2483 112.8802 10 15 6
2  45.0 45.0 0.00
425 40.3858 101.7809 7 18 8
2  45.0 45.0 0.00
426 43.9044 85.3028 3 19 6
2  45.0 45.0 0.00
427 37.0609 94.2069 8 25 5
2  45.0 45.0 0.00
428 4.0349 75.2448 8 18 7
2  45.0 45.0 0.00
429 27.6578 73.1714 8 21 5
2  45.0 45.0 0.00
430 11.2503 83.9593 4 24 5
2  45.0 45.0 0.00
431 37.9942 86.7968 5 23 8
2  45.0 45.0 0.00
432 44.1714 121.1546 1 21 9
2  45.0 45.0 0.00
433 3.3149 95.0996 6 23 6
2  45.0 45.0 0.00
434 52.6419 78.6960 1 28 7
2  45.0 45.0 0.00
435 31.3777 99.7591 9 21 7
2  45.0 45.0 0.00
436 40.2431 77.6631 2 17 7
2  45.0 45.0 0.00
437 34.7717 106.8192 1 18 9
2  45.0 45.0 0.00
438 25.5636 118.3504 1 29 9
2  45.0 45.0 0.00
439 13.9061 107.4809 10 19 5
2  45.0 45.0 0.00
440 9.2415 99.5034 8 16 5
2  45.0 45.0 0.00
441 6.5037 88.3981 4 17 6
2  45.0 45.0 0.00
442 15.6950 119.9803 9 16 8
2  45.0 45.0 0.00
443 40.2855 112.5380 4 15 9
2  45.0 45.0 0.00
444 25.1322 81.4023 10 25 6
2  45.0 45.0 0.00
445 14.8499 81.7843 7 29 7
2  45.0 45.0 0.00
446 52.6436 79.9153 7 21 8
2  45.0 45.0 0.00
447 18.1569 132.7516 10 16 5
2  45.0 45.0 0.00
448 21.9399 94.8872 10 15 9
2  45.0 45.0 0.00
449 36.4133 112.7932 8 19 8
2  45.0 45.0 0.00
450 30.9577 105.3941 2 22 5
2  45.0 45.0 0.00
451 52.2396 118.8621 3 26 6
2  45.0 45.0 0.00
452 49.1834 92.0032 2 25 7
2  45.0 45.0 0.00
453 9.9323 94.3283 10 19 8
2  45.0 45.0 0.00
454 40.4925 105.4078 1 29 9
2  45.0 45.0 0.00
455 6.8928 80.1269 6 25 7
2  45.0 45.0 0.00
456 31.6889 124.5447 10 19 6
2  45.0 45.0 0.00
457 25.6485 110.9127 2 20 7
2  45.0 45.0 0.00
458 29.9385 86.5742 1 25 9
2  45.0 45.0 0.00
459 6.1039 113.8952 1 22 5
2  45.0 45.0 0.00
460 18.6397 95.1900 7 24 8
2  45.0 45.0 0.00
461 3.9512 106.2978 5 24 7
2  45.0 45.0 0.00
462 46.3006 77.2970 2 18 7
2  45.0 45.0 0.00
463 6.2295 74.6098 6 20 7
2  45.0 45.0 0.00
464 28.3383 73.2876 5 26 8
2  45.0 45.0 0.00
465 29.1807 121.8248 5 16 9
2  45.0 45.0 0.00
466 22.8135 111.5344 6 24 9
2  45.0 45.0 0.00
467 13.1972 87.7086 7 25 9
2  45.0 45.0 0.00
468 47.9003 74.5194 1 27 6
2  45.0 45.0 0.00
469 26.3577 73.8930 2 19 6
2  45.0 45.0 0.00
470 4.7624 92.9743 10 15 8
2  45.0 45.0 0.00
471 18.4001 109.7542 2 29 5
2  45.0 45.0 0.00
472 13.2638 101.7251 10 26 5
2  45.0 45.0 0.00
473 14.1886 100.4297 8 19 8
2  45.0 45.0 0.00
474 43.9723 94.2416 4 21 6
2  45.0 45.0 0.00
475 27.0721 83.0330 6 21 7
2  45.0 45.0 0.00
476 28.4365 103.9458 1 26 9
2  45.0 45.0 0.00
477 6.1683 109.4352 5 29 9
2  45.0 45.0 0.00
478 32.5687 91.0953 4 23 9
2  45.0 45.0 0.00
479 23.9627 87.9237 9 27 7
2  45.0 45.0 0.00
480 3.4996 117.7886 10 22 9
2  45.0 45.0 0.00
481 37.0610 126.2467 2 25 5
2  45.0 45.0 0.00
482 10.0392 85.3705 7 21 5
2  45.0 45.0 0.00
483 37.4757 117.6358 4 28 7
2  45.0 45.0 0.00
484 33.8259 101.0603 8 21 7
2  45.0 45.0 0.00
485 28.8929 121.2483 8 21 7
2  45.0 45.0 0.00
486 14.6357 93.4642 2 27 8
2  45.0 45.0 0.00
487 41.1127 132.6950 1 26 8
2  45.0 45.0 0.00
488 11.7960 128.7812 8 28 6
2  45.0 45.0 0.00
489 22.2599 126.4843 3 21 7
2  45.0 45.0 0.00
490 36.7662 92.1889 2 19 9
2  45.0 45.0 0.00
491 30.1160 91.7477 3 16 6
2  45.0 45.0 0.00
492 46.8541 99.2514 7 17 9
2  45.0 45.0 0.00
493 42.9857 94.6999 4 26 5
2  45.0 45.0 0.00
494 37.7298 132.2262 7 18 8
2  45.0 45.0 0.00
495 37.3415 105.8691 6 18 6
2  45.0 45.0 0.00
496 34.3226 94.0088 4 27 6
2  45.0 45.0 0.00
497 48.6450 76.5957 5 15 6
2  45.0 45.0 0.00
498 25.4896 127.4771 5 23 5
2  45.0 45.0 0.00
499 39.9199 116.8407 10 29 9
2  45.0 45.0 0.00
500 4.1767 79.0818 5 20 9
2  45.0 45.0 0.00
501 37.4110 77.5455 5 22 6
2  45.0 45.0 0.00
502 52.7251 78.1436 7 27 9
2  45.0 45.0 0.00
503 29.3468 108.0512 1 28 7
2  45.0 45.0 0.00
504 39.9893 94.2052 5 21 8
2  45.0 45.0 0.00
505 42.3323 99.1753 2 18 9
2  45.0 45.0 0.00
506 50.8076 106.6917 9 21 9
2  45.0 45.0 0.00
507 29.2544 131.5017 4 28 8
2  45.0 45.0 0.00
508 44.8571 105.3152 8 25 8
2  45.0 45.0 0.00
509 21.2033 76.1434 5 25 5
2  45.0 45.0 0.00
510 10.7105 122.2528 4 22 6
2  45.0 45.0 0.00
511 36.5057 111.0850 7 26 8
2  45.0 45.0 0.00
512 15.5983 125.2951 8 25 7
2  45.0 45.0 0.00
513 24.6486 113.3122 7 15 7
2  45.0 45.0 0.00
514 30.5953 114.4443 5 16 8
2  45.0 45.0 0.00
515 13.0599 110.9046 7 26 5
2  45.0 45.0 0.00
516 39.7127 115.2735 9 17 7
2  45.0 45.0 0.00
517 9.7636 75.8831 7 16 5
2  45.0 45.0 0.00
518 47.5169 85.2448 7 16 5
2  45.0 45.0 0.00
519 51.2778 125.1354 6 18 5
2  45.0 45.0 0.00
520 37.6098 74.5285 1 19 7
2  45.0 45.0 0.00
521 26.1737 115.3325 9 27 8
2  45.0 45.0 0.00
522 4.9186 125.9008 5 24 9
2  45.0 45.0 0.00
523 30.3704 114.3266 10 17 9
2  45.0 45.0 0.00
524 22.2460 108.3638 6 27 8
2  45.0 45.0 0.00
525 20.3914 107.2160 7 15 5
2  45.0 45.0 0.00
526 19.6138 96.1201 7 25 5
2  45.0 45.0 0.00
527 38.4390 98.7237 2 24 8
2  45.0 45.0 0.00
528 24.4865 87.0917 2 20 8
2  45.0 45.0 0.00
529 3.4329 106.4257 7 17 5
2  45.0 45.0 0.00
530 16.8390 113.1851 10 21 7
2  45.0 45.0 0.00
531 8.1400 82.8538 7 22 9
2  45.0 45.0 0.00
532 47.6603 113.5934 5 24 5
2  45.0 45.0 0.00
533 35.6518 84.3053 2 23 9
2  45.0 45.0 0.00
534 8.9339 75.0342 3 23 8
2  45.0 45.0 0.00
535 10.5029 84.6369 1 17 5
2  45.0 45.0 0.00
536 42.5366 96.9961 6 28 6
2  45.0 45.0 0.00
537 36.1262 130.4264 5 17 7
2  45.0 45.0 0.00
538 30.2274 127.9354 1 25 5
2  45.0 45.0 0.00
539 40.6586 109.0837 4 20 7
2  45.0 45.0 0.00
540 44.0118 132.2106 1 20 9
2  45.0 45.0 0.00
541 15.1438 79.7076 9 27 7
2  45.0 45.0 0.00
542 48.4426 73.4128 6 21 6
2  45.0 45.0 0.00
543 27.6636 118.6045 7 21 8
2  45.0 45.0 0.00
544 37.7965 75.1911 5 17 8
2  45.0 45.0 0.00
545 13.1544 91.2323 8 20 6
2  45.0 45.0 0.00
546 30.4332 121.4036 4 23 5
2  45.0 45.0 0.00
547 43.1945 75.9456 8 16 6
2  45.0 45.0 0.00
548 30.5365 82.2066 2 25 9
2  45.0 45.0 0.00
549 29.8835 103.6204 2 20 7
2  45.0 45.0 0.00
550 52.6548 83.4697 9 26 5
2  45.0 45.0 0.00
551 42.1859 122.8610 4 23 5
2  45.0 45.0 0.00
552 49.9502 115.8158 7 22 5
2  45.0 45.0 0.00
553 8.1062 98.4353 10 19 7
2  45.0 45.0 0.00
554 25.2089 114.4614 9 16 7
2  45.0 45.0 0.00
555 30.1244 93.2343 10 18 8
2  45.0 45.0 0.00
556 37.6374 127.2547 2 28 7
2  45.0 45.0 0.00
557 21.7085 74.5427 4 22 9
2  45.0 45.0 0.00
558 51.6436 102.3938 10 29 8
2  45.0 45.0 0.00
559 44.8567 113.4360 3 23 9
2  45.0 45.0 0.00
560 8.6874 85.6729 1 27 7
2  45.0 45.0 0.00
561 18.1037 78.9812 4 20 5
2  45.0 45.0 0.00
562 25.3240 107.6419 8 28 9
2  45.0 45.0 0.00
563 4.7380 120.0664 10 29 8
2  45.0 45.0 0.00
564 6.8207 129.9027 6 22 7
2  45.0 45.0 0.00
565 50.7141 117.9328 10 20 6
2  45.0 45.0 0.00
566 46.4277 118.3015 1 19 8
2  45.0 45.0 0.00
567 27.0766 76.6496 1 20 5
2  45.0 45.0 0.00
568 16.7242 114.5055 1 19 5
2  45.0 45.0 0.00
569 22.7754 109.2009 6 29 8
2  45.0 45.0 0.00
570 5.6347 115.6864 2 27 6
2  45.0 45.0 0.00
571 11.2685 115.7427 10 19 8
2  45.0 45.0 0.00
572 30.6596 116.5349 5 16 5
2  45.0 45.0 0.00
573 37.5728 88.7380 9 18 9
2  45.0 45.0 0.00
574 51.6966 99.2497 5 27 8
2  45.0 45.0 0.00
575 22.2327 112.8401 4 21 5
2  45.0 45.0 0.00
576 20.5466 118.0475 6 24 5
2  45.0 45.0 0.00
577 10.8557 129.8450 1 29 8
2  45.0 45.0 0.00
578 41.4577 119.9882 10 25 8
2  45.0 45.0 0.00
579 30.4451 108.0839 5 17 5
2  45.0 45.0 0.00
580 9.6604 95.3548 9 16 6
2  45.0 45.0 0.00
581 33.7600 127.1802 3 16 5
2  45.0 45.0 0.00
582 28.0684 88.0289 6 18 5
2  45.0 45.0 0.00
583 43.1201 78.6125 1 15 5
2  45.0 45.0 0.00
584 40.2019 90.7843 8 22 9
2  45.0 45.0 0.00
585 12.5398 118.5281 8 15 6
2  45.0 45.0 0.00
586 42.9962 102.5005 8 19 5
2  45.0 45.0 0.00
587 51.9176 110.6590 4 20 9
2  45.0 45.0 0.00
588 15.7056 125.4417 5 28 5
2  45.0 45.0 0.00
589 28.9336 104.6303 5 22 8
2  45.0 45.0 0.00
590 25.7680 104.1548 7 16 7
2  45.0 45.0 0.00
591 44.8402 124.4279 2 17 7
2  45.0 45.0 0.00
592 45.8199 123.3965 1 27 6
2  45.0 45.0 0.00
593 3.4846 128.8441 8 16 8
2  45.0 45.0 0.00
594 11.7376 116.5876 1 18 8
2  45.0 45.0 0.00
595 46.5005 94.8848 5 20 7
2  45.0 45.0 0.00
596 36.1812 86.7947 2 20 7
2  45.0 45.0 0.00
597 17.0338 97.2987 4 28 5
2  45.0 45.0 0.00
598 9.0611 101.5432 6 27 9
2  45.0 45.0 0.00
599 23.7085 75.8599 6 24 7
2  45.0 45.0 0.00
600 32.3969 99.4233 4 26 8
2  45.0 45.0 0.00
601 39.4450 90.0316 6 21 9
2  45.0 45.0 0.00
602 26.6029 103.0720 3 23 6
2  45.0 45.0 0.00
603 34.3243 100.8708 4 18 9
2  45.0 45.0 0.00
604 33.2358 73.9273 5 15 6
2  45.0 45.0 0.00
605 37.9516 127.9830 10 21 5
2  45.0 45.0 0.00
606 44.1172 115.0775 1 29 5
2  45.0 45.0 0.00
607 14.1618 100.9348 7 26 5
2  45.0 45.0 0.00
608 52.8409 132.5612 6 29 9
2  45.0 45.0 0.00
609 34.0011 126.5579 1 21 7
2  45.0 45.0 0.00
610 50.4829 120.0119 10 25 9
2  45.0 45.0 0.00
611 31.6241 97.8567 8 23 8
2  45.0 45.0 0.00
612 43.6258 124.4751 9 19 9
2  45.0 45.0 0.00
613 41.5382 105.9343 5 21 8
2  45.0 45.0 0.00
614 11.0453 114.8391 2 18 6
2  45.0 45.0 0.00
615 33.6014 74.2647 5 18 5
2  45.0 45.0 0.00
616 43.3201 101.4419 4 29 5
2  45.0 45.0 0.00
617 4.9407 132.7222 2 15 6
2  45.0 45.0 0.00
618 43.4479 128.0421 1 16 6
2  45.0 45.0 0.00
619 9.9450 114.9985 8 17 7
2  45.0 45.0 0.00
620 6.5558 102.1426 4 25 6
2  45.0 45.0 0.00
621 15.6169 107.2953 8 19 7
2  45.0 45.0 0.00
622 30.5702 85.6208 2 21 6
2  45.0 45.0 0.00
623 19.9243 126.0637 1 16 8
2  45.0 45.0 0.00
624 41.7697 104.5027 4 15 8
2  45.0 45.0 0.00
625 15.1769 107.8114 4 29 8
2  45.0 45.0 0.00
626 48.6027 125.6925 4 26 9
2  45.0 45.0 0.00
627 19.0346 120.8837 3 24 7
2  45.0 45.0 0.00
628 26.3613 112.9125 9 23 6
2  45.0 45.0 0.00
629 32.9306 103.5335 5 27 6
2  45.0 45.0 0.00
630 15.7252 108.9103 5 21 5
2  45.0 45.0 0.00
631 30.3035 101.0195 6 29 9
2  45.0 45.0 0.00
632 36.6074 109.0496 6 25 5
2  45.0 45.0 0.00
633 36.6598 97.7461 3 23 5
2  45.0 45.0 0.00
634 30.0211 86.7701 7 25 9
2  45.0 45.0 0.00
635 8.5094 130.0740 10 27 6
2  45.0 45.0 0.00
636 39.7323 119.4983 8 26 5
2  45.0 45.0 0.00
637 18.6774 101.0262 1 26 6
2  45.0 45.0 0.00
638 45.6850 124.5769 8 24 9
2  45.0 45.0 0.00
639 46.3200 129.4929 2 21 9
2  45.0 45.0 0.00
640 12.3088 129.0720 9 26 7
2  45.0 45.0 0.00
641 4.2502 128.2505 9 23 5
2  45.0 45.0 0.00
642 32.7419 112.6329 5 25 6
2  45.0 45.0 0.00
643 47.8588 124.9983 8 23 5
2  45.0 45.0 0.00
644 13.3046 111.5926 10 19 6
2  45.0 45.0 0.00
645 37.0404 107.1042 9 26 8
2  45.0 45.0 0.00
646 11.4319 102.2789 1 27 7
2  45.0 45.0 0.00
647 43.0057 73.8780 6 17 6
2  45.0 45.0 0.00
648 22.6352 128.2218 1 24 9
2  45.0 45.0 0.00
649 12.6575 83.8740 2 20 5
2  45.0 45.0 0.00
650 52.9881 96.6173 3 21 9
2  45.0 45.0 0.00
651 30.1483 112.8443 6 21 8
2  45.0 45.0 0.00
652 25.8300 81.5854 3 28 5
2  45.0 45.0 0.00
653 8.3428 121.1500 3 18 8
2  45.0 45.0 0.00
654 47.1272 114.1066 10 18 9
2  45.0 45.0 0.00
655 17.2865 132.5533 6 20 5
2  45.0 45.0 0.00
656 27.9788 83.4929 7 25 6
2  45.0 45.0 0.00
657 41.7509 76.0185 1 27 9
2  45.0 45.0 0.00
658 9.8021 107.6925 10 21 5
2  45.0 45.0 0.00
659 15.4807 75.5640 7 23 8
2  45.0 45.0 0.00
660 22.5326 130.5193 1 24 5
2  45.0 45.0 0.00
661 18.7326 80.8649 5 22 7
2  45.0 45.0 0.00
662 30.5206 89.6481 4 18 5
2  45.0 45.0 0.00
663 17.0860 101.5601 8 22 5
2  45.0 45.0 0.00
664 5.8273 129.5507 5 20 8
2  45.0 45.0 0.00
665 18.2168 86.5615 9 17 6
2  45.0 45.0 0.00
666 15.1498 98.0056 4 26 5
2  45.0 45.0 0.00
667 30.0460 103.5334 3 23 9
2  45.0 45.0 0.00
668 35.1968 107.6941 8 21 7
2  45.0 45.0 0.00
669 45.9287 93.3741 5 20 6
2  45.0 45.0 0.00
670 41.6807 105.1683 4 23 5
2  45.0 45.0 0.00
671 25.4070 108.6229 10 29 6
2  45.0 45.0 0.00
672 7.4314 129.6632 2 16 5
2  45.0 45.0 0.00
673 9.6826 104.3996 1 15 9
2  45.0 45.0 0.00
674 41.6415 128.8263 2 23 6
2  45.0 45.0 0.00
675 26.9156 104.3777 9 27 6
2  45.0 45.0 0.00
676 51.2383 124.1390 10 27 5
2  45.0 45.0 0.00
677 38.3429 125.3125 6 23 6
2  45.0 45.0 0.00
678 50.3603 107.4010 8 19 9
2  45.0 45.0 0.00
679 37.9775 101.1029 7 19 7
2  45.0 45.0 0.00
680 19.7624 89.7667 4 23 5
2  45.0 45.0 0.00
681 45.1587 132.1028 6 18 6
2  45.0 45.0 0.00
682 49.2589 119.4385 5 24 6
2  45.0 45.0 0.00
683 14.8155 80.4144 2 16 7
2  45.0 45.0 0.00
684 16.0889 128.5159 4 27 5
2  45.0 45.0 0.00
685 12.9740 112.1986 3 25 8
2  45.0 45.0 0.00
686 3.4965 87.1501 2 20 9
2  45.0 45.0 0.00
687 37.2661 92.0544 7 24 7
2  45.0 45.0 0.00
688 39.0906 110.7161 7 19 8
2  45.0 45.0 0.00
689 11.6615 128.2957 9 15 8
2  45.0 45.0 0.00
690 31.7988 96.9455 5 25 5
2  45.0 45.0 0.00
691 23.4991 99.1065 1 22 9
2  45.0 45.0 0.00
692 12.4932 89.6954 4 23 5
2  45.0 45.0 0.00
693 37.4672 98.7995 5 25 8
2  45.0 45.0 0.00
694 48.9369 102.9759 5 23 9
2  45.0 45.0 0.00
695 34.6588 112.0506 7 16 5
2  45.0 45.0 0.00
696 16.8943 112.0058 1 15 6
2  45.0 45.0 0.00
697 33.5419 105.8039 6 18 9
2  45.0 45.0 0.00
698 15.5106 122.4112 3 24 5
2  45.0 45.0 0.00
699 25.1777 75.7762 6 16 6
2  45.0 45.0 0.00
700 40.1619 87.4366 2 20 6
2  45.0 45.0 0.00
701 6.8189 122.2920 5 26 7
2  45.0 45.0 0.00
702 40.9570 92.3288 5 19 9
2  45.0 45.0 0.00
703 29.9884 89.1604 1 19 8
2  45.0 45.0 0.00
704 10.1306 84.9512 9 26 6
2  45.0 45.0 0.00
705 7.7609 124.0373 3 21 7
2  45.0 45.0 0.00
706 32.3454 107.0298 2 27 9
2  45.0 45.0 0.00
707 4.8638 88.6914 4 26 8
2  45.0 45.0 0.00
708 42.4652 118.8658 5 26 7
2  45.0 45.0 0.00
709 49.4033 102.8235 5 25 5
2  45.0 45.0 0.00
710 11.7108 116.2312 10 21 6
2  45.0 45.0 0.00
711 30.2026 101.7495 1 15 5
2  45.0 45.0 0.00
712 14.2879 96.1816 4 20 6
2  45.0 45.0 0.00
713 12.5988 100.9644 9 20 8
2  45.0 45.0 0.00
714 16.9122 102.8310 1 23 5
2  45.0 45.0 0.00
715 21.9091 99.4471 1 18 9
2  45.0 45.0 0.00
716 32.9080 80.6820 3 20 7
2  45.0 45.0 0.00
717 46.3194 80.0386 1 21 9
2  45.0 45.0 0.00
718 30.9059 87.2983 8 26 6
2  45.0 45.0 0.00
719 23.1472 96.2540 3 22 8
2  45.0 45.0 0.00
720 26.0996 82.2662 3 16 5
2  45.0 45.0 0.00
721 36.8516 82.9437 7 19 6
2  45.0 45.0 0.00
722 8.1634 86.1508 7 17 8
2  45.0 45.0 0.00
723 7.8862 74.3266 8 28 6
2  45.0 45.0 0.00
724 6.7333 73.1946 10 20 9
2  45.0 45.0 0.00
725 4.9970 118.0537 5 17 9
2  45.0 45.0 0.00
726 52.5307 130.4541 7 23 7
2  45.0 45.0 0.00
727 25.1861 74.5879 9 19 8
2  45.0 45.0 0.00
728 38.0330 122.2446 4 17 6
2  45.0 45.0 0.00
729 19.9469 78.4173 7 15 7
2  45.0 45.0 0.00
730 22.0417 100.2730 2 18 8
2  45.0 45.0 0.00
731 25.9375 118.2708 3 18 7
2  45.0 45.0 0.00
732 49.3069 132.4895 7 20 8
2  45.0 45.0 0.00
733 10.2849 110.7712 7 23 9
2  45.0 45.0 0.00
734 6.5630 114.6757 4 17 9
2  45.0 45.0 0.00
735 15.6961 124.5586 3 16 6
2  45.0 45.0 0.00
736 50.4826 117.8583 2 23 8
2  45.0 45.0 0.00
737 29.8032 116.5923 3 28 6
2  45.0 45.0 0.00
738 37.4604 120.0759 4 26 5
2  45.0 45.0 0.00
739 38.4584 98.3609 5 22 8
2  45.0 45.0 0.00
740 38.4709 104.1579 6 16 6
2  45.0 45.0 0.00
741 37.3120 89.9218 1 19 7
2  45.0 45.0 0.00
742 32.9719 111.0597 10 15 7
2  45.0 45.0 0.00
743 11.9249 97.3338 7 24 6
2  45.0 45.0 0.00
744 23.9580 117.7249 2 18 7
2  45.0 45.0 0.00
745 17.3330 128.6648 7 15 7
2  45.0 45.0 0.00
746 44.5620 94.7727 6 22 8
2  45.0 45.0 0.00
747 24.5177 112.9947 5 20 8
2  45.0 45.0 0.00
748 15.7017 97.1034 7 21 6
2  45.0 45.0 0.00
749 5.7440 117.6629 8 20 7
2  45.0 45.0 0.00
750 18.1802 118.9639 3 17 7
2  45.0 45.0 0.00
751 51.2001 91.1096 1 22 7
2  45.0 45.0 0.00
752 40.9247 86.5958 8 27 9
2  45.0 45.0 0.00
753 14.8280 80.2921 2 20 9
2  45.0 45.0 0.00
754 28.5960 76.5652 3 15 8
2  45.0 45.0 0.00
755 3.8718 91.1655 9 27 8
2  45.0 45.0 0.00
756 30.1140 108.0660 7 24 6
2  45.0 45.0 0.00
757 6.2588 86.4029 3 15 7
2  45.0 45.0 0.00
758 9.4263 81.7375 5 26 9
2  45.0 45.0 0.00
759 4.3718 106.7975 9 23 6
2  45.0 45.0 0.00
760 49.6672 96.6079 6 20 5
2  45.0 45.0 0.00
761 15.2091 118.9058 8 20 7
2  45.0 45.0 0.00
762 36.0622 101.0972 1 25 9
2  45.0 45.0 0.00
763 11.7030 108.6696 3 23 8
2  45.0 45.0 0.00
764 3.6589 77.7912 1 26 7
2  45.0 45.0 0.00
765 21.3148 90.6249 2 17 9
2  45.0 45.0 0.00
766 25.7073 117.7966 9 23 6
2  45.0 45.0 0.00
767 10.4407 87.2166 7 22 7
2  45.0 45.0 0.00
768 18.0039 123.1898 1 21 7
2  45.0 45.0 0.00
769 36.0120 98.3275 9 26 7
2  45.0 45.0 0.00
770 24.6471 131.1944 7 28 5
2  45.0 45.0 0.00
771 45.6746 111.3193 6 27 5
2  45.0 45.0 0.00
772 50.5217 110.2383 4 22 8
2  45.0 45.0 0.00
773 48.7317 125.8197 7 21 6
2  45.0 45.0 0.00
774 49.8558 80.3390 2 16 8
2  45.0 45.0 0.00
775 11.8340 110.6220 8 18 8
2  45.0 45.0 0.00
776 50.2085 103.2468 5 23 6
2  45.0 45.0 0.00
777 27.2120 122.5381 5 21 8
2  45.0 45.0 0.00
778 28.5080 98.2939 9 21 5
2  45.0 45.0 0.00
779 36.9719 94.3835 1 25 9
2  45.0 45.0 0.00
780 41.9955 131.1994 9 22 7
2  45.0 45.0 0.00
781 18.5313 126.5294 8 19 6
2  45.0 45.0 0.00
782 14.3229 97.2520 4 16 7
2  45.0 45.0 0.00
783 25.3161 77.5499 5 18 6
2  45.0 45.0 0.00
784 7.4500 100.8870 2 25 7
2  45.0 45.0 0.00
785 28.7776 113.5112 6 28 7
2  45.0 45.0 0.00
786 44.0144 127.4959 1 20 9
2  45.0 45.0 0.00
787 51.7090 74.1655 7 15 7
2  45.0 45.0 0.00
788 32.6042 104.9609 2 15 7
2  45.0 45.0 0.00
789 8.2980 93.1499 6 28 8
2  45.0 45.0 0.00
790 33.1804 79.6777 7 21 8
2  45.0 45.0 0.00
791 18.7564 89.5782 8 29 9
2  45.0 45.0 0.00
792 34.7720 131.0152 3 25 6
2  45.0 45.0 0.00
793 18.9096 77.1094 6 18 9
2  45.0 45.0 0.00
794 24.3448 74.3578 5 26 6
2  45.0 45.0 0.00
795 30.8159 99.9132 6 19 9
2  45.0 45.0 0.00
796 11.9860 119.7078 5 17 9
2  45.0 45.0 0.00
797 38.4496 103.1010 5 23 5
2  45.0 45.0 0.00
798 37.8938 74.3252 4 17 6
2  45.0 45.0 0.00
799 34.2581 121.6617 5 25 9
2  45.0 45.0 0.00
800 4.8735 78.5147 3 15 6
2  45.0 45.0 0.00
801 32.0489 94.9931 2 18 6
2  45.0 45.0 0.00
802 46.3287 73.2899 3 16 7
2  45.0 45.0 0.00
803 45.8488 119.5150 1 26 9
2  45.0 45.0 0.00
804 43.8255 102.6494 9 18 7
2  45.0 45.0 0.00
805 23.2405 124.7889 8 21 8
2  45.0 45.0 0.00
806 40.2645 117.2792 10 20 8
2  45.0 45.0 0.00
807 7.3904 117.2453 5 28 8
2  45.0 45.0 0.00
808 20.1220 90.7626 10 20 9
2  45.0 45.0 0.00
809 37.6522 128.2574 6 26 6
2  45.0 45.0 0.00
810 45.4956 76.0169 7 28 5
2  45.0 45.0 0.00
811 30.1657 126.4584 5 23 7
2  45.0 45.0 0.00
812 38.8915 127.1835 8 22 6
2  45.0 45.0 0.00
813 9.4294 111.3778 5 22 9
2  45.0 45.0 0.00
814 8.9777 125.3426 10 29 9
2  45.0 45.0 0.00
815 29.0234 81.1548 5 21 9
2  45.0 45.0 0.00
816 27.1927 79.3276 1 18 5
2  45.0 45.0 0.00
817 37.7504 123.5820 1 18 5
2  45.0 45.0 0.00
818 12.8418 83.3474 10 20 9
2  45.0 45.0 0.00
819 24.9691 121.9328 2 15 6
2  45.0 45.0 0.00
820 5.6708 99.5854 4 27 6
2  45.0 45.0 0.00
821 51.8768 77.0163 5 29 8
2  45.0 45.0 0.00
822 23.3700 102.4300 10 24 7
2  45.0 45.0 0.00
823 33.6185 113.8857 3 20 6
2  45.0 45.0 0.00
824 17.2777 95.4245 9 19 5
2  45.0 45.0 0.00
825 50.3549 103.6842 8 29 8
2  45.0 45.0 0.00
826 38.2460 77.4183 1 16 7
2  45.0 45.0 0.00
827 5.0382 90.7067 1 28 8
2  45.0 45.0 0.00
828 34.4034 124.2776 1 24 6
2  45.0 45.0 0.00
829 38.3168 107.2326 6 28 8
2  45.0 45.0 0.00
830 40.8977 99.4821 6 27 7
2  45.0 45.0 0.00
831 36.9837 80.9228 1 26 7
2  45.0 45.0 0.00
832 26.3066 77.9385 6 19 8
2  45.0 45.0 0.00
833 19.6881 96.5960 3 15 7
2  45.0 45.0 0.00
834 18.8629 118.0052 3 26 5
2  45.0 45.0 0.00
835 24.5464 117.5592 2 16 7
2  45.0 45.0 0.00
836 21.8277 111.3091 1 19 5
2  45.0 45.0 0.00
837 16.1777 87.2273 3 23 7
2  45.0 45.0 0.00
838 48.4358 104.2574 4 20 5
2  45.0 45.0 0.00
839 30.2880 107.8916 7 15 9
2  45.0 45.0 0.00
840 18.6534 105.8346 2 20 7
2  45.0 45.0 0.00
841 3.3933 113.4543 3 25 6
2  45.0 45.0 0.00
842 49.8510 76.1116 7 18 7
2  45.0 45.0 0.00
843 44.3823 121.0932 2 17 6
2  45.0 45.0 0.00
844 7.8320 120.8234 10 23 5
2  45.0 45.0 0.00
845 42.8151 94.2575 4 25 7
2  45.0 45.0 0.00
846 45.4700 116.2739 7 16 6
2  45.0 45.0 0.00
847 44.4656 88.1913 8 27 9
2  45.0 45.0 0.00
848 32.4658 105.0211 3 19 9
2  45.0 45.0 0.00
849 45.8428 89.7553 4 28 9
2  45.0 45.0 0.00
850 40.2103 99.6918 8 25 5
2  45.0 45.0 0.00
851 28.8006 73.2201 1 18 5
2  45.0 45.0 0.00
852 35.6788 130.7192 5 17 8
2  45.0 45.0 0.00
853 13.7894 131.2888 9 28 8
2  45.0 45.0 0.00
854 31.7229 131.2360 4 18 5
2  45.0 45.0 0.00
855 31.1478 104.6632 4 25 8
2  45.0 45.0 0.00
856 28.8524 99.7382 5 27 8
2  45.0 45.0 0.00
857 23.2268 75.5378 9 15 6
2  45.0 45.0 0.00
858 44.2821 75.0851 3 25 7
2  45.0 45.0 0.00
859 34.3665 93.2073 7 23 9
2  45.0 45.0 0.00
860 47.2688 97.0015 2 17 7
2  45.0 45.0 0.00
861 41.6803 83.9817 3 23 8
2  45.0 45.0 0.00
862 52.4146 89.3118 6 21 8
2  45.0 45.0 0.00
863 13.3969 80.7396 10 22 9
2  45.0 45.0 0.00
864 11.6746 128.4045 5 23 7
2  45.0 45.0 0.00
865 29.9853 87.6455 6 27 7
2  45.0 45.0 0.00
866 14.3084 130.4120 8 26 8
2  45.0 45.0 0.00
867 8.8512 90.3273 7 19 7
2  45.0 45.0 0.00
868 14.0754 99.7919 2 20 8
2  45.0 45.0 0.00
869 30.6889 108.9663 3 16 7
2  45.0 45.0 0.00
870 27.9168 123.8520 4 26 7
2  45.0 45.0 0.00
871 51.0984 121.5956 10 24 5
2  45.0 45.0 0.00
872 29.4757 92.8428 7 16 9
2  45.0 45.0 0.00
873 4.5713 104.9962 3 27 5
2  45.0 45.0 0.00
874 48.9575 122.7372 9 15 8
2  45.0 45.0 0.00
875 39.3480 104.7680 2 27 6
2  45.0 45.0 0.00
876 50.0134 81.0115 10 20 5
2  45.0 45.0 0.00
877 21.9317 85.0188 3 17 8
2  45.0 45.0 0.00
878 18.3549 112.8652 7 19 8
2  45.0 45.0 0.00
879 47.5397 92.6921 6 22 7
2  45.0 45.0 0.00
880 4.0254 119.7576 2 16 8
2  45.0 45.0 0.00
881 36.4692 123.4891 5 15 6
2  45.0 45.0 0.00
882 24.6250 132.9145 3 19 5
2  45.0 45.0 0.00
883 22.7995 129.3794 8 15 8
2  45.0 45.0 0.00
884 44.5556 95.4322 10 17 6
2  45.0 45.0 0.00
885 15.7365 105.4721 6 18 5
2  45.0 45.0 0.00
886 22.9379 75.3283 4 19 5
2  45.0 45.0 0.00
887 11.0488 75.1466 10 26 8
2  45.0 45.0 0.00
888 29.8575 81.8490 6 26 6
2  45.0 45.0 0.00
889 18.4261 93.4899 3 18 5
2  45.0 45.0 0.00
890 50.5569 90.3704 2 27 7
2  45.0 45.0 0.00
891 35.3320 107.7916 4 25 5
2  45.0 45.0 0.00
892 9.4091 111.0346 3 28 5
2  45.0 45.0 0.00
893 22.6848 113.9052 9 18 5
2  45.0 45.0 0.00
894 21.0107 83.7174 6 21 5
2  45.0 45.0 0.00
895 37.1814 109.0688 4 27 5
2  45.0 45.0 0.00
896 48.6615 90.9312 3 17 9
2  45.0 45.0 0.00
897 8.4626 84.9343 4 25 8
2  45.0 45.0 0.00
898 32.0557 91.5813 3 24 6
2  45.0 45.0 0.00
899 48.1620 86.0390 5 25 7
2  45.0 45.0 0.00
900 34.3385 80.2252 9 17 7
2  45.0 45.0 0.00
901 41.6257 124.1077 9 26 6
2  45.0 45.0 0.00
902 5.2746 117.0184 7 23 9
2  45.0 45.0 0.00
903 44.4664 101.8209 4 29 8
2  45.0 45.0 0.00
904 12.7396 130.2328 8 22 8
2  45.0 45.0 0.00
905 5.5263 104.4083 1 15 8
2  45.0 45.0 0.00
906 26.3156 127.8032 5 20 6
2  45.0 45.0 0.00
907 42.6405 82.3319 6 25 5
2  45.0 45.0 0.00
908 15.8728 98.5983 6 22 5
2  45.0 45.0 0.00
909 45.3737 117.7964 3 26 5
2  45.0 45.0 0.00
910 24.1445 86.4843 7 29 8
2  45.0 45.0 0.00
911 36.6445 110.9615 7 20 7
2  45.0 45.0 0.00
912 15.4521 120.4688 8 17 8
2  45.0 45.0 0.00
913 9.6053 95.3134 3 18 6
2  45.0 45.0 0.00
914 36.6898 120.8388 6 28 5
2  45.0 45.0 0.00
915 41.4077 99.7915 6 21 7
2  45.0 45.0 0.00
916 18.1959 118.5151 2 29 9
2  45.0 45.0 0.00
917 15.0787 130.6004 1 24 8
2  45.0 45.0 0.00
918 11.0060 121.6899 10 18 6
2  45.0 45.0 0.00
919 26.3155 89.0232 4 26 9
2  45.0 45.0 0.00
920 26.7792 104.8943 2 21 7
2  45.0 45.0 0.00
921 34.2789 93.6935 10 26 6
2  45.0 45.0 0.00
922 14.3182 84.6068 9 26 6
2  45.0 45.0 0.00
923 27.5229 120.8123 5 17 8
2  45.0 45.0 0.00
924 11.6049 117.1073 10 22 6
2  45.0 45.0 0.00
925 46.1149 107.9458 4 23 9
2  45.0 45.0 0.00
926 28.0551 114.6698 1 24 7
2  45.0 45.0 0.00
927 41.6173 90.7069 7 21 5
2  45.0 45.0 0.00
928 47.8341 82.7765 5 21 9
2  45.0 45.0 0.00
929 51.3336 73.7504 7 28 9
2  45.0 45.0 0.00
930 36.4719 78.6717 9 15 9
2  45.0 45.0 0.00
931 40.0231 75.6650 10 16 5
2  45.0 45.0 0.00
932 5.1575 121.2068 1 29 5
2  45.0 45.0 0.00
933 29.5933 108.0481 4 20 8
2  45.0 45.0 0.00
934 12.7671 94.0655 7 17 6
2  45.0 45.0 0.00
935 3.4578 92.2781 1 24 8
2  45.0 45.0 0.00
936 45.4896 113.8480 4 25 9
2  45.0 45.0 0.00
937 23.3286 112.3296 4 26 7
2  45.0 45.0 0.00
938 39.3965 86.0264 10 18 9
2  45.0 45.0 0.00
939 7.6618 84.5900 4 18 7
2  45.0 45.0 0.00
940 22.1269 111.1850 2 19 5
2  45.0 45.0 0.00
941 18.9173 130.4344 7 26 8
2  45.0 45.0 0.00
942 23.9580 98.9875 10 20 8
2  45.0 45.0 0.00
943 21.1174 80.7995 3 29 9
2  45.0 45.0 0.00
944 46.8187 122.6668 10 28 8
2  45.0 45.0 0.00
945 51.9118 78.7628 10 17 9
2  45.0 45.0 0.00
946 43.7995 78.6823 10 16 7
2  45.0 45.0 0.00
947 13.6688 97.7867 1 22 6
2  45.0 45.0 0.00
948 25.4667 127.7675 1 29 7
2  45.0 45.0 0.00
949 17.7403 123.0978 6 21 8
2  45.0 45.0 0.00
950 51.1622 85.7269 1 21 7
2  45.0 45.0 0.00
951 30.7379 116.9911 3 23 5
2  45.0 45.0 0.00
952 14.1150 118.9395 7 27 8
2  45.0 45.0 0.00
953 19.2228 93.8072 2 27 8
2  45.0 45.0 0.00
954 50.4619 110.5874 1 24 8
2  45.0 45.0 0.00
955 51.1792 123.6452 5 20 5
2  45.0 45.0 0.00
956 10.1636 111.4389 7 22 9
2  45.0 45.0 0.00
957 33.1937 114.3428 1 22 6
2  45.0 45.0 0.00
958 27.0095 123.4305 5 19 8
2  45.0 45.0 0.00
959 37.1838 78.5691 9 17 7
2  45.0 45.0 0.00
960 50.4009 132.4575 2 24 8
2  45.0 45.0 0.00
961 19.8394 107.5936 1 24 5
2  45.0 45.0 0.00
962 38.5335 94.7157 4 20 7
2  45.0 45.0 0.00
963 32.0825 89.8029 6 28 8
2  45.0 45.0 0.00
964 34.7704 123.4636 6 23 6
2  45.0 45.0 0.00
965 8.4364 92.3623 6 29 9
2  45.0 45.0 0.00
966 46.5383 111.7598 9 29 9
2  45.0 45.0 0.00
967 10.6157 131.5809 8 27 9
2  45.0 45.0 0.00
968 4.3657 76.3834 7 21 9
2  45.0 45.0 0.00
969 8.9131 99.5981 8 26 5
2  45.0 45.0 0.00
970 23.1813 84.0609 3 21 9
2  45.0 45.0 0.00
971 8.3479 97.2244 6 19 5
2  45.0 45.0 0.00
972 3.7042 110.2907 10 25 6
2  45.0 45.0 0.00
973 6.2337 96.8649 5 21 8
2  45.0 45.0 0.00
974 33.2651 101.4433 4 15 5
2  45.0 45.0 0.00
975 31.9509 98.2565 5 24 7
2  45.0 45.0 0.00
976 36.2713 105.6044 5 26 8
2  45.0 45.0 0.00
977 37.3208 85.5818 5 16 7
2  45.0 45.0 0.00
978 40.4287 111.9610 7 25 9
2  45.0 45.0 0.00
979 23.2901 95.2656 7 17 7
2  45.0 45.0 0.00
980 39.0256 74.5752 7 29 8
2  45.0 45.0 0.00
981 49.4786 80.5238 7 20 6
2  45.0 45.0 0.00
982 37.3009 118.3322 10 25 8
2  45.0 45.0 0.00
983 26.5338 122.5152 3 29 9
2  45.0 45.0 0.00
984 45.7488 92.1774 8 29 5
2  45.0 45.0 0.00
985 50.7977 121.0903 7 17 7
2  45.0 45.0 0.00
986 13.3962 89.5058 1 17 9
2  45.0 45.0 0.00
987 34.9587 106.6748 8 15 5
2  45.0 45.0 0.00
988 31.0510 123.8897 5 25 7
2  45.0 45.0 0.00
989 52.6519 127.9919 10 29 8
2  45.0 45.0 0.00
990 32.0274 96.3502 3 19 8
2  45.0 45.0 0.00
991 23.0444 74.7720 9 27 5
2  45.0 45.0 0.00
992 9.4034 130.7622 7 29 6
2  45.0 45.0 0.00
993 23.5460 108.9607 8 27 9
2  45.0 45.0 0.00
994 48.4715 122.1027 7 28 6
2  45.0 45.0 0.00
995 3.3407 111.0308 2 23 6
2  45.0 45.0 0.00
996 4.9711 123.0695 7 23 5
2  45.0 45.0 0.00
997 43.9377 132.7494 6 21 5
2  45.0 45.0 0.00
998 33.4821 118.3523 4 27 6
2  45.0 45.0 0.00
999 32.9158 126.3067 4 20 8
2  45.0 45.0 0.00
