s1
0
 2013 04 20 22 16 32.480     2013 04 20 22 20  5.666     213.2
1
 2013 04 20 12 24 47.295     2013 04 20 12 27 24.885     157.6
 2013 04 20 20 38 20.683     2013 04 20 20 39 29.231      68.5
2
 2013 04 20 10 48 50.576     2013 04 20 10 49 19.374      28.8
 2013 04 20 20 41 19.617     2013 04 20 20 44 59.472     219.9
3
4
 2013 04 20 10 49 17.751     2013 04 20 10 52 38.238     200.5
 2013 04 20 19 03 22.585     2013 04 20 19 06  7.567     165.0
5
 2013 04 20 10 44  2.447     2013 04 20 10 46 54.918     172.5
 2013 04 20 20 44 29.158     2013 04 20 20 47 11.723     162.6
6
 2013 04 20 10 44 51.877     2013 04 20 10 48 23.908     212.0
 2013 04 20 20 42 13.200     2013 04 20 20 45 15.638     182.4
7
 2013 04 20 19 02  6.283     2013 04 20 19 05 25.848     199.6
8
 2013 04 20 20 41 30.263     2013 04 20 20 44 41.641     191.4
9
 2013 04 20 12 18 13.688     2013 04 20 12 18 25.756      12.1
 2013 04 20 22 17  7.460     2013 04 20 22 19 39.681     152.2
10
 2013 04 20 14 01 33.404     2013 04 20 14 04 10.353     156.9
 2013 04 20 20 35 38.653     2013 04 20 20 38 12.916     154.3
11
 2013 04 20 19 06 18.272     2013 04 20 19 06 35.863      17.6
12
 2013 04 20 14 03 11.617     2013 04 20 14 05 49.778     158.2
 2013 04 20 18 57 53.729     2013 04 20 19 01  6.758     193.0
13
 2013 04 20 12 26 30.163     2013 04 20 12 29 50.334     200.2
 2013 04 20 19 01 54.632     2013 04 20 19 04 31.962     157.3
14
 2013 04 20 12 23  8.854     2013 04 20 12 26 16.750     187.9
 2013 04 20 20 39 50.574     2013 04 20 20 42 23.459     152.9
15
 2013 04 20 12 15  6.855     2013 04 20 12 18 10.292     183.4
16
 2013 04 20 00 21  5.178     2013 04 20 00 23 49.145     164.0
 2013 04 20 12 14 39.542     2013 04 20 12 15 57.845      78.3
17
 2013 04 20 12 14 23.544     2013 04 20 12 17  7.186     163.6
18
 2013 04 20 13 59 42.663     2013 04 20 14 02 53.271     190.6
19
 2013 04 20 15 38 22.085     2013 04 20 15 41  3.908     161.8
 2013 04 20 20 33  5.448     2013 04 20 20 35 43.830     158.4
20
 2013 04 20 22 14 25.308     2013 04 20 22 17 56.922     211.6
21
 2013 04 20 22 20 21.513     2013 04 20 22 23 19.491     178.0
22
 2013 04 20 20 47 11.061     2013 04 20 20 49 41.456     150.4
23
 2013 04 20 13 59  2.951     2013 04 20 14 02 26.211     203.3
 2013 04 20 22 11 36.308     2013 04 20 22 13 27.565     111.3
24
 2013 04 20 20 40 47.236     2013 04 20 20 43 38.453     171.2
25
26
 2013 04 20 12 26 54.448     2013 04 20 12 30 36.283     221.8
 2013 04 20 14 04 48.307     2013 04 20 14 08 18.212     209.9
 2013 04 20 17 21 13.743     2013 04 20 17 21 23.118       9.4
 2013 04 20 18 59 44.045     2013 04 20 19 02 37.583     173.5
27
 2013 04 20 13 58 25.609     2013 04 20 14 01 27.615     182.0
 2013 04 20 22 12 30.163     2013 04 20 22 15 19.628     169.5
28
 2013 04 20 12 23 32.469     2013 04 20 12 26 24.522     172.1
 2013 04 20 20 39 31.164     2013 04 20 20 42  8.670     157.5
29
 2013 04 20 14 01 53.172     2013 04 20 14 04 28.965     155.8
 2013 04 20 20 35 30.082     2013 04 20 20 38 12.954     162.9
30
 2013 04 20 12 25 40.902     2013 04 20 12 28 22.984     162.1
 2013 04 20 19 00 32.724     2013 04 20 19 00 57.723      25.0
31
 2013 04 20 14 03 45.741     2013 04 20 14 06 24.465     158.7
 2013 04 20 18 58 25.926     2013 04 20 19 01  7.777     161.9
32
 2013 04 20 12 14 33.107     2013 04 20 12 17 28.506     175.4
33
34
35
36
 2013 04 20 12 27  7.510     2013 04 20 12 30  4.169     176.7
 2013 04 20 19 00 22.041     2013 04 20 19 03  3.747     161.7
37
 2013 04 20 12 16 50.999     2013 04 20 12 19 24.568     153.6
 2013 04 20 22 21 28.584     2013 04 20 22 22 25.804      57.2
38
 2013 04 20 22 21 13.245     2013 04 20 22 24 37.168     203.9
39
 2013 04 20 10 44 57.864     2013 04 20 10 47 36.754     158.9
 2013 04 20 20 43  7.205     2013 04 20 20 46 11.556     184.4
40
 2013 04 20 13 58 19.744     2013 04 20 14 01 11.243     171.5
 2013 04 20 22 12 45.906     2013 04 20 22 15 27.847     161.9
41
42
 2013 04 20 20 40 50.178     2013 04 20 20 43 31.873     161.7
43
 2013 04 20 12 19 20.476     2013 04 20 12 22  5.982     165.5
 2013 04 20 22 18  8.279     2013 04 20 22 21 35.770     207.5
44
 2013 04 20 12 15  6.225     2013 04 20 12 16 26.233      80.0
45
 2013 04 20 09 04 51.821     2013 04 20 09 08 32.634     220.8
46
 2013 04 20 20 46 46.208     2013 04 20 20 50  6.428     200.2
47
 2013 04 20 13 59 25.349     2013 04 20 14 02  1.119     155.8
 2013 04 20 22 12 23.867     2013 04 20 22 12 50.165      26.3
48
 2013 04 20 12 20 41.787     2013 04 20 12 21 27.296      45.5
49
 2013 04 20 13 55 17.100     2013 04 20 13 57 59.232     162.1
