0 25.0361 87.9163 4 26 7
2  45.0 45.0 0.00
1 41.8359 111.4562 7 23 8
2  45.0 45.0 0.00
2 32.5810 118.1130 3 27 7
2  45.0 45.0 0.00
3 26.2370 82.3161 8 28 5
2  45.0 45.0 0.00
4 42.8891 129.0696 5 18 6
2  45.0 45.0 0.00
5 22.3142 121.0816 5 17 5
2  45.0 45.0 0.00
6 29.7666 117.8680 8 29 9
2  45.0 45.0 0.00
7 41.7806 120.8719 9 23 9
2  45.0 45.0 0.00
8 27.9593 110.9361 1 24 5
2  45.0 45.0 0.00
9 27.1639 91.3471 8 25 9
2  45.0 45.0 0.00
10 48.0690 95.6331 2 22 9
2  45.0 45.0 0.00
11 28.3114 132.5900 6 22 5
2  45.0 45.0 0.00
12 51.7679 103.0593 3 21 5
2  45.0 45.0 0.00
13 45.1910 121.3004 7 15 8
2  45.0 45.0 0.00
14 36.3438 109.2640 10 28 9
2  45.0 45.0 0.00
15 11.2757 91.4614 10 17 7
2  45.0 45.0 0.00
16 7.0250 80.6006 10 19 9
2  45.0 45.0 0.00
17 10.9057 86.2034 9 16 6
2  45.0 45.0 0.00
18 42.1223 92.0833 4 22 8
2  45.0 45.0 0.00
19 52.9098 83.1814 2 23 7
2  45.0 45.0 0.00
20 36.9136 90.5155 9 29 9
2  45.0 45.0 0.00
21 17.8490 100.8370 5 24 9
2  45.0 45.0 0.00
22 12.9270 124.5203 5 28 5
2  45.0 45.0 0.00
23 45.4341 83.7004 3 22 5
2  45.0 45.0 0.00
24 34.1882 113.8086 6 26 6
2  45.0 45.0 0.00
25 20.4411 79.7803 2 18 8
2  45.0 45.0 0.00
26 52.7912 116.0273 10 25 8
2  45.0 45.0 0.00
27 42.4287 82.2386 3 21 7
2  45.0 45.0 0.00
28 37.7082 109.2298 6 19 9
2  45.0 45.0 0.00
29 49.1887 96.5549 2 20 7
2  45.0 45.0 0.00
30 43.9928 115.0848 3 21 9
2  45.0 45.0 0.00
31 52.9064 105.9516 3 24 8
2  45.0 45.0 0.00
32 12.1988 85.9815 2 27 9
2  45.0 45.0 0.00
33 27.0708 82.2605 5 18 9
2  45.0 45.0 0.00
34 37.7353 116.4863 5 28 8
2  45.0 45.0 0.00
35 3.9967 95.8508 9 28 5
2  45.0 45.0 0.00
36 50.8120 117.5487 3 26 7
2  45.0 45.0 0.00
37 17.7205 91.8444 2 27 7
2  45.0 45.0 0.00
38 14.9690 103.7582 3 26 7
2  45.0 45.0 0.00
39 26.8902 119.8736 4 22 7
2  45.0 45.0 0.00
40 41.4716 82.2993 7 22 5
2  45.0 45.0 0.00
41 7.7543 119.5047 6 26 5
2  45.0 45.0 0.00
42 33.8641 113.1073 3 22 7
2  45.0 45.0 0.00
43 25.0749 98.3442 2 19 8
2  45.0 45.0 0.00
44 11.3672 93.8511 2 26 7
2  45.0 45.0 0.00
45 12.1034 131.4706 2 22 6
2  45.0 45.0 0.00
46 14.9353 127.5322 4 21 7
2  45.0 45.0 0.00
47 43.0626 86.9494 5 26 9
2  45.0 45.0 0.00
48 28.9666 105.8082 1 26 6
2  45.0 45.0 0.00
49 31.5463 74.8346 7 19 6
2  45.0 45.0 0.00
