s1
0
 2013 04 20 20 41 30.227     2013 04 20 20 44 11.145     160.9
1
2
 2013 04 20 20 47 32.844     2013 04 20 20 50  3.041     150.2
3
 2013 04 20 10 48 24.930     2013 04 20 10 51  6.337     161.4
 2013 04 20 19 04  9.472     2013 04 20 19 07   .637     171.2
4
 2013 04 20 12 18 19.421     2013 04 20 12 21 12.887     173.5
 2013 04 20 22 19  5.300     2013 04 20 22 21 41.813     156.5
5
 2013 04 20 12 21 51.756     2013 04 20 12 24 27.046     155.3
6
7
 2013 04 20 12 25 24.093     2013 04 20 12 28 42.117     198.0
 2013 04 20 19 04 20.586     2013 04 20 19 05  2.766      42.2
8
 2013 04 20 10 46  3.079     2013 04 20 10 49 39.115     216.0
9
 2013 04 20 14 01  1.528     2013 04 20 14 04 19.863     198.3
 2013 04 20 20 36 22.079     2013 04 20 20 38 58.314     156.2
10
 2013 04 20 12 14 41.048     2013 04 20 12 17 25.960     164.9
11
 2013 04 20 12 14 15.455     2013 04 20 12 16 53.471     158.0
12
 2013 04 20 00 22  7.679     2013 04 20 00 24 43.447     155.8
 2013 04 20 12 11 55.786     2013 04 20 12 14 49.447     173.7
13
 2013 04 20 10 49 38.525     2013 04 20 10 52 46.939     188.4
 2013 04 20 19 03 21.257     2013 04 20 19 06 21.967     180.7
14
 2013 04 20 14 02 43.483     2013 04 20 14 05 19.677     156.2
 2013 04 20 18 57 16.791     2013 04 20 19 01  4.749     228.0
 2013 04 20 20 35  8.673     2013 04 20 20 38 52.911     224.2
15
 2013 04 20 12 19  1.086     2013 04 20 12 21 43.190     162.1
 2013 04 20 22 17 50.719     2013 04 20 22 20 32.282     161.6
16
 2013 04 20 22 21 31.825     2013 04 20 22 24  4.796     153.0
17
18
 2013 04 20 12 20 20.828     2013 04 20 12 23 21.696     180.9
19
 2013 04 20 12 18 11.622     2013 04 20 12 21 32.385     200.8
 2013 04 20 22 19 18.851     2013 04 20 22 22  6.060     167.2
20
 2013 04 20 14 02  9.797     2013 04 20 14 05 58.164     228.4
 2013 04 20 20 36 23.955     2013 04 20 20 39 57.567     213.6
21
 2013 04 20 12 21 29.999     2013 04 20 12 25 13.197     223.2
22
 2013 04 20 13 59 35.075     2013 04 20 14 02 45.008     189.9
23
 2013 04 20 22 16 25.484     2013 04 20 22 19   .499     155.0
24
 2013 04 20 22 20 12.051     2013 04 20 22 20 31.474      19.4
25
 2013 04 20 13 55 46.511     2013 04 20 13 58 34.599     168.1
26
 2013 04 20 12 13  7.782     2013 04 20 12 16 49.708     221.9
27
 2013 04 20 13 57 44.419     2013 04 20 14 00 20.766     156.3
 2013 04 20 22 13 40.823     2013 04 20 22 16 14.853     154.0
28
 2013 04 20 15 38 31.066     2013 04 20 15 41 30.076     179.0
 2013 04 20 20 33 32.375     2013 04 20 20 36  8.145     155.8
29
 2013 04 20 10 41 18.463     2013 04 20 10 44  7.468     169.0
30
31
32
 2013 04 20 10 46 54.888     2013 04 20 10 49 29.382     154.5
33
 2013 04 20 12 20 16.037     2013 04 20 12 23 45.299     209.3
34
 2013 04 20 10 43 57.252     2013 04 20 10 45 11.636      74.4
 2013 04 20 20 44 37.192     2013 04 20 20 48  8.478     211.3
35
 2013 04 20 12 13 52.896     2013 04 20 12 16 30.542     157.6
36
 2013 04 20 12 27 59.869     2013 04 20 12 31 32.513     212.6
 2013 04 20 19 01 38.638     2013 04 20 19 02 51.826      73.2
37
 2013 04 20 12 21 41.362     2013 04 20 12 24 52.768     191.4
38
 2013 04 20 22 16 16.875     2013 04 20 22 19  1.189     164.3
39
 2013 04 20 22 21 27.575     2013 04 20 22 22   .224      32.6
40
 2013 04 20 13 58 55.188     2013 04 20 14 01 35.621     160.4
 2013 04 20 22 13 11.385     2013 04 20 22 16 36.424     205.0
41
 2013 04 20 10 40 21.428     2013 04 20 10 43 22.545     181.1
42
 2013 04 20 22 21 14.172     2013 04 20 22 24 50.908     216.7
43
 2013 04 20 20 40 14.681     2013 04 20 20 40 44.947      30.3
44
45
46
 2013 04 20 13 57 54.148     2013 04 20 14 00 53.955     179.8
 2013 04 20 22 14  7.275     2013 04 20 22 16 44.219     156.9
47
 2013 04 20 10 47 58.816     2013 04 20 10 50 44.605     165.8
 2013 04 20 19 03 52.487     2013 04 20 19 07 13.536     201.0
48
 2013 04 20 20 50 57.743     2013 04 20 20 51 50.403      52.7
49
 2013 04 20 12 13 49.940     2013 04 20 12 16 28.317     158.4
50
51
 2013 04 20 15 37 41.037     2013 04 20 15 40 52.336     191.3
 2013 04 20 20 33  2.504     2013 04 20 20 36 16.430     193.9
52
53
 2013 04 20 14 00 12.413     2013 04 20 14 03 47.635     215.2
 2013 04 20 20 34  6.184     2013 04 20 20 37   .878     174.7
54
 2013 04 20 19 02 21.763     2013 04 20 19 05 36.565     194.8
55
 2013 04 20 12 14 44.720     2013 04 20 12 17 58.840     194.1
56
 2013 04 20 14 01  1.934     2013 04 20 14 03 47.512     165.6
 2013 04 20 20 34 58.155     2013 04 20 20 37 37.497     159.3
57
 2013 04 20 10 41 36.126     2013 04 20 10 42 30.679      54.6
 2013 04 20 22 22 37.203     2013 04 20 22 25 58.078     200.9
58
 2013 04 20 12 19 10.707     2013 04 20 12 22 35.349     204.6
 2013 04 20 22 16 56.219     2013 04 20 22 19 48.364     172.1
59
 2013 04 20 19 10  8.529     2013 04 20 19 10 26.936      18.4
60
 2013 04 20 10 50  5.378     2013 04 20 10 53 51.515     226.1
 2013 04 20 19 02 18.029     2013 04 20 19 02 54.237      36.2
61
 2013 04 20 12 21   .997     2013 04 20 12 23 38.353     157.4
62
 2013 04 20 12 23 39.082     2013 04 20 12 26 17.437     158.4
 2013 04 20 20 38 43.963     2013 04 20 20 41 18.059     154.1
63
 2013 04 20 22 22 54.339     2013 04 20 22 25 24.496     150.2
64
 2013 04 20 12 18 23.748     2013 04 20 12 21 39.243     195.5
 2013 04 20 22 19  7.955     2013 04 20 22 22  2.015     174.1
65
 2013 04 20 12 19  5.761     2013 04 20 12 22 24.864     199.1
 2013 04 20 22 18 25.211     2013 04 20 22 19 34.045      68.8
66
 2013 04 20 20 46 40.249     2013 04 20 20 49 11.630     151.4
67
 2013 04 20 14 02 24.083     2013 04 20 14 05  1.105     157.0
 2013 04 20 20 35 24.650     2013 04 20 20 38 39.878     195.2
68
 2013 04 20 12 23 38.778     2013 04 20 12 26 25.110     166.3
 2013 04 20 20 39 23.388     2013 04 20 20 42  2.175     158.8
69
 2013 04 20 12 27 26.619     2013 04 20 12 30 15.496     168.9
 2013 04 20 19 00 26.317     2013 04 20 19 03 19.732     173.4
70
 2013 04 20 15 38 11.321     2013 04 20 15 40 53.669     162.3
 2013 04 20 20 32 58.468     2013 04 20 20 35 42.894     164.4
71
72
 2013 04 20 00 20 14.682     2013 04 20 00 22 44.708     150.0
73
 2013 04 20 13 59 59.383     2013 04 20 14 03 21.804     202.4
 2013 04 20 20 33 59.563     2013 04 20 20 37 19.613     200.1
74
 2013 04 20 12 21 23.491     2013 04 20 12 25  8.532     225.0
75
 2013 04 20 12 25  5.826     2013 04 20 12 28 10.598     184.8
76
 2013 04 20 13 56 31.033     2013 04 20 13 59 16.299     165.3
 2013 04 20 22 15 50.957     2013 04 20 22 16 32.567      41.6
77
 2013 04 20 00 21 16.970     2013 04 20 00 24 37.515     200.5
 2013 04 20 12 12 47.419     2013 04 20 12 15 43.552     176.1
78
 2013 04 20 13 53 19.725     2013 04 20 13 53 25.840       6.1
79
 2013 04 20 13 56 46.047     2013 04 20 13 59 26.541     160.5
 2013 04 20 22 13 35.644     2013 04 20 22 17   .086     204.4
80
 2013 04 20 12 23 41.504     2013 04 20 12 26 17.149     155.6
 2013 04 20 20 38 51.707     2013 04 20 20 41 26.547     154.8
81
 2013 04 20 22 16  5.304     2013 04 20 22 18 46.491     161.2
82
 2013 04 20 13 57 46.013     2013 04 20 14 00 45.909     179.9
 2013 04 20 22 12 47.129     2013 04 20 22 15 20.618     153.5
83
 2013 04 20 12 13 15.129     2013 04 20 12 14  6.170      51.0
84
 2013 04 20 13 57 52.027     2013 04 20 14 00 38.107     166.1
 2013 04 20 22 13  1.867     2013 04 20 22 15 35.017     153.2
85
 2013 04 20 10 46 41.107     2013 04 20 10 49 23.108     162.0
86
 2013 04 20 22 14 55.326     2013 04 20 22 16 31.303      96.0
87
 2013 04 20 00 19 25.587     2013 04 20 00 23  5.916     220.3
88
 2013 04 20 13 59 22.019     2013 04 20 14 02 19.094     177.1
89
90
 2013 04 20 00 17 19.193     2013 04 20 00 20  6.787     167.6
 2013 04 20 13 52  6.574     2013 04 20 13 55 49.537     223.0
91
 2013 04 20 12 21 47.858     2013 04 20 12 24 36.286     168.4
 2013 04 20 20 42 42.967     2013 04 20 20 43  6.856      23.9
92
 2013 04 20 10 51 10.989     2013 04 20 10 51 28.431      17.4
 2013 04 20 19 02 45.423     2013 04 20 19 06 18.012     212.6
93
94
 2013 04 20 09 02 49.341     2013 04 20 09 06 26.155     216.8
 2013 04 20 20 49 29.056     2013 04 20 20 51 59.085     150.0
95
96
 2013 04 20 13 57 29.064     2013 04 20 14 00 55.726     206.7
 2013 04 20 22 14 31.488     2013 04 20 22 17  5.232     153.7
97
 2013 04 20 12 22 17.609     2013 04 20 12 25  1.473     163.9
 2013 04 20 20 39 14.161     2013 04 20 20 42 35.498     201.3
98
 2013 04 20 10 47   .623     2013 04 20 10 47  6.462       5.8
 2013 04 20 19 05 58.415     2013 04 20 19 09  8.502     190.1
99
 2013 04 20 14 01 49.776     2013 04 20 14 04 27.887     158.1
 2013 04 20 20 35 15.230     2013 04 20 20 37 57.954     162.7
100
 2013 04 20 10 38 19.382     2013 04 20 10 41 54.349     215.0
 2013 04 20 22 23 11.660     2013 04 20 22 26 13.928     182.3
101
 2013 04 20 10 44 27.363     2013 04 20 10 47 39.449     192.1
 2013 04 20 20 44  9.248     2013 04 20 20 47 36.000     206.8
102
 2013 04 20 13 57 32.991     2013 04 20 14 00 32.282     179.3
 2013 04 20 22 14 12.838     2013 04 20 22 16 45.511     152.7
103
 2013 04 20 10 45 34.273     2013 04 20 10 48  9.583     155.3
 2013 04 20 20 42 36.714     2013 04 20 20 43 21.247      44.5
104
 2013 04 20 13 59 30.591     2013 04 20 14 03  3.944     213.4
 2013 04 20 20 33 31.854     2013 04 20 20 33 56.871      25.0
105
 2013 04 20 00 21 30.690     2013 04 20 00 24 31.214     180.5
 2013 04 20 12 12 29.203     2013 04 20 12 15 30.272     181.1
106
 2013 04 20 20 48 46.011     2013 04 20 20 51 20.785     154.8
107
108
 2013 04 20 13 58  5.381     2013 04 20 14 01 25.130     199.7
 2013 04 20 22 12 23.370     2013 04 20 22 15  2.560     159.2
109
110
 2013 04 20 10 40  2.900     2013 04 20 10 43  7.408     184.5
111
 2013 04 20 14 00  5.116     2013 04 20 14 03 29.488     204.4
 2013 04 20 20 34  3.746     2013 04 20 20 37 14.454     190.7
112
 2013 04 20 10 41 58.266     2013 04 20 10 44 44.151     165.9
 2013 04 20 20 48 10.365     2013 04 20 20 48 35.994      25.6
113
 2013 04 20 12 25 21.701     2013 04 20 12 25 29.635       7.9
 2013 04 20 19 01 56.677     2013 04 20 19 05 22.075     205.4
114
 2013 04 20 20 36 14.774     2013 04 20 20 36 25.721      10.9
115
 2013 04 20 12 22 39.712     2013 04 20 12 26 23.117     223.4
 2013 04 20 20 37 45.291     2013 04 20 20 40 29.460     164.2
116
 2013 04 20 12 20 39.926     2013 04 20 12 23 57.685     197.8
117
118
 2013 04 20 13 59 45.026     2013 04 20 14 02 51.595     186.6
 2013 04 20 20 33 49.682     2013 04 20 20 33 56.220       6.5
119
 2013 04 20 10 39  2.720     2013 04 20 10 41 51.206     168.5
120
 2013 04 20 12 21 48.106     2013 04 20 12 25 22.112     214.0
 2013 04 20 20 40   .127     2013 04 20 20 43 16.113     196.0
121
 2013 04 20 12 23  9.626     2013 04 20 12 26 17.914     188.3
 2013 04 20 20 38 12.174     2013 04 20 20 40 47.060     154.9
122
 2013 04 20 10 44 13.626     2013 04 20 10 46 52.989     159.4
 2013 04 20 20 43 39.790     2013 04 20 20 46 12.366     152.6
123
 2013 04 20 12 23  3.014     2013 04 20 12 26 15.976     193.0
 2013 04 20 20 38  8.302     2013 04 20 20 40 45.146     156.8
124
 2013 04 20 00 20  5.279     2013 04 20 00 23 30.482     205.2
125
 2013 04 20 22 15 55.106     2013 04 20 22 18 40.429     165.3
126
 2013 04 20 12 13 53.186     2013 04 20 12 16 28.626     155.4
127
 2013 04 20 14 03 21.911     2013 04 20 14 06 45.908     204.0
 2013 04 20 18 58 55.664     2013 04 20 19 01 57.349     181.7
128
 2013 04 20 13 59 10.299     2013 04 20 14 02 52.792     222.5
129
 2013 04 20 00 20 27.971     2013 04 20 00 22 59.750     151.8
130
 2013 04 20 13 55 45.035     2013 04 20 13 58 48.635     183.6
131
 2013 04 20 10 45  3.213     2013 04 20 10 45 38.846      35.6
132
 2013 04 20 22 19  1.880     2013 04 20 22 19  4.007       2.1
133
 2013 04 20 20 47  4.481     2013 04 20 20 48 23.123      78.6
134
 2013 04 20 00 19 50.099     2013 04 20 00 22 28.794     158.7
135
 2013 04 20 12 28 20.994     2013 04 20 12 30 56.987     156.0
 2013 04 20 17 22 54.362     2013 04 20 17 26 32.929     218.6
 2013 04 20 19 00 35.094     2013 04 20 19 01 40.892      65.8
136
 2013 04 20 12 19 28.251     2013 04 20 12 21  2.580      94.3
137
 2013 04 20 12 27 25.253     2013 04 20 12 30 38.485     193.2
 2013 04 20 14 04 59.560     2013 04 20 14 08 50.328     230.8
 2013 04 20 17 21 43.037     2013 04 20 17 22 57.740      74.7
 2013 04 20 18 59 57.839     2013 04 20 19 03  6.981     189.1
138
 2013 04 20 09 05 26.887     2013 04 20 09 06 31.675      64.8
 2013 04 20 20 49 19.775     2013 04 20 20 51 51.375     151.6
139
 2013 04 20 10 50 34.809     2013 04 20 10 50 59.450      24.6
140
 2013 04 20 10 39 23.654     2013 04 20 10 42 54.025     210.4
141
 2013 04 20 12 18 54.069     2013 04 20 12 21 53.660     179.6
 2013 04 20 22 17 33.810     2013 04 20 22 20 11.216     157.4
142
 2013 04 20 13 56  4.483     2013 04 20 13 58 42.947     158.5
143
 2013 04 20 10 37 36.782     2013 04 20 10 40 26.746     170.0
 2013 04 20 22 24 31.502     2013 04 20 22 27  3.826     152.3
144
 2013 04 20 00 15 21.586     2013 04 20 00 19  2.247     220.7
 2013 04 20 13 53 55.924     2013 04 20 13 56 31.704     155.8
145
 2013 04 20 12 15 42.972     2013 04 20 12 18 32.228     169.3
146
 2013 04 20 10 40  7.478     2013 04 20 10 42 41.601     154.1
147
 2013 04 20 12 26 43.153     2013 04 20 12 29 39.016     175.9
 2013 04 20 19 01 35.871     2013 04 20 19 04 11.932     156.1
148
 2013 04 20 13 57 13.742     2013 04 20 14 00 26.166     192.4
 2013 04 20 22 14 24.584     2013 04 20 22 16 59.975     155.4
149
 2013 04 20 14 02 23.930     2013 04 20 14 04 59.739     155.8
 2013 04 20 20 35 16.571     2013 04 20 20 38 32.168     195.6
150
 2013 04 20 10 38 45.234     2013 04 20 10 42 29.479     224.2
 2013 04 20 22 22 35.777     2013 04 20 22 26  8.587     212.8
151
 2013 04 20 00 19 43.887     2013 04 20 00 22 18.341     154.5
152
 2013 04 20 10 41  4.133     2013 04 20 10 43 39.688     155.6
153
 2013 04 20 12 27 58.306     2013 04 20 12 30 34.291     156.0
 2013 04 20 19 00 49.894     2013 04 20 19 04  8.394     198.5
154
 2013 04 20 22 21  3.570     2013 04 20 22 23 36.259     152.7
155
 2013 04 20 00 18 19.892     2013 04 20 00 21 20.922     181.0
156
 2013 04 20 10 52 14.910     2013 04 20 10 53  4.657      49.7
 2013 04 20 19 02 55.409     2013 04 20 19 05 42.800     167.4
157
 2013 04 20 20 41 16.974     2013 04 20 20 44 16.474     179.5
158
 2013 04 20 13 59 27.072     2013 04 20 14 02  3.915     156.8
159
 2013 04 20 15 37 46.843     2013 04 20 15 40 24.631     157.8
 2013 04 20 20 32 28.251     2013 04 20 20 35 32.502     184.3
160
 2013 04 20 12 14 22.003     2013 04 20 12 17 53.666     211.7
161
 2013 04 20 12 23 49.726     2013 04 20 12 26 30.671     160.9
 2013 04 20 20 39 11.833     2013 04 20 20 41 55.234     163.4
162
 2013 04 20 20 48 46.559     2013 04 20 20 51 20.310     153.8
163
 2013 04 20 20 45 43.584     2013 04 20 20 48 24.134     160.5
164
 2013 04 20 10 41 45.909     2013 04 20 10 45 30.840     224.9
 2013 04 20 20 45 39.184     2013 04 20 20 48 46.884     187.7
165
 2013 04 20 12 26 15.955     2013 04 20 12 26 45.921      30.0
 2013 04 20 14 04 13.894     2013 04 20 14 07 48.586     214.7
 2013 04 20 18 59 41.280     2013 04 20 19 02 16.249     155.0
166
 2013 04 20 20 48   .403     2013 04 20 20 50 38.922     158.5
167
 2013 04 20 13 55  5.279     2013 04 20 13 56  3.313      58.0
168
 2013 04 20 12 27 45.073     2013 04 20 12 30 47.061     182.0
 2013 04 20 14 05 12.501     2013 04 20 14 06 13.179      60.7
 2013 04 20 17 22  4.401     2013 04 20 17 25 42.532     218.1
 2013 04 20 18 59 59.957     2013 04 20 19 03 26.816     206.9
169
 2013 04 20 12 24 43.747     2013 04 20 12 28 22.872     219.1
170
 2013 04 20 00 20  9.278     2013 04 20 00 23 11.380     182.1
171
172
173
 2013 04 20 10 39 57.783     2013 04 20 10 43 13.178     195.4
174
 2013 04 20 22 22 23.023     2013 04 20 22 25 11.137     168.1
175
 2013 04 20 22 16 15.650     2013 04 20 22 19 53.247     217.6
176
 2013 04 20 13 53  6.246     2013 04 20 13 53 21.227      15.0
177
 2013 04 20 22 23  4.782     2013 04 20 22 26 22.334     197.6
178
179
 2013 04 20 10 46 11.355     2013 04 20 10 49 39.682     208.3
180
 2013 04 20 22 20 35.521     2013 04 20 22 23  7.119     151.6
181
 2013 04 20 13 56   .514     2013 04 20 13 58 53.493     173.0
182
 2013 04 20 09 07 26.769     2013 04 20 09 07 26.141       -.6
 2013 04 20 20 48 43.961     2013 04 20 20 51 20.576     156.6
183
 2013 04 20 15 37 58.465     2013 04 20 15 40 53.225     174.8
 2013 04 20 20 33  2.991     2013 04 20 20 35 59.080     176.1
184
 2013 04 20 13 58 42.369     2013 04 20 14 01 25.861     163.5
 2013 04 20 22 13 25.303     2013 04 20 22 16 36.277     191.0
185
 2013 04 20 15 37 48.265     2013 04 20 15 40 26.991     158.7
 2013 04 20 20 32 31.631     2013 04 20 20 35 35.162     183.5
186
 2013 04 20 12 22 28.853     2013 04 20 12 25  4.061     155.2
 2013 04 20 20 38 43.171     2013 04 20 20 42  3.017     199.8
187
 2013 04 20 14 03 25.858     2013 04 20 14 06 29.696     183.8
 2013 04 20 18 58 40.243     2013 04 20 19 01 40.512     180.3
188
 2013 04 20 14 02 18.243     2013 04 20 14 05  9.682     171.4
 2013 04 20 18 56 37.266     2013 04 20 19 00 23.239     226.0
 2013 04 20 20 34 38.990     2013 04 20 20 38  3.770     204.8
189
 2013 04 20 12 18 45.697     2013 04 20 12 21 19.687     154.0
 2013 04 20 22 18 25.717     2013 04 20 22 21  2.742     157.0
190
191
 2013 04 20 10 38 44.451     2013 04 20 10 39 14.809      30.4
192
 2013 04 20 10 47 45.673     2013 04 20 10 48  9.032      23.4
 2013 04 20 20 42 20.725     2013 04 20 20 44 54.050     153.3
193
 2013 04 20 12 21 56.910     2013 04 20 12 25 31.947     215.0
 2013 04 20 20 40  5.021     2013 04 20 20 43  9.039     184.0
194
 2013 04 20 10 43 32.319     2013 04 20 10 46 23.415     171.1
 2013 04 20 20 43 34.512     2013 04 20 20 46 16.876     162.4
195
 2013 04 20 20 45 11.540     2013 04 20 20 48 46.484     214.9
196
 2013 04 20 10 47 35.184     2013 04 20 10 50 37.854     182.7
 2013 04 20 19 05  5.949     2013 04 20 19 08 29.056     203.1
197
 2013 04 20 13 56  1.858     2013 04 20 13 59 34.759     212.9
198
 2013 04 20 12 16 32.401     2013 04 20 12 17 18.101      45.7
 2013 04 20 22 20 18.506     2013 04 20 22 22 58.866     160.4
199
 2013 04 20 22 20 28.047     2013 04 20 22 22 58.534     150.5
