0 29.8804 111.8937 9 15 9
2  45.0 45.0 0.00
1 27.5972 131.4669 8 16 8
2  45.0 45.0 0.00
2 11.6540 125.0316 1 28 5
2  45.0 45.0 0.00
3 37.7918 127.9081 4 18 8
2  45.0 45.0 0.00
4 21.7224 96.8491 9 21 8
2  45.0 45.0 0.00
5 33.9874 102.0241 8 27 7
2  45.0 45.0 0.00
6 37.4941 95.1007 9 28 9
2  45.0 45.0 0.00
7 42.4388 117.0779 5 21 6
2  45.0 45.0 0.00
8 28.4153 128.0389 1 15 7
2  45.0 45.0 0.00
9 45.3551 97.4579 1 15 9
2  45.0 45.0 0.00
10 10.0035 89.5126 2 27 7
2  45.0 45.0 0.00
11 10.0062 86.3383 5 20 5
2  45.0 45.0 0.00
12 3.4104 81.6596 1 22 9
2  45.0 45.0 0.00
13 43.2367 130.3800 5 28 8
2  45.0 45.0 0.00
14 51.0603 100.3834 6 27 7
2  45.0 45.0 0.00
15 25.8567 94.8526 3 28 7
2  45.0 45.0 0.00
16 13.6058 100.9419 10 27 7
2  45.0 45.0 0.00
17 23.7337 103.1604 8 21 7
2  45.0 45.0 0.00
18 31.3235 96.8951 4 20 6
2  45.0 45.0 0.00
19 21.1989 98.2017 1 16 5
2  45.0 45.0 0.00
20 47.5385 104.2358 3 19 6
2  45.0 45.0 0.00
21 37.1840 98.6208 2 19 5
2  45.0 45.0 0.00
22 41.7957 91.6029 10 26 5
2  45.0 45.0 0.00
23 30.1255 91.0624 9 15 6
2  45.0 45.0 0.00
24 18.1031 103.7775 10 20 6
2  45.0 45.0 0.00
25 31.1477 79.0633 1 23 7
2  45.0 45.0 0.00
26 4.8553 89.9617 10 27 6
2  45.0 45.0 0.00
27 37.5759 82.7887 1 21 6
2  45.0 45.0 0.00
28 52.3830 85.6772 1 19 7
2  45.0 45.0 0.00
29 15.8211 112.2780 6 17 7
2  45.0 45.0 0.00
30 6.1469 95.4837 6 27 5
2  45.0 45.0 0.00
31 21.8905 83.7107 10 28 6
2  45.0 45.0 0.00
32 32.1313 125.2721 6 27 6
2  45.0 45.0 0.00
33 27.6609 103.1553 10 21 5
2  45.0 45.0 0.00
34 21.9682 124.2637 2 26 6
2  45.0 45.0 0.00
35 7.5387 87.4828 1 26 9
2  45.0 45.0 0.00
36 48.4160 128.4472 8 17 9
2  45.0 45.0 0.00
37 36.1188 99.7431 9 25 6
2  45.0 45.0 0.00
38 28.6504 88.5053 7 16 8
2  45.0 45.0 0.00
39 8.8229 97.3209 5 15 8
2  45.0 45.0 0.00
40 40.6917 86.8916 1 15 6
2  45.0 45.0 0.00
41 13.4271 110.1922 2 24 5
2  45.0 45.0 0.00
42 9.8215 97.0187 9 15 8
2  45.0 45.0 0.00
43 35.9253 116.7427 7 28 6
2  45.0 45.0 0.00
44 5.3750 121.3438 3 16 7
2  45.0 45.0 0.00
45 9.0471 119.8400 7 15 8
2  45.0 45.0 0.00
46 37.2713 85.5928 9 17 9
2  45.0 45.0 0.00
47 36.8397 126.4803 1 28 8
2  45.0 45.0 0.00
48 5.1253 122.7846 7 23 7
2  45.0 45.0 0.00
49 8.6348 85.5873 6 22 5
2  45.0 45.0 0.00
50 22.3706 105.3115 8 24 6
2  45.0 45.0 0.00
51 50.4052 82.5244 1 23 7
2  45.0 45.0 0.00
52 24.3938 106.4114 1 27 6
2  45.0 45.0 0.00
53 49.3276 87.5228 2 18 7
2  45.0 45.0 0.00
54 41.3583 121.8000 1 16 8
2  45.0 45.0 0.00
55 13.8878 85.7760 3 24 9
2  45.0 45.0 0.00
56 48.5577 91.7530 6 15 9
2  45.0 45.0 0.00
57 10.3450 105.9809 6 27 9
2  45.0 45.0 0.00
58 28.9028 93.7766 1 20 8
2  45.0 45.0 0.00
59 27.2825 132.6312 3 20 6
2  45.0 45.0 0.00
60 46.5325 131.1234 6 28 9
2  45.0 45.0 0.00
61 31.7040 99.6311 1 29 5
2  45.0 45.0 0.00
62 39.7585 106.4114 8 23 9
2  45.0 45.0 0.00
63 8.7663 102.7250 2 27 8
2  45.0 45.0 0.00
64 21.8435 98.3281 1 21 7
2  45.0 45.0 0.00
65 24.0445 99.9917 5 20 7
2  45.0 45.0 0.00
66 14.1951 123.0473 8 19 6
2  45.0 45.0 0.00
67 50.1214 99.1947 7 16 9
2  45.0 45.0 0.00
68 38.1524 109.0330 10 25 5
2  45.0 45.0 0.00
69 51.0599 119.1358 4 20 7
2  45.0 45.0 0.00
70 52.5117 82.3385 2 25 6
2  45.0 45.0 0.00
71 25.4258 105.0524 3 20 7
2  45.0 45.0 0.00
72 9.2109 77.5183 6 22 6
2  45.0 45.0 0.00
73 48.0524 86.9132 6 18 6
2  45.0 45.0 0.00
74 36.9374 98.3243 2 27 8
2  45.0 45.0 0.00
75 41.8160 115.0903 4 21 5
2  45.0 45.0 0.00
76 35.5980 77.6275 6 26 6
2  45.0 45.0 0.00
77 6.4131 82.9975 8 16 5
2  45.0 45.0 0.00
78 23.4111 78.2430 3 23 6
2  45.0 45.0 0.00
79 34.3871 80.8077 9 20 7
2  45.0 45.0 0.00
80 39.4656 106.9509 5 16 6
2  45.0 45.0 0.00
81 31.4081 90.9917 5 28 9
2  45.0 45.0 0.00
82 40.3505 80.3782 5 17 9
2  45.0 45.0 0.00
83 5.3546 90.8808 10 16 7
2  45.0 45.0 0.00
84 39.7212 81.2043 5 15 5
2  45.0 45.0 0.00
85 32.5682 123.4839 8 22 9
2  45.0 45.0 0.00
86 35.3096 92.6043 8 29 8
2  45.0 45.0 0.00
87 7.3056 73.2560 9 20 9
2  45.0 45.0 0.00
88 41.4200 89.9113 2 18 8
2  45.0 45.0 0.00
89 17.2627 129.0861 5 24 7
2  45.0 45.0 0.00
90 19.4865 74.2827 8 26 9
2  45.0 45.0 0.00
91 32.6287 104.2270 7 15 8
2  45.0 45.0 0.00
92 39.3382 122.9299 9 28 5
2  45.0 45.0 0.00
93 24.0136 83.5392 8 20 5
2  45.0 45.0 0.00
94 5.1412 128.1720 9 17 6
2  45.0 45.0 0.00
95 25.6284 128.6421 8 19 7
2  45.0 45.0 0.00
96 35.8298 86.1504 5 15 6
2  45.0 45.0 0.00
97 34.2407 105.0788 4 29 5
2  45.0 45.0 0.00
98 31.2831 132.3366 3 26 5
2  45.0 45.0 0.00
99 49.8117 95.5265 5 15 9
2  45.0 45.0 0.00
100 8.4800 105.9751 1 22 7
2  45.0 45.0 0.00
101 23.5098 123.1609 8 21 6
2  45.0 45.0 0.00
102 36.2602 84.5484 3 21 5
2  45.0 45.0 0.00
103 28.3795 121.6095 2 25 8
2  45.0 45.0 0.00
104 47.2812 85.0693 2 19 9
2  45.0 45.0 0.00
105 5.6941 82.3390 3 16 9
2  45.0 45.0 0.00
106 6.8563 126.2487 8 21 7
2  45.0 45.0 0.00
107 8.3506 118.0291 4 21 7
2  45.0 45.0 0.00
108 42.4399 80.8125 10 25 9
2  45.0 45.0 0.00
109 21.6594 105.1493 6 24 9
2  45.0 45.0 0.00
110 9.3038 114.4063 10 18 8
2  45.0 45.0 0.00
111 48.4222 87.2264 2 22 6
2  45.0 45.0 0.00
112 15.7273 116.6271 7 22 7
2  45.0 45.0 0.00
113 41.8863 120.2707 2 29 8
2  45.0 45.0 0.00
114 40.8553 95.6537 1 17 9
2  45.0 45.0 0.00
115 40.7708 101.6065 4 22 6
2  45.0 45.0 0.00
116 28.9030 103.4436 10 18 9
2  45.0 45.0 0.00
117 22.3510 110.8297 7 24 6
2  45.0 45.0 0.00
118 46.4952 86.3795 5 17 9
2  45.0 45.0 0.00
119 6.0840 111.7096 8 18 8
2  45.0 45.0 0.00
120 32.2672 107.1907 8 28 9
2  45.0 45.0 0.00
121 40.4257 103.6834 3 21 6
2  45.0 45.0 0.00
122 24.5835 118.3106 5 17 6
2  45.0 45.0 0.00
123 40.3577 103.2617 2 22 9
2  45.0 45.0 0.00
124 10.3616 81.2387 8 25 6
2  45.0 45.0 0.00
125 29.7057 87.6255 3 19 5
2  45.0 45.0 0.00
126 8.5128 85.9625 4 27 8
2  45.0 45.0 0.00
127 50.4108 108.1239 4 21 8
2  45.0 45.0 0.00
128 46.7815 83.8026 10 19 9
2  45.0 45.0 0.00
129 8.7364 78.3737 1 26 8
2  45.0 45.0 0.00
130 30.8659 80.1300 10 21 9
2  45.0 45.0 0.00
131 25.4016 127.0943 7 25 7
2  45.0 45.0 0.00
132 28.2378 83.7235 7 20 5
2  45.0 45.0 0.00
133 13.7814 129.3256 4 22 5
2  45.0 45.0 0.00
134 11.0878 78.0660 2 26 9
2  45.0 45.0 0.00
135 51.3594 124.6248 10 27 5
2  45.0 45.0 0.00
136 25.2276 102.4790 1 24 5
2  45.0 45.0 0.00
137 52.5712 118.5140 8 28 5
2  45.0 45.0 0.00
138 5.3322 127.5246 9 27 5
2  45.0 45.0 0.00
139 37.8453 121.8579 5 18 7
2  45.0 45.0 0.00
140 11.7984 107.8472 9 25 7
2  45.0 45.0 0.00
141 26.6442 93.8598 9 23 9
2  45.0 45.0 0.00
142 32.3809 78.8191 7 22 7
2  45.0 45.0 0.00
143 3.6719 105.9757 3 18 6
2  45.0 45.0 0.00
144 25.8530 73.5908 4 22 5
2  45.0 45.0 0.00
145 15.6507 88.2354 2 25 7
2  45.0 45.0 0.00
146 10.6445 111.3022 3 18 6
2  45.0 45.0 0.00
147 46.1883 120.2890 10 16 6
2  45.0 45.0 0.00
148 35.1880 84.5482 3 29 6
2  45.0 45.0 0.00
149 50.4829 98.6905 3 20 9
2  45.0 45.0 0.00
150 10.3656 106.5149 4 28 6
2  45.0 45.0 0.00
151 11.3061 77.4694 4 23 6
2  45.0 45.0 0.00
152 13.9481 112.7321 6 16 8
2  45.0 45.0 0.00
153 50.4623 122.9391 6 16 7
2  45.0 45.0 0.00
154 14.2645 98.7822 4 29 5
2  45.0 45.0 0.00
155 16.2295 76.9631 7 17 9
2  45.0 45.0 0.00
156 44.2419 127.8490 2 27 5
2  45.0 45.0 0.00
157 32.7155 115.5833 1 15 9
2  45.0 45.0 0.00
158 42.4638 88.0121 8 26 8
2  45.0 45.0 0.00
159 52.0779 79.6376 1 17 9
2  45.0 45.0 0.00
160 8.8670 91.6042 4 26 7
2  45.0 45.0 0.00
161 38.8804 108.9985 2 28 7
2  45.0 45.0 0.00
162 8.0034 127.9411 2 25 5
2  45.0 45.0 0.00
163 18.2406 123.2527 8 29 8
2  45.0 45.0 0.00
164 14.9762 119.5139 10 16 9
2  45.0 45.0 0.00
165 51.7544 113.2838 6 18 9
2  45.0 45.0 0.00
166 10.6982 127.1142 8 19 7
2  45.0 45.0 0.00
167 28.7384 81.5440 1 19 9
2  45.0 45.0 0.00
168 52.7167 120.1534 4 23 9
2  45.0 45.0 0.00
169 46.6796 107.8622 7 23 5
2  45.0 45.0 0.00
170 10.2007 80.1612 8 21 9
2  45.0 45.0 0.00
171 20.1054 83.6719 2 29 9
2  45.0 45.0 0.00
172 5.3105 95.7146 2 29 9
2  45.0 45.0 0.00
173 12.9082 109.1364 10 17 5
2  45.0 45.0 0.00
174 11.1205 103.7539 3 16 6
2  45.0 45.0 0.00
175 25.6818 87.2287 10 18 5
2  45.0 45.0 0.00
176 22.7025 77.6006 7 18 5
2  45.0 45.0 0.00
177 4.7305 100.5543 6 20 7
2  45.0 45.0 0.00
178 19.8451 83.9249 8 20 8
2  45.0 45.0 0.00
179 33.7878 120.8354 3 25 9
2  45.0 45.0 0.00
180 16.5659 99.0077 5 22 8
2  45.0 45.0 0.00
181 34.5724 76.0152 7 15 5
2  45.0 45.0 0.00
182 8.2481 128.1752 7 27 6
2  45.0 45.0 0.00
183 51.4767 82.5591 8 27 6
2  45.0 45.0 0.00
184 39.9463 86.5881 10 26 6
2  45.0 45.0 0.00
185 52.0164 79.9240 9 20 5
2  45.0 45.0 0.00
186 35.8189 103.6620 3 20 8
2  45.0 45.0 0.00
187 51.0295 106.8933 5 21 7
2  45.0 45.0 0.00
188 52.2178 96.8499 10 20 8
2  45.0 45.0 0.00
189 23.8657 95.6002 7 17 9
2  45.0 45.0 0.00
190 25.8219 131.7411 4 22 9
2  45.0 45.0 0.00
191 5.2424 114.9886 8 17 9
2  45.0 45.0 0.00
192 28.8024 115.6012 7 29 8
2  45.0 45.0 0.00
193 32.6964 107.6335 10 16 9
2  45.0 45.0 0.00
194 23.2323 116.3140 9 18 6
2  45.0 45.0 0.00
195 20.0714 125.4889 10 29 8
2  45.0 45.0 0.00
196 33.1829 129.8673 5 21 8
2  45.0 45.0 0.00
197 36.8680 75.0334 9 20 9
2  45.0 45.0 0.00
198 16.0390 96.8489 4 23 9
2  45.0 45.0 0.00
199 16.7168 98.3405 5 24 8
2  45.0 45.0 0.00
