s1
0
 2013 04 20 12 26 23.797     2013 04 20 12 29  2.454     158.7
 2013 04 20 19 01   .666     2013 04 20 19 03 54.830     174.2
1
 2013 04 20 20 47 18.701     2013 04 20 20 50 22.059     183.4
2
3
 2013 04 20 12 21  7.373     2013 04 20 12 23 57.315     169.9
4
 2013 04 20 20 40 24.245     2013 04 20 20 44  6.929     222.7
5
6
 2013 04 20 20 36 50.693     2013 04 20 20 40 28.312     217.6
7
 2013 04 20 15 37 12.158     2013 04 20 15 41  3.144     231.0
 2013 04 20 20 33  6.586     2013 04 20 20 36 50.602     224.0
8
 2013 04 20 12 21 25.841     2013 04 20 12 24  8.105     162.3
9
 2013 04 20 12 26 21.665     2013 04 20 12 29 50.281     208.6
 2013 04 20 14 03 56.892     2013 04 20 14 04 18.753      21.9
 2013 04 20 18 59 56.978     2013 04 20 19 02 31.618     154.6
10
11
 2013 04 20 12 14 45.844     2013 04 20 12 17 49.325     183.5
12
 2013 04 20 12 14 50.088     2013 04 20 12 17 27.432     157.3
13
 2013 04 20 14 01 57.043     2013 04 20 14 04 32.782     155.7
 2013 04 20 20 35 25.652     2013 04 20 20 38 11.804     166.2
14
 2013 04 20 12 20 20.225     2013 04 20 12 20 34.856      14.6
15
 2013 04 20 00 19 29.106     2013 04 20 00 22  6.355     157.2
16
 2013 04 20 12 22 23.922     2013 04 20 12 25 12.079     168.2
 2013 04 20 20 39 24.294     2013 04 20 20 42 33.010     188.7
17
 2013 04 20 10 47  9.340     2013 04 20 10 50 50.665     221.3
 2013 04 20 19 05 33.935     2013 04 20 19 08 58.561     204.6
18
 2013 04 20 20 40 56.638     2013 04 20 20 44  3.809     187.2
19
 2013 04 20 22 20 13.690     2013 04 20 22 23 13.687     180.0
20
 2013 04 20 13 55 17.499     2013 04 20 13 57 53.761     156.3
21
22
 2013 04 20 10 38 35.979     2013 04 20 10 41 51.075     195.1
 2013 04 20 22 23 12.889     2013 04 20 22 26 31.413     198.5
23
 2013 04 20 22 15 32.549     2013 04 20 22 18 47.378     194.8
24
 2013 04 20 14 03 25.262     2013 04 20 14 06 25.251     180.0
 2013 04 20 18 58 35.712     2013 04 20 19 01 36.894     181.2
25
 2013 04 20 13 56  1.020     2013 04 20 13 59 35.280     214.3
26
 2013 04 20 13 58   .334     2013 04 20 14 00 58.637     178.3
 2013 04 20 22 14  3.464     2013 04 20 22 16 43.354     159.9
27
 2013 04 20 13 55 48.134     2013 04 20 13 58 23.768     155.6
28
29
 2013 04 20 12 13 23.316     2013 04 20 12 16 33.792     190.5
30
 2013 04 20 12 28 58.109     2013 04 20 12 31 36.114     158.0
 2013 04 20 17 23 39.885     2013 04 20 17 26 36.793     176.9
31
32
 2013 04 20 10 40 51.703     2013 04 20 10 41 12.458      20.8
 2013 04 20 22 23 38.043     2013 04 20 22 26  9.087     151.0
33
 2013 04 20 13 59 34.341     2013 04 20 14 03 12.957     218.6
 2013 04 20 20 33 35.006     2013 04 20 20 37 18.419     223.4
34
 2013 04 20 19 06  6.220     2013 04 20 19 09 26.656     200.4
35
 2013 04 20 00 16 25.839     2013 04 20 00 20   .498     214.7
 2013 04 20 13 53  2.204     2013 04 20 13 56 28.127     205.9
36
37
 2013 04 20 12 24 15.185     2013 04 20 12 26 54.900     159.7
 2013 04 20 20 38 21.625     2013 04 20 20 41 22.347     180.7
38
 2013 04 20 13 56  9.658     2013 04 20 13 59 33.589     203.9
 2013 04 20 22 14 14.387     2013 04 20 22 17 48.595     214.2
39
 2013 04 20 10 51  3.801     2013 04 20 10 51 36.121      32.3
 2013 04 20 19 02 53.700     2013 04 20 19 06 11.489     197.8
40
 2013 04 20 12 25 27.692     2013 04 20 12 28 11.329     163.6
 2013 04 20 19 03 28.367     2013 04 20 19 03 46.264      17.9
41
 2013 04 20 12 28 23.327     2013 04 20 12 31  5.612     162.3
 2013 04 20 17 22 47.949     2013 04 20 17 26  3.257     195.3
 2013 04 20 19 00  5.302     2013 04 20 19 00 11.445       6.1
42
 2013 04 20 14 02 10.712     2013 04 20 14 04 52.573     161.9
 2013 04 20 20 34 59.127     2013 04 20 20 38  5.169     186.0
43
 2013 04 20 12 21  6.169     2013 04 20 12 21 29.594      23.4
 2013 04 20 22 17   .562     2013 04 20 22 20  4.205     183.6
44
 2013 04 20 22 20  9.611     2013 04 20 22 23  5.715     176.1
45
46
 2013 04 20 13 55 36.109     2013 04 20 13 59  5.766     209.7
47
 2013 04 20 13 59 27.322     2013 04 20 14 02 42.640     195.3
48
 2013 04 20 14 02 59.644     2013 04 20 14 06 38.179     218.5
 2013 04 20 18 58 45.370     2013 04 20 19 02 10.948     205.6
49
 2013 04 20 10 42  8.622     2013 04 20 10 43  4.746      56.1
 2013 04 20 22 21 57.939     2013 04 20 22 22  6.473       8.5
50
51
52
 2013 04 20 20 48 47.721     2013 04 20 20 51 18.305     150.6
53
 2013 04 20 12 25 39.955     2013 04 20 12 28 18.518     158.6
 2013 04 20 19 00 24.261     2013 04 20 19 00 31.081       6.8
54
 2013 04 20 20 47   .325     2013 04 20 20 50 24.158     203.8
55
 2013 04 20 19 02 16.697     2013 04 20 19 03 20.931      64.2
56
 2013 04 20 12 25 59.804     2013 04 20 12 29  2.841     183.0
 2013 04 20 19 01 19.222     2013 04 20 19 04 31.677     192.5
57
 2013 04 20 13 55 50.237     2013 04 20 13 59 21.953     211.7
 2013 04 20 22 17 26.534     2013 04 20 22 18  8.258      41.7
58
 2013 04 20 22 21 38.201     2013 04 20 22 24 30.843     172.6
59
 2013 04 20 10 38 36.148     2013 04 20 10 41 52.360     196.2
60
 2013 04 20 10 45 47.040     2013 04 20 10 47 58.590     131.5
61
62
 2013 04 20 22 15 50.404     2013 04 20 22 18 44.546     174.1
63
64
 2013 04 20 13 57 33.842     2013 04 20 14 00 17.064     163.2
 2013 04 20 22 13 55.134     2013 04 20 22 16 30.646     155.5
65
 2013 04 20 10 47 46.869     2013 04 20 10 51  6.307     199.4
 2013 04 20 19 03 20.962     2013 04 20 19 06 42.882     201.9
66
 2013 04 20 22 22 54.536     2013 04 20 22 25 43.745     169.2
67
 2013 04 20 15 36 30.893     2013 04 20 15 39 24.674     173.8
 2013 04 20 22 10 26.345     2013 04 20 22 13 22.052     175.7
68
 2013 04 20 13 59 57.468     2013 04 20 14 03 32.798     215.3
 2013 04 20 20 35 56.136     2013 04 20 20 39 33.470     217.3
69
 2013 04 20 14 00   .420     2013 04 20 14 02 42.153     161.7
 2013 04 20 20 37 33.405     2013 04 20 20 38 14.565      41.2
70
 2013 04 20 12 26 52.699     2013 04 20 12 29 32.009     159.3
 2013 04 20 19 01 15.199     2013 04 20 19 03 50.143     154.9
71
72
 2013 04 20 13 59 50.899     2013 04 20 14 03 20.386     209.5
 2013 04 20 20 35 43.835     2013 04 20 20 36 10.211      26.4
73
 2013 04 20 22 22   .768     2013 04 20 22 25  3.854     183.1
74
 2013 04 20 22 20 21.309     2013 04 20 22 22 53.153     151.8
75
 2013 04 20 00 17 34.137     2013 04 20 00 20 19.604     165.5
 2013 04 20 13 51 49.412     2013 04 20 13 52 28.907      39.5
76
 2013 04 20 12 19  7.649     2013 04 20 12 21 43.573     155.9
 2013 04 20 22 17 57.411     2013 04 20 22 20 45.733     168.3
77
78
 2013 04 20 12 24 47.486     2013 04 20 12 28 15.382     207.9
79
80
 2013 04 20 10 44 30.609     2013 04 20 10 44 51.224      20.6
81
82
83
 2013 04 20 10 43  6.663     2013 04 20 10 46 25.200     198.5
 2013 04 20 20 43  7.064     2013 04 20 20 46  9.648     182.6
84
 2013 04 20 15 38 52.329     2013 04 20 15 41 53.299     181.0
 2013 04 20 20 33 43.667     2013 04 20 20 36 20.201     156.5
85
 2013 04 20 10 49   .924     2013 04 20 10 49  6.140       5.2
 2013 04 20 20 41 34.749     2013 04 20 20 44 49.450     194.7
86
 2013 04 20 22 22  8.838     2013 04 20 22 24 43.904     155.1
87
 2013 04 20 10 45 32.795     2013 04 20 10 48 53.262     200.5
 2013 04 20 20 41 41.780     2013 04 20 20 42 40.871      59.1
88
89
 2013 04 20 13 59 40.606     2013 04 20 14 02 15.901     155.3
90
 2013 04 20 13 58 34.863     2013 04 20 14 01  9.922     155.1
 2013 04 20 22 13 13.067     2013 04 20 22 16  5.890     172.8
91
 2013 04 20 00 19 45.627     2013 04 20 00 22 38.237     172.6
92
 2013 04 20 22 15  8.696     2013 04 20 22 15 15.488       6.8
93
 2013 04 20 22 11 33.309     2013 04 20 22 14  9.851     156.5
94
 2013 04 20 20 40 41.585     2013 04 20 20 43 49.170     187.6
95
 2013 04 20 12 27 10.804     2013 04 20 12 29 48.550     157.7
 2013 04 20 19 01 13.342     2013 04 20 19 03 48.730     155.4
96
97
 2013 04 20 12 29 33.165     2013 04 20 12 30 15.094      41.9
 2013 04 20 14 04 16.796     2013 04 20 14 07 45.944     209.1
 2013 04 20 18 59 37.974     2013 04 20 19 02 13.317     155.3
98
 2013 04 20 10 45 10.170     2013 04 20 10 47 45.867     155.7
 2013 04 20 20 43 15.439     2013 04 20 20 46 49.166     213.7
99
100
 2013 04 20 13 59 18.021     2013 04 20 14 02 31.857     193.8
101
 2013 04 20 10 37 15.836     2013 04 20 10 37 33.512      17.7
 2013 04 20 22 23 48.512     2013 04 20 22 26 18.549     150.0
102
103
 2013 04 20 13 57 44.598     2013 04 20 13 58 17.530      32.9
 2013 04 20 22 12  4.774     2013 04 20 22 14 40.244     155.5
104
 2013 04 20 22 22 45.789     2013 04 20 22 25 40.171     174.4
105
 2013 04 20 10 50  8.875     2013 04 20 10 53  4.708     175.8
 2013 04 20 19 03 10.825     2013 04 20 19 06 46.149     215.3
106
107
 2013 04 20 12 12 58.363     2013 04 20 12 15 50.508     172.1
108
109
 2013 04 20 12 20  7.187     2013 04 20 12 20 11.392       4.2
110
 2013 04 20 20 46 40.981     2013 04 20 20 49 19.609     158.6
111
 2013 04 20 22 21 20.784     2013 04 20 22 24  3.504     162.7
112
 2013 04 20 10 39  5.644     2013 04 20 10 42 24.974     199.3
113
 2013 04 20 12 26 28.051     2013 04 20 12 29 44.563     196.5
 2013 04 20 19 01 50.585     2013 04 20 19 04 29.813     159.2
114
 2013 04 20 13 55 30.187     2013 04 20 13 58  4.766     154.6
115
 2013 04 20 12 27 50.397     2013 04 20 12 30 50.362     180.0
 2013 04 20 14 05 16.910     2013 04 20 14 06 15.043      58.1
 2013 04 20 17 22 10.310     2013 04 20 17 25 43.656     213.3
 2013 04 20 18 59 59.294     2013 04 20 19 03 32.220     212.9
116
 2013 04 20 00 17 56.037     2013 04 20 00 20 30.595     154.6
117
 2013 04 20 10 44 55.590     2013 04 20 10 48 26.322     210.7
 2013 04 20 20 42 10.914     2013 04 20 20 45 17.101     186.2
118
 2013 04 20 13 55 36.822     2013 04 20 13 58 38.744     181.9
119
 2013 04 20 13 58 59.080     2013 04 20 14 01 38.135     159.1
 2013 04 20 22 12 38.230     2013 04 20 22 15 58.958     200.7
120
121
 2013 04 20 12 15 26.567     2013 04 20 12 18 47.051     200.5
122
 2013 04 20 12 18  6.630     2013 04 20 12 21 19.273     192.6
 2013 04 20 22 17 40.147     2013 04 20 22 20 17.415     157.3
123
 2013 04 20 10 38  6.135     2013 04 20 10 40 53.267     167.1
 2013 04 20 22 24 11.925     2013 04 20 22 27  1.588     169.7
124
125
 2013 04 20 13 54  5.874     2013 04 20 13 55  6.218      60.3
126
 2013 04 20 12 24 31.435     2013 04 20 12 27 14.885     163.5
 2013 04 20 20 38  1.580     2013 04 20 20 41 23.918     202.3
127
 2013 04 20 00 14 48.895     2013 04 20 00 15 46.785      57.9
 2013 04 20 13 54 13.617     2013 04 20 13 56 49.230     155.6
128
 2013 04 20 10 41 11.844     2013 04 20 10 43 54.045     162.2
129
 2013 04 20 12 16  9.686     2013 04 20 12 19 39.613     209.9
 2013 04 20 22 19 52.889     2013 04 20 22 23 20.364     207.5
130
 2013 04 20 20 46 58.188     2013 04 20 20 47 46.367      48.2
131
 2013 04 20 12 28 15.002     2013 04 20 12 28 50.131      35.1
 2013 04 20 18 58 48.212     2013 04 20 18 59 49.532      61.3
132
 2013 04 20 20 48 37.389     2013 04 20 20 51 13.751     156.4
133
 2013 04 20 12 26 13.646     2013 04 20 12 29  3.533     169.9
 2013 04 20 19 01 13.076     2013 04 20 19 04 14.492     181.4
134
 2013 04 20 00 21 25.867     2013 04 20 00 23 56.050     150.2
 2013 04 20 12 14 51.006     2013 04 20 12 15 23.333      32.3
135
 2013 04 20 10 45 56.726     2013 04 20 10 46 16.641      19.9
 2013 04 20 20 46 10.950     2013 04 20 20 46 24.386      13.4
136
 2013 04 20 09 04 25.638     2013 04 20 09 07 11.163     165.5
 2013 04 20 20 48 56.407     2013 04 20 20 50 48.253     111.8
137
 2013 04 20 10 53 25.730     2013 04 20 10 53 35.430       9.7
 2013 04 20 19 02 31.444     2013 04 20 19 05 45.005     193.6
138
 2013 04 20 14 01 33.531     2013 04 20 14 04  9.227     155.7
 2013 04 20 20 35 27.867     2013 04 20 20 38  2.320     154.5
139
 2013 04 20 10 42 55.463     2013 04 20 10 45 30.776     155.3
 2013 04 20 20 44 25.309     2013 04 20 20 47 28.742     183.4
140
 2013 04 20 20 41 47.438     2013 04 20 20 44 54.641     187.2
141
 2013 04 20 00 19 35.250     2013 04 20 00 22 34.288     179.0
142
 2013 04 20 20 46 35.800     2013 04 20 20 49 32.528     176.7
143
144
 2013 04 20 14 00 11.772     2013 04 20 14 03 35.585     203.8
 2013 04 20 20 34  8.861     2013 04 20 20 37 11.735     182.9
145
146
 2013 04 20 10 47 40.050     2013 04 20 10 50 24.535     164.5
 2013 04 20 19 03 43.113     2013 04 20 19 04  4.864      21.8
147
148
 2013 04 20 10 50  4.594     2013 04 20 10 53 14.428     189.8
 2013 04 20 19 02 57.780     2013 04 20 19 06 33.901     216.1
149
 2013 04 20 09 03 50.208     2013 04 20 09 06 23.490     153.3
 2013 04 20 20 49 56.472     2013 04 20 20 53  7.350     190.9
150
 2013 04 20 22 15 56.187     2013 04 20 22 18 28.816     152.6
151
 2013 04 20 10 41 43.456     2013 04 20 10 44 21.827     158.4
152
153
 2013 04 20 22 19  8.542     2013 04 20 22 19 23.117      14.6
154
 2013 04 20 12 27  4.466     2013 04 20 12 30 11.687     187.2
 2013 04 20 19 00 11.897     2013 04 20 19 02 56.084     164.2
155
 2013 04 20 14 02 36.669     2013 04 20 14 05 25.788     169.1
 2013 04 20 19 01 30.663     2013 04 20 19 01 36.575       5.9
 2013 04 20 20 35 36.286     2013 04 20 20 39 14.804     218.5
156
 2013 04 20 13 57 57.340     2013 04 20 14 01 13.279     195.9
 2013 04 20 22 14 13.670     2013 04 20 22 16 59.737     166.1
157
158
 2013 04 20 10 47 47.070     2013 04 20 10 48 10.679      23.6
 2013 04 20 19 03  4.805     2013 04 20 19 06  9.838     185.0
159
 2013 04 20 00 18  4.274     2013 04 20 00 20 34.626     150.4
 2013 04 20 13 51  4.269     2013 04 20 13 51  9.586       5.3
160
 2013 04 20 20 40 29.639     2013 04 20 20 43 55.165     205.5
161
 2013 04 20 12 25 42.872     2013 04 20 12 28 24.405     161.5
 2013 04 20 19 00 33.560     2013 04 20 19 01 26.032      52.5
162
 2013 04 20 12 24 53.236     2013 04 20 12 28  3.981     190.7
163
164
 2013 04 20 00 18 59.275     2013 04 20 00 21 37.078     157.8
165
 2013 04 20 22 22 17.390     2013 04 20 22 25 12.008     174.6
166
 2013 04 20 14 02 19.075     2013 04 20 14 05  5.023     165.9
 2013 04 20 20 35 43.276     2013 04 20 20 38 54.821     191.5
167
 2013 04 20 10 39 34.089     2013 04 20 10 41 38.120     124.0
168
169
170
 2013 04 20 12 19 37.362     2013 04 20 12 22 17.137     159.8
 2013 04 20 22 17 22.266     2013 04 20 22 20 39.863     197.6
171
 2013 04 20 10 45 30.007     2013 04 20 10 48 17.671     167.7
 2013 04 20 20 42 21.115     2013 04 20 20 44 32.477     131.4
172
173
 2013 04 20 12 17 21.617     2013 04 20 12 21  3.128     221.5
 2013 04 20 22 19 56.228     2013 04 20 22 22 27.162     150.9
174
 2013 04 20 12 17 51.934     2013 04 20 12 21  3.301     191.4
 2013 04 20 22 17 42.273     2013 04 20 22 20 29.476     167.2
175
 2013 04 20 10 49 36.724     2013 04 20 10 52 30.663     173.9
 2013 04 20 19 03 39.298     2013 04 20 19 06 32.809     173.5
176
177
 2013 04 20 10 48 11.943     2013 04 20 10 48 28.690      16.7
 2013 04 20 20 42  7.663     2013 04 20 20 44 49.704     162.0
178
 2013 04 20 10 41 11.207     2013 04 20 10 44 52.836     221.6
179
 2013 04 20 10 47 46.766     2013 04 20 10 48 15.083      28.3
 2013 04 20 20 42 17.490     2013 04 20 20 44 53.497     156.0
180
 2013 04 20 20 40 41.080     2013 04 20 20 44 14.091     213.0
181
 2013 04 20 22 21 35.746     2013 04 20 22 24 11.463     155.7
182
 2013 04 20 13 55 54.563     2013 04 20 13 59 39.844     225.3
 2013 04 20 22 14 27.812     2013 04 20 22 18  4.538     216.7
183
 2013 04 20 20 37 18.615     2013 04 20 20 39 58.447     159.8
184
 2013 04 20 13 55 35.343     2013 04 20 13 58 19.123     163.8
185
 2013 04 20 12 24  4.728     2013 04 20 12 27  3.111     178.4
 2013 04 20 20 38  1.751     2013 04 20 20 40 56.872     175.1
186
 2013 04 20 00 20 19.387     2013 04 20 00 23 18.012     178.6
187
 2013 04 20 12 24  2.207     2013 04 20 12 24 45.956      43.7
188
 2013 04 20 10 39 34.176     2013 04 20 10 42 22.878     168.7
189
 2013 04 20 12 13 30.085     2013 04 20 12 16 48.217     198.1
190
 2013 04 20 22 22 41.497     2013 04 20 22 25 53.568     192.1
191
 2013 04 20 10 47 23.570     2013 04 20 10 50 26.899     183.3
 2013 04 20 19 05   .349     2013 04 20 19 08 40.025     219.7
192
 2013 04 20 12 22 27.555     2013 04 20 12 26 13.566     226.0
 2013 04 20 20 40 20.085     2013 04 20 20 42 54.274     154.2
193
 2013 04 20 22 15 18.473     2013 04 20 22 18 49.143     210.7
194
 2013 04 20 12 18 40.546     2013 04 20 12 22 21.590     221.0
 2013 04 20 22 18 50.323     2013 04 20 22 22 29.002     218.7
195
 2013 04 20 14 02 33.292     2013 04 20 14 05 23.330     170.0
 2013 04 20 20 35 39.290     2013 04 20 20 39 13.074     213.8
196
 2013 04 20 10 47 48.432     2013 04 20 10 51  3.596     195.2
 2013 04 20 19 05 25.556     2013 04 20 19 08 21.870     176.3
197
 2013 04 20 12 21 58.471     2013 04 20 12 24 33.063     154.6
 2013 04 20 20 42 24.834     2013 04 20 20 42 37.901      13.1
198
 2013 04 20 12 23 52.977     2013 04 20 12 26 44.823     171.8
 2013 04 20 20 39 19.396     2013 04 20 20 42 12.689     173.3
199
 2013 04 20 13 54 24.463     2013 04 20 13 57  1.191     156.7
200
 2013 04 20 12 28  3.786     2013 04 20 12 30 46.798     163.0
 2013 04 20 19 01  4.567     2013 04 20 19 04 32.531     208.0
201
 2013 04 20 22 15 27.686     2013 04 20 22 16 50.641      83.0
202
 2013 04 20 12 14 20.515     2013 04 20 12 17 53.776     213.3
203
 2013 04 20 20 40 22.227     2013 04 20 20 44  1.137     218.9
204
 2013 04 20 09 02 51.118     2013 04 20 09 06  7.502     196.4
 2013 04 20 20 49 46.102     2013 04 20 20 52 16.112     150.0
205
 2013 04 20 13 59 41.901     2013 04 20 14 03 29.446     227.5
 2013 04 20 20 35 54.029     2013 04 20 20 36  4.657      10.6
206
 2013 04 20 15 36 50.429     2013 04 20 15 40 27.758     217.3
 2013 04 20 22 10 39.761     2013 04 20 22 14 26.152     226.4
207
 2013 04 20 12 24 18.768     2013 04 20 12 26 54.540     155.8
 2013 04 20 20 38 41.807     2013 04 20 20 41 49.527     187.7
208
 2013 04 20 10 42 11.516     2013 04 20 10 44 51.114     159.6
 2013 04 20 20 47 20.411     2013 04 20 20 48 19.015      58.6
209
210
 2013 04 20 13 59 40.196     2013 04 20 14 00 27.662      47.5
 2013 04 20 20 36  5.318     2013 04 20 20 37 24.440      79.1
211
212
213
 2013 04 20 12 28  6.959     2013 04 20 12 30 53.987     167.0
 2013 04 20 17 22 28.872     2013 04 20 17 25 57.902     209.0
 2013 04 20 19 00  7.649     2013 04 20 19 03 53.582     225.9
214
 2013 04 20 12 13 10.345     2013 04 20 12 15 49.704     159.4
215
 2013 04 20 22 20 19.545     2013 04 20 22 23 20.781     181.2
216
 2013 04 20 22 22  5.422     2013 04 20 22 24 51.973     166.6
217
 2013 04 20 12 20 44.996     2013 04 20 12 23 23.633     158.6
218
 2013 04 20 15 37 55.099     2013 04 20 15 40 40.378     165.3
 2013 04 20 20 32 48.464     2013 04 20 20 35 47.274     178.8
219
 2013 04 20 10 43  9.152     2013 04 20 10 45 57.380     168.2
 2013 04 20 20 44 49.726     2013 04 20 20 47 27.847     158.1
220
 2013 04 20 13 56 12.686     2013 04 20 13 59 30.005     197.3
 2013 04 20 22 14  8.848     2013 04 20 22 17 44.881     216.0
221
 2013 04 20 20 40 57.354     2013 04 20 20 43 56.701     179.3
222
 2013 04 20 10 46 38.893     2013 04 20 10 47 35.325      56.4
 2013 04 20 19 08 40.625     2013 04 20 19 09 28.327      47.7
223
 2013 04 20 20 39 39.798     2013 04 20 20 40 13.550      33.8
224
 2013 04 20 13 55 12.143     2013 04 20 13 57 58.698     166.6
225
 2013 04 20 14 01  7.263     2013 04 20 14 03 46.564     159.3
 2013 04 20 20 35  8.781     2013 04 20 20 37 47.612     158.8
226
 2013 04 20 12 20 27.064     2013 04 20 12 23  2.079     155.0
227
 2013 04 20 00 21 52.910     2013 04 20 00 24 49.788     176.9
 2013 04 20 12 12 23.801     2013 04 20 12 15  9.690     165.9
228
 2013 04 20 14 02 51.790     2013 04 20 14 06 41.798     230.0
 2013 04 20 18 58 46.752     2013 04 20 19 02 20.022     213.3
229
230
 2013 04 20 14 01  9.538     2013 04 20 14 04 23.008     193.5
 2013 04 20 20 34 36.926     2013 04 20 20 37 11.960     155.0
231
232
 2013 04 20 22 21 28.598     2013 04 20 22 24 11.797     163.2
233
234
 2013 04 20 12 21 50.988     2013 04 20 12 25  6.010     195.0
 2013 04 20 20 39 41.824     2013 04 20 20 43 10.724     208.9
235
 2013 04 20 12 28 50.010     2013 04 20 12 31 58.459     188.4
 2013 04 20 17 24  9.071     2013 04 20 17 27 17.489     188.4
236
 2013 04 20 20 40 41.319     2013 04 20 20 43 38.575     177.3
237
 2013 04 20 12 14 24.743     2013 04 20 12 18  6.493     221.8
238
 2013 04 20 12 25 15.055     2013 04 20 12 28 18.651     183.6
 2013 04 20 19 03  5.565     2013 04 20 19 03 24.841      19.3
239
 2013 04 20 10 44 45.677     2013 04 20 10 47 24.135     158.5
 2013 04 20 20 43 43.798     2013 04 20 20 46 52.393     188.6
240
 2013 04 20 10 48 41.511     2013 04 20 10 51 27.774     166.3
 2013 04 20 19 05  3.425     2013 04 20 19 07 36.982     153.6
241
 2013 04 20 13 53 13.182     2013 04 20 13 53 40.341      27.2
242
 2013 04 20 10 45 42.788     2013 04 20 10 48 36.802     174.0
 2013 04 20 20 41 58.819     2013 04 20 20 42 19.089      20.3
243
 2013 04 20 10 47  5.175     2013 04 20 10 49 47.058     161.9
244
 2013 04 20 14 01 48.226     2013 04 20 14 04 23.928     155.7
 2013 04 20 20 35 28.174     2013 04 20 20 38  8.063     159.9
245
 2013 04 20 14 01 42.677     2013 04 20 14 04 44.134     181.5
 2013 04 20 20 34 42.792     2013 04 20 20 37 32.517     169.7
246
 2013 04 20 10 40 19.927     2013 04 20 10 43  6.315     166.4
247
 2013 04 20 22 15 22.324     2013 04 20 22 17 55.954     153.6
248
 2013 04 20 10 40 20.857     2013 04 20 10 43 17.441     176.6
249
 2013 04 20 10 39  7.952     2013 04 20 10 39 59.641      51.7
250
 2013 04 20 22 15 33.798     2013 04 20 22 18  6.442     152.6
251
 2013 04 20 12 17   .414     2013 04 20 12 19 50.238     169.8
 2013 04 20 22 19 18.734     2013 04 20 22 22 27.551     188.8
252
 2013 04 20 10 38 48.933     2013 04 20 10 38 58.968      10.0
253
 2013 04 20 12 26 29.161     2013 04 20 12 29  7.012     157.9
 2013 04 20 19 01  1.808     2013 04 20 19 03 50.914     169.1
254
 2013 04 20 10 42 26.417     2013 04 20 10 45 59.918     213.5
 2013 04 20 20 45 31.840     2013 04 20 20 46 37.022      65.2
255
 2013 04 20 22 21 20.008     2013 04 20 22 24  5.597     165.6
256
 2013 04 20 10 41 23.926     2013 04 20 10 44 12.544     168.6
257
 2013 04 20 14 01 42.352     2013 04 20 14 04 24.191     161.8
 2013 04 20 20 35 49.553     2013 04 20 20 38 26.565     157.0
258
 2013 04 20 20 46 46.835     2013 04 20 20 49 52.442     185.6
259
 2013 04 20 13 53 51.468     2013 04 20 13 57 18.405     206.9
260
 2013 04 20 12 17 35.366     2013 04 20 12 20 20.161     164.8
 2013 04 20 22 19 13.474     2013 04 20 22 21 54.905     161.4
261
 2013 04 20 12 28 56.075     2013 04 20 12 29  2.768       6.7
 2013 04 20 14 02 47.206     2013 04 20 14 03 26.763      39.6
 2013 04 20 18 58 51.868     2013 04 20 19 02 28.092     216.2
262
 2013 04 20 12 25 38.009     2013 04 20 12 28 28.154     170.1
 2013 04 20 19 00 43.140     2013 04 20 19 01  4.968      21.8
263
 2013 04 20 12 18 34.485     2013 04 20 12 21 18.979     164.5
 2013 04 20 22 18 49.699     2013 04 20 22 21 29.606     159.9
264
 2013 04 20 10 45 22.112     2013 04 20 10 45 28.526       6.4
265
 2013 04 20 10 46 45.479     2013 04 20 10 47 37.837      52.4
 2013 04 20 20 42 36.181     2013 04 20 20 45  9.476     153.3
266
 2013 04 20 22 21 55.791     2013 04 20 22 24 30.987     155.2
267
 2013 04 20 15 36 23.592     2013 04 20 15 39 20.150     176.6
 2013 04 20 22 10 31.367     2013 04 20 22 13 20.876     169.5
268
 2013 04 20 10 42 19.859     2013 04 20 10 45  4.684     164.8
 2013 04 20 20 47 35.971     2013 04 20 20 47 37.474       1.5
269
 2013 04 20 10 45 45.793     2013 04 20 10 48 23.676     157.9
270
 2013 04 20 00 21 15.842     2013 04 20 00 23 48.438     152.6
271
 2013 04 20 12 18 53.693     2013 04 20 12 22 27.841     214.1
 2013 04 20 22 18 36.764     2013 04 20 22 19 44.252      67.5
272
 2013 04 20 22 21 30.639     2013 04 20 22 24  3.252     152.6
273
 2013 04 20 12 18  5.351     2013 04 20 12 18 10.769       5.4
 2013 04 20 22 19 23.199     2013 04 20 22 22 47.814     204.6
274
275
 2013 04 20 20 36 40.627     2013 04 20 20 39 51.942     191.3
276
 2013 04 20 10 46 39.683     2013 04 20 10 46 43.170       3.5
277
 2013 04 20 10 39  9.511     2013 04 20 10 40 14.820      65.3
278
 2013 04 20 12 18 49.715     2013 04 20 12 21 30.677     161.0
 2013 04 20 22 18   .258     2013 04 20 22 20 35.596     155.3
279
 2013 04 20 13 58 47.812     2013 04 20 14 02 29.819     222.0
 2013 04 20 22 11 31.008     2013 04 20 22 15  6.282     215.3
280
 2013 04 20 00 20 51.101     2013 04 20 00 23 26.109     155.0
281
 2013 04 20 20 48 29.633     2013 04 20 20 51  1.856     152.2
282
 2013 04 20 00 21 32.594     2013 04 20 00 24 21.228     168.6
 2013 04 20 12 14 28.637     2013 04 20 12 14 48.460      19.8
283
 2013 04 20 10 44 19.457     2013 04 20 10 47  7.965     168.5
 2013 04 20 20 44 13.633     2013 04 20 20 47  6.969     173.3
284
 2013 04 20 10 47 46.340     2013 04 20 10 50 26.651     160.3
 2013 04 20 19 03 52.986     2013 04 20 19 07 34.401     221.4
285
 2013 04 20 14 01 32.453     2013 04 20 14 05  2.694     210.2
 2013 04 20 15 39 18.155     2013 04 20 15 42 56.964     218.8
 2013 04 20 18 55 50.275     2013 04 20 18 56   .379      10.1
 2013 04 20 20 34 18.274     2013 04 20 20 37 15.089     176.8
286
 2013 04 20 20 40 53.682     2013 04 20 20 43 59.810     186.1
287
 2013 04 20 13 56 26.327     2013 04 20 14 00   .406     214.1
 2013 04 20 22 14 32.659     2013 04 20 22 17 35.666     183.0
288
 2013 04 20 10 41 39.140     2013 04 20 10 42 48.312      69.2
 2013 04 20 22 22 16.589     2013 04 20 22 23 36.926      80.3
289
 2013 04 20 12 16 54.519     2013 04 20 12 20  7.752     193.2
 2013 04 20 22 20 42.680     2013 04 20 22 21 25.050      42.4
290
 2013 04 20 20 51 16.635     2013 04 20 20 51 46.797      30.2
291
 2013 04 20 12 15   .196     2013 04 20 12 17 34.066     153.9
292
 2013 04 20 13 58  8.239     2013 04 20 14 01 22.315     194.1
 2013 04 20 22 12 27.331     2013 04 20 22 15  6.948     159.6
293
 2013 04 20 22 20 15.563     2013 04 20 22 21  7.307      51.7
294
 2013 04 20 22 20 56.302     2013 04 20 22 23 32.104     155.8
295
 2013 04 20 10 39 15.979     2013 04 20 10 41 49.720     153.7
296
 2013 04 20 13 57 57.218     2013 04 20 14 00 32.441     155.2
 2013 04 20 22 13 25.015     2013 04 20 22 15 57.776     152.8
297
 2013 04 20 14 00  3.029     2013 04 20 14 03 32.116     209.1
 2013 04 20 20 35 54.676     2013 04 20 20 39 27.439     212.8
298
 2013 04 20 12 17 51.637     2013 04 20 12 21  9.982     198.3
 2013 04 20 22 19 32.490     2013 04 20 22 22  6.341     153.9
299
 2013 04 20 10 37 44.024     2013 04 20 10 40 42.898     178.9
 2013 04 20 22 24 16.563     2013 04 20 22 26 51.322     154.8
300
 2013 04 20 12 26 41.562     2013 04 20 12 30  7.304     205.7
 2013 04 20 19 02  2.065     2013 04 20 19 04 35.760     153.7
301
 2013 04 20 13 55 50.081     2013 04 20 13 58 47.325     177.2
302
 2013 04 20 20 41 34.953     2013 04 20 20 44  8.481     153.5
303
 2013 04 20 13 56 21.952     2013 04 20 13 58 58.557     156.6
304
 2013 04 20 15 36 59.618     2013 04 20 15 39 40.325     160.7
 2013 04 20 22 09 56.908     2013 04 20 22 13 23.836     206.9
305
 2013 04 20 12 24 17.665     2013 04 20 12 27 30.137     192.5
 2013 04 20 20 37 35.868     2013 04 20 20 40 52.242     196.4
306
 2013 04 20 13 55 34.659     2013 04 20 13 58 35.875     181.2
307
 2013 04 20 15 36 13.385     2013 04 20 15 39  9.411     176.0
 2013 04 20 22 10 33.596     2013 04 20 22 13 14.890     161.3
308
 2013 04 20 22 11 46.601     2013 04 20 22 14 49.258     182.7
309
 2013 04 20 13 56 43.780     2013 04 20 13 59 26.926     163.1
 2013 04 20 22 12 45.525     2013 04 20 22 16 23.607     218.1
310
 2013 04 20 14 03 29.413     2013 04 20 14 07  1.006     211.6
 2013 04 20 18 59  9.578     2013 04 20 19 02  2.572     173.0
311
 2013 04 20 12 25 14.887     2013 04 20 12 28   .065     165.2
312
 2013 04 20 00 21 24.398     2013 04 20 00 24 38.219     193.8
 2013 04 20 12 12 41.502     2013 04 20 12 15 36.616     175.1
313
 2013 04 20 12 18 21.852     2013 04 20 12 21 35.972     194.1
 2013 04 20 22 17 35.342     2013 04 20 22 20  7.254     151.9
314
 2013 04 20 20 40 54.253     2013 04 20 20 43 26.315     152.1
315
 2013 04 20 13 59 58.868     2013 04 20 14 03 16.563     197.7
 2013 04 20 20 34   .137     2013 04 20 20 37 24.999     204.9
316
 2013 04 20 10 47 44.444     2013 04 20 10 51 32.297     227.9
 2013 04 20 19 03  5.815     2013 04 20 19 06 16.412     190.6
317
 2013 04 20 12 28 16.835     2013 04 20 12 31  4.922     168.1
 2013 04 20 17 23  9.437     2013 04 20 17 23 43.448      34.0
 2013 04 20 19 01  1.983     2013 04 20 19 02 23.763      81.8
318
 2013 04 20 10 41 19.136     2013 04 20 10 44 37.432     198.3
319
 2013 04 20 22 15  6.493     2013 04 20 22 17 47.468     161.0
320
321
 2013 04 20 20 45 42.088     2013 04 20 20 49 23.409     221.3
322
 2013 04 20 20 41  4.908     2013 04 20 20 43 47.539     162.6
323
 2013 04 20 12 15 24.462     2013 04 20 12 17 58.533     154.1
324
 2013 04 20 10 47  1.246     2013 04 20 10 50 13.128     191.9
 2013 04 20 19 08 54.582     2013 04 20 19 09  3.914       9.3
325
 2013 04 20 15 35 49.336     2013 04 20 15 39 27.637     218.3
 2013 04 20 22 11  6.570     2013 04 20 22 13 43.803     157.2
326
 2013 04 20 12 23  9.210     2013 04 20 12 25 47.952     158.7
 2013 04 20 20 39 19.281     2013 04 20 20 41 54.981     155.7
327
 2013 04 20 20 40 57.729     2013 04 20 20 41 37.131      39.4
328
 2013 04 20 00 21 11.915     2013 04 20 00 23 45.191     153.3
329
 2013 04 20 20 41 11.482     2013 04 20 20 43 43.488     152.0
330
331
 2013 04 20 12 18 10.086     2013 04 20 12 20 53.704     163.6
 2013 04 20 22 18 11.449     2013 04 20 22 20 47.733     156.3
332
 2013 04 20 12 16 24.448     2013 04 20 12 16 31.650       7.2
 2013 04 20 22 20 26.640     2013 04 20 22 23  5.865     159.2
333
 2013 04 20 12 29 36.158     2013 04 20 12 32 23.602     167.4
 2013 04 20 17 24 23.906     2013 04 20 17 26 59.440     155.5
334
 2013 04 20 12 17 54.282     2013 04 20 12 21 35.398     221.1
 2013 04 20 22 17 18.612     2013 04 20 22 20   .137     161.5
335
 2013 04 20 13 54 18.266     2013 04 20 13 56 54.663     156.4
336
 2013 04 20 12 14 40.130     2013 04 20 12 17 46.156     186.0
337
 2013 04 20 12 23 18.721     2013 04 20 12 26  7.257     168.5
 2013 04 20 20 38 31.265     2013 04 20 20 41  5.294     154.0
338
 2013 04 20 22 20 32.577     2013 04 20 22 20 44.980      12.4
339
 2013 04 20 10 47 58.548     2013 04 20 10 50 33.707     155.2
 2013 04 20 19 04 26.958     2013 04 20 19 07 47.122     200.2
340
 2013 04 20 12 21 49.843     2013 04 20 12 23 36.179     106.3
 2013 04 20 20 40 16.256     2013 04 20 20 43 17.061     180.8
341
 2013 04 20 09 02 45.458     2013 04 20 09 06 12.308     206.9
 2013 04 20 20 49 39.252     2013 04 20 20 52  9.784     150.5
342
 2013 04 20 12 18 24.984     2013 04 20 12 18 43.302      18.3
 2013 04 20 22 19  2.822     2013 04 20 22 20 28.496      85.7
343
 2013 04 20 20 48 17.206     2013 04 20 20 51 51.330     214.1
344
 2013 04 20 13 54 13.618     2013 04 20 13 56 58.073     164.5
345
 2013 04 20 14 02 15.634     2013 04 20 14 04 56.688     161.1
 2013 04 20 20 35 38.285     2013 04 20 20 38 43.614     185.3
346
 2013 04 20 20 41 42.957     2013 04 20 20 44 21.417     158.5
347
 2013 04 20 12 24  1.309     2013 04 20 12 24 12.286      11.0
348
 2013 04 20 10 49  7.396     2013 04 20 10 52 51.337     223.9
 2013 04 20 19 03  7.251     2013 04 20 19 05 51.244     164.0
349
 2013 04 20 10 50  6.160     2013 04 20 10 52 59.072     172.9
 2013 04 20 19 03 17.176     2013 04 20 19 06 47.086     209.9
350
 2013 04 20 12 25 45.483     2013 04 20 12 29 31.613     226.1
 2013 04 20 19 01 52.296     2013 04 20 19 05   .008     187.7
351
 2013 04 20 10 46 42.800     2013 04 20 10 49 57.242     194.4
352
 2013 04 20 20 41 10.877     2013 04 20 20 43 45.922     155.0
353
 2013 04 20 10 48 26.595     2013 04 20 10 51  1.947     155.4
 2013 04 20 19 04 25.206     2013 04 20 19 07 15.004     169.8
354
 2013 04 20 12 22 59.697     2013 04 20 12 25 35.462     155.8
 2013 04 20 20 39  9.480     2013 04 20 20 41 52.534     163.1
355
 2013 04 20 13 55 29.292     2013 04 20 13 58 10.216     160.9
356
 2013 04 20 14 02 19.635     2013 04 20 14 04 56.381     156.7
 2013 04 20 20 35 25.936     2013 04 20 20 38 35.321     189.4
357
 2013 04 20 13 59 45.102     2013 04 20 14 00  2.585      17.5
 2013 04 20 20 36 17.554     2013 04 20 20 39 52.024     214.5
358
 2013 04 20 13 57 35.796     2013 04 20 14 00 10.887     155.1
 2013 04 20 22 13 25.949     2013 04 20 22 16  5.314     159.4
359
360
 2013 04 20 10 53 29.130     2013 04 20 10 54  4.847      35.7
 2013 04 20 19 02  4.457     2013 04 20 19 02 20.052      15.6
361
362
363
 2013 04 20 20 47 57.434     2013 04 20 20 51  5.052     187.6
364
 2013 04 20 20 45 49.862     2013 04 20 20 48 51.206     181.3
365
 2013 04 20 13 55 23.535     2013 04 20 13 58 44.041     200.5
366
 2013 04 20 14 00 24.535     2013 04 20 14 01 11.693      47.2
 2013 04 20 22 12  4.566     2013 04 20 22 14 42.033     157.5
367
 2013 04 20 14 03 54.529     2013 04 20 14 07  2.087     187.6
 2013 04 20 18 59  7.659     2013 04 20 19 01 46.030     158.4
368
 2013 04 20 22 21 27.511     2013 04 20 22 25  7.967     220.5
369
 2013 04 20 10 39 13.961     2013 04 20 10 42 43.316     209.4
370
 2013 04 20 12 17 26.172     2013 04 20 12 17 57.151      31.0
371
372
 2013 04 20 00 19 10.117     2013 04 20 00 22 21.508     191.4
373
 2013 04 20 10 44 11.980     2013 04 20 10 47 26.996     195.0
 2013 04 20 20 44 24.944     2013 04 20 20 47 35.682     190.7
374
 2013 04 20 13 55 25.093     2013 04 20 13 58   .848     155.8
375
 2013 04 20 13 59  5.217     2013 04 20 14 01 42.131     156.9
 2013 04 20 22 12 56.947     2013 04 20 22 16 31.984     215.0
376
 2013 04 20 12 29  2.795     2013 04 20 12 32 19.759     197.0
 2013 04 20 17 24 29.674     2013 04 20 17 27 23.587     173.9
377
 2013 04 20 10 46  3.149     2013 04 20 10 49 27.206     204.1
378
 2013 04 20 20 46 41.474     2013 04 20 20 49 18.356     156.9
379
 2013 04 20 12 14 28.606     2013 04 20 12 17 57.957     209.4
380
 2013 04 20 12 17 40.840     2013 04 20 12 20 29.287     168.4
 2013 04 20 22 19 17.336     2013 04 20 22 21 53.341     156.0
381
 2013 04 20 20 47 54.644     2013 04 20 20 50 24.882     150.2
382
 2013 04 20 13 58 20.137     2013 04 20 14 01 26.470     186.3
 2013 04 20 22 12 28.790     2013 04 20 22 15 14.846     166.1
383
 2013 04 20 20 47 56.778     2013 04 20 20 50 26.954     150.2
384
 2013 04 20 13 55 24.874     2013 04 20 13 58 22.479     177.6
385
 2013 04 20 13 57 16.933     2013 04 20 13 59 57.279     160.3
 2013 04 20 22 13  5.833     2013 04 20 22 16  1.083     175.3
386
 2013 04 20 13 55 56.716     2013 04 20 13 59  1.270     184.6
387
 2013 04 20 12 21 11.836     2013 04 20 12 23 49.816     158.0
388
 2013 04 20 13 58 38.206     2013 04 20 14 01 35.501     177.3
 2013 04 20 22 13 36.733     2013 04 20 22 16 55.023     198.3
389
 2013 04 20 10 37 59.658     2013 04 20 10 41 39.242     219.6
 2013 04 20 22 23 25.976     2013 04 20 22 26 11.428     165.5
390
391
392
 2013 04 20 00 21 51.415     2013 04 20 00 24 56.677     185.3
 2013 04 20 12 12 30.996     2013 04 20 12 15 12.595     161.6
393
 2013 04 20 10 46 35.156     2013 04 20 10 50 23.221     228.1
394
 2013 04 20 10 47 47.894     2013 04 20 10 50 56.961     189.1
 2013 04 20 19 03 27.550     2013 04 20 19 06 53.386     205.8
395
396
 2013 04 20 12 14 53.450     2013 04 20 12 17 57.588     184.1
397
 2013 04 20 12 28 27.976     2013 04 20 12 31  3.958     156.0
 2013 04 20 17 22 59.460     2013 04 20 17 26 24.468     205.0
 2013 04 20 19 00 24.067     2013 04 20 19 00 34.579      10.5
398
 2013 04 20 20 47 56.627     2013 04 20 20 51 37.155     220.5
399
 2013 04 20 12 21 21.276     2013 04 20 12 22  7.593      46.3
 2013 04 20 20 40 11.510     2013 04 20 20 43 42.162     210.7
400
 2013 04 20 12 16 57.705     2013 04 20 12 20 34.277     216.6
 2013 04 20 22 20  1.335     2013 04 20 22 22 37.726     156.4
401
 2013 04 20 12 19 51.780     2013 04 20 12 22 58.843     187.1
402
 2013 04 20 19 02 37.585     2013 04 20 19 05 32.270     174.7
403
 2013 04 20 13 58 49.572     2013 04 20 14 02 33.798     224.2
404
 2013 04 20 10 49 12.848     2013 04 20 10 52 36.405     203.6
 2013 04 20 19 03 22.392     2013 04 20 19 06  4.602     162.2
405
 2013 04 20 19 02 24.021     2013 04 20 19 05 45.744     201.7
406
 2013 04 20 10 49 59.646     2013 04 20 10 52 38.414     158.8
 2013 04 20 19 03 46.029     2013 04 20 19 07  1.841     195.8
407
 2013 04 20 13 58 26.178     2013 04 20 14 01  6.547     160.4
 2013 04 20 22 12 59.252     2013 04 20 22 15 43.730     164.5
408
 2013 04 20 10 46  5.508     2013 04 20 10 49 17.643     192.1
409
 2013 04 20 12 15 20.136     2013 04 20 12 18  4.861     164.7
410
 2013 04 20 00 18 29.878     2013 04 20 00 21 39.679     189.8
411
 2013 04 20 10 43 31.479     2013 04 20 10 46 14.183     162.7
 2013 04 20 20 44 38.283     2013 04 20 20 47 10.060     151.8
412
 2013 04 20 22 16 15.998     2013 04 20 22 18 48.281     152.3
413
 2013 04 20 12 24 42.030     2013 04 20 12 27 17.231     155.2
 2013 04 20 20 38 16.275     2013 04 20 20 41 54.350     218.1
414
 2013 04 20 13 55 45.651     2013 04 20 13 58 45.801     180.2
415
 2013 04 20 14 02  1.905     2013 04 20 14 05  6.888     185.0
 2013 04 20 20 36  7.415     2013 04 20 20 39  6.588     179.2
416
 2013 04 20 13 56 26.277     2013 04 20 13 59  1.218     154.9
 2013 04 20 22 16 52.052     2013 04 20 22 17  9.445      17.4
417
418
 2013 04 20 14 03 51.348     2013 04 20 14 06 42.162     170.8
 2013 04 20 18 58 47.872     2013 04 20 19 01 28.181     160.3
419
 2013 04 20 10 41 40.425     2013 04 20 10 44 21.834     161.4
420
 2013 04 20 12 21 28.478     2013 04 20 12 24  4.438     156.0
421
 2013 04 20 10 40  9.215     2013 04 20 10 40 18.990       9.8
422
 2013 04 20 14 01 32.545     2013 04 20 14 04 11.142     158.6
 2013 04 20 20 35 43.318     2013 04 20 20 38 17.477     154.2
423
424
425
 2013 04 20 14 03  8.374     2013 04 20 14 05 45.054     156.7
 2013 04 20 18 57 46.661     2013 04 20 19 01  1.524     194.9
426
 2013 04 20 20 47 31.824     2013 04 20 20 50 18.407     166.6
427
 2013 04 20 10 40 26.126     2013 04 20 10 43 29.503     183.4
428
 2013 04 20 15 37 47.531     2013 04 20 15 40 48.928     181.4
 2013 04 20 20 32 59.363     2013 04 20 20 36  6.719     187.4
429
 2013 04 20 13 56 34.665     2013 04 20 13 59 53.162     198.5
 2013 04 20 22 14 21.039     2013 04 20 22 17 25.886     184.8
430
 2013 04 20 12 22 10.807     2013 04 20 12 24 52.872     162.1
 2013 04 20 20 39  7.055     2013 04 20 20 42 40.290     213.2
431
 2013 04 20 00 16 33.806     2013 04 20 00 17 20.526      46.7
 2013 04 20 13 52 50.429     2013 04 20 13 53 45.206      54.8
432
 2013 04 20 12 21 17.196     2013 04 20 12 24 37.497     200.3
433
 2013 04 20 12 26 50.789     2013 04 20 12 30 38.142     227.4
 2013 04 20 14 04 48.572     2013 04 20 14 08 14.049     205.5
 2013 04 20 17 21 11.078     2013 04 20 17 21 27.400      16.3
 2013 04 20 18 59 40.734     2013 04 20 19 02 33.866     173.1
434
 2013 04 20 10 47 44.712     2013 04 20 10 48  5.418      20.7
 2013 04 20 19 03  3.625     2013 04 20 19 06 11.348     187.7
435
 2013 04 20 22 21  9.622     2013 04 20 22 23 47.372     157.8
436
 2013 04 20 12 23 55.881     2013 04 20 12 27 16.714     200.8
 2013 04 20 20 37 43.770     2013 04 20 20 40 38.103     174.3
437
 2013 04 20 13 58 19.268     2013 04 20 13 59 20.331      61.1
438
 2013 04 20 22 24 15.644     2013 04 20 22 25 31.412      75.8
439
 2013 04 20 22 16 22.965     2013 04 20 22 18 54.979     152.0
440
 2013 04 20 14 01 17.314     2013 04 20 14 03 53.136     155.8
 2013 04 20 20 35 30.218     2013 04 20 20 38  6.359     156.1
441
 2013 04 20 13 57 46.073     2013 04 20 14 01  2.602     196.5
 2013 04 20 22 12 32.446     2013 04 20 22 15  5.539     153.1
442
 2013 04 20 14 02 23.300     2013 04 20 14 05 34.324     191.0
 2013 04 20 20 35 59.783     2013 04 20 20 39 30.547     210.8
443
 2013 04 20 10 38 57.764     2013 04 20 10 41 47.749     170.0
 2013 04 20 22 23 14.263     2013 04 20 22 24 31.847      77.6
444
 2013 04 20 12 29 20.295     2013 04 20 12 32   .742     160.4
 2013 04 20 17 24  3.233     2013 04 20 17 26 44.180     160.9
445
 2013 04 20 12 17 17.901     2013 04 20 12 19 51.523     153.6
 2013 04 20 22 18 37.950     2013 04 20 22 21 54.985     197.0
446
 2013 04 20 14 02 24.242     2013 04 20 14 05  1.096     156.9
 2013 04 20 19 00 46.264     2013 04 20 19 00 54.494       8.2
 2013 04 20 20 35  6.047     2013 04 20 20 38 24.460     198.4
447
448
 2013 04 20 20 41 36.568     2013 04 20 20 44 10.266     153.7
449
 2013 04 20 10 46 20.707     2013 04 20 10 49 25.268     184.6
450
 2013 04 20 15 37 47.382     2013 04 20 15 41 15.405     208.0
 2013 04 20 20 33 24.744     2013 04 20 20 36 28.397     183.7
451
 2013 04 20 12 28 31.490     2013 04 20 12 31 47.781     196.3
 2013 04 20 17 23 56.526     2013 04 20 17 27 27.445     210.9
452
 2013 04 20 22 19 15.098     2013 04 20 22 20  6.722      51.6
453
 2013 04 20 12 20  1.215     2013 04 20 12 22 36.733     155.5
 2013 04 20 22 17 16.821     2013 04 20 22 17 24.311       7.5
454
 2013 04 20 20 47 49.639     2013 04 20 20 50 38.842     169.2
455
 2013 04 20 12 16 30.030     2013 04 20 12 19 45.117     195.1
456
 2013 04 20 19 08 54.311     2013 04 20 19 09 59.798      65.5
457
 2013 04 20 12 25 14.441     2013 04 20 12 25 18.884       4.4
 2013 04 20 19 01 51.477     2013 04 20 19 05 27.100     215.6
458
 2013 04 20 10 46  3.790     2013 04 20 10 49 20.513     196.7
459
 2013 04 20 12 17 22.376     2013 04 20 12 18 31.472      69.1
 2013 04 20 22 19 59.507     2013 04 20 22 22 33.179     153.7
460
 2013 04 20 22 22  6.037     2013 04 20 22 24 37.553     151.5
461
 2013 04 20 00 19 58.061     2013 04 20 00 22 54.661     176.6
462
 2013 04 20 10 48 44.595     2013 04 20 10 51 43.411     178.8
 2013 04 20 19 05 15.300     2013 04 20 19 07 47.905     152.6
463
 2013 04 20 12 19 34.181     2013 04 20 12 22 23.212     169.0
 2013 04 20 22 17 53.942     2013 04 20 22 18 52.245      58.3
464
 2013 04 20 13 58  3.892     2013 04 20 14 00 40.091     156.2
 2013 04 20 22 13 36.604     2013 04 20 22 16 10.601     154.0
465
 2013 04 20 20 47  3.936     2013 04 20 20 50 31.670     207.7
466
 2013 04 20 14 01  6.608     2013 04 20 14 03 51.303     164.7
 2013 04 20 20 35   .898     2013 04 20 20 37 38.225     157.3
467
 2013 04 20 10 38 37.849     2013 04 20 10 42 12.569     214.7
468
 2013 04 20 22 11 10.817     2013 04 20 22 11 43.812      33.0
469
 2013 04 20 22 16 39.563     2013 04 20 22 19 11.559     152.0
470
 2013 04 20 12 27 29.370     2013 04 20 12 28  5.271      35.9
 2013 04 20 19 02  8.430     2013 04 20 19 05 32.568     204.1
471
 2013 04 20 12 29 29.689     2013 04 20 12 32 16.105     166.4
 2013 04 20 17 24 18.704     2013 04 20 17 26 56.043     157.3
472
 2013 04 20 12 15 13.417     2013 04 20 12 18 13.077     179.7
473
474
 2013 04 20 12 25 16.554     2013 04 20 12 28 47.365     210.8
 2013 04 20 19 04 46.447     2013 04 20 19 05 13.243      26.8
475
 2013 04 20 12 23 42.962     2013 04 20 12 26 31.426     168.5
 2013 04 20 20 39 23.135     2013 04 20 20 42  5.668     162.5
476
 2013 04 20 15 37 13.177     2013 04 20 15 40 26.248     193.1
 2013 04 20 20 32 32.284     2013 04 20 20 33 22.613      50.3
 2013 04 20 22 10 13.950     2013 04 20 22 10 20.261       6.3
477
 2013 04 20 12 27 16.959     2013 04 20 12 30 38.567     201.6
 2013 04 20 14 04 57.417     2013 04 20 14 08 40.817     223.4
 2013 04 20 17 21 35.145     2013 04 20 17 22 33.902      58.8
 2013 04 20 18 59 53.205     2013 04 20 19 02 58.323     185.1
478
 2013 04 20 00 21 31.001     2013 04 20 00 24 51.348     200.3
 2013 04 20 12 12 45.721     2013 04 20 12 15 31.133     165.4
479
480
 2013 04 20 14 04 24.988     2013 04 20 14 07 29.267     184.3
 2013 04 20 18 59 19.220     2013 04 20 19 01 55.974     156.8
481
 2013 04 20 20 48 18.271     2013 04 20 20 51  6.077     167.8
482
483
484
 2013 04 20 22 15 31.008     2013 04 20 22 18 22.226     171.2
485
 2013 04 20 20 41   .541     2013 04 20 20 43 42.209     161.7
486
 2013 04 20 10 48 15.789     2013 04 20 10 51 20.706     184.9
 2013 04 20 19 03 42.689     2013 04 20 19 06 35.910     173.2
487
488
 2013 04 20 12 13 41.305     2013 04 20 12 16 52.244     190.9
489
 2013 04 20 10 49 20.984     2013 04 20 10 53  4.579     223.6
 2013 04 20 19 02 59.038     2013 04 20 19 05 55.155     176.1
490
 2013 04 20 13 53 40.825     2013 04 20 13 57 27.969     227.1
491
 2013 04 20 13 58  1.606     2013 04 20 14 00 39.529     157.9
 2013 04 20 22 13 41.869     2013 04 20 22 16 15.697     153.8
492
 2013 04 20 12 19 30.304     2013 04 20 12 22  5.262     155.0
 2013 04 20 22 17 50.237     2013 04 20 22 21 11.678     201.4
493
 2013 04 20 13 54 34.981     2013 04 20 13 57 12.761     157.8
494
 2013 04 20 00 20 38.575     2013 04 20 00 23 55.195     196.6
 2013 04 20 12 12 41.665     2013 04 20 12 16 24.420     222.8
495
 2013 04 20 10 43 12.856     2013 04 20 10 43 34.667      21.8
 2013 04 20 20 45 19.348     2013 04 20 20 48 11.355     172.0
496
 2013 04 20 13 57 53.049     2013 04 20 13 58 18.308      25.3
 2013 04 20 22 14 27.330     2013 04 20 22 17 42.633     195.3
497
 2013 04 20 13 56 31.444     2013 04 20 13 59  9.304     157.9
 2013 04 20 22 16 11.673     2013 04 20 22 16 46.164      34.5
498
 2013 04 20 20 47 51.456     2013 04 20 20 50 57.178     185.7
499
 2013 04 20 10 49 59.411     2013 04 20 10 50 28.391      29.0
