0 46.1050 117.2031 10 24 6
2  45.0 45.0 0.00
1 9.7897 122.5894 4 28 9
2  45.0 45.0 0.00
2 20.1199 105.6679 1 24 7
2  45.0 45.0 0.00
3 30.5441 102.6996 10 28 7
2  45.0 45.0 0.00
4 35.4909 116.1720 6 21 5
2  45.0 45.0 0.00
5 18.5312 131.9079 2 23 9
2  45.0 45.0 0.00
6 40.0954 97.7353 1 17 9
2  45.0 45.0 0.00
7 48.6890 83.0730 6 18 5
2  45.0 45.0 0.00
8 31.6744 102.7585 6 25 8
2  45.0 45.0 0.00
9 50.6680 113.9082 2 21 8
2  45.0 45.0 0.00
10 19.8233 83.0520 5 21 6
2  45.0 45.0 0.00
11 10.1283 90.8504 4 21 5
2  45.0 45.0 0.00
12 10.6997 89.0711 1 15 9
2  45.0 45.0 0.00
13 49.5072 96.6306 4 24 9
2  45.0 45.0 0.00
14 22.1499 87.6760 10 27 5
2  45.0 45.0 0.00
15 10.6922 75.0988 1 25 5
2  45.0 45.0 0.00
16 34.4411 105.7466 3 29 7
2  45.0 45.0 0.00
17 31.7188 131.0594 7 27 8
2  45.0 45.0 0.00
18 33.8137 115.3075 4 18 5
2  45.0 45.0 0.00
19 18.2818 100.7231 4 27 6
2  45.0 45.0 0.00
20 30.9759 75.3850 3 22 8
2  45.0 45.0 0.00
21 7.5933 92.9482 1 20 6
2  45.0 45.0 0.00
22 8.3793 106.8568 2 21 8
2  45.0 45.0 0.00
23 33.4109 92.1668 5 23 5
2  45.0 45.0 0.00
24 51.1243 106.5226 8 15 7
2  45.0 45.0 0.00
25 36.8936 74.9733 4 27 8
2  45.0 45.0 0.00
26 37.5896 85.7812 7 20 9
2  45.0 45.0 0.00
27 32.4535 76.7028 7 19 7
2  45.0 45.0 0.00
28 15.0953 107.4829 6 22 7
2  45.0 45.0 0.00
29 5.5997 88.8746 3 21 7
2  45.0 45.0 0.00
30 52.3095 128.1270 8 24 8
2  45.0 45.0 0.00
31 3.0404 73.5674 3 28 6
2  45.0 45.0 0.00
32 5.9489 103.4122 4 25 8
2  45.0 45.0 0.00
33 47.7283 85.2110 6 24 5
2  45.0 45.0 0.00
34 30.3252 132.4732 9 16 8
2  45.0 45.0 0.00
35 22.3886 75.3165 6 24 6
2  45.0 45.0 0.00
36 23.6648 109.9512 4 18 9
2  45.0 45.0 0.00
37 41.6504 108.0807 8 26 7
2  45.0 45.0 0.00
38 31.9807 82.4051 7 16 5
2  45.0 45.0 0.00
39 39.7518 123.5152 6 28 9
2  45.0 45.0 0.00
40 45.4239 111.7390 4 19 8
2  45.0 45.0 0.00
41 52.7484 123.6956 3 15 5
2  45.0 45.0 0.00
42 51.1100 96.7030 9 23 9
2  45.0 45.0 0.00
43 25.1562 89.4968 10 27 9
2  45.0 45.0 0.00
44 18.4943 100.3639 8 15 7
2  45.0 45.0 0.00
45 22.4876 127.5632 3 29 5
2  45.0 45.0 0.00
46 30.2926 81.3234 8 25 9
2  45.0 45.0 0.00
47 41.3823 91.5407 5 21 8
2  45.0 45.0 0.00
48 49.4040 107.3708 8 24 8
2  45.0 45.0 0.00
49 12.2282 106.9375 8 17 5
2  45.0 45.0 0.00
50 26.0045 132.1591 1 29 5
2  45.0 45.0 0.00
51 22.6207 109.6146 1 28 7
2  45.0 45.0 0.00
52 7.2791 126.8267 9 28 6
2  45.0 45.0 0.00
53 44.1738 114.5471 4 24 7
2  45.0 45.0 0.00
54 9.7057 121.5988 2 18 5
2  45.0 45.0 0.00
55 39.8520 121.2810 9 19 8
2  45.0 45.0 0.00
56 44.2064 118.1295 1 26 5
2  45.0 45.0 0.00
57 30.9933 82.0256 4 22 9
2  45.0 45.0 0.00
58 10.8701 98.7209 1 29 8
2  45.0 45.0 0.00
59 4.5484 112.5637 7 20 7
2  45.0 45.0 0.00
60 27.6056 128.0577 9 25 5
2  45.0 45.0 0.00
61 35.5055 119.2074 10 26 6
2  45.0 45.0 0.00
62 32.3865 91.4816 4 17 7
2  45.0 45.0 0.00
63 19.6711 81.7158 1 28 9
2  45.0 45.0 0.00
64 36.6525 83.2353 8 26 6
2  45.0 45.0 0.00
65 38.2716 124.8922 1 21 7
2  45.0 45.0 0.00
66 6.8823 101.0299 8 28 9
2  45.0 45.0 0.00
67 48.3249 75.7734 6 25 5
2  45.0 45.0 0.00
68 42.4871 94.6035 7 17 7
2  45.0 45.0 0.00
69 45.4688 88.2031 5 22 8
2  45.0 45.0 0.00
70 47.2852 119.1590 3 20 8
2  45.0 45.0 0.00
71 19.0762 82.1168 3 20 5
2  45.0 45.0 0.00
72 42.2620 93.8383 3 18 8
2  45.0 45.0 0.00
73 9.0283 99.0714 3 20 9
2  45.0 45.0 0.00
74 17.3600 98.6170 2 27 6
2  45.0 45.0 0.00
75 18.6496 74.5880 10 18 9
2  45.0 45.0 0.00
76 25.6024 95.6247 2 24 6
2  45.0 45.0 0.00
77 18.4165 80.2834 9 17 7
2  45.0 45.0 0.00
78 40.7276 115.6409 3 25 9
2  45.0 45.0 0.00
79 25.1218 81.3725 9 23 6
2  45.0 45.0 0.00
80 23.7426 126.1072 4 24 8
2  45.0 45.0 0.00
81 25.9377 130.7032 1 15 8
2  45.0 45.0 0.00
82 17.7529 129.6881 10 21 9
2  45.0 45.0 0.00
83 23.4081 114.6776 8 29 8
2  45.0 45.0 0.00
84 52.9588 87.7073 10 26 8
2  45.0 45.0 0.00
85 31.8259 117.2289 4 29 7
2  45.0 45.0 0.00
86 11.6725 102.2836 6 28 7
2  45.0 45.0 0.00
87 31.3464 119.5706 8 29 6
2  45.0 45.0 0.00
88 20.3305 78.7210 5 21 8
2  45.0 45.0 0.00
89 43.4876 88.1420 10 27 5
2  45.0 45.0 0.00
90 40.3905 84.6531 5 27 6
2  45.0 45.0 0.00
91 11.4865 78.9360 4 29 6
2  45.0 45.0 0.00
92 39.0804 73.0686 5 23 6
2  45.0 45.0 0.00
93 43.3499 76.0037 8 29 5
2  45.0 45.0 0.00
94 34.5993 114.7409 3 25 6
2  45.0 45.0 0.00
95 48.1912 120.0972 6 16 8
2  45.0 45.0 0.00
96 19.2075 128.2123 6 28 9
2  45.0 45.0 0.00
97 51.9616 113.1429 8 22 5
2  45.0 45.0 0.00
98 26.3997 121.7958 6 25 9
2  45.0 45.0 0.00
99 20.2733 103.1367 8 18 9
2  45.0 45.0 0.00
100 40.9845 90.9205 2 25 9
2  45.0 45.0 0.00
101 5.6065 103.9980 9 22 8
2  45.0 45.0 0.00
102 22.2388 131.9721 5 19 8
2  45.0 45.0 0.00
103 43.0701 79.2505 2 24 7
2  45.0 45.0 0.00
104 9.8975 104.7957 8 27 7
2  45.0 45.0 0.00
105 43.9361 132.3170 8 27 7
2  45.0 45.0 0.00
106 23.0773 105.4952 3 17 7
2  45.0 45.0 0.00
107 4.2738 87.1194 8 15 5
2  45.0 45.0 0.00
108 26.1299 81.5120 8 26 8
2  45.0 45.0 0.00
109 27.2563 105.0696 2 29 8
2  45.0 45.0 0.00
110 15.0646 124.8140 10 26 5
2  45.0 45.0 0.00
111 14.4880 101.5706 1 16 5
2  45.0 45.0 0.00
112 6.1756 113.5508 1 29 7
2  45.0 45.0 0.00
113 45.1595 120.9047 1 26 9
2  45.0 45.0 0.00
114 31.3040 76.2597 1 22 8
2  45.0 45.0 0.00
115 52.8041 120.5925 3 17 6
2  45.0 45.0 0.00
116 17.2114 74.2800 3 16 8
2  45.0 45.0 0.00
117 29.8990 118.0239 1 15 7
2  45.0 45.0 0.00
118 30.4649 79.6862 6 29 5
2  45.0 45.0 0.00
119 42.3376 85.0334 7 17 7
2  45.0 45.0 0.00
120 37.3357 120.5809 4 15 8
2  45.0 45.0 0.00
121 12.3482 92.9556 4 15 9
2  45.0 45.0 0.00
122 24.8276 91.9161 1 26 9
2  45.0 45.0 0.00
123 5.1090 106.9040 8 18 7
2  45.0 45.0 0.00
124 7.6395 120.1772 6 18 6
2  45.0 45.0 0.00
125 25.7321 79.1867 6 21 5
2  45.0 45.0 0.00
126 42.7763 108.6506 6 23 5
2  45.0 45.0 0.00
127 27.5606 73.0850 6 21 6
2  45.0 45.0 0.00
128 13.2693 114.9339 9 17 7
2  45.0 45.0 0.00
129 14.7015 94.7351 2 16 6
2  45.0 45.0 0.00
130 14.0843 129.4337 7 24 5
2  45.0 45.0 0.00
131 48.0214 107.7961 3 24 5
2  45.0 45.0 0.00
132 7.1926 125.8876 9 29 6
2  45.0 45.0 0.00
133 45.1187 117.8737 3 25 6
2  45.0 45.0 0.00
134 5.0382 79.1788 3 28 8
2  45.0 45.0 0.00
135 22.6946 111.9888 4 25 6
2  45.0 45.0 0.00
136 7.6196 132.2296 3 16 7
2  45.0 45.0 0.00
137 45.7482 128.7042 3 22 8
2  45.0 45.0 0.00
138 48.5639 94.9731 7 20 7
2  45.0 45.0 0.00
139 19.1963 117.2864 8 26 6
2  45.0 45.0 0.00
140 27.3068 111.6799 3 27 5
2  45.0 45.0 0.00
141 8.9352 74.4043 6 29 8
2  45.0 45.0 0.00
142 15.5308 125.9459 9 20 9
2  45.0 45.0 0.00
143 7.8346 118.9897 8 22 5
2  45.0 45.0 0.00
144 48.6986 87.6386 4 29 7
2  45.0 45.0 0.00
145 36.7272 118.4543 4 21 9
2  45.0 45.0 0.00
146 35.7893 125.7438 1 20 9
2  45.0 45.0 0.00
147 25.3863 80.7892 9 15 9
2  45.0 45.0 0.00
148 44.5780 131.7050 2 26 9
2  45.0 45.0 0.00
149 4.4423 132.3784 5 22 8
2  45.0 45.0 0.00
150 30.8715 88.6734 7 25 9
2  45.0 45.0 0.00
151 15.1080 115.5021 4 19 8
2  45.0 45.0 0.00
152 21.0566 106.9151 9 29 8
2  45.0 45.0 0.00
153 21.5776 101.9932 3 21 5
2  45.0 45.0 0.00
154 51.3436 117.1143 4 23 9
2  45.0 45.0 0.00
155 49.7777 101.7294 6 15 5
2  45.0 45.0 0.00
156 37.2452 86.8514 4 26 6
2  45.0 45.0 0.00
157 22.7281 84.1477 5 21 8
2  45.0 45.0 0.00
158 39.9679 124.2921 6 19 5
2  45.0 45.0 0.00
159 16.3154 73.6362 9 15 8
2  45.0 45.0 0.00
160 30.2813 108.2774 1 22 6
2  45.0 45.0 0.00
161 44.1096 115.1327 7 26 7
2  45.0 45.0 0.00
162 41.1669 114.8163 5 16 7
2  45.0 45.0 0.00
163 9.5138 119.4795 3 24 6
2  45.0 45.0 0.00
164 12.2878 74.1981 9 26 7
2  45.0 45.0 0.00
165 8.6002 99.7907 7 22 5
2  45.0 45.0 0.00
166 49.2476 100.1000 3 19 5
2  45.0 45.0 0.00
167 7.8474 115.6589 8 22 8
2  45.0 45.0 0.00
168 37.6175 97.0281 7 15 5
2  45.0 45.0 0.00
169 5.1209 117.2018 9 27 9
2  45.0 45.0 0.00
170 27.5825 96.2821 7 25 9
2  45.0 45.0 0.00
171 29.2829 120.4850 9 16 8
2  45.0 45.0 0.00
172 21.7839 83.1749 6 25 5
2  45.0 45.0 0.00
173 18.5835 97.5846 6 15 8
2  45.0 45.0 0.00
174 23.9647 91.4747 2 29 8
2  45.0 45.0 0.00
175 42.2644 130.7148 2 24 8
2  45.0 45.0 0.00
176 21.7654 108.2789 6 25 7
2  45.0 45.0 0.00
177 29.8458 116.1505 8 20 6
2  45.0 45.0 0.00
178 18.2766 110.6955 3 26 5
2  45.0 45.0 0.00
179 29.1384 115.8807 3 28 8
2  45.0 45.0 0.00
180 34.6338 116.2750 5 17 8
2  45.0 45.0 0.00
181 12.1869 99.4399 3 15 9
2  45.0 45.0 0.00
182 31.1872 82.9494 1 21 5
2  45.0 45.0 0.00
183 42.3849 100.4046 2 18 6
2  45.0 45.0 0.00
184 32.6248 75.4427 10 26 7
2  45.0 45.0 0.00
185 42.5518 106.6391 9 27 7
2  45.0 45.0 0.00
186 6.5305 75.6758 6 29 5
2  45.0 45.0 0.00
187 35.7029 96.5763 10 15 5
2  45.0 45.0 0.00
188 7.8126 112.6120 6 23 5
2  45.0 45.0 0.00
189 9.9854 83.5801 7 23 9
2  45.0 45.0 0.00
190 6.3012 100.0175 5 23 8
2  45.0 45.0 0.00
191 32.5982 129.4135 10 26 9
2  45.0 45.0 0.00
192 34.1543 109.6265 5 24 6
2  45.0 45.0 0.00
193 28.9574 85.1159 1 19 6
2  45.0 45.0 0.00
194 22.7380 100.2435 6 16 8
2  45.0 45.0 0.00
195 49.6148 101.5672 9 24 8
2  45.0 45.0 0.00
196 33.7351 131.2562 7 28 9
2  45.0 45.0 0.00
197 34.0159 102.7124 6 19 6
2  45.0 45.0 0.00
198 38.6916 110.2202 4 16 8
2  45.0 45.0 0.00
199 27.2905 74.7566 10 20 5
2  45.0 45.0 0.00
200 49.8888 124.6315 2 20 7
2  45.0 45.0 0.00
201 33.5983 93.9086 1 26 9
2  45.0 45.0 0.00
202 8.7922 91.6368 10 15 6
2  45.0 45.0 0.00
203 35.6074 115.8776 9 24 8
2  45.0 45.0 0.00
204 4.1971 128.6449 4 16 9
2  45.0 45.0 0.00
205 41.7212 94.4449 9 21 9
2  45.0 45.0 0.00
206 48.1509 80.5010 4 22 7
2  45.0 45.0 0.00
207 40.7088 109.5703 8 22 9
2  45.0 45.0 0.00
208 16.5921 116.4806 10 21 6
2  45.0 45.0 0.00
209 23.1609 108.5722 3 27 9
2  45.0 45.0 0.00
210 41.5592 95.1183 4 24 8
2  45.0 45.0 0.00
211 3.5180 119.7186 2 22 7
2  45.0 45.0 0.00
212 15.7276 129.4858 3 29 7
2  45.0 45.0 0.00
213 52.5414 122.2008 1 21 7
2  45.0 45.0 0.00
214 5.1322 86.4724 1 26 8
2  45.0 45.0 0.00
215 17.9632 100.9718 2 27 8
2  45.0 45.0 0.00
216 12.0777 103.1448 5 23 7
2  45.0 45.0 0.00
217 29.7190 100.7484 7 26 7
2  45.0 45.0 0.00
218 51.7766 81.3432 8 28 8
2  45.0 45.0 0.00
219 19.5206 119.0210 7 15 5
2  45.0 45.0 0.00
220 32.1603 82.1431 3 20 8
2  45.0 45.0 0.00
221 30.3321 109.9166 3 28 8
2  45.0 45.0 0.00
222 30.2082 130.6478 9 27 5
2  45.0 45.0 0.00
223 40.6069 95.5632 2 21 9
2  45.0 45.0 0.00
224 29.4178 77.5804 6 29 8
2  45.0 45.0 0.00
225 48.1796 92.5198 2 17 5
2  45.0 45.0 0.00
226 29.6124 98.6807 8 24 7
2  45.0 45.0 0.00
227 4.4584 82.7458 9 27 6
2  45.0 45.0 0.00
228 48.9552 107.5317 1 16 8
2  45.0 45.0 0.00
229 3.7368 93.2876 2 25 7
2  45.0 45.0 0.00
230 50.7180 91.5035 10 18 8
2  45.0 45.0 0.00
231 28.3433 82.8801 8 23 8
2  45.0 45.0 0.00
232 14.0657 101.8362 4 26 9
2  45.0 45.0 0.00
233 8.8076 93.4067 4 20 6
2  45.0 45.0 0.00
234 32.4854 106.2056 1 18 8
2  45.0 45.0 0.00
235 50.6414 130.5614 7 20 8
2  45.0 45.0 0.00
236 31.2732 109.3218 2 24 6
2  45.0 45.0 0.00
237 14.1928 84.6265 9 29 8
2  45.0 45.0 0.00
238 46.2250 110.2719 4 18 9
2  45.0 45.0 0.00
239 24.9250 121.3462 9 19 6
2  45.0 45.0 0.00
240 36.7312 131.5659 1 20 7
2  45.0 45.0 0.00
241 23.0466 77.6565 4 22 5
2  45.0 45.0 0.00
242 30.3754 120.6861 8 28 7
2  45.0 45.0 0.00
243 33.7975 124.4553 9 23 5
2  45.0 45.0 0.00
244 49.1189 96.0457 1 24 5
2  45.0 45.0 0.00
245 51.4255 94.0096 3 20 9
2  45.0 45.0 0.00
246 10.3529 113.7540 2 15 7
2  45.0 45.0 0.00
247 32.4683 87.1730 5 17 9
2  45.0 45.0 0.00
248 10.3123 114.4630 5 28 9
2  45.0 45.0 0.00
249 6.4866 115.3971 8 25 5
2  45.0 45.0 0.00
250 32.0456 87.8156 3 19 6
2  45.0 45.0 0.00
251 17.5265 94.0418 2 20 6
2  45.0 45.0 0.00
252 5.5386 115.4239 4 24 9
2  45.0 45.0 0.00
253 46.4137 117.3992 7 20 5
2  45.0 45.0 0.00
254 21.9866 113.1020 3 24 7
2  45.0 45.0 0.00
255 14.5664 101.7614 10 24 6
2  45.0 45.0 0.00
256 16.0946 112.4559 2 19 8
2  45.0 45.0 0.00
257 48.0065 97.0303 6 27 7
2  45.0 45.0 0.00
258 14.9335 126.7797 2 29 7
2  45.0 45.0 0.00
259 24.9591 77.1226 4 15 6
2  45.0 45.0 0.00
260 19.4873 94.7646 10 24 9
2  45.0 45.0 0.00
261 48.6272 107.9460 9 25 6
2  45.0 45.0 0.00
262 43.5586 115.7485 10 16 5
2  45.0 45.0 0.00
263 22.6587 96.6773 1 29 6
2  45.0 45.0 0.00
264 26.3885 128.2885 8 28 9
2  45.0 45.0 0.00
265 27.1703 114.9745 10 16 5
2  45.0 45.0 0.00
266 11.1309 100.0607 5 18 6
2  45.0 45.0 0.00
267 47.9574 75.5026 9 22 8
2  45.0 45.0 0.00
268 18.8849 114.3180 7 22 7
2  45.0 45.0 0.00
269 29.3098 121.6987 4 28 7
2  45.0 45.0 0.00
270 5.2280 78.4946 10 26 8
2  45.0 45.0 0.00
271 23.4135 100.3602 5 25 9
2  45.0 45.0 0.00
272 13.6485 100.8541 4 22 9
2  45.0 45.0 0.00
273 21.0080 100.5428 8 26 6
2  45.0 45.0 0.00
274 20.5732 128.6505 2 17 8
2  45.0 45.0 0.00
275 41.9568 97.3983 4 20 8
2  45.0 45.0 0.00
276 36.5880 121.4548 5 24 5
2  45.0 45.0 0.00
277 6.5520 115.3049 5 23 9
2  45.0 45.0 0.00
278 25.1572 94.5397 5 23 7
2  45.0 45.0 0.00
279 45.6731 82.5912 5 25 8
2  45.0 45.0 0.00
280 6.3574 77.5833 10 24 6
2  45.0 45.0 0.00
281 8.8526 127.2526 7 17 6
2  45.0 45.0 0.00
282 3.0816 78.0494 7 16 7
2  45.0 45.0 0.00
283 23.2695 121.3704 8 20 6
2  45.0 45.0 0.00
284 35.7540 126.2893 7 27 9
2  45.0 45.0 0.00
285 52.6234 92.8975 8 26 5
2  45.0 45.0 0.00
286 33.9642 115.1234 6 23 8
2  45.0 45.0 0.00
287 32.7686 83.7096 4 20 7
2  45.0 45.0 0.00
288 11.3415 106.6081 4 19 6
2  45.0 45.0 0.00
289 20.9494 89.6275 5 17 8
2  45.0 45.0 0.00
290 5.3644 122.4144 1 20 5
2  45.0 45.0 0.00
291 11.9497 88.1532 4 26 7
2  45.0 45.0 0.00
292 42.2713 81.0740 7 15 8
2  45.0 45.0 0.00
293 17.9788 103.4545 1 21 5
2  45.0 45.0 0.00
294 14.3448 98.2741 2 26 5
2  45.0 45.0 0.00
295 7.7472 109.9143 6 23 7
2  45.0 45.0 0.00
296 38.7672 82.5438 4 15 5
2  45.0 45.0 0.00
297 42.7855 94.5324 5 21 6
2  45.0 45.0 0.00
298 20.1410 97.4022 3 27 9
2  45.0 45.0 0.00
299 4.6132 105.8627 6 22 6
2  45.0 45.0 0.00
300 45.5707 122.4356 2 16 8
2  45.0 45.0 0.00
301 34.3027 75.4401 9 19 8
2  45.0 45.0 0.00
302 31.1878 113.8760 3 19 5
2  45.0 45.0 0.00
303 34.3181 77.9424 10 29 6
2  45.0 45.0 0.00
304 50.0352 76.4605 3 17 9
2  45.0 45.0 0.00
305 44.0097 106.9330 8 28 7
2  45.0 45.0 0.00
306 30.3616 79.5521 5 20 6
2  45.0 45.0 0.00
307 47.5708 74.7442 6 21 6
2  45.0 45.0 0.00
308 40.7521 75.7170 9 27 5
2  45.0 45.0 0.00
309 36.0777 78.2933 7 25 9
2  45.0 45.0 0.00
310 50.4945 109.2845 10 18 9
2  45.0 45.0 0.00
311 42.6870 113.9389 2 19 9
2  45.0 45.0 0.00
312 6.0252 82.8685 1 27 5
2  45.0 45.0 0.00
313 25.7277 92.3764 7 29 8
2  45.0 45.0 0.00
314 32.8647 111.5633 1 25 7
2  45.0 45.0 0.00
315 47.7710 86.9621 5 15 6
2  45.0 45.0 0.00
316 39.5986 124.2546 2 28 7
2  45.0 45.0 0.00
317 50.1245 126.1740 6 20 5
2  45.0 45.0 0.00
318 13.4551 117.3928 8 23 6
2  45.0 45.0 0.00
319 32.5284 85.8944 8 25 7
2  45.0 45.0 0.00
320 19.9306 80.1186 2 16 9
2  45.0 45.0 0.00
321 18.3585 126.7029 4 26 7
2  45.0 45.0 0.00
322 31.0519 110.8085 3 16 8
2  45.0 45.0 0.00
323 13.3130 88.8206 3 19 8
2  45.0 45.0 0.00
324 31.4161 129.0220 8 26 9
2  45.0 45.0 0.00
325 45.8707 76.2116 9 22 8
2  45.0 45.0 0.00
326 37.0257 106.7899 9 24 5
2  45.0 45.0 0.00
327 33.6664 118.2308 8 29 6
2  45.0 45.0 0.00
328 5.3721 78.3147 3 28 9
2  45.0 45.0 0.00
329 31.9480 112.2093 2 27 9
2  45.0 45.0 0.00
330 19.3446 129.8637 6 15 8
2  45.0 45.0 0.00
331 23.2456 93.0559 7 18 5
2  45.0 45.0 0.00
332 15.6822 97.1592 5 17 7
2  45.0 45.0 0.00
333 52.8936 132.5498 6 16 9
2  45.0 45.0 0.00
334 25.6207 90.9023 7 15 7
2  45.0 45.0 0.00
335 26.9872 74.4826 7 28 8
2  45.0 45.0 0.00
336 13.1963 85.8552 3 23 5
2  45.0 45.0 0.00
337 39.6393 104.7679 6 29 7
2  45.0 45.0 0.00
338 16.9532 104.4781 4 27 8
2  45.0 45.0 0.00
339 35.2395 128.1391 10 19 6
2  45.0 45.0 0.00
340 32.3232 108.1866 2 27 6
2  45.0 45.0 0.00
341 4.4259 128.2615 2 24 9
2  45.0 45.0 0.00
342 22.0101 101.0081 2 23 9
2  45.0 45.0 0.00
343 4.9695 123.6128 3 16 5
2  45.0 45.0 0.00
344 26.4203 75.2174 9 24 8
2  45.0 45.0 0.00
345 49.3890 99.2658 4 18 7
2  45.0 45.0 0.00
346 31.0380 114.8621 1 23 7
2  45.0 45.0 0.00
347 33.8741 94.7790 7 19 9
2  45.0 45.0 0.00
348 43.5880 128.1501 6 29 6
2  45.0 45.0 0.00
349 43.6131 132.2753 10 15 7
2  45.0 45.0 0.00
350 43.0621 120.1877 10 19 7
2  45.0 45.0 0.00
351 30.4753 128.4169 8 18 9
2  45.0 45.0 0.00
352 32.5378 113.1691 3 17 9
2  45.0 45.0 0.00
353 37.1250 128.7090 6 15 5
2  45.0 45.0 0.00
354 36.8203 105.8229 7 18 7
2  45.0 45.0 0.00
355 30.4619 77.7126 1 20 8
2  45.0 45.0 0.00
356 49.9929 98.8005 6 26 7
2  45.0 45.0 0.00
357 41.7149 95.8778 3 15 8
2  45.0 45.0 0.00
358 37.6933 81.5626 2 21 8
2  45.0 45.0 0.00
359 10.1138 119.4094 10 15 8
2  45.0 45.0 0.00
360 47.1889 130.7733 3 27 9
2  45.0 45.0 0.00
361 15.7097 106.1458 3 27 7
2  45.0 45.0 0.00
362 26.5482 104.7772 2 23 6
2  45.0 45.0 0.00
363 11.0374 128.9035 3 24 8
2  45.0 45.0 0.00
364 18.0602 124.8596 9 18 5
2  45.0 45.0 0.00
365 29.6848 80.2926 10 23 7
2  45.0 45.0 0.00
366 41.7874 77.6239 10 25 6
2  45.0 45.0 0.00
367 51.8485 109.5840 7 28 6
2  45.0 45.0 0.00
368 14.0934 104.9584 10 24 8
2  45.0 45.0 0.00
369 11.2123 107.5974 7 17 7
2  45.0 45.0 0.00
370 13.5276 83.3817 8 19 9
2  45.0 45.0 0.00
371 3.9725 117.2275 10 26 9
2  45.0 45.0 0.00
372 9.6325 73.3657 8 19 7
2  45.0 45.0 0.00
373 22.6950 122.7899 4 18 7
2  45.0 45.0 0.00
374 30.5507 76.8306 3 19 8
2  45.0 45.0 0.00
375 41.4281 86.8664 6 23 7
2  45.0 45.0 0.00
376 50.8536 132.2605 8 16 8
2  45.0 45.0 0.00
377 33.1359 120.6145 7 27 6
2  45.0 45.0 0.00
378 14.9923 124.6639 7 29 7
2  45.0 45.0 0.00
379 13.7886 84.9777 9 16 6
2  45.0 45.0 0.00
380 19.7207 95.2252 3 23 5
2  45.0 45.0 0.00
381 10.3354 125.4876 3 23 6
2  45.0 45.0 0.00
382 42.4172 81.8477 3 19 5
2  45.0 45.0 0.00
383 10.2488 125.5909 8 24 9
2  45.0 45.0 0.00
384 33.0162 74.4352 8 27 9
2  45.0 45.0 0.00
385 37.4975 79.9482 1 25 9
2  45.0 45.0 0.00
386 31.4467 80.6726 4 20 5
2  45.0 45.0 0.00
387 32.3326 99.9919 5 15 7
2  45.0 45.0 0.00
388 39.3963 87.5992 6 22 5
2  45.0 45.0 0.00
389 7.6192 105.3460 9 27 9
2  45.0 45.0 0.00
390 19.9629 108.4545 8 18 7
2  45.0 45.0 0.00
391 18.5247 104.8599 7 24 5
2  45.0 45.0 0.00
392 4.5452 83.1691 6 25 9
2  45.0 45.0 0.00
393 36.0233 121.3882 7 17 8
2  45.0 45.0 0.00
394 37.7556 125.1833 2 16 6
2  45.0 45.0 0.00
395 20.8502 105.0056 1 25 5
2  45.0 45.0 0.00
396 10.5425 91.1089 10 27 5
2  45.0 45.0 0.00
397 51.9013 124.8544 1 28 7
2  45.0 45.0 0.00
398 5.7827 122.9192 2 29 9
2  45.0 45.0 0.00
399 30.9220 107.4517 6 23 7
2  45.0 45.0 0.00
400 17.2957 96.5698 3 16 8
2  45.0 45.0 0.00
401 26.4768 100.9683 1 29 7
2  45.0 45.0 0.00
402 41.8534 123.0291 3 23 5
2  45.0 45.0 0.00
403 39.4545 91.2930 4 22 9
2  45.0 45.0 0.00
404 42.8113 128.7669 7 24 7
2  45.0 45.0 0.00
405 46.1563 128.8954 2 17 8
2  45.0 45.0 0.00
406 42.1405 132.7398 5 18 9
2  45.0 45.0 0.00
407 40.9010 83.2302 7 17 5
2  45.0 45.0 0.00
408 28.5944 126.7905 6 22 6
2  45.0 45.0 0.00
409 14.0918 87.7753 4 27 7
2  45.0 45.0 0.00
410 15.6779 77.7444 8 24 9
2  45.0 45.0 0.00
411 20.8232 119.2943 5 23 7
2  45.0 45.0 0.00
412 29.8974 89.4959 2 17 9
2  45.0 45.0 0.00
413 42.0703 110.3965 6 26 7
2  45.0 45.0 0.00
414 30.9293 79.9248 7 19 6
2  45.0 45.0 0.00
415 47.9859 100.5770 2 20 5
2  45.0 45.0 0.00
416 33.8435 79.0229 9 24 9
2  45.0 45.0 0.00
417 38.1868 96.2318 3 21 6
2  45.0 45.0 0.00
418 52.3224 107.8592 4 24 5
2  45.0 45.0 0.00
419 14.8478 115.7140 1 23 8
2  45.0 45.0 0.00
420 32.9281 100.9213 6 21 9
2  45.0 45.0 0.00
421 9.9072 117.7564 3 18 8
2  45.0 45.0 0.00
422 47.8424 95.8989 6 21 8
2  45.0 45.0 0.00
423 24.8783 110.0648 6 17 8
2  45.0 45.0 0.00
424 22.7104 86.3075 9 21 5
2  45.0 45.0 0.00
425 51.8800 102.4696 7 19 6
2  45.0 45.0 0.00
426 12.3909 126.9180 10 25 7
2  45.0 45.0 0.00
427 10.5758 115.0163 3 26 8
2  45.0 45.0 0.00
428 50.8898 82.2482 2 26 9
2  45.0 45.0 0.00
429 33.2400 83.1670 5 29 7
2  45.0 45.0 0.00
430 33.9605 104.6032 6 28 9
2  45.0 45.0 0.00
431 21.8385 76.4915 2 19 6
2  45.0 45.0 0.00
432 35.3493 98.5540 3 28 8
2  45.0 45.0 0.00
433 52.9108 115.7314 4 27 6
2  45.0 45.0 0.00
434 39.8647 124.1838 4 21 7
2  45.0 45.0 0.00
435 15.0036 100.8206 9 23 8
2  45.0 45.0 0.00
436 43.4075 105.6425 1 27 8
2  45.0 45.0 0.00
437 36.0549 73.1031 4 26 7
2  45.0 45.0 0.00
438 7.6662 97.7137 10 22 7
2  45.0 45.0 0.00
439 29.5948 89.8321 5 15 7
2  45.0 45.0 0.00
440 47.6305 94.2094 5 23 5
2  45.0 45.0 0.00
441 41.3073 79.9517 9 20 5
2  45.0 45.0 0.00
442 48.6547 102.6035 10 23 5
2  45.0 45.0 0.00
443 8.1472 108.2160 5 16 7
2  45.0 45.0 0.00
444 52.8249 130.3641 7 21 7
2  45.0 45.0 0.00
445 19.2699 92.5486 3 28 5
2  45.0 45.0 0.00
446 50.9768 98.2117 4 15 6
2  45.0 45.0 0.00
447 25.7330 132.0723 2 26 9
2  45.0 45.0 0.00
448 30.2618 112.7341 6 25 7
2  45.0 45.0 0.00
449 32.9966 121.7645 10 20 5
2  45.0 45.0 0.00
450 50.2482 84.2807 4 24 9
2  45.0 45.0 0.00
451 49.8271 129.6942 5 16 9
2  45.0 45.0 0.00
452 25.0168 86.9090 6 18 8
2  45.0 45.0 0.00
453 27.6449 98.6438 10 20 5
2  45.0 45.0 0.00
454 8.9203 123.9121 10 17 9
2  45.0 45.0 0.00
455 19.7131 88.8366 2 29 7
2  45.0 45.0 0.00
456 28.6328 132.1429 7 26 8
2  45.0 45.0 0.00
457 41.5762 119.9095 4 18 9
2  45.0 45.0 0.00
458 28.4879 126.9941 3 28 7
2  45.0 45.0 0.00
459 18.6710 98.2321 2 29 7
2  45.0 45.0 0.00
460 11.6268 101.7108 6 19 5
2  45.0 45.0 0.00
461 7.8214 75.1287 3 26 8
2  45.0 45.0 0.00
462 36.6300 132.7337 1 24 5
2  45.0 45.0 0.00
463 25.7311 99.1138 1 22 6
2  45.0 45.0 0.00
464 38.5537 83.6648 3 22 9
2  45.0 45.0 0.00
465 13.9252 128.4113 5 25 8
2  45.0 45.0 0.00
466 48.6863 92.1026 9 22 9
2  45.0 45.0 0.00
467 4.7072 113.5071 6 25 7
2  45.0 45.0 0.00
468 39.8023 73.3112 3 23 8
2  45.0 45.0 0.00
469 28.7098 90.4285 6 26 7
2  45.0 45.0 0.00
470 46.9094 128.1946 7 23 6
2  45.0 45.0 0.00
471 52.7394 131.8845 8 22 8
2  45.0 45.0 0.00
472 11.6453 91.4349 1 15 9
2  45.0 45.0 0.00
473 20.7111 104.0125 2 24 8
2  45.0 45.0 0.00
474 41.9751 117.4843 10 29 5
2  45.0 45.0 0.00
475 38.2944 109.4330 5 26 6
2  45.0 45.0 0.00
476 49.4014 80.4786 10 19 5
2  45.0 45.0 0.00
477 52.6909 117.8136 10 18 5
2  45.0 45.0 0.00
478 5.6367 83.3741 6 15 7
2  45.0 45.0 0.00
479 24.4399 132.2342 2 25 7
2  45.0 45.0 0.00
480 52.8661 111.9702 2 17 7
2  45.0 45.0 0.00
481 9.8392 128.3235 9 22 8
2  45.0 45.0 0.00
482 22.3786 86.6733 1 18 8
2  45.0 45.0 0.00
483 5.4132 73.0172 1 28 9
2  45.0 45.0 0.00
484 33.3664 90.5065 2 22 5
2  45.0 45.0 0.00
485 33.3301 113.5241 10 22 9
2  45.0 45.0 0.00
486 38.9325 126.5200 1 17 5
2  45.0 45.0 0.00
487 16.9263 129.2311 10 27 6
2  45.0 45.0 0.00
488 6.5880 89.4069 9 21 5
2  45.0 45.0 0.00
489 44.2423 128.8326 2 20 6
2  45.0 45.0 0.00
490 24.4256 77.7735 1 27 6
2  45.0 45.0 0.00
491 38.2774 83.8780 6 16 7
2  45.0 45.0 0.00
492 26.0691 97.4311 3 22 8
2  45.0 45.0 0.00
493 27.7786 75.2886 4 17 8
2  45.0 45.0 0.00
494 8.5540 81.7425 9 24 5
2  45.0 45.0 0.00
495 19.6941 123.3543 2 20 9
2  45.0 45.0 0.00
496 36.8029 89.5886 1 16 9
2  45.0 45.0 0.00
497 34.9547 78.1889 7 27 7
2  45.0 45.0 0.00
498 7.8612 123.4732 3 19 9
2  45.0 45.0 0.00
499 36.2287 120.6938 4 25 8
2  45.0 45.0 0.00
