s1
0
 2013 04 20 09 52 52.279     2013 04 20 09 54 18.109      85.8
 2013 04 20 21 36 14.331     2013 04 20 21 38 54.487     160.2
1
 2013 04 20 03 18 47.301     2013 04 20 03 21 47.651     180.3
 2013 04 20 18 40  6.318     2013 04 20 18 43 44.524     218.2
2
 2013 04 20 00 40 23.542     2013 04 20 00 42 58.174     154.6
 2013 04 20 05 34 55.165     2013 04 20 05 37 51.223     176.1
3
 2013 04 20 11 33 48.887     2013 04 20 11 36 24.603     155.7
4
 2013 04 20 04 54  6.974     2013 04 20 04 54 34.384      27.4
 2013 04 20 20 16 51.105     2013 04 20 20 19 42.264     171.2
5
 2013 04 20 12 18 33.687     2013 04 20 12 21 39.713     186.0
 2013 04 20 22 17 38.497     2013 04 20 22 20  9.887     151.4
6
 2013 04 20 07 44 58.528     2013 04 20 07 47 37.641     159.1
 2013 04 20 12 39 39.803     2013 04 20 12 43 22.411     222.6
 2013 04 20 14 17 21.845     2013 04 20 14 18 13.309      51.5
7
 2013 04 20 12 23 53.045     2013 04 20 12 27 27.513     214.5
 2013 04 20 20 39 32.143     2013 04 20 20 42 59.464     207.3
8
 2013 04 20 17 44 32.673     2013 04 20 17 47 14.426     161.8
9
 2013 04 20 06 33 20.694     2013 04 20 06 36  6.642     165.9
 2013 04 20 20 09 58.408     2013 04 20 20 13  7.008     188.6
10
 2013 04 20 08 57 53.875     2013 04 20 09 00 33.789     159.9
11
 2013 04 20 06 09 34.375     2013 04 20 06 12 28.843     174.5
 2013 04 20 12 43 42.348     2013 04 20 12 46 29.747     167.4
12
 2013 04 20 13 12 15.038     2013 04 20 13 13 12.227      57.2
 2013 04 20 19 52 32.480     2013 04 20 19 52 44.797      12.3
13
 2013 04 20 10 53 17.518     2013 04 20 10 56 38.787     201.3
 2013 04 20 17 27 15.000     2013 04 20 17 30 37.355     202.4
14
 2013 04 20 04 16  3.391     2013 04 20 04 19  9.667     186.3
15
 2013 04 20 09 38 24.937     2013 04 20 09 39 10.849      45.9
16
 2013 04 20 06 45 36.521     2013 04 20 06 48 46.211     189.7
17
 2013 04 20 04 06 54.103     2013 04 20 04 09 37.595     163.5
 2013 04 20 19 27 59.597     2013 04 20 19 30 39.234     159.6
18
 2013 04 20 03 22 20.112     2013 04 20 03 25 56.313     216.2
19
 2013 04 20 11 56 46.811     2013 04 20 11 57 26.046      39.2
20
 2013 04 20 12 21 33.227     2013 04 20 12 24 27.742     174.5
21
 2013 04 20 04 12 20.835     2013 04 20 04 15 16.449     175.6
 2013 04 20 17 48  7.199     2013 04 20 17 50 39.930     152.7
22
23
 2013 04 20 08 13  8.205     2013 04 20 08 13 22.117      13.9
 2013 04 20 21 42 46.599     2013 04 20 21 45 40.724     174.1
24
 2013 04 20 01 39 18.023     2013 04 20 01 43  1.038     223.0
 2013 04 20 20 20 35.566     2013 04 20 20 23 57.162     201.6
25
26
 2013 04 20 08 52 36.825     2013 04 20 08 52 42.687       5.9
27
28
 2013 04 20 02 10 34.539     2013 04 20 02 13 43.358     188.8
29
 2013 04 20 20 07 39.642     2013 04 20 20 10 23.685     164.0
30
 2013 04 20 01 18 55.964     2013 04 20 01 22 21.158     205.2
31
 2013 04 20 00 30 31.431     2013 04 20 00 33 21.080     169.6
 2013 04 20 10 29 58.364     2013 04 20 10 33 12.512     194.1
32
 2013 04 20 00 14  3.711     2013 04 20 00 17  3.182     179.5
33
 2013 04 20 03 16 22.542     2013 04 20 03 19 49.485     206.9
 2013 04 20 20 18  7.599     2013 04 20 20 20 53.668     166.1
34
 2013 04 20 21 40 42.243     2013 04 20 21 43 41.025     178.8
35
 2013 04 20 00 31 17.332     2013 04 20 00 34 27.052     189.7
 2013 04 20 10 28  1.506     2013 04 20 10 31 34.780     213.3
36
 2013 04 20 19 18 29.882     2013 04 20 19 21 20.263     170.4
37
 2013 04 20 00 03  6.555     2013 04 20 00 06 45.906     219.4
 2013 04 20 01 41   .687     2013 04 20 01 44 31.701     211.0
 2013 04 20 18 45 34.755     2013 04 20 18 48 33.251     178.5
 2013 04 20 20 22 57.861     2013 04 20 20 23 20.737      22.9
 2013 04 20 23 39 53.140     2013 04 20 23 43 39.162     226.0
38
39
 2013 04 20 01 59 32.732     2013 04 20 02 02 20.850     168.1
40
 2013 04 20 06 50 56.496     2013 04 20 06 51  3.137       6.6
 2013 04 20 15 10 12.665     2013 04 20 15 10 36.370      23.7
41
 2013 04 20 19 19 17.037     2013 04 20 19 22 50.021     213.0
42
 2013 04 20 02 45 14.850     2013 04 20 02 48 19.846     185.0
 2013 04 20 14 33  4.107     2013 04 20 14 36 18.511     194.4
43
 2013 04 20 18 38 45.638     2013 04 20 18 41 38.523     172.9
44
 2013 04 20 06 45 44.617     2013 04 20 06 48 15.120     150.5
45
 2013 04 20 15 21 43.857     2013 04 20 15 21 53.776       9.9
46
47
 2013 04 20 04 33 38.561     2013 04 20 04 36 20.727     162.2
 2013 04 20 11 07 51.341     2013 04 20 11 11  9.143     197.8
48
 2013 04 20 14 47 53.808     2013 04 20 14 50 54.784     181.0
 2013 04 20 21 21 46.879     2013 04 20 21 24 34.629     167.7
49
 2013 04 20 09 06 46.388     2013 04 20 09 10 13.248     206.9
50
 2013 04 20 14 00 51.640     2013 04 20 14 03 31.357     159.7
 2013 04 20 20 35 30.901     2013 04 20 20 38 24.979     174.1
51
52
 2013 04 20 13 54 38.438     2013 04 20 13 58  4.469     206.0
53
 2013 04 20 19 11 12.405     2013 04 20 19 13 49.680     157.3
54
 2013 04 20 12 16 48.421     2013 04 20 12 19 39.079     170.7
 2013 04 20 22 19 17.627     2013 04 20 22 22 39.907     202.3
55
56
 2013 04 20 01 15  4.287     2013 04 20 01 18  3.950     179.7
 2013 04 20 11 20 48.807     2013 04 20 11 21 55.969      67.2
57
 2013 04 20 13 55 11.390     2013 04 20 13 57 50.881     159.5
58
 2013 04 20 11 38 57.208     2013 04 20 11 42 16.609     199.4
 2013 04 20 18 14 30.312     2013 04 20 18 17 21.649     171.3
59
60
61
 2013 04 20 05 16 40.928     2013 04 20 05 19 21.293     160.4
62
 2013 04 20 02 08 33.573     2013 04 20 02 11  5.930     152.4
 2013 04 20 10 24 45.338     2013 04 20 10 27 57.871     192.5
63
 2013 04 20 09 05 15.416     2013 04 20 09 08 54.540     219.1
64
 2013 04 20 06 08 52.383     2013 04 20 06 11 34.761     162.4
 2013 04 20 12 42 46.004     2013 04 20 12 45 21.780     155.8
65
 2013 04 20 08 22 17.528     2013 04 20 08 24 10.486     113.0
 2013 04 20 18 22 52.123     2013 04 20 18 26 21.066     208.9
66
 2013 04 20 06 24 56.726     2013 04 20 06 27 51.358     174.6
 2013 04 20 23 27 28.072     2013 04 20 23 30  6.579     158.5
67
 2013 04 20 08 02 42.340     2013 04 20 08 06  4.832     202.5
 2013 04 20 23 23 29.454     2013 04 20 23 26 19.650     170.2
68
 2013 04 20 00 32 42.205     2013 04 20 00 35 14.386     152.2
69
 2013 04 20 21 33 56.792     2013 04 20 21 36 41.248     164.5
70
 2013 04 20 00 24 35.855     2013 04 20 00 27  6.700     150.8
 2013 04 20 12 10  7.379     2013 04 20 12 13 51.828     224.4
71
 2013 04 20 08 11 28.324     2013 04 20 08 14 55.659     207.3
72
73
 2013 04 20 19 06 45.809     2013 04 20 19 09 22.695     156.9
74
75
 2013 04 20 02 08 16.517     2013 04 20 02 11 56.670     220.2
 2013 04 20 10 26 12.778     2013 04 20 10 28 54.731     162.0
76
 2013 04 20 04 36 23.537     2013 04 20 04 39 24.727     181.2
 2013 04 20 09 31 34.691     2013 04 20 09 34 52.159     197.5
77
 2013 04 20 08 53 12.293     2013 04 20 08 56  1.011     168.7
78
 2013 04 20 12 09 33.135     2013 04 20 12 12 22.402     169.3
79
 2013 04 20 02 59 35.527     2013 04 20 03 02 11.364     155.8
 2013 04 20 09 33 54.759     2013 04 20 09 36 48.745     174.0
80
81
82
 2013 04 20 06 28 14.466     2013 04 20 06 31 46.665     212.2
 2013 04 20 21 51 15.998     2013 04 20 21 53 51.324     155.3
83
84
 2013 04 20 10 53 48.136     2013 04 20 10 56 24.367     156.2
 2013 04 20 15 48 16.638     2013 04 20 15 51 56.188     219.6
 2013 04 20 17 26  1.458     2013 04 20 17 29 48.768     227.3
85
 2013 04 20 16 07 56.182     2013 04 20 16 08 34.130      37.9
86
 2013 04 20 03 00 34.984     2013 04 20 03 03 11.690     156.7
 2013 04 20 09 34 20.730     2013 04 20 09 37  1.527     160.8
87
 2013 04 20 21 41 46.043     2013 04 20 21 44 43.940     177.9
88
89
 2013 04 20 10 03 18.202     2013 04 20 10 06 59.483     221.3
 2013 04 20 16 37 17.420     2013 04 20 16 41  6.360     228.9
90
 2013 04 20 22 29  2.828     2013 04 20 22 31 34.322     151.5
91
92
 2013 04 20 06 39 23.915     2013 04 20 06 40 53.746      89.8
 2013 04 20 18 30 50.954     2013 04 20 18 33 25.652     154.7
93
94
 2013 04 20 02 34 38.358     2013 04 20 02 37 40.034     181.7
95
 2013 04 20 05 16 34.772     2013 04 20 05 19 56.710     201.9
 2013 04 20 13 36 31.718     2013 04 20 13 36 31.090       -.6
96
 2013 04 20 14 45 25.008     2013 04 20 14 48 45.665     200.7
 2013 04 20 23 01 17.331     2013 04 20 23 04 24.425     187.1
97
98
 2013 04 20 09 09 31.744     2013 04 20 09 12 47.913     196.2
 2013 04 20 19 10  8.752     2013 04 20 19 13  7.100     178.3
99
 2013 04 20 07 45 20.570     2013 04 20 07 48 36.540     196.0
 2013 04 20 12 40 46.609     2013 04 20 12 44   .504     193.9
100
101
 2013 04 20 15 14 14.023     2013 04 20 15 15 49.163      95.1
102
 2013 04 20 04 48 37.098     2013 04 20 04 51 18.974     161.9
 2013 04 20 23 30 29.696     2013 04 20 23 33 17.981     168.3
103
 2013 04 20 04 13 30.386     2013 04 20 04 16 19.842     169.5
 2013 04 20 17 47 29.901     2013 04 20 17 50 33.625     183.7
104
 2013 04 20 12 00 59.641     2013 04 20 12 01 18.172      18.5
105
 2013 04 20 07 21  8.859     2013 04 20 07 24 21.827     193.0
 2013 04 20 20 58 26.091     2013 04 20 21 01  8.360     162.3
106
 2013 04 20 05 18 21.777     2013 04 20 05 22  7.116     225.3
 2013 04 20 13 32 27.638     2013 04 20 13 35  9.577     161.9
107
 2013 04 20 00 06 54.172     2013 04 20 00 09 56.255     182.1
 2013 04 20 17 10 51.124     2013 04 20 17 13 40.270     169.1
 2013 04 20 23 43 49.401     2013 04 20 23 46 43.739     174.3
108
 2013 04 20 12 13 46.033     2013 04 20 12 14 13.624      27.6
109
110
 2013 04 20 15 36 10.956     2013 04 20 15 39 27.656     196.7
 2013 04 20 22 10 49.483     2013 04 20 22 13 34.882     165.4
111
112
 2013 04 20 02 40 33.705     2013 04 20 02 43 41.786     188.1
113
 2013 04 20 19 59 57.297     2013 04 20 20 03  2.322     185.0
114
 2013 04 20 01 16 55.130     2013 04 20 01 19 28.974     153.8
 2013 04 20 11 17 22.893     2013 04 20 11 19 55.995     153.1
115
 2013 04 20 02 44   .053     2013 04 20 02 47 44.413     224.4
 2013 04 20 14 34 13.870     2013 04 20 14 36 53.762     159.9
116
 2013 04 20 02 46  8.690     2013 04 20 02 48 51.930     163.2
 2013 04 20 14 31 35.489     2013 04 20 14 34 47.843     192.4
117
 2013 04 20 04 15 16.171     2013 04 20 04 17 49.590     153.4
118
 2013 04 20 00 59 18.438     2013 04 20 00 59 50.220      31.8
 2013 04 20 16 17 13.694     2013 04 20 16 18 45.891      92.2
119
 2013 04 20 01 09 16.468     2013 04 20 01 12 25.640     189.2
 2013 04 20 12 59 43.658     2013 04 20 13 02 16.078     152.4
120
 2013 04 20 08 01  5.602     2013 04 20 08 04 27.598     202.0
121
 2013 04 20 02 51 55.398     2013 04 20 02 54 51.794     176.4
 2013 04 20 12 52   .206     2013 04 20 12 54 56.532     176.3
122
 2013 04 20 02 53 11.993     2013 04 20 02 53 51.911      39.9
 2013 04 20 12 53 58.030     2013 04 20 12 54  9.208      11.2
123
 2013 04 20 02 37 16.177     2013 04 20 02 39 56.077     159.9
 2013 04 20 16 14 49.434     2013 04 20 16 17 30.573     161.1
124
 2013 04 20 18 25  3.848     2013 04 20 18 28 43.040     219.2
125
 2013 04 20 16 57 34.268     2013 04 20 17 00 12.588     158.3
126
127
128
 2013 04 20 19 53 58.239     2013 04 20 19 56 38.640     160.4
129
 2013 04 20 15 06 24.869     2013 04 20 15 09 25.543     180.7
130
 2013 04 20 16 11 57.678     2013 04 20 16 14 30.162     152.5
131
 2013 04 20 06 41 42.032     2013 04 20 06 44 29.478     167.4
 2013 04 20 18 28 55.718     2013 04 20 18 32 13.788     198.1
132
 2013 04 20 16 17 16.430     2013 04 20 16 20 35.270     198.8
133
 2013 04 20 21 35 39.921     2013 04 20 21 39  4.469     204.5
134
 2013 04 20 01 22   .740     2013 04 20 01 24 47.046     166.3
 2013 04 20 09 37 18.661     2013 04 20 09 39 53.474     154.8
135
 2013 04 20 00 39 58.888     2013 04 20 00 42 36.910     158.0
 2013 04 20 05 34 40.812     2013 04 20 05 38 13.944     213.1
 2013 04 20 07 12  8.900     2013 04 20 07 12 16.385       7.5
136
 2013 04 20 02 13 15.074     2013 04 20 02 16 52.353     217.3
 2013 04 20 08 48   .237     2013 04 20 08 50 58.601     178.4
137
 2013 04 20 21 28 17.428     2013 04 20 21 30 58.061     160.6
138
 2013 04 20 02 53 18.918     2013 04 20 02 55 55.212     156.3
139
 2013 04 20 13 12 16.929     2013 04 20 13 14 59.560     162.6
140
 2013 04 20 06 01 43.129     2013 04 20 06 04 25.355     162.2
 2013 04 20 15 59 29.281     2013 04 20 16 02 43.176     193.9
141
 2013 04 20 08 26 35.780     2013 04 20 08 30 16.933     221.2
 2013 04 20 16 41 34.125     2013 04 20 16 44 15.817     161.7
142
143
 2013 04 20 00 26 26.326     2013 04 20 00 28 57.157     150.8
144
 2013 04 20 03 43  4.189     2013 04 20 03 46  8.529     184.3
 2013 04 20 12 00 14.444     2013 04 20 12 02 58.456     164.0
145
 2013 04 20 05 00 15.603     2013 04 20 05 02 58.489     162.9
 2013 04 20 18 35 57.695     2013 04 20 18 39   .573     182.9
146
 2013 04 20 01 16 31.482     2013 04 20 01 20  8.927     217.4
 2013 04 20 11 16  6.011     2013 04 20 11 18 53.315     167.3
147
 2013 04 20 05 23 51.554     2013 04 20 05 27 29.756     218.2
 2013 04 20 10 19 37.570     2013 04 20 10 22 32.848     175.3
148
 2013 04 20 02 52 43.025     2013 04 20 02 55 41.844     178.8
 2013 04 20 12 51 10.830     2013 04 20 12 51 36.334      25.5
149
150
 2013 04 20 07 23 45.028     2013 04 20 07 27 24.627     219.6
151
 2013 04 20 21 24 27.451     2013 04 20 21 27  5.931     158.5
152
 2013 04 20 19 12 29.594     2013 04 20 19 15 22.711     173.1
153
 2013 04 20 03 33 59.529     2013 04 20 03 36 56.780     177.3
 2013 04 20 15 17 48.615     2013 04 20 15 18 44.000      55.4
154
155
 2013 04 20 14 04 12.775     2013 04 20 14 07 17.308     184.5
 2013 04 20 18 59 14.956     2013 04 20 19 01 49.577     154.6
156
 2013 04 20 00 38 26.085     2013 04 20 00 41  5.627     159.5
 2013 04 20 07 12  9.748     2013 04 20 07 14 45.402     155.7
157
 2013 04 20 01 46 24.335     2013 04 20 01 49 21.502     177.2
 2013 04 20 17 05 31.857     2013 04 20 17 08 40.628     188.8
158
 2013 04 20 06 32  3.264     2013 04 20 06 34 59.803     176.5
 2013 04 20 20 14 17.407     2013 04 20 20 15 11.637      54.2
159
 2013 04 20 14 22 34.253     2013 04 20 14 25 36.452     182.2
160
 2013 04 20 04 57 57.408     2013 04 20 04 59 46.976     109.6
 2013 04 20 18 37 35.849     2013 04 20 18 40 21.937     166.1
161
 2013 04 20 02 55 32.597     2013 04 20 02 58 43.464     190.9
 2013 04 20 11 13  2.712     2013 04 20 11 15 57.877     175.2
162
 2013 04 20 00 29 53.153     2013 04 20 00 32 24.639     151.5
 2013 04 20 10 30  9.799     2013 04 20 10 32 43.588     153.8
163
 2013 04 20 04 28 45.001     2013 04 20 04 29 34.166      49.2
 2013 04 20 12 50 58.270     2013 04 20 12 51 38.594      40.3
164
 2013 04 20 12 21 20.158     2013 04 20 12 24  8.954     168.8
165
 2013 04 20 12 05  2.256     2013 04 20 12 05 39.919      37.7
166
 2013 04 20 04 52 36.406     2013 04 20 04 55 10.140     153.7
167
168
 2013 04 20 02 47 21.128     2013 04 20 02 50 47.088     206.0
169
 2013 04 20 05 37 15.600     2013 04 20 05 40   .927     165.3
 2013 04 20 22 40 55.251     2013 04 20 22 44  5.172     189.9
170
171
 2013 04 20 01 38 11.814     2013 04 20 01 41 37.292     205.5
 2013 04 20 03 15 39.827     2013 04 20 03 16  8.104      28.3
 2013 04 20 20 20 33.496     2013 04 20 20 23 13.233     159.7
172
 2013 04 20 02 10 34.191     2013 04 20 02 13  7.197     153.0
 2013 04 20 10 24 17.468     2013 04 20 10 27 49.067     211.6
173
 2013 04 20 09 13 32.863     2013 04 20 09 16  9.957     157.1
 2013 04 20 17 29 40.162     2013 04 20 17 33   .604     200.4
174
 2013 04 20 20 41  2.687     2013 04 20 20 43 47.731     165.0
175
 2013 04 20 08 09   .084     2013 04 20 08 11 42.794     162.7
 2013 04 20 21 44 17.192     2013 04 20 21 46 52.927     155.7
176
 2013 04 20 08 59 40.365     2013 04 20 09 03  3.005     202.6
177
 2013 04 20 13 42 14.745     2013 04 20 13 44 48.948     154.2
178
 2013 04 20 02 14 18.812     2013 04 20 02 17  6.245     167.4
 2013 04 20 07 09 12.071     2013 04 20 07 13   .431     228.4
 2013 04 20 08 46 55.025     2013 04 20 08 47 34.296      39.3
179
 2013 04 20 01 44 34.154     2013 04 20 01 47 10.994     156.8
 2013 04 20 17 06 11.763     2013 04 20 17 09 37.558     205.8
180
 2013 04 20 11 36 46.867     2013 04 20 11 39 47.968     181.1
 2013 04 20 19 50 42.018     2013 04 20 19 53 37.296     175.3
181
 2013 04 20 20 36 53.281     2013 04 20 20 40  8.288     195.0
182
 2013 04 20 05 01 14.223     2013 04 20 05 04 28.799     194.6
 2013 04 20 18 33 44.289     2013 04 20 18 37 27.708     223.4
183
 2013 04 20 23 03 43.603     2013 04 20 23 06 45.035     181.4
184
 2013 04 20 07 17 39.888     2013 04 20 07 20 23.606     163.7
 2013 04 20 22 35 53.228     2013 04 20 22 36 25.209      32.0
185
 2013 04 20 10 06 23.680     2013 04 20 10 09  9.330     165.6
 2013 04 20 15 05 20.665     2013 04 20 15 05 23.000       2.3
 2013 04 20 16 39 23.151     2013 04 20 16 42 59.153     216.0
186
 2013 04 20 05 20 12.230     2013 04 20 05 23  9.992     177.8
187
 2013 04 20 11 37  8.406     2013 04 20 11 40 33.320     204.9
 2013 04 20 19 49 59.335     2013 04 20 19 53 32.451     213.1
188
 2013 04 20 23 16 29.726     2013 04 20 23 19 55.425     205.7
189
 2013 04 20 08 14 39.460     2013 04 20 08 17 40.057     180.6
 2013 04 20 20 04 38.571     2013 04 20 20 07 11.881     153.3
190
 2013 04 20 04 59 53.321     2013 04 20 05 03 16.502     203.2
 2013 04 20 18 34 45.609     2013 04 20 18 37 19.556     153.9
191
 2013 04 20 08 53 29.429     2013 04 20 08 56  5.784     156.4
192
 2013 04 20 09 51 52.868     2013 04 20 09 55 33.261     220.4
193
 2013 04 20 16 25   .523     2013 04 20 16 27 39.126     158.6
 2013 04 20 21 19 44.902     2013 04 20 21 22 50.551     185.6
194
 2013 04 20 12 25 50.361     2013 04 20 12 28 41.351     171.0
 2013 04 20 19 00 55.862     2013 04 20 19 04 28.649     212.8
195
 2013 04 20 06 27 29.407     2013 04 20 06 30  2.740     153.3
 2013 04 20 21 53 27.904     2013 04 20 21 53 47.147      19.2
196
 2013 04 20 05 02 28.150     2013 04 20 05 05 36.928     188.8
197
 2013 04 20 05 03  7.186     2013 04 20 05 06 35.308     208.1
198
 2013 04 20 16 45 41.109     2013 04 20 16 49 21.490     220.4
199
 2013 04 20 09 57 50.988     2013 04 20 10 00 40.466     169.5
 2013 04 20 19 56 11.965     2013 04 20 19 57 10.324      58.4
200
201
 2013 04 20 02 56 23.958     2013 04 20 02 59 38.332     194.4
 2013 04 20 11 13  5.941     2013 04 20 11 15 40.445     154.5
202
 2013 04 20 04 29 21.489     2013 04 20 04 32 37.616     196.1
203
 2013 04 20 02 59   .098     2013 04 20 03 01 37.059     157.0
 2013 04 20 09 33 39.195     2013 04 20 09 37 22.970     223.8
204
205
 2013 04 20 10 35 18.115     2013 04 20 10 38 47.926     209.8
 2013 04 20 22 26 55.216     2013 04 20 22 29 42.671     167.5
206
 2013 04 20 14 30 58.486     2013 04 20 14 31 25.229      26.7
207
 2013 04 20 01 46 41.132     2013 04 20 01 46 40.504       -.6
208
 2013 04 20 19 19  4.231     2013 04 20 19 21 53.729     169.5
209
 2013 04 20 13 10 36.600     2013 04 20 13 13 52.800     196.2
 2013 04 20 21 27  1.563     2013 04 20 21 29 46.007     164.4
210
 2013 04 20 17 58 55.031     2013 04 20 17 59 45.116      50.1
 2013 04 20 22 54 55.259     2013 04 20 22 58 34.515     219.3
211
212
 2013 04 20 00 55  9.850     2013 04 20 00 58 16.096     186.2
 2013 04 20 17 58 11.500     2013 04 20 18 01  3.749     172.2
213
 2013 04 20 14 27 47.602     2013 04 20 14 27 56.900       9.3
214
215
 2013 04 20 00 21 30.333     2013 04 20 00 24   .627     150.3
 2013 04 20 12 11 34.983     2013 04 20 12 11 49.795      14.8
216
217
 2013 04 20 19 59 27.780     2013 04 20 20 02 40.726     192.9
218
219
 2013 04 20 01 03 17.049     2013 04 20 01 05 57.389     160.3
 2013 04 20 14 39 33.670     2013 04 20 14 42  9.084     155.4
220
 2013 04 20 10 23  2.176     2013 04 20 10 25 42.479     160.3
221
 2013 04 20 00 18 28.913     2013 04 20 00 21 50.067     201.2
222
 2013 04 20 03 15 33.157     2013 04 20 03 19 19.596     226.4
 2013 04 20 20 17 55.278     2013 04 20 20 20 32.695     157.4
223
224
 2013 04 20 01 05 51.011     2013 04 20 01 08 26.327     155.3
225
 2013 04 20 02 51 37.941     2013 04 20 02 54 11.844     153.9
 2013 04 20 12 51 46.866     2013 04 20 12 54 17.787     150.9
226
 2013 04 20 23 09 26.698     2013 04 20 23 12 23.419     176.7
227
 2013 04 20 13 00 30.376     2013 04 20 13 03 17.715     167.3
228
229
 2013 04 20 17 51 18.327     2013 04 20 17 54 52.939     214.6
230
 2013 04 20 10 03 48.870     2013 04 20 10 06 31.006     162.1
 2013 04 20 16 38   .768     2013 04 20 16 38 10.952      10.2
231
 2013 04 20 01 23 41.100     2013 04 20 01 26 16.438     155.3
 2013 04 20 09 36 48.063     2013 04 20 09 37 11.299      23.2
232
 2013 04 20 00 22 52.909     2013 04 20 00 25 43.564     170.7
 2013 04 20 12 10 42.329     2013 04 20 12 13 23.560     161.2
233
 2013 04 20 06 35 36.987     2013 04 20 06 38 22.411     165.4
234
 2013 04 20 21 51 22.347     2013 04 20 21 55  5.501     223.2
235
 2013 04 20 13 14  2.204     2013 04 20 13 16 42.258     160.1
 2013 04 20 19 47 51.323     2013 04 20 19 50 27.388     156.1
236
 2013 04 20 07 33 23.741     2013 04 20 07 36 22.398     178.7
 2013 04 20 17 36  4.119     2013 04 20 17 39 17.983     193.9
237
 2013 04 20 01 26 52.729     2013 04 20 01 29 28.737     156.0
 2013 04 20 06 21 23.664     2013 04 20 06 21 41.602      17.9
 2013 04 20 07 59 28.367     2013 04 20 08 03  1.366     213.0
238
 2013 04 20 16 44 33.449     2013 04 20 16 47 30.537     177.1
239
 2013 04 20 04 35  2.645     2013 04 20 04 37 51.274     168.6
 2013 04 20 11 09  9.637     2013 04 20 11 11 52.277     162.6
240
 2013 04 20 20 13  7.463     2013 04 20 20 15 42.071     154.6
241
 2013 04 20 01 15 20.818     2013 04 20 01 18  2.758     161.9
242
 2013 04 20 17 38 13.214     2013 04 20 17 40 53.223     160.0
243
244
 2013 04 20 17 45 11.120     2013 04 20 17 48 51.851     220.7
245
 2013 04 20 01 08 58.256     2013 04 20 01 11 43.366     165.1
 2013 04 20 12 59 22.234     2013 04 20 13 02 25.390     183.2
246
 2013 04 20 01 45  6.316     2013 04 20 01 47 41.762     155.4
 2013 04 20 17 06 27.031     2013 04 20 17 09 15.977     168.9
247
 2013 04 20 11 33  7.562     2013 04 20 11 35 52.052     164.5
248
 2013 04 20 03 23  5.343     2013 04 20 03 25 42.668     157.3
249
 2013 04 20 09 59 42.174     2013 04 20 10 02 19.958     157.8
250
 2013 04 20 13 12 38.277     2013 04 20 13 16  8.275     210.0
 2013 04 20 19 46 36.251     2013 04 20 19 49 58.359     202.1
251
 2013 04 20 18 37 55.479     2013 04 20 18 40 48.116     172.6
252
 2013 04 20 22 26 29.031     2013 04 20 22 29 38.403     189.4
253
 2013 04 20 14 49  4.086     2013 04 20 14 51 48.840     164.8
 2013 04 20 21 22 10.489     2013 04 20 21 25   .422     169.9
254
 2013 04 20 16 45 48.234     2013 04 20 16 48 22.462     154.2
255
 2013 04 20 20 41  5.257     2013 04 20 20 42 41.745      96.5
256
 2013 04 20 10 02 34.204     2013 04 20 10 06 13.559     219.4
 2013 04 20 18 15 22.367     2013 04 20 18 18 54.327     212.0
257
 2013 04 20 09 46 16.431     2013 04 20 09 49  4.889     168.5
258
259
 2013 04 20 06 09 57.616     2013 04 20 06 13 30.383     212.8
 2013 04 20 12 43 53.681     2013 04 20 12 47 28.887     215.2
260
 2013 04 20 03 01 33.141     2013 04 20 03 04 32.453     179.3
 2013 04 20 07 56 38.959     2013 04 20 08 00 28.191     229.2
 2013 04 20 09 34 20.419     2013 04 20 09 34 37.076      16.7
261
 2013 04 20 19 14 24.900     2013 04 20 19 16 59.938     155.0
262
 2013 04 20 07 43 14.149     2013 04 20 07 45 54.044     159.9
 2013 04 20 14 17 15.669     2013 04 20 14 19 54.911     159.2
263
 2013 04 20 00 54 38.036     2013 04 20 00 58  2.315     204.3
 2013 04 20 17 56 28.472     2013 04 20 17 59 11.133     162.7
264
 2013 04 20 06 34 13.754     2013 04 20 06 37  2.644     168.9
 2013 04 20 20 10 52.756     2013 04 20 20 13 35.756     163.0
265
 2013 04 20 20 46 34.792     2013 04 20 20 49 40.838     186.0
266
267
 2013 04 20 17 04 45.950     2013 04 20 17 07 33.803     167.9
268
 2013 04 20 08 08 37.861     2013 04 20 08 11 54.910     197.0
 2013 04 20 21 43 51.526     2013 04 20 21 46 25.398     153.9
269
 2013 04 20 09 08 49.188     2013 04 20 09 11 42.558     173.4
 2013 04 20 19 10 25.450     2013 04 20 19 12 57.940     152.5
270
 2013 04 20 22 15 23.657     2013 04 20 22 15 27.214       3.6
271
 2013 04 20 10 37  3.072     2013 04 20 10 40 26.729     203.7
 2013 04 20 22 24 13.697     2013 04 20 22 26 46.980     153.3
272
273
 2013 04 20 01 59 41.527     2013 04 20 02 02 19.480     158.0
274
275
 2013 04 20 00 27 25.089     2013 04 20 00 29 57.793     152.7
276
 2013 04 20 03 24 33.537     2013 04 20 03 27 17.550     164.0
 2013 04 20 17 01  5.992     2013 04 20 17 04  5.485     179.5
277
 2013 04 20 14 03  7.894     2013 04 20 14 05 44.610     156.7
 2013 04 20 18 57 46.264     2013 04 20 19 01  1.806     195.5
278
 2013 04 20 00 54 19.329     2013 04 20 00 57  3.475     164.1
 2013 04 20 17 57 46.694     2013 04 20 18 00 29.155     162.5
279
 2013 04 20 04 29 49.252     2013 04 20 04 32 24.432     155.2
 2013 04 20 12 46 25.123     2013 04 20 12 47 19.304      54.2
280
 2013 04 20 14 48 54.409     2013 04 20 14 51 48.434     174.0
 2013 04 20 21 22  1.160     2013 04 20 21 24 48.034     166.9
281
282
 2013 04 20 18 38 26.270     2013 04 20 18 41  5.295     159.0
283
284
 2013 04 20 00 17 42.122     2013 04 20 00 20 53.794     191.7
 2013 04 20 13 50 32.240     2013 04 20 13 54  4.287     212.0
285
 2013 04 20 08 58 51.980     2013 04 20 09 01 54.893     182.9
286
 2013 04 20 21 28 46.053     2013 04 20 21 31 57.491     191.4
287
 2013 04 20 01 09 55.981     2013 04 20 01 12 34.671     158.7
 2013 04 20 12 59  2.767     2013 04 20 13 01 33.837     151.1
288
 2013 04 20 20 40 35.364     2013 04 20 20 43 39.822     184.5
289
 2013 04 20 11 23 33.163     2013 04 20 11 26  3.103     149.9
 2013 04 20 23 12 43.563     2013 04 20 23 15 43.395     179.8
290
 2013 04 20 06 06 46.665     2013 04 20 06 10 10.128     203.5
 2013 04 20 14 19 13.139     2013 04 20 14 20 15.887      62.7
291
 2013 04 20 09 55 33.251     2013 04 20 09 58  4.502     151.3
 2013 04 20 19 57  2.935     2013 04 20 20 00 21.754     198.8
292
293
294
 2013 04 20 15 34 54.792     2013 04 20 15 38 33.316     218.5
 2013 04 20 17 12 34.396     2013 04 20 17 12 58.413      24.0
 2013 04 20 22 08 40.823     2013 04 20 22 11 21.916     161.1
295
 2013 04 20 06 03 14.290     2013 04 20 06 06 45.801     211.5
296
297
 2013 04 20 04 07 47.168     2013 04 20 04 10 37.353     170.2
 2013 04 20 19 27 36.837     2013 04 20 19 30 23.412     166.6
298
 2013 04 20 07 15 28.464     2013 04 20 07 18  7.835     159.4
 2013 04 20 22 36 56.877     2013 04 20 22 39 56.088     179.2
299
300
 2013 04 20 12 24 12.865     2013 04 20 12 27 10.608     177.7
 2013 04 20 20 37 56.620     2013 04 20 20 41   .486     183.9
301
 2013 04 20 01 02 25.163     2013 04 20 01 05 30.626     185.5
 2013 04 20 14 40 52.839     2013 04 20 14 43 32.337     159.5
302
303
 2013 04 20 03 40 59.914     2013 04 20 03 44  9.201     189.3
304
 2013 04 20 09 48   .318     2013 04 20 09 51 33.715     213.4
305
 2013 04 20 07 15 47.905     2013 04 20 07 19  4.637     196.7
 2013 04 20 22 38 14.716     2013 04 20 22 40 48.420     153.7
306
 2013 04 20 18 23  1.521     2013 04 20 18 24  1.493      60.0
307
308
 2013 04 20 06 58 10.079     2013 04 20 07 00 45.140     155.1
 2013 04 20 11 52 46.751     2013 04 20 11 55 51.847     185.1
309
 2013 04 20 06 32 16.254     2013 04 20 06 35 55.795     219.5
310
 2013 04 20 00 54 45.374     2013 04 20 00 57 28.008     162.6
 2013 04 20 17 57 51.632     2013 04 20 18 00 25.714     154.1
311
 2013 04 20 04 22 10.732     2013 04 20 04 24 46.674     155.9
312
313
 2013 04 20 13 57 20.360     2013 04 20 14 00 21.551     181.2
 2013 04 20 22 14 15.123     2013 04 20 22 16 50.875     155.8
314
 2013 04 20 15 09 42.147     2013 04 20 15 13  9.947     207.8
315
 2013 04 20 01 43 25.847     2013 04 20 01 46 43.139     197.3
316
317
 2013 04 20 13 36 14.140     2013 04 20 13 38 52.402     158.3
318
 2013 04 20 19 24  8.133     2013 04 20 19 24 56.727      48.6
319
 2013 04 20 05 16  8.171     2013 04 20 05 19  6.594     178.4
320
 2013 04 20 03 02 14.150     2013 04 20 03 05  1.718     167.6
 2013 04 20 07 57 10.295     2013 04 20 08 00  6.858     176.6
321
 2013 04 20 03 31 25.547     2013 04 20 03 34 36.547     191.0
 2013 04 20 15 19 20.334     2013 04 20 15 22 19.005     178.7
322
 2013 04 20 13 14 53.111     2013 04 20 13 17 58.681     185.6
 2013 04 20 14 52 24.065     2013 04 20 14 56 15.063     231.0
 2013 04 20 18 09 11.290     2013 04 20 18 12 50.163     218.9
 2013 04 20 19 47  8.161     2013 04 20 19 50 33.767     205.6
323
 2013 04 20 04 59  9.707     2013 04 20 05 01 40.930     151.2
 2013 04 20 18 36  3.060     2013 04 20 18 38 50.657     167.6
324
 2013 04 20 07 17 29.331     2013 04 20 07 21 10.838     221.5
325
 2013 04 20 03 42  6.889     2013 04 20 03 44 43.015     156.1
326
327
 2013 04 20 02 43 12.196     2013 04 20 02 45 54.574     162.4
 2013 04 20 14 33 44.732     2013 04 20 14 37  7.466     202.7
328
 2013 04 20 18 32 32.569     2013 04 20 18 35 16.182     163.6
329
 2013 04 20 01 38 40.329     2013 04 20 01 42 23.634     223.3
 2013 04 20 03 16 18.111     2013 04 20 03 16 34.654      16.5
 2013 04 20 20 20 37.768     2013 04 20 20 23 21.858     164.1
330
 2013 04 20 12 18 46.710     2013 04 20 12 21 48.824     182.1
 2013 04 20 22 18 45.389     2013 04 20 22 21 51.235     185.8
331
 2013 04 20 19 49 57.554     2013 04 20 19 53 19.198     201.6
332
 2013 04 20 02 56 18.373     2013 04 20 02 59 33.815     195.4
 2013 04 20 11 13  8.356     2013 04 20 11 15 41.440     153.1
333
334
 2013 04 20 02 46 45.869     2013 04 20 02 50  6.986     201.1
 2013 04 20 14 30 13.979     2013 04 20 14 30 48.055      34.1
335
 2013 04 20 08 08 23.400     2013 04 20 08 09 34.339      70.9
336
 2013 04 20 05 00 32.336     2013 04 20 05 03 25.486     173.2
 2013 04 20 18 34 48.510     2013 04 20 18 37 40.938     172.4
337
 2013 04 20 01 55 14.414     2013 04 20 01 57 44.336     149.9
338
339
 2013 04 20 09 52 49.687     2013 04 20 09 55 22.161     152.5
340
 2013 04 20 05 22 36.830     2013 04 20 05 25 19.754     162.9
 2013 04 20 10 20 52.978     2013 04 20 10 21  1.771       8.8
 2013 04 20 11 55 17.237     2013 04 20 11 58 28.278     191.0
341
 2013 04 20 04 22  5.545     2013 04 20 04 24 47.128     161.6
342
 2013 04 20 06 30 32.323     2013 04 20 06 33 46.231     193.9
343
344
 2013 04 20 00 33 11.657     2013 04 20 00 34 16.308      64.7
 2013 04 20 10 28 11.274     2013 04 20 10 30 58.094     166.8
345
 2013 04 20 09 05 49.328     2013 04 20 09 09 20.587     211.3
346
 2013 04 20 07 26 32.434     2013 04 20 07 27 15.941      43.5
347
 2013 04 20 05 23  7.474     2013 04 20 05 25 57.110     169.6
 2013 04 20 10 18  1.736     2013 04 20 10 18 15.568      13.8
 2013 04 20 11 55 57.924     2013 04 20 11 59 48.362     230.4
348
349
 2013 04 20 10 44 52.901     2013 04 20 10 47 31.918     159.0
 2013 04 20 20 43 37.006     2013 04 20 20 46 55.101     198.1
350
 2013 04 20 11 23  9.537     2013 04 20 11 26  9.838     180.3
 2013 04 20 23 13 42.234     2013 04 20 23 16 25.203     163.0
351
352
 2013 04 20 01 50  4.168     2013 04 20 01 52 46.512     162.3
 2013 04 20 15 26 40.274     2013 04 20 15 29 41.000     180.7
353
 2013 04 20 13 57 41.484     2013 04 20 14 00 57.323     195.8
 2013 04 20 22 12 33.671     2013 04 20 22 15  7.073     153.4
354
 2013 04 20 07 36 15.121     2013 04 20 07 36 44.158      29.0
355
 2013 04 20 07 39 49.483     2013 04 20 07 42 25.536     156.1
 2013 04 20 15 55 47.882     2013 04 20 15 58 23.047     155.2
356
 2013 04 20 10 46 23.962     2013 04 20 10 49  9.743     165.8
357
 2013 04 20 04 07 27.966     2013 04 20 04 10 37.136     189.2
 2013 04 20 19 28 57.376     2013 04 20 19 31 50.377     173.0
358
 2013 04 20 10 35 54.854     2013 04 20 10 39 33.726     218.9
 2013 04 20 22 24  4.799     2013 04 20 22 27 36.615     211.8
359
 2013 04 20 08 03 13.751     2013 04 20 08 05 49.010     155.3
 2013 04 20 23 24 48.300     2013 04 20 23 27 25.075     156.8
360
 2013 04 20 13 15 55.431     2013 04 20 13 18 39.421     164.0
 2013 04 20 18 10 47.543     2013 04 20 18 14  6.014     198.5
361
 2013 04 20 09 05 24.292     2013 04 20 09 08  6.653     162.4
362
 2013 04 20 16 15 35.082     2013 04 20 16 19 14.918     219.8
363
 2013 04 20 02 55 37.998     2013 04 20 02 59 17.654     219.7
 2013 04 20 11 10 55.582     2013 04 20 11 13 54.222     178.6
364
 2013 04 20 07 41 17.246     2013 04 20 07 42  9.926      52.7
365
 2013 04 20 09 15 25.693     2013 04 20 09 18 29.526     183.8
 2013 04 20 17 28 46.557     2013 04 20 17 32  4.023     197.5
366
 2013 04 20 08 14 40.200     2013 04 20 08 17 11.560     151.4
 2013 04 20 20 04  3.217     2013 04 20 20 06 53.093     169.9
367
 2013 04 20 01 09 20.199     2013 04 20 01 11 57.863     157.7
 2013 04 20 12 58 25.706     2013 04 20 13 01 39.151     193.4
368
 2013 04 20 02 05 22.407     2013 04 20 02 05 34.612      12.2
369
 2013 04 20 09 53 33.047     2013 04 20 09 56 25.861     172.8
370
371
 2013 04 20 04 36 36.666     2013 04 20 04 39 15.494     158.8
 2013 04 20 09 31 20.054     2013 04 20 09 34 19.349     179.3
372
 2013 04 20 06 35 40.224     2013 04 20 06 38 30.463     170.2
373
 2013 04 20 13 58 43.614     2013 04 20 14 02 25.867     222.3
374
 2013 04 20 03 25 40.711     2013 04 20 03 28 15.530     154.8
 2013 04 20 17 01  3.335     2013 04 20 17 03 41.386     158.1
375
 2013 04 20 15 09 33.372     2013 04 20 15 09 38.018       4.6
376
 2013 04 20 04 21 15.717     2013 04 20 04 24 17.671     182.0
377
 2013 04 20 01 13 12.950     2013 04 20 01 15 47.497     154.5
378
379
 2013 04 20 12 22 19.730     2013 04 20 12 25 28.911     189.2
 2013 04 20 20 39 48.531     2013 04 20 20 42 45.413     176.9
380
 2013 04 20 00 18 28.452     2013 04 20 00 21   .451     152.0
381
 2013 04 20 13 11  2.053     2013 04 20 13 13 34.928     152.9
 2013 04 20 21 26  9.355     2013 04 20 21 28 50.040     160.7
382
 2013 04 20 04 17  9.309     2013 04 20 04 17 36.173      26.9
 2013 04 20 16 09 27.766     2013 04 20 16 12  6.099     158.3
383
 2013 04 20 16 04 59.814     2013 04 20 16 07 49.256     169.4
384
 2013 04 20 09 07 55.467     2013 04 20 09 11 29.903     214.4
 2013 04 20 19 11  4.871     2013 04 20 19 13 46.022     161.2
385
 2013 04 20 16 11 57.021     2013 04 20 16 14 29.179     152.2
386
 2013 04 20 18 24 42.082     2013 04 20 18 27 20.770     158.7
387
 2013 04 20 00 09 46.239     2013 04 20 00 13 21.363     215.1
 2013 04 20 15 30 48.522     2013 04 20 15 34 15.659     207.1
388
 2013 04 20 11 30  7.802     2013 04 20 11 33 26.562     198.8
 2013 04 20 21 32 30.921     2013 04 20 21 35  5.825     154.9
389
 2013 04 20 07 19 18.922     2013 04 20 07 20 30.095      71.2
 2013 04 20 20 59 23.066     2013 04 20 21 02 16.589     173.5
390
 2013 04 20 09 12 18.094     2013 04 20 09 13 23.938      65.8
 2013 04 20 19 08  4.516     2013 04 20 19 10 36.112     151.6
391
392
 2013 04 20 11 37 52.555     2013 04 20 11 38 34.852      42.3
 2013 04 20 18 11 50.710     2013 04 20 18 15 21.989     211.3
393
 2013 04 20 06 10 55.480     2013 04 20 06 13 31.465     156.0
 2013 04 20 11 05 30.101     2013 04 20 11 08 33.850     183.7
394
 2013 04 20 01 23 55.850     2013 04 20 01 27 20.774     204.9
 2013 04 20 07 57 57.764     2013 04 20 08 01 46.250     228.5
395
 2013 04 20 11 29  2.335     2013 04 20 11 32 21.408     199.1
 2013 04 20 21 32 30.254     2013 04 20 21 36  1.119     210.9
396
 2013 04 20 06 42 50.285     2013 04 20 06 44 12.261      82.0
 2013 04 20 18 27 47.564     2013 04 20 18 30 38.725     171.2
397
 2013 04 20 06 41 51.451     2013 04 20 06 44 53.092     181.6
 2013 04 20 18 28 44.486     2013 04 20 18 30 26.766     102.3
398
 2013 04 20 19 07  1.776     2013 04 20 19 09 34.437     152.7
399
 2013 04 20 04 36 50.886     2013 04 20 04 39 43.416     172.5
 2013 04 20 09 31 52.037     2013 04 20 09 34 40.940     168.9
400
 2013 04 20 08 28 28.661     2013 04 20 08 31  1.783     153.1
 2013 04 20 16 42  8.905     2013 04 20 16 45 45.091     216.2
401
 2013 04 20 09 49  4.685     2013 04 20 09 52 16.121     191.4
 2013 04 20 21 37 11.623     2013 04 20 21 40 22.734     191.1
402
 2013 04 20 22 27 37.729     2013 04 20 22 30 40.024     182.3
403
 2013 04 20 00 19 15.563     2013 04 20 00 22 20.381     184.8
404
405
 2013 04 20 05 39 29.393     2013 04 20 05 39 41.617      12.2
 2013 04 20 21 04  6.173     2013 04 20 21 07 39.401     213.2
406
407
 2013 04 20 09 20 44.662     2013 04 20 09 23 45.125     180.5
 2013 04 20 14 15 45.102     2013 04 20 14 18 19.915     154.8
408
 2013 04 20 05 18  1.716     2013 04 20 05 20 57.727     176.0
 2013 04 20 13 34 35.245     2013 04 20 13 37 10.006     154.8
409
 2013 04 20 03 14 33.974     2013 04 20 03 17 26.166     172.2
 2013 04 20 21 55 43.813     2013 04 20 21 59 11.392     207.6
410
 2013 04 20 04 10 33.867     2013 04 20 04 10 35.619       1.8
411
 2013 04 20 14 49 13.758     2013 04 20 14 51 52.823     159.1
 2013 04 20 21 22 17.279     2013 04 20 21 25 12.588     175.3
412
 2013 04 20 10 37 54.726     2013 04 20 10 41 17.167     202.4
 2013 04 20 22 23 45.455     2013 04 20 22 26 26.352     160.9
413
 2013 04 20 15 36 11.155     2013 04 20 15 39  9.897     178.7
 2013 04 20 22 10 36.397     2013 04 20 22 13 16.911     160.5
414
 2013 04 20 22 22 56.918     2013 04 20 22 25 34.604     157.7
415
 2013 04 20 07 42 51.422     2013 04 20 07 46 20.453     209.0
 2013 04 20 14 18 32.005     2013 04 20 14 21 16.285     164.3
416
 2013 04 20 14 30 10.384     2013 04 20 14 32 41.755     151.4
417
 2013 04 20 00 34 56.526     2013 04 20 00 35 31.767      35.2
 2013 04 20 08 51 25.358     2013 04 20 08 54 41.097     195.7
418
 2013 04 20 10 44 19.648     2013 04 20 10 47 45.648     206.0
 2013 04 20 20 42 44.399     2013 04 20 20 45 20.596     156.2
419
420
 2013 04 20 02 37 16.670     2013 04 20 02 39 53.008     156.3
 2013 04 20 16 14 41.249     2013 04 20 16 17 25.724     164.5
421
 2013 04 20 10 37  3.396     2013 04 20 10 40 43.372     220.0
 2013 04 20 22 25 52.739     2013 04 20 22 29  8.585     195.8
422
 2013 04 20 15 38 23.900     2013 04 20 15 41 39.900     196.0
 2013 04 20 20 33 44.276     2013 04 20 20 36 21.656     157.4
423
 2013 04 20 06 42 50.981     2013 04 20 06 45 37.462     166.5
424
 2013 04 20 04 08 55.288     2013 04 20 04 08 58.954       3.7
425
426
 2013 04 20 02 30 31.826     2013 04 20 02 34  7.698     215.9
427
 2013 04 20 05 53 53.600     2013 04 20 05 56 35.746     162.1
 2013 04 20 17 42 10.897     2013 04 20 17 44 48.521     157.6
428
429
 2013 04 20 10 05 37.050     2013 04 20 10 08 23.388     166.3
 2013 04 20 16 38 45.326     2013 04 20 16 41 33.572     168.2
430
 2013 04 20 00 08 41.882     2013 04 20 00 12  6.788     204.9
 2013 04 20 23 45 24.872     2013 04 20 23 49  3.541     218.7
431
 2013 04 20 05 46 13.794     2013 04 20 05 49 25.499     191.7
 2013 04 20 19 22 22.535     2013 04 20 19 25 16.747     174.2
432
433
 2013 04 20 15 36 23.692     2013 04 20 15 39 28.189     184.5
 2013 04 20 22 10 37.413     2013 04 20 22 13 29.910     172.5
434
 2013 04 20 05 07 53.820     2013 04 20 05 10 30.742     156.9
 2013 04 20 16 53 18.076     2013 04 20 16 56 36.344     198.3
435
 2013 04 20 04 04 42.537     2013 04 20 04 07 22.237     159.7
 2013 04 20 21 06 23.532     2013 04 20 21 09 49.450     205.9
436
 2013 04 20 07 22 51.721     2013 04 20 07 25 36.941     165.2
437
438
 2013 04 20 22 23 26.000     2013 04 20 22 26 11.893     165.9
439
 2013 04 20 01 52  7.958     2013 04 20 01 55 47.823     219.9
 2013 04 20 15 24 35.348     2013 04 20 15 28 10.737     215.4
440
 2013 04 20 11 30  2.458     2013 04 20 11 32 40.862     158.4
 2013 04 20 21 30 54.736     2013 04 20 21 34 24.971     210.2
441
 2013 04 20 11 27 39.780     2013 04 20 11 31 12.781     213.0
442
 2013 04 20 01 04 28.646     2013 04 20 01 07  2.528     153.9
 2013 04 20 14 39  7.200     2013 04 20 14 42 11.498     184.3
443
 2013 04 20 04 56 16.393     2013 04 20 04 59  7.889     171.5
444
445
 2013 04 20 09 07 39.472     2013 04 20 09 10 13.100     153.6
446
 2013 04 20 06 43  3.274     2013 04 20 06 45 58.285     175.0
447
 2013 04 20 06 56 59.362     2013 04 20 06 59 57.329     178.0
 2013 04 20 13 30 53.255     2013 04 20 13 33 56.708     183.5
448
 2013 04 20 02 33 45.756     2013 04 20 02 34 13.227      27.5
 2013 04 20 17 51 41.852     2013 04 20 17 53 21.468      99.6
449
 2013 04 20 13 42 26.792     2013 04 20 13 45 29.348     182.6
450
 2013 04 20 11 34 59.560     2013 04 20 11 37 51.895     172.3
 2013 04 20 19 50 48.166     2013 04 20 19 54 25.913     217.7
451
452
453
 2013 04 20 07 38 20.480     2013 04 20 07 41 36.308     195.8
454
 2013 04 20 11 35 17.907     2013 04 20 11 35 49.685      31.8
 2013 04 20 21 29 12.010     2013 04 20 21 32  8.386     176.4
455
 2013 04 20 20 52 40.604     2013 04 20 20 55 36.581     176.0
456
 2013 04 20 08 30 19.667     2013 04 20 08 30 52.080      32.4
 2013 04 20 10 08 18.159     2013 04 20 10 11 46.426     208.3
 2013 04 20 15 03 29.115     2013 04 20 15 06 10.481     161.4
457
 2013 04 20 00 56 23.912     2013 04 20 00 59 44.269     200.4
458
 2013 04 20 06 55 57.450     2013 04 20 06 58 36.452     159.0
 2013 04 20 13 29 56.646     2013 04 20 13 32 37.985     161.3
459
 2013 04 20 18 31 31.561     2013 04 20 18 34 38.901     187.3
460
 2013 04 20 00 26 11.644     2013 04 20 00 29 15.339     183.7
461
 2013 04 20 06 28 37.813     2013 04 20 06 31 15.066     157.3
 2013 04 20 21 49 48.238     2013 04 20 21 52 31.315     163.1
462
 2013 04 20 23 12  6.519     2013 04 20 23 12 18.840      12.3
463
 2013 04 20 10 54 54.521     2013 04 20 10 58 16.510     202.0
 2013 04 20 15 50 22.226     2013 04 20 15 53  1.546     159.3
464
 2013 04 20 04 27  7.988     2013 04 20 04 30 22.274     194.3
465
 2013 04 20 07 33 24.164     2013 04 20 07 36 32.986     188.8
 2013 04 20 17 36 15.384     2013 04 20 17 39 18.392     183.0
466
 2013 04 20 06 11  8.941     2013 04 20 06 13 55.227     166.3
 2013 04 20 11 06  3.559     2013 04 20 11 09   .837     177.3
467
 2013 04 20 05 14 36.491     2013 04 20 05 17 59.439     202.9
468
 2013 04 20 10 44 49.118     2013 04 20 10 48 12.719     203.6
469
 2013 04 20 09 12 35.523     2013 04 20 09 15 11.185     155.7
470
 2013 04 20 17 37 24.777     2013 04 20 17 40 19.097     174.3
471
472
 2013 04 20 20 37  8.848     2013 04 20 20 39 55.508     166.7
473
 2013 04 20 02 37 52.929     2013 04 20 02 40 27.959     155.0
 2013 04 20 16 14 29.845     2013 04 20 16 17   .746     150.9
474
 2013 04 20 16 51 47.267     2013 04 20 16 54 20.540     153.3
475
 2013 04 20 03 18 45.271     2013 04 20 03 21 19.206     153.9
 2013 04 20 18 40 38.788     2013 04 20 18 41 20.424      41.6
476
 2013 04 20 15 28 37.436     2013 04 20 15 32  5.669     208.2
477
 2013 04 20 02 12 40.704     2013 04 20 02 16 19.221     218.5
 2013 04 20 03 50 30.405     2013 04 20 03 54  7.459     217.1
 2013 04 20 08 45 44.494     2013 04 20 08 48 29.107     164.6
478
 2013 04 20 00 22 19.483     2013 04 20 00 24 51.899     152.4
 2013 04 20 12 11 46.897     2013 04 20 12 14 35.768     168.9
479
 2013 04 20 04 34  1.573     2013 04 20 04 36 51.312     169.7
 2013 04 20 11 08   .717     2013 04 20 11 10 46.840     166.1
480
 2013 04 20 03 25 15.635     2013 04 20 03 28 26.897     191.3
 2013 04 20 17 02  4.451     2013 04 20 17 05  1.709     177.3
481
 2013 04 20 00 58 37.584     2013 04 20 01 02 25.780     228.2
 2013 04 20 16 20  4.586     2013 04 20 16 23 35.396     210.8
482
 2013 04 20 13 54 49.775     2013 04 20 13 57 26.196     156.4
483
 2013 04 20 18 23 18.248     2013 04 20 18 23 26.214       8.0
484
 2013 04 20 10 38 15.657     2013 04 20 10 38 41.807      26.2
485
 2013 04 20 00 16 32.247     2013 04 20 00 19 34.931     182.7
 2013 04 20 13 51 39.188     2013 04 20 13 54 13.243     154.1
486
487
 2013 04 20 05 41 47.458     2013 04 20 05 44 59.921     192.5
 2013 04 20 21 01 54.442     2013 04 20 21 04 28.598     154.2
488
 2013 04 20 01 45 59.465     2013 04 20 01 49 19.520     200.1
 2013 04 20 17 07 11.308     2013 04 20 17 10 28.688     197.4
489
 2013 04 20 19 06 19.949     2013 04 20 19 08 55.364     155.4
490
 2013 04 20 06 39 21.710     2013 04 20 06 42  7.162     165.5
 2013 04 20 18 30  3.370     2013 04 20 18 33 22.142     198.8
491
 2013 04 20 02 56 32.820     2013 04 20 03 00  3.549     210.7
 2013 04 20 11 11  4.883     2013 04 20 11 13 38.781     153.9
492
 2013 04 20 01 07  4.780     2013 04 20 01 07 23.642      18.9
493
 2013 04 20 02 13 33.614     2013 04 20 02 16 42.327     188.7
 2013 04 20 08 47 37.333     2013 04 20 08 50 43.491     186.2
494
 2013 04 20 18 23 53.252     2013 04 20 18 25  1.400      68.1
495
 2013 04 20 06 25 23.749     2013 04 20 06 28 32.784     189.0
 2013 04 20 23 27 17.638     2013 04 20 23 30   .218     162.6
496
 2013 04 20 01 47 56.691     2013 04 20 01 50 33.968     157.3
497
 2013 04 20 05 45 29.826     2013 04 20 05 48 46.330     196.5
 2013 04 20 19 22  9.730     2013 04 20 19 22 11.532       1.8
498
 2013 04 20 17 12  4.011     2013 04 20 17 14 44.558     160.5
 2013 04 20 22 06 50.097     2013 04 20 22 10  9.291     199.2
499
500
 2013 04 20 13 13 27.797     2013 04 20 13 16 28.867     181.1
 2013 04 20 19 47 19.996     2013 04 20 19 50  6.124     166.1
501
 2013 04 20 05 20  1.451     2013 04 20 05 22 46.776     165.3
502
503
 2013 04 20 07 39 22.426     2013 04 20 07 42 37.173     194.7
 2013 04 20 15 56 34.685     2013 04 20 15 59  9.279     154.6
504
 2013 04 20 02 31 36.665     2013 04 20 02 34 28.581     171.9
 2013 04 20 17 54 20.725     2013 04 20 17 57 34.412     193.7
505
 2013 04 20 01 52  3.237     2013 04 20 01 54 34.718     151.5
 2013 04 20 15 26  9.590     2013 04 20 15 29 46.505     216.9
506
507
508
 2013 04 20 05 00 52.158     2013 04 20 05 03 27.066     154.9
 2013 04 20 18 34 54.442     2013 04 20 18 38  8.936     194.5
509
 2013 04 20 04 59  7.501     2013 04 20 04 59 13.661       6.2
 2013 04 20 18 34 39.337     2013 04 20 18 37 26.011     166.7
510
 2013 04 20 23 17 14.808     2013 04 20 23 17 41.400      26.6
511
 2013 04 20 15 37 32.660     2013 04 20 15 40 21.685     169.0
 2013 04 20 20 32 29.742     2013 04 20 20 35 55.836     206.1
512
 2013 04 20 02 43 45.090     2013 04 20 02 47  3.875     198.8
 2013 04 20 14 34 16.683     2013 04 20 14 36 46.947     150.3
513
 2013 04 20 02 58 32.599     2013 04 20 03 01 21.036     168.4
514
 2013 04 20 12 17  5.159     2013 04 20 12 19 39.401     154.2
 2013 04 20 22 18 27.729     2013 04 20 22 22  4.505     216.8
515
 2013 04 20 05 03 14.029     2013 04 20 05 05 43.980     150.0
516
 2013 04 20 16 44 50.756     2013 04 20 16 47 36.737     166.0
517
 2013 04 20 00 58 26.113     2013 04 20 00 58 31.141       5.0
 2013 04 20 16 17 53.004     2013 04 20 16 20 37.334     164.3
518
 2013 04 20 14 23  9.576     2013 04 20 14 25 55.107     165.5
519
520
 2013 04 20 02 42 30.938     2013 04 20 02 45 47.097     196.2
521
 2013 04 20 04 52 51.302     2013 04 20 04 53 30.297      39.0
 2013 04 20 21 52  5.460     2013 04 20 21 54 58.024     172.6
522
523
 2013 04 20 01 27 48.963     2013 04 20 01 30 59.020     190.1
 2013 04 20 06 23  9.118     2013 04 20 06 26  2.287     173.2
524
 2013 04 20 04 57 31.412     2013 04 20 05 00 24.107     172.7
 2013 04 20 18 40 33.765     2013 04 20 18 40 48.429      14.7
525
 2013 04 20 16 57 42.461     2013 04 20 17 00 32.479     170.0
526
 2013 04 20 10 35  9.149     2013 04 20 10 38 34.098     204.9
 2013 04 20 22 26 51.970     2013 04 20 22 29 51.144     179.2
527
 2013 04 20 06 55 25.449     2013 04 20 06 58  3.971     158.5
 2013 04 20 13 30  9.930     2013 04 20 13 33 28.997     199.1
528
 2013 04 20 21 47 52.743     2013 04 20 21 50 59.729     187.0
529
 2013 04 20 00 10 21.396     2013 04 20 00 12 11.126     109.7
 2013 04 20 15 33 32.312     2013 04 20 15 36  7.712     155.4
530
 2013 04 20 15 10 50.905     2013 04 20 15 13 38.237     167.3
531
 2013 04 20 01 27 23.581     2013 04 20 01 30 42.105     198.5
 2013 04 20 06 22 51.645     2013 04 20 06 26 11.872     200.2
532
 2013 04 20 08 58 56.829     2013 04 20 09 01 31.730     154.9
533
534
 2013 04 20 04 15 42.946     2013 04 20 04 19  5.854     202.9
535
 2013 04 20 09 53 27.328     2013 04 20 09 57  6.599     219.3
536
 2013 04 20 04 32 40.396     2013 04 20 04 35 46.616     186.2
537
 2013 04 20 01 21 55.548     2013 04 20 01 25  5.990     190.4
 2013 04 20 09 36 54.861     2013 04 20 09 39 29.000     154.1
538
 2013 04 20 06 34 59.499     2013 04 20 06 35  5.993       6.5
539
 2013 04 20 03 14 55.455     2013 04 20 03 18 37.810     222.4
 2013 04 20 20 17 35.614     2013 04 20 20 20 47.749     192.1
540
 2013 04 20 04 33 11.705     2013 04 20 04 36 58.506     226.8
 2013 04 20 11 09 21.621     2013 04 20 11 12 48.469     206.8
541
 2013 04 20 05 42 47.516     2013 04 20 05 46 30.328     222.8
542
 2013 04 20 05 03   .138     2013 04 20 05 06 30.488     210.4
543
 2013 04 20 00 30 44.618     2013 04 20 00 33 17.399     152.8
 2013 04 20 10 29 21.024     2013 04 20 10 32 17.734     176.7
544
 2013 04 20 20 01 59.835     2013 04 20 20 03 23.992      84.2
545
 2013 04 20 00 40 48.588     2013 04 20 00 41 13.144      24.6
 2013 04 20 05 36 50.046     2013 04 20 05 39 28.286     158.2
 2013 04 20 22 39 55.903     2013 04 20 22 43 41.940     226.0
546
 2013 04 20 01 43 50.847     2013 04 20 01 46 53.491     182.6
 2013 04 20 17 07  5.368     2013 04 20 17 07 30.477      25.1
547
 2013 04 20 12 20 28.071     2013 04 20 12 20 43.624      15.6
548
 2013 04 20 04 33 40.887     2013 04 20 04 36 16.448     155.6
 2013 04 20 11 08 10.791     2013 04 20 11 11 34.126     203.3
549
 2013 04 20 04 10 21.505     2013 04 20 04 11 56.778      95.3
 2013 04 20 17 50 24.531     2013 04 20 17 53 22.181     177.6
550
 2013 04 20 10 00 38.665     2013 04 20 10 03 23.136     164.5
 2013 04 20 18 17 36.542     2013 04 20 18 20 52.374     195.8
551
 2013 04 20 05 05 36.732     2013 04 20 05 08 42.450     185.7
 2013 04 20 16 55 48.618     2013 04 20 16 58 22.186     153.6
552
553
 2013 04 20 08 32 41.457     2013 04 20 08 35 52.208     190.8
 2013 04 20 13 28  2.828     2013 04 20 13 31  8.717     185.9
554
555
 2013 04 20 14 41  9.271     2013 04 20 14 42 20.961      71.7
556
 2013 04 20 04 46 24.641     2013 04 20 04 50 14.899     230.3
 2013 04 20 06 24 30.884     2013 04 20 06 27 52.538     201.7
 2013 04 20 23 28 53.689     2013 04 20 23 31 49.747     176.1
557
558
559
 2013 04 20 02 50 16.339     2013 04 20 02 52 51.720     155.4
 2013 04 20 12 52  1.926     2013 04 20 12 55 28.592     206.7
560
561
562
 2013 04 20 01 04 34.701     2013 04 20 01 07 35.157     180.5
 2013 04 20 14 38 21.195     2013 04 20 14 41 25.509     184.3
563
 2013 04 20 01 24 40.105     2013 04 20 01 27 48.506     188.4
 2013 04 20 08 00  6.464     2013 04 20 08 03 21.601     195.1
564
 2013 04 20 06 05 19.137     2013 04 20 06 08 11.445     172.3
 2013 04 20 14 20 35.354     2013 04 20 14 23 11.680     156.3
565
 2013 04 20 10 44 41.339     2013 04 20 10 47 20.463     159.1
 2013 04 20 20 43 48.545     2013 04 20 20 46 53.306     184.8
566
 2013 04 20 06 53 51.796     2013 04 20 06 56 25.199     153.4
 2013 04 20 15 07 41.467     2013 04 20 15 11  2.945     201.5
567
 2013 04 20 09 13 57.352     2013 04 20 09 16 48.917     171.6
 2013 04 20 17 29 29.144     2013 04 20 17 32 17.506     168.4
568
 2013 04 20 04 34 13.564     2013 04 20 04 37  1.787     168.2
 2013 04 20 11 09  2.738     2013 04 20 11 11 45.836     163.1
569
 2013 04 20 02 12 40.048     2013 04 20 02 16 16.140     216.1
 2013 04 20 08 48  6.145     2013 04 20 08 50 41.841     155.7
570
 2013 04 20 01 06 30.198     2013 04 20 01 09 48.067     197.9
571
 2013 04 20 22 21 10.467     2013 04 20 22 23 40.842     150.4
572
 2013 04 20 03 18 37.981     2013 04 20 03 18 44.268       6.3
 2013 04 20 18 42 42.475     2013 04 20 18 45 24.761     162.3
573
 2013 04 20 08 05 29.963     2013 04 20 08 08 24.640     174.7
574
 2013 04 20 17 11 58.645     2013 04 20 17 14 35.195     156.5
 2013 04 20 22 06 28.593     2013 04 20 22 09 41.936     193.3
575
576
 2013 04 20 02 59 30.628     2013 04 20 03 02 25.504     174.9
 2013 04 20 09 33 27.476     2013 04 20 09 36 13.436     166.0
577
 2013 04 20 15 35   .725     2013 04 20 15 38  6.085     185.4
 2013 04 20 22 10 21.497     2013 04 20 22 13 26.367     184.9
578
 2013 04 20 08 29 27.906     2013 04 20 08 32 10.714     162.8
 2013 04 20 15 04 22.904     2013 04 20 15 04 38.720      15.8
579
 2013 04 20 04 15 12.237     2013 04 20 04 18  6.074     173.8
580
 2013 04 20 12 18 49.280     2013 04 20 12 19 14.264      25.0
581
 2013 04 20 01 50  6.919     2013 04 20 01 52 38.065     151.1
 2013 04 20 15 27 16.940     2013 04 20 15 30  6.835     169.9
582
 2013 04 20 08 02 36.967     2013 04 20 08 06  8.246     211.3
 2013 04 20 23 25 43.907     2013 04 20 23 28 20.400     156.5
583
 2013 04 20 00 16 29.505     2013 04 20 00 19  5.083     155.6
 2013 04 20 13 52 14.498     2013 04 20 13 54 48.394     153.9
584
 2013 04 20 05 40 55.590     2013 04 20 05 43 34.526     158.9
 2013 04 20 21 03  3.533     2013 04 20 21 06  1.451     177.9
585
 2013 04 20 02 45  3.165     2013 04 20 02 45 13.510      10.3
586
 2013 04 20 09 08 18.433     2013 04 20 09 11 36.801     198.4
 2013 04 20 19 10 51.058     2013 04 20 19 13 26.681     155.6
587
 2013 04 20 16 44 32.119     2013 04 20 16 47 34.158     182.0
588
 2013 04 20 02 03 26.016     2013 04 20 02 06 22.561     176.5
 2013 04 20 12 03 46.725     2013 04 20 12 07  3.164     196.4
589
 2013 04 20 08 07 27.981     2013 04 20 08 10  7.634     159.7
 2013 04 20 21 45 30.537     2013 04 20 21 48 36.582     186.0
590
 2013 04 20 04 25 51.754     2013 04 20 04 28 41.924     170.2
 2013 04 20 14 26 48.447     2013 04 20 14 29 20.614     152.2
591
 2013 04 20 04 56 51.940     2013 04 20 04 59 23.733     151.8
592
 2013 04 20 03 29 25.899     2013 04 20 03 31 59.899     154.0
593
 2013 04 20 03 02 51.457     2013 04 20 03 05 52.216     180.8
 2013 04 20 07 57 52.793     2013 04 20 08 00 27.769     155.0
594
 2013 04 20 09 59 17.223     2013 04 20 10 01 50.531     153.3
595
 2013 04 20 13 43  2.033     2013 04 20 13 45 58.084     176.1
596
 2013 04 20 03 44  3.179     2013 04 20 03 44  9.581       6.4
 2013 04 20 12 00 12.388     2013 04 20 12 03 50.613     218.2
597
 2013 04 20 01 12 39.424     2013 04 20 01 13 20.576      41.2
598
599
 2013 04 20 06 34 22.296     2013 04 20 06 36 59.963     157.7
 2013 04 20 20 10 39.460     2013 04 20 20 13 20.289     160.8
600
 2013 04 20 13 44  3.668     2013 04 20 13 47 34.110     210.4
601
602
603
 2013 04 20 04 32 27.771     2013 04 20 04 35  3.044     155.3
 2013 04 20 12 45 51.319     2013 04 20 12 47 50.737     119.4
604
 2013 04 20 07 35 26.312     2013 04 20 07 36 12.800      46.5
 2013 04 20 17 33 27.351     2013 04 20 17 36  7.513     160.2
605
 2013 04 20 02 27 35.810     2013 04 20 02 30 15.066     159.3
 2013 04 20 21 08 49.513     2013 04 20 21 12 18.830     209.3
606
 2013 04 20 17 12 39.471     2013 04 20 17 15 23.075     163.6
 2013 04 20 22 07 28.466     2013 04 20 22 10 12.958     164.5
607
 2013 04 20 09 02 46.054     2013 04 20 09 06 10.638     204.6
 2013 04 20 20 51 15.748     2013 04 20 20 54 28.033     192.3
608
 2013 04 20 04 31 21.928     2013 04 20 04 34 52.363     210.4
 2013 04 20 12 45 23.925     2013 04 20 12 48  8.638     164.7
609
 2013 04 20 10 33 52.206     2013 04 20 10 37  1.408     189.2
610
 2013 04 20 03 31  1.446     2013 04 20 03 32  5.857      64.4
611
612
 2013 04 20 05 12 10.891     2013 04 20 05 14 45.007     154.1
 2013 04 20 15 13 11.812     2013 04 20 15 16 40.249     208.4
613
614
 2013 04 20 08 32 45.095     2013 04 20 08 36 16.873     211.8
 2013 04 20 13 28 25.720     2013 04 20 13 31 24.349     178.6
615
 2013 04 20 04 25 53.386     2013 04 20 04 26 20.929      27.5
616
 2013 04 20 10 27  2.796     2013 04 20 10 30 24.100     201.3
617
 2013 04 20 08 58 39.483     2013 04 20 08 58 44.654       5.2
618
 2013 04 20 04 31 53.385     2013 04 20 04 31 55.950       2.6
 2013 04 20 12 44 33.838     2013 04 20 12 48  8.214     214.4
619
 2013 04 20 03 35 49.322     2013 04 20 03 38 52.903     183.6
620
 2013 04 20 03 48 25.224     2013 04 20 03 51 41.859     196.6
 2013 04 20 10 21 55.974     2013 04 20 10 25 40.206     224.2
621
 2013 04 20 04 01 18.954     2013 04 20 04 04 40.752     201.8
 2013 04 20 22 42 31.359     2013 04 20 22 45 56.443     205.1
622
623
 2013 04 20 12 14  2.285     2013 04 20 12 16 39.654     157.4
624
 2013 04 20 09 45 12.581     2013 04 20 09 48 31.812     199.2
625
 2013 04 20 14 00 57.365     2013 04 20 14 01 21.316      24.0
 2013 04 20 22 12  1.036     2013 04 20 22 14 36.131     155.1
626
 2013 04 20 04 04  7.092     2013 04 20 04 07 35.642     208.5
 2013 04 20 21 07 19.429     2013 04 20 21 10 22.992     183.6
627
 2013 04 20 01 10 43.785     2013 04 20 01 13 58.619     194.8
 2013 04 20 12 58 38.573     2013 04 20 13 02   .447     201.9
628
 2013 04 20 09 50 10.046     2013 04 20 09 53 36.142     206.1
 2013 04 20 21 38 18.353     2013 04 20 21 41 48.165     209.8
629
 2013 04 20 04 08  4.356     2013 04 20 04 10 45.596     161.2
 2013 04 20 19 27 38.287     2013 04 20 19 30 40.129     181.8
630
 2013 04 20 03 28  6.796     2013 04 20 03 30 44.706     157.9
631
632
 2013 04 20 09 55 57.437     2013 04 20 09 59 28.820     211.4
 2013 04 20 19 58   .477     2013 04 20 20 00 37.077     156.6
633
 2013 04 20 20 52 11.459     2013 04 20 20 55 28.577     197.1
634
 2013 04 20 12 06 57.088     2013 04 20 12 09 39.288     162.2
635
 2013 04 20 10 31  4.544     2013 04 20 10 34 26.276     201.7
636
 2013 04 20 07 41 51.925     2013 04 20 07 44 50.936     179.0
637
 2013 04 20 01 59 46.236     2013 04 20 02 00 47.936      61.7
 2013 04 20 13 44 21.160     2013 04 20 13 47 15.409     174.2
638
 2013 04 20 05 12 41.943     2013 04 20 05 13 45.530      63.6
 2013 04 20 15 14 33.583     2013 04 20 15 17 24.629     171.0
639
 2013 04 20 03 44 36.318     2013 04 20 03 47 14.329     158.0
 2013 04 20 11 59 20.764     2013 04 20 12 02 25.859     185.1
640
641
 2013 04 20 09 16 21.684     2013 04 20 09 19  4.004     162.3
642
 2013 04 20 06 08 42.295     2013 04 20 06 11 17.936     155.6
 2013 04 20 12 43  1.520     2013 04 20 12 45 46.215     164.7
643
 2013 04 20 05 47 16.338     2013 04 20 05 50 59.972     223.6
 2013 04 20 19 23 23.181     2013 04 20 19 24 27.644      64.5
644
 2013 04 20 07 38 27.642     2013 04 20 07 41  2.926     155.3
645
 2013 04 20 10 46 37.187     2013 04 20 10 49 11.553     154.4
646
 2013 04 20 13 49 35.370     2013 04 20 13 52 38.803     183.4
647
 2013 04 20 08 59 44.420     2013 04 20 09 00 32.406      48.0
 2013 04 20 22 30  4.883     2013 04 20 22 32 57.710     172.8
648
 2013 04 20 04 18 26.849     2013 04 20 04 22  7.320     220.5
 2013 04 20 16 06 14.028     2013 04 20 16 09 18.251     184.2
649
 2013 04 20 08 24 43.516     2013 04 20 08 27 53.231     189.7
650
651
 2013 04 20 08 21 32.675     2013 04 20 08 24  8.894     156.2
 2013 04 20 18 22 51.975     2013 04 20 18 25 36.223     164.2
652
 2013 04 20 06 55 48.529     2013 04 20 06 58 22.343     153.8
 2013 04 20 13 30 11.372     2013 04 20 13 33  3.700     172.3
653
 2013 04 20 11 31 56.550     2013 04 20 11 34 51.316     174.8
 2013 04 20 21 31  4.866     2013 04 20 21 34 36.794     211.9
654
 2013 04 20 09 50 54.111     2013 04 20 09 54 29.293     215.2
655
 2013 04 20 01 48 57.826     2013 04 20 01 49 40.727      42.9
 2013 04 20 15 28 47.071     2013 04 20 15 31 29.962     162.9
656
 2013 04 20 00 27 42.337     2013 04 20 00 30 22.953     160.6
657
 2013 04 20 03 23 59.543     2013 04 20 03 26 31.016     151.5
 2013 04 20 17 01 41.927     2013 04 20 17 05  8.834     206.9
658
 2013 04 20 02 59 59.438     2013 04 20 03 02 59.842     180.4
 2013 04 20 09 34 53.899     2013 04 20 09 37 28.270     154.4
659
 2013 04 20 03 15 16.326     2013 04 20 03 18  5.533     169.2
 2013 04 20 20 18  8.098     2013 04 20 20 21 34.526     206.4
660
 2013 04 20 09 15 25.372     2013 04 20 09 18 30.339     185.0
 2013 04 20 17 28 45.506     2013 04 20 17 32  3.073     197.6
661
 2013 04 20 20 12 37.891     2013 04 20 20 15 46.194     188.3
662
 2013 04 20 00 19 24.341     2013 04 20 00 19 37.547      13.2
 2013 04 20 13 51  3.449     2013 04 20 13 53 55.166     171.7
663
664
 2013 04 20 01 17   .022     2013 04 20 01 19 34.984     155.0
 2013 04 20 11 17 13.626     2013 04 20 11 19 46.202     152.6
665
 2013 04 20 09 58 35.972     2013 04 20 10 01 29.648     173.7
666
667
 2013 04 20 11 27 20.919     2013 04 20 11 30 16.667     175.7
668
 2013 04 20 20 55 41.619     2013 04 20 20 56 12.488      30.9
669
 2013 04 20 11 31 35.567     2013 04 20 11 34 28.194     172.6
 2013 04 20 21 30 25.193     2013 04 20 21 33  2.720     157.5
670
 2013 04 20 03 20  7.891     2013 04 20 03 22 56.215     168.3
 2013 04 20 18 40 35.082     2013 04 20 18 43 10.009     154.9
671
 2013 04 20 09 08 45.254     2013 04 20 09 08 51.190       5.9
 2013 04 20 19 10 51.024     2013 04 20 19 13 47.599     176.6
672
 2013 04 20 05 09  1.320     2013 04 20 05 11 31.204     149.9
673
 2013 04 20 05 42 24.324     2013 04 20 05 45  2.587     158.3
 2013 04 20 21 02 45.191     2013 04 20 21 05 44.673     179.5
674
 2013 04 20 03 49 10.764     2013 04 20 03 52 43.872     213.1
 2013 04 20 08 44 52.628     2013 04 20 08 48  2.348     189.7
675
 2013 04 20 13 57 28.199     2013 04 20 13 58 28.395      60.2
 2013 04 20 22 14 43.451     2013 04 20 22 17 26.699     163.2
676
 2013 04 20 02 58 46.642     2013 04 20 03 01 47.354     180.7
 2013 04 20 09 32 52.038     2013 04 20 09 36 27.518     215.5
677
 2013 04 20 04 56 32.389     2013 04 20 04 59 56.837     204.4
678
679
 2013 04 20 02 55 38.564     2013 04 20 02 55 48.363       9.8
 2013 04 20 12 50   .358     2013 04 20 12 52 32.504     152.1
680
 2013 04 20 21 32 32.382     2013 04 20 21 33 25.005      52.6
681
 2013 04 20 13 10 35.654     2013 04 20 13 13 50.403     194.7
 2013 04 20 21 25 14.828     2013 04 20 21 27 50.084     155.3
682
 2013 04 20 06 06 52.471     2013 04 20 06 10 34.816     222.3
683
 2013 04 20 00 32 28.306     2013 04 20 00 35   .025     151.7
684
 2013 04 20 03 26 14.289     2013 04 20 03 29 35.014     200.7
685
 2013 04 20 08 19  6.080     2013 04 20 08 21 38.141     152.1
686
687
 2013 04 20 09 05 23.529     2013 04 20 09 08 50.289     206.8
688
689
690
 2013 04 20 04 37 25.221     2013 04 20 04 40 35.927     190.7
 2013 04 20 09 32 33.036     2013 04 20 09 35  7.598     154.6
691
 2013 04 20 08 09  7.823     2013 04 20 08 09 51.880      44.1
692
 2013 04 20 07 34 34.615     2013 04 20 07 37 51.194     196.6
 2013 04 20 17 36  3.900     2013 04 20 17 38 40.074     156.2
693
 2013 04 20 09 57 55.266     2013 04 20 10 01  2.840     187.6
 2013 04 20 19 55  1.687     2013 04 20 19 58 21.796     200.1
694
695
 2013 04 20 09 46 18.088     2013 04 20 09 49 42.502     204.4
696
 2013 04 20 06 34 46.610     2013 04 20 06 38 27.991     221.4
 2013 04 20 20 10 20.471     2013 04 20 20 10 21.459       1.0
697
 2013 04 20 09 01 40.786     2013 04 20 09 04 14.473     153.7
 2013 04 20 20 50 59.236     2013 04 20 20 54  6.643     187.4
698
 2013 04 20 02 37  7.952     2013 04 20 02 40  1.555     173.6
 2013 04 20 16 13 43.288     2013 04 20 16 16 49.647     186.4
699
700
 2013 04 20 10 04 53.892     2013 04 20 10 08 14.463     200.6
 2013 04 20 16 40 13.775     2013 04 20 16 42 50.074     156.3
701
702
 2013 04 20 13 01  4.286     2013 04 20 13 01 49.084      44.8
703
 2013 04 20 20 59 29.432     2013 04 20 21 02 16.435     167.0
704
 2013 04 20 05 09 39.988     2013 04 20 05 13  1.414     201.4
705
 2013 04 20 02 36 31.879     2013 04 20 02 39  8.296     156.4
 2013 04 20 16 16 42.547     2013 04 20 16 17 52.767      70.2
706
 2013 04 20 05 21 20.780     2013 04 20 05 22 16.671      55.9
 2013 04 20 13 32 20.070     2013 04 20 13 35  4.875     164.8
707
 2013 04 20 08 22 15.008     2013 04 20 08 25 23.018     188.0
 2013 04 20 18 21 25.479     2013 04 20 18 23 59.675     154.2
708
709
 2013 04 20 06 53 51.378     2013 04 20 06 57 34.424     223.0
 2013 04 20 15 06 10.317     2013 04 20 15 07 25.783      75.5
710
 2013 04 20 20 47 11.530     2013 04 20 20 50 27.696     196.2
711
 2013 04 20 03 30 59.955     2013 04 20 03 33 37.176     157.2
 2013 04 20 15 20 54.906     2013 04 20 15 23 49.832     174.9
712
 2013 04 20 04 56  4.514     2013 04 20 04 59 33.772     209.3
713
 2013 04 20 03 19 18.889     2013 04 20 03 22 40.616     201.7
 2013 04 20 18 40  6.177     2013 04 20 18 42 56.288     170.1
714
 2013 04 20 17 31 48.440     2013 04 20 17 34 35.993     167.6
715
 2013 04 20 22 28 53.890     2013 04 20 22 30 22.413      88.5
716
 2013 04 20 03 24 48.900     2013 04 20 03 27 21.557     152.7
 2013 04 20 17 01 51.317     2013 04 20 17 04 29.701     158.4
717
 2013 04 20 07 19 23.345     2013 04 20 07 21 58.436     155.1
718
 2013 04 20 13 50 19.665     2013 04 20 13 53 29.918     190.3
719
 2013 04 20 06 54  2.386     2013 04 20 06 56 38.589     156.2
 2013 04 20 15 07 48.111     2013 04 20 15 11 32.599     224.5
720
721
 2013 04 20 10 41 26.346     2013 04 20 10 45  7.253     220.9
722
 2013 04 20 06 34 19.993     2013 04 20 06 36 55.557     155.6
 2013 04 20 20 10 38.677     2013 04 20 20 13 16.946     158.3
723
 2013 04 20 22 34 51.446     2013 04 20 22 37 24.582     153.1
724
 2013 04 20 03 01  6.821     2013 04 20 03 04 18.407     191.6
 2013 04 20 09 34 45.092     2013 04 20 09 38 14.676     209.6
725
726
 2013 04 20 07 40 26.913     2013 04 20 07 42 22.172     115.3
 2013 04 20 15 56 11.832     2013 04 20 15 59 50.810     219.0
727
 2013 04 20 16 59 11.108     2013 04 20 17 01 44.483     153.4
728
 2013 04 20 05 07 41.864     2013 04 20 05 11 11.435     209.6
 2013 04 20 16 52 35.504     2013 04 20 16 55 39.278     183.8
729
 2013 04 20 19 25 15.743     2013 04 20 19 27 47.360     151.6
730
 2013 04 20 19 54 31.087     2013 04 20 19 55 10.019      38.9
731
 2013 04 20 04 11  8.794     2013 04 20 04 14 49.961     221.2
 2013 04 20 17 47 26.079     2013 04 20 17 50 57.111     211.0
732
 2013 04 20 01 08 49.069     2013 04 20 01 11 49.805     180.7
 2013 04 20 12 59 41.511     2013 04 20 13 02 36.705     175.2
733
734
 2013 04 20 01 15 47.186     2013 04 20 01 19 22.121     214.9
 2013 04 20 11 18 43.833     2013 04 20 11 21 18.394     154.6
735
 2013 04 20 17 44 27.665     2013 04 20 17 44 37.392       9.7
736
 2013 04 20 19 26 19.689     2013 04 20 19 29 29.324     189.6
737
 2013 04 20 05 04 47.664     2013 04 20 05 08  7.963     200.3
738
 2013 04 20 03 28   .474     2013 04 20 03 30 30.834     150.4
739
 2013 04 20 13 36 44.772     2013 04 20 13 39 24.381     159.6
740
 2013 04 20 09 14 33.613     2013 04 20 09 15 10.552      36.9
 2013 04 20 17 28 35.603     2013 04 20 17 31 17.740     162.1
741
 2013 04 20 04 01 47.715     2013 04 20 04 04 45.374     177.7
 2013 04 20 22 42 50.280     2013 04 20 22 46 25.971     215.7
742
 2013 04 20 05 46 22.377     2013 04 20 05 48 59.172     156.8
 2013 04 20 19 23 37.781     2013 04 20 19 26 15.288     157.5
743
 2013 04 20 03 31 50.160     2013 04 20 03 35   .844     190.7
 2013 04 20 15 19 17.538     2013 04 20 15 21 58.102     160.6
744
 2013 04 20 22 35 21.525     2013 04 20 22 38 16.560     175.0
745
 2013 04 20 08 29 21.579     2013 04 20 08 32  4.557     163.0
 2013 04 20 15 08  6.597     2013 04 20 15 08 24.750      18.2
746
 2013 04 20 03 21 47.521     2013 04 20 03 24 34.777     167.3
747
 2013 04 20 05 44 30.462     2013 04 20 05 47 46.266     195.8
748
 2013 04 20 20 06 29.925     2013 04 20 20 09  6.056     156.1
749
 2013 04 20 09 06 27.036     2013 04 20 09 09 58.622     211.6
750
751
 2013 04 20 00 54 27.861     2013 04 20 00 57 35.118     187.3
 2013 04 20 17 56 43.245     2013 04 20 17 59 17.176     153.9
752
 2013 04 20 16 05 13.172     2013 04 20 16 08 34.796     201.6
753
 2013 04 20 06 33 49.481     2013 04 20 06 34 54.147      64.7
 2013 04 20 20 11 21.026     2013 04 20 20 14 27.742     186.7
754
 2013 04 20 01 10 57.181     2013 04 20 01 13 37.121     159.9
 2013 04 20 12 57 51.992     2013 04 20 13 00 28.743     156.8
755
 2013 04 20 06 00 57.667     2013 04 20 06 04 30.518     212.9
 2013 04 20 15 59 13.365     2013 04 20 16 01 51.174     157.8
756
 2013 04 20 02 08   .393     2013 04 20 02 08 54.794      54.4
 2013 04 20 12 02 30.549     2013 04 20 12 05 24.529     174.0
757
758
 2013 04 20 14 44 18.928     2013 04 20 14 46 52.015     153.1
 2013 04 20 23 00 40.924     2013 04 20 23 03 48.486     187.6
759
 2013 04 20 11 22 12.229     2013 04 20 11 25 23.471     191.2
760
 2013 04 20 09 58 17.701     2013 04 20 10 01 13.772     176.1
 2013 04 20 19 54 50.086     2013 04 20 19 56 48.459     118.4
761
 2013 04 20 04 17 26.823     2013 04 20 04 20  4.811     158.0
 2013 04 20 16 10 39.168     2013 04 20 16 11 49.222      70.1
762
 2013 04 20 08 29 16.386     2013 04 20 08 32 44.843     208.5
 2013 04 20 15 03 14.346     2013 04 20 15 06 34.959     200.6
763
764
 2013 04 20 03 16  6.951     2013 04 20 03 19 17.150     190.2
 2013 04 20 20 18 22.058     2013 04 20 20 20 57.533     155.5
765
 2013 04 20 08 57 39.237     2013 04 20 09 00 34.488     175.3
766
767
 2013 04 20 10 47 52.408     2013 04 20 10 50 46.193     173.8
 2013 04 20 19 03 41.079     2013 04 20 19 07  7.896     206.8
768
 2013 04 20 00 29 35.687     2013 04 20 00 32 12.881     157.2
 2013 04 20 10 30 29.014     2013 04 20 10 33  3.241     154.2
769
 2013 04 20 16 01 43.952     2013 04 20 16 02 11.439      27.5
770
 2013 04 20 07 44 14.449     2013 04 20 07 46 53.000     158.6
 2013 04 20 14 17 17.259     2013 04 20 14 20 15.213     178.0
771
 2013 04 20 02 51 42.833     2013 04 20 02 54 26.006     163.2
 2013 04 20 12 51 19.050     2013 04 20 12 53 50.093     151.0
772
 2013 04 20 18 31 54.017     2013 04 20 18 34 45.770     171.8
773
 2013 04 20 10 52 13.532     2013 04 20 10 54 50.273     156.7
 2013 04 20 17 26 36.558     2013 04 20 17 29 16.481     159.9
774
 2013 04 20 05 21 43.445     2013 04 20 05 25 25.782     222.3
 2013 04 20 06 59 37.648     2013 04 20 07 03  6.425     208.8
 2013 04 20 10 19 50.059     2013 04 20 10 20  7.092      17.0
 2013 04 20 11 54 35.301     2013 04 20 11 57 27.370     172.1
775
 2013 04 20 02 07  6.732     2013 04 20 02 10 30.716     204.0
776
 2013 04 20 04 12 19.272     2013 04 20 04 14 53.226     154.0
 2013 04 20 17 48 47.353     2013 04 20 17 51 19.039     151.7
777
778
 2013 04 20 05 59 59.052     2013 04 20 06 02 54.239     175.2
 2013 04 20 16 01 29.225     2013 04 20 16 04   .237     151.0
779
 2013 04 20 07 39 14.735     2013 04 20 07 42 20.417     185.7
 2013 04 20 15 56 26.214     2013 04 20 15 59  8.153     161.9
780
 2013 04 20 17 04 16.851     2013 04 20 17 06 54.673     157.8
781
 2013 04 20 21 33 52.747     2013 04 20 21 37 12.745     200.0
782
 2013 04 20 17 58 59.038     2013 04 20 18 01 44.444     165.4
 2013 04 20 22 53 49.881     2013 04 20 22 57 36.868     227.0
783
 2013 04 20 05 54 51.215     2013 04 20 05 58  7.823     196.6
 2013 04 20 17 40  9.076     2013 04 20 17 43  5.728     176.7
784
 2013 04 20 01 39 19.947     2013 04 20 01 42 11.041     171.1
 2013 04 20 20 21 19.888     2013 04 20 20 24  1.068     161.2
785
 2013 04 20 01 40  6.160     2013 04 20 01 43  6.980     180.8
 2013 04 20 20 21  4.733     2013 04 20 20 24 44.205     219.5
786
 2013 04 20 13 08 32.912     2013 04 20 13 11 43.854     190.9
787
 2013 04 20 20 10 57.891     2013 04 20 20 12 25.266      87.4
788
 2013 04 20 21 03 30.468     2013 04 20 21 04 14.703      44.2
789
 2013 04 20 21 40 46.692     2013 04 20 21 44 17.355     210.7
790
791
 2013 04 20 00 29 29.919     2013 04 20 00 32 38.365     188.4
 2013 04 20 10 29 10.293     2013 04 20 10 31 54.794     164.5
792
 2013 04 20 07 38 49.190     2013 04 20 07 41 33.832     164.6
 2013 04 20 15 55 49.352     2013 04 20 15 59 16.326     207.0
793
 2013 04 20 01 48 31.032     2013 04 20 01 49 36.743      65.7
 2013 04 20 15 28 42.861     2013 04 20 15 31 52.676     189.8
794
 2013 04 20 08 48  2.150     2013 04 20 08 48 34.922      32.8
795
 2013 04 20 07 13 57.026     2013 04 20 07 16 36.272     159.2
796
 2013 04 20 09 44 53.503     2013 04 20 09 48 20.277     206.8
 2013 04 20 23 16 38.119     2013 04 20 23 16 54.041      15.9
797
 2013 04 20 13 04 58.535     2013 04 20 13 08 14.632     196.1
 2013 04 20 23 04 47.453     2013 04 20 23 07 42.919     175.5
798
 2013 04 20 01 40 16.603     2013 04 20 01 43 28.535     191.9
 2013 04 20 18 43  3.506     2013 04 20 18 43 29.570      26.1
 2013 04 20 20 20 47.916     2013 04 20 20 20 52.968       5.1
799
 2013 04 20 07 17 12.541     2013 04 20 07 19 48.471     155.9
 2013 04 20 22 36 36.184     2013 04 20 22 39 53.176     197.0
