0 -7.2540 -63.2215 10 19 6
2  45.0 45.0 0.00
1 39.2292 4.8449 4 24 8
2  45.0 45.0 0.00
2 -52.8196 126.5517 9 20 5
2  45.0 45.0 0.00
3 -30.6617 -66.6291 3 28 7
2  45.0 45.0 0.00
4 40.5123 -7.5280 4 18 5
2  45.0 45.0 0.00
5 25.9208 92.9818 6 18 6
2  45.0 45.0 0.00
6 50.8870 -162.7148 10 29 8
2  45.0 45.0 0.00
7 38.2186 113.1310 4 18 5
2  45.0 45.0 0.00
8 -9.3351 -178.4671 8 18 6
2  45.0 45.0 0.00
9 23.1005 -28.5416 9 19 6
2  45.0 45.0 0.00
10 -14.3931 121.5427 4 15 7
2  45.0 45.0 0.00
11 47.9626 -141.1991 2 19 8
2  45.0 45.0 0.00
12 -41.1488 -73.7362 7 20 9
2  45.0 45.0 0.00
13 48.0909 150.5060 9 24 9
2  45.0 45.0 0.00
14 -10.9725 -159.9973 4 27 9
2  45.0 45.0 0.00
15 40.0609 -96.0002 10 29 5
2  45.0 45.0 0.00
16 -18.6753 -7.8269 9 29 9
2  45.0 45.0 0.00
17 -37.9006 176.3030 7 20 8
2  45.0 45.0 0.00
18 26.7939 13.6668 4 22 7
2  45.0 45.0 0.00
19 -40.6239 47.7707 7 21 6
2  45.0 45.0 0.00
20 31.7848 104.0965 10 21 9
2  45.0 45.0 0.00
21 -20.2828 -171.4015 10 18 8
2  45.0 45.0 0.00
22 23.2293 -136.6720 3 16 9
2  45.0 45.0 0.00
23 14.1558 -51.1448 3 20 5
2  45.0 45.0 0.00
24 49.1794 9.2127 8 15 7
2  45.0 45.0 0.00
25 38.0034 20.3371 7 20 5
2  45.0 45.0 0.00
26 -27.0049 109.0120 8 24 6
2  45.0 45.0 0.00
27 3.6741 -166.8420 1 15 5
2  45.0 45.0 0.00
28 -40.4323 89.4934 4 26 6
2  45.0 45.0 0.00
29 14.0362 -31.8655 7 24 5
2  45.0 45.0 0.00
30 27.4355 -89.7141 1 18 8
2  45.0 45.0 0.00
31 -23.9278 97.6846 10 29 6
2  45.0 45.0 0.00
32 26.7290 63.7236 1 16 9
2  45.0 45.0 0.00
33 44.1313 -3.7244 10 28 9
2  45.0 45.0 0.00
34 10.2815 -58.8184 8 19 9
2  45.0 45.0 0.00
35 -30.1714 94.8427 7 24 9
2  45.0 45.0 0.00
36 -5.6140 160.1842 10 17 5
2  45.0 45.0 0.00
37 52.4109 24.3256 1 15 6
2  45.0 45.0 0.00
38 27.9114 -158.5107 8 25 5
2  45.0 45.0 0.00
39 -6.1954 63.5958 6 28 7
2  45.0 45.0 0.00
40 -37.8671 2.4261 8 26 7
2  45.0 45.0 0.00
41 -8.2458 163.7591 5 20 5
2  45.0 45.0 0.00
42 1.1463 -130.0797 8 17 6
2  45.0 45.0 0.00
43 32.5637 2.6848 6 28 9
2  45.0 45.0 0.00
44 -16.0312 -5.1593 10 24 5
2  45.0 45.0 0.00
45 3.9541 42.8039 10 18 6
2  45.0 45.0 0.00
46 4.1032 121.5986 2 18 5
2  45.0 45.0 0.00
47 46.6716 -126.6976 9 26 8
2  45.0 45.0 0.00
48 -48.8070 -102.1273 7 29 7
2  45.0 45.0 0.00
49 13.2126 141.6117 3 20 7
2  45.0 45.0 0.00
50 46.0141 93.4258 8 16 7
2  45.0 45.0 0.00
51 16.6520 129.4581 4 26 7
2  45.0 45.0 0.00
52 32.1508 71.9394 9 15 9
2  45.0 45.0 0.00
53 18.3422 146.7863 3 16 7
2  45.0 45.0 0.00
54 16.8691 93.7268 7 17 5
2  45.0 45.0 0.00
55 -38.9604 -1.0971 10 17 8
2  45.0 45.0 0.00
56 15.2573 -99.0470 4 27 7
2  45.0 45.0 0.00
57 29.5945 76.8605 3 27 8
2  45.0 45.0 0.00
58 -44.4466 -47.8140 2 19 9
2  45.0 45.0 0.00
59 -16.9892 -111.6371 9 17 6
2  45.0 45.0 0.00
60 22.9922 107.8498 7 28 8
2  45.0 45.0 0.00
61 -34.5832 28.7174 1 29 7
2  45.0 45.0 0.00
62 -36.0250 79.6779 3 15 5
2  45.0 45.0 0.00
63 8.3147 139.5093 3 21 8
2  45.0 45.0 0.00
64 48.7111 -147.7354 5 21 6
2  45.0 45.0 0.00
65 -22.0524 -20.1123 6 19 6
2  45.0 45.0 0.00
66 46.9105 -52.6992 7 27 5
2  45.0 45.0 0.00
67 36.5015 -65.7452 7 15 7
2  45.0 45.0 0.00
68 -31.8612 100.0036 1 20 7
2  45.0 45.0 0.00
69 -14.9073 -66.7776 1 18 8
2  45.0 45.0 0.00
70 -5.0669 85.0996 3 23 9
2  45.0 45.0 0.00
71 13.4921 -39.9171 7 24 6
2  45.0 45.0 0.00
72 24.3387 -87.3664 9 23 9
2  45.0 45.0 0.00
73 32.4920 137.4686 4 29 7
2  45.0 45.0 0.00
74 -25.3270 129.6588 4 29 7
2  45.0 45.0 0.00
75 -33.7344 84.5776 3 29 6
2  45.0 45.0 0.00
76 50.6099 -110.9215 3 25 5
2  45.0 45.0 0.00
77 -31.1466 115.1472 2 29 7
2  45.0 45.0 0.00
78 -4.7451 77.8888 1 27 8
2  45.0 45.0 0.00
79 46.8633 -100.4054 4 22 5
2  45.0 45.0 0.00
80 -2.3842 -44.9068 3 27 6
2  45.0 45.0 0.00
81 9.7558 94.6774 10 29 8
2  45.0 45.0 0.00
82 41.5886 -34.1282 5 19 9
2  45.0 45.0 0.00
83 3.9989 20.1549 9 21 8
2  45.0 45.0 0.00
84 51.5876 147.7226 2 22 6
2  45.0 45.0 0.00
85 4.7391 -165.3727 10 19 6
2  45.0 45.0 0.00
86 48.8294 -95.7513 3 28 5
2  45.0 45.0 0.00
87 10.8325 -52.7030 8 22 5
2  45.0 45.0 0.00
88 -6.0238 120.1026 6 20 9
2  45.0 45.0 0.00
89 -47.6962 -35.3140 2 27 9
2  45.0 45.0 0.00
90 -12.0712 112.4389 8 27 5
2  45.0 45.0 0.00
91 7.1197 141.9139 3 21 6
2  45.0 45.0 0.00
92 5.4489 -11.2039 5 26 6
2  45.0 45.0 0.00
93 16.7821 12.0960 6 18 6
2  45.0 45.0 0.00
94 -33.4830 -149.7709 3 18 5
2  45.0 45.0 0.00
95 -36.7760 27.1246 7 22 6
2  45.0 45.0 0.00
96 -37.8629 -103.9742 9 21 7
2  45.0 45.0 0.00
97 -37.2776 -25.4073 10 28 9
2  45.0 45.0 0.00
98 22.0468 146.3628 2 17 8
2  45.0 45.0 0.00
99 50.2752 -157.5129 1 29 7
2  45.0 45.0 0.00
100 1.7422 -122.1727 5 23 8
2  45.0 45.0 0.00
101 -20.9719 29.3254 7 25 6
2  45.0 45.0 0.00
102 52.1330 -36.7696 1 17 7
2  45.0 45.0 0.00
103 -16.9365 -168.9618 3 20 7
2  45.0 45.0 0.00
104 -28.7369 59.8545 4 20 5
2  45.0 45.0 0.00
105 -23.5787 145.6885 6 22 5
2  45.0 45.0 0.00
106 -43.3972 31.5175 7 15 8
2  45.0 45.0 0.00
107 51.1101 47.3680 4 27 9
2  45.0 45.0 0.00
108 7.0877 92.0574 7 22 8
2  45.0 45.0 0.00
109 -20.1267 79.3402 2 26 7
2  45.0 45.0 0.00
110 47.0250 76.2023 7 23 5
2  45.0 45.0 0.00
111 37.1183 95.6972 3 22 5
2  45.0 45.0 0.00
112 -10.8691 -142.8621 4 23 8
2  45.0 45.0 0.00
113 -10.1471 -45.5757 10 20 5
2  45.0 45.0 0.00
114 22.1163 -98.2238 4 23 9
2  45.0 45.0 0.00
115 -2.8426 -130.2119 8 24 9
2  45.0 45.0 0.00
116 6.0600 -132.6215 3 15 7
2  45.0 45.0 0.00
117 -12.8345 -164.2518 8 28 7
2  45.0 45.0 0.00
118 -30.0674 -133.6521 6 25 7
2  45.0 45.0 0.00
119 -3.8473 -108.4040 3 28 8
2  45.0 45.0 0.00
120 46.2929 -63.7108 8 26 5
2  45.0 45.0 0.00
121 22.9464 -118.5661 10 25 6
2  45.0 45.0 0.00
122 22.4585 -128.2197 8 24 9
2  45.0 45.0 0.00
123 -24.8194 -145.8307 8 16 9
2  45.0 45.0 0.00
124 -14.7841 -15.7263 7 27 7
2  45.0 45.0 0.00
125 8.4694 16.2580 1 15 8
2  45.0 45.0 0.00
126 -23.9237 -86.7168 4 27 5
2  45.0 45.0 0.00
127 -28.1807 -37.9390 3 27 7
2  45.0 45.0 0.00
128 -30.9234 -56.5619 1 24 8
2  45.0 45.0 0.00
129 -45.3138 7.7150 9 26 8
2  45.0 45.0 0.00
130 -13.9083 -149.3583 10 29 5
2  45.0 45.0 0.00
131 -2.0766 -10.3272 5 18 5
2  45.0 45.0 0.00
132 -34.8406 -141.7108 4 15 9
2  45.0 45.0 0.00
133 -5.0082 -67.8250 5 22 8
2  45.0 45.0 0.00
134 39.3515 -87.7060 6 24 9
2  45.0 45.0 0.00
135 -51.1297 125.6284 4 16 8
2  45.0 45.0 0.00
136 -46.8023 101.3770 1 20 8
2  45.0 45.0 0.00
137 -32.9460 -78.5661 10 24 8
2  45.0 45.0 0.00
138 27.8601 -117.4398 8 26 5
2  45.0 45.0 0.00
139 -42.1974 -78.7056 9 24 6
2  45.0 45.0 0.00
140 27.6569 -168.2427 4 16 5
2  45.0 45.0 0.00
141 -41.0837 -18.2606 1 16 8
2  45.0 45.0 0.00
142 13.9328 -37.7000 4 22 5
2  45.0 45.0 0.00
143 -11.6905 87.4565 4 20 5
2  45.0 45.0 0.00
144 -34.8749 59.3904 4 26 9
2  45.0 45.0 0.00
145 20.9310 1.2707 8 23 5
2  45.0 45.0 0.00
146 25.0447 -101.7281 3 26 6
2  45.0 45.0 0.00
147 -50.2641 61.2476 3 18 8
2  45.0 45.0 0.00
148 25.4308 -116.7343 9 27 6
2  45.0 45.0 0.00
149 -14.0393 57.9744 2 25 8
2  45.0 45.0 0.00
150 -14.9485 151.7320 5 24 9
2  45.0 45.0 0.00
151 -42.8303 -91.4478 2 18 6
2  45.0 45.0 0.00
152 11.5421 146.1979 4 16 7
2  45.0 45.0 0.00
153 -9.1139 35.7292 7 17 9
2  45.0 45.0 0.00
154 23.2754 13.9166 4 25 5
2  45.0 45.0 0.00
155 52.4969 110.9134 6 22 8
2  45.0 45.0 0.00
156 -49.1392 116.9625 5 26 7
2  45.0 45.0 0.00
157 33.3680 34.7515 10 27 5
2  45.0 45.0 0.00
158 29.6622 -27.0683 2 27 6
2  45.0 45.0 0.00
159 35.3836 -150.5226 3 20 8
2  45.0 45.0 0.00
160 28.4404 0.3930 8 27 7
2  45.0 45.0 0.00
161 33.9539 -109.1875 8 21 7
2  45.0 45.0 0.00
162 -22.4881 94.5292 2 23 9
2  45.0 45.0 0.00
163 30.1031 -133.6248 4 23 7
2  45.0 45.0 0.00
164 33.6537 99.6273 9 29 8
2  45.0 45.0 0.00
165 -21.7545 77.2689 6 21 9
2  45.0 45.0 0.00
166 43.8174 -19.0814 8 27 9
2  45.0 45.0 0.00
167 3.7450 169.1614 7 19 8
2  45.0 45.0 0.00
168 12.5177 -131.9148 2 21 9
2  45.0 45.0 0.00
169 -51.1714 140.8100 9 27 9
2  45.0 45.0 0.00
170 21.7287 11.0639 5 27 8
2  45.0 45.0 0.00
171 52.1057 3.4624 10 17 9
2  45.0 45.0 0.00
172 -41.7975 85.6837 5 23 8
2  45.0 45.0 0.00
173 36.1303 151.1752 3 23 6
2  45.0 45.0 0.00
174 33.2945 113.9206 8 26 7
2  45.0 45.0 0.00
175 19.4953 -49.9707 3 15 9
2  45.0 45.0 0.00
176 -10.2152 129.4327 6 22 7
2  45.0 45.0 0.00
177 -12.4403 52.8122 1 15 5
2  45.0 45.0 0.00
178 -50.2745 102.1980 7 20 6
2  45.0 45.0 0.00
179 40.2886 30.4904 1 26 8
2  45.0 45.0 0.00
180 -42.6841 -61.6897 1 22 5
2  45.0 45.0 0.00
181 41.1854 98.0689 7 20 7
2  45.0 45.0 0.00
182 13.8193 -0.8798 3 20 7
2  45.0 45.0 0.00
183 -26.9083 -103.3944 1 16 8
2  45.0 45.0 0.00
184 -32.4199 133.3025 9 22 8
2  45.0 45.0 0.00
185 -49.7971 -18.7768 8 21 7
2  45.0 45.0 0.00
186 -42.4825 43.1414 4 19 8
2  45.0 45.0 0.00
187 -45.0510 -61.0832 5 20 9
2  45.0 45.0 0.00
188 11.6839 -74.6845 2 22 9
2  45.0 45.0 0.00
189 2.9846 -35.9714 1 28 6
2  45.0 45.0 0.00
190 17.7325 -3.5784 8 16 9
2  45.0 45.0 0.00
191 -28.9343 113.1561 9 27 6
2  45.0 45.0 0.00
192 -6.2859 -53.3470 7 28 6
2  45.0 45.0 0.00
193 -51.8835 -111.8821 2 24 5
2  45.0 45.0 0.00
194 44.0773 116.5568 10 19 7
2  45.0 45.0 0.00
195 42.5705 -41.7639 3 25 8
2  45.0 45.0 0.00
196 13.7944 6.8822 3 17 8
2  45.0 45.0 0.00
197 11.5712 8.9649 7 22 9
2  45.0 45.0 0.00
198 -25.3692 -8.8070 2 15 5
2  45.0 45.0 0.00
199 -25.6084 -44.8040 7 19 8
2  45.0 45.0 0.00
200 -17.0724 105.3158 1 28 6
2  45.0 45.0 0.00
201 36.4130 -106.5911 9 23 7
2  45.0 45.0 0.00
202 36.3629 -140.7188 10 18 5
2  45.0 45.0 0.00
203 44.6877 -101.7163 10 18 7
2  45.0 45.0 0.00
204 -1.5231 68.9572 6 24 9
2  45.0 45.0 0.00
205 -6.3295 107.7729 8 16 9
2  45.0 45.0 0.00
206 2.7628 -139.8697 1 15 8
2  45.0 45.0 0.00
207 35.7848 44.5320 10 27 9
2  45.0 45.0 0.00
208 -10.0436 157.3763 9 29 5
2  45.0 45.0 0.00
209 -36.9353 -81.3333 4 28 6
2  45.0 45.0 0.00
210 -48.6586 -132.1658 8 26 5
2  45.0 45.0 0.00
211 15.6236 -133.3831 6 15 7
2  45.0 45.0 0.00
212 -48.3201 -140.1400 5 26 7
2  45.0 45.0 0.00
213 24.5467 -153.6606 5 23 6
2  45.0 45.0 0.00
214 -21.4245 -38.5749 2 21 8
2  45.0 45.0 0.00
215 5.1383 79.8209 2 24 7
2  45.0 45.0 0.00
216 -35.3813 142.6254 6 28 5
2  45.0 45.0 0.00
217 -11.3217 -46.6369 10 28 5
2  45.0 45.0 0.00
218 22.0587 29.5397 3 18 7
2  45.0 45.0 0.00
219 -21.7802 -123.0964 8 21 8
2  45.0 45.0 0.00
220 -44.6908 77.5349 7 25 5
2  45.0 45.0 0.00
221 15.6996 78.3077 5 15 5
2  45.0 45.0 0.00
222 45.1208 -6.9316 10 22 5
2  45.0 45.0 0.00
223 -37.3154 -98.9682 3 26 7
2  45.0 45.0 0.00
224 -14.7213 -116.7171 1 21 9
2  45.0 45.0 0.00
225 22.8777 -121.6180 5 29 9
2  45.0 45.0 0.00
226 -11.6167 -88.0803 9 15 9
2  45.0 45.0 0.00
227 -5.2111 -104.4954 5 27 7
2  45.0 45.0 0.00
228 18.6210 -64.0211 4 28 5
2  45.0 45.0 0.00
229 -28.9003 -159.2313 4 18 5
2  45.0 45.0 0.00
230 -45.6396 -32.1555 7 29 7
2  45.0 45.0 0.00
231 42.6759 -81.1780 3 25 8
2  45.0 45.0 0.00
232 -1.4906 80.1974 8 17 5
2  45.0 45.0 0.00
233 18.0555 -20.8106 6 24 7
2  45.0 45.0 0.00
234 46.4527 -36.2855 8 17 5
2  45.0 45.0 0.00
235 -48.8706 -75.0468 4 19 8
2  45.0 45.0 0.00
236 16.7625 166.0183 3 27 6
2  45.0 45.0 0.00
237 50.8514 -68.7907 8 21 8
2  45.0 45.0 0.00
238 -34.3086 -6.1383 6 18 8
2  45.0 45.0 0.00
239 48.0073 -118.0835 9 25 7
2  45.0 45.0 0.00
240 30.2272 -19.5512 7 24 6
2  45.0 45.0 0.00
241 18.0445 -102.2660 8 26 6
2  45.0 45.0 0.00
242 11.7730 171.0031 3 16 7
2  45.0 45.0 0.00
243 2.6262 146.9214 2 28 7
2  45.0 45.0 0.00
244 -14.6894 -178.9518 7 29 9
2  45.0 45.0 0.00
245 -4.7399 -110.3855 7 21 6
2  45.0 45.0 0.00
246 38.8984 32.2218 4 26 9
2  45.0 45.0 0.00
247 -30.4808 -70.5821 5 21 7
2  45.0 45.0 0.00
248 27.9630 16.9645 1 17 7
2  45.0 45.0 0.00
249 -31.6595 -41.6116 10 26 8
2  45.0 45.0 0.00
250 -48.2529 -81.6171 4 19 9
2  45.0 45.0 0.00
251 29.9186 0.8131 3 25 8
2  45.0 45.0 0.00
252 -2.4531 111.8050 3 21 9
2  45.0 45.0 0.00
253 -50.7145 -96.8995 4 16 9
2  45.0 45.0 0.00
254 -29.5913 -5.8003 9 20 6
2  45.0 45.0 0.00
255 33.3155 117.9542 9 22 9
2  45.0 45.0 0.00
256 -45.4876 -37.7137 5 25 5
2  45.0 45.0 0.00
257 9.9301 -69.0426 4 26 8
2  45.0 45.0 0.00
258 22.2798 38.6019 7 24 6
2  45.0 45.0 0.00
259 48.0426 -136.6023 7 19 5
2  45.0 45.0 0.00
260 49.8720 -88.9030 10 27 8
2  45.0 45.0 0.00
261 6.4550 150.3491 2 29 5
2  45.0 45.0 0.00
262 48.1876 -171.8813 5 25 6
2  45.0 45.0 0.00
263 -44.3485 -147.7805 2 21 7
2  45.0 45.0 0.00
264 22.6147 -23.1606 8 21 6
2  45.0 45.0 0.00
265 12.0426 121.2326 2 15 8
2  45.0 45.0 0.00
266 20.5373 12.2604 9 20 5
2  45.0 45.0 0.00
267 33.6894 27.9429 5 28 9
2  45.0 45.0 0.00
268 18.6606 -51.6876 8 25 5
2  45.0 45.0 0.00
269 19.8893 143.5752 7 19 5
2  45.0 45.0 0.00
270 38.5558 73.6404 6 26 6
2  45.0 45.0 0.00
271 3.6915 104.1110 3 22 8
2  45.0 45.0 0.00
272 23.7587 126.6884 5 18 6
2  45.0 45.0 0.00
273 -8.4224 60.7305 8 25 9
2  45.0 45.0 0.00
274 0.4239 -122.3803 4 22 8
2  45.0 45.0 0.00
275 -15.1662 88.9135 1 19 8
2  45.0 45.0 0.00
276 22.7677 19.6971 5 29 5
2  45.0 45.0 0.00
277 51.8543 102.4423 1 29 9
2  45.0 45.0 0.00
278 -49.9655 -145.5925 10 19 7
2  45.0 45.0 0.00
279 34.3579 -136.8925 1 22 6
2  45.0 45.0 0.00
280 -50.9925 -97.8954 3 20 8
2  45.0 45.0 0.00
281 21.5900 -109.6743 1 29 6
2  45.0 45.0 0.00
282 30.5114 2.7008 9 27 5
2  45.0 45.0 0.00
283 -35.0409 141.7882 8 15 5
2  45.0 45.0 0.00
284 14.4141 70.7383 9 28 5
2  45.0 45.0 0.00
285 -9.7072 122.3150 4 16 8
2  45.0 45.0 0.00
286 -27.8589 -80.8196 3 28 6
2  45.0 45.0 0.00
287 -1.4076 -109.3530 5 18 5
2  45.0 45.0 0.00
288 31.1472 108.8980 4 24 9
2  45.0 45.0 0.00
289 2.2393 -86.8406 2 18 8
2  45.0 45.0 0.00
290 45.6092 -156.4538 9 19 7
2  45.0 45.0 0.00
291 -18.8210 -51.2385 7 20 7
2  45.0 45.0 0.00
292 38.5750 -143.0143 7 19 5
2  45.0 45.0 0.00
293 1.3083 41.8862 7 21 8
2  45.0 45.0 0.00
294 50.1574 64.4524 3 28 9
2  45.0 45.0 0.00
295 35.3497 -166.3925 1 29 9
2  45.0 45.0 0.00
296 -37.1375 48.1632 9 21 9
2  45.0 45.0 0.00
297 -34.7920 178.4416 4 19 8
2  45.0 45.0 0.00
298 -39.3207 127.6730 2 27 7
2  45.0 45.0 0.00
299 20.2570 12.7158 5 23 6
2  45.0 45.0 0.00
300 42.9061 107.0739 7 23 6
2  45.0 45.0 0.00
301 -26.3684 -120.7286 10 21 7
2  45.0 45.0 0.00
302 -22.8277 -33.3902 9 21 7
2  45.0 45.0 0.00
303 -28.6064 54.4768 5 21 8
2  45.0 45.0 0.00
304 1.7671 -67.2045 5 25 7
2  45.0 45.0 0.00
305 -40.4352 133.7913 2 20 7
2  45.0 45.0 0.00
306 -21.3944 -18.5089 4 25 6
2  45.0 45.0 0.00
307 -15.6648 -156.1601 10 16 9
2  45.0 45.0 0.00
308 -52.2441 30.8234 1 25 9
2  45.0 45.0 0.00
309 23.5109 -32.0107 9 18 5
2  45.0 45.0 0.00
310 -48.7834 -144.0231 3 27 9
2  45.0 45.0 0.00
311 9.6941 -152.0207 1 16 5
2  45.0 45.0 0.00
312 -12.7625 106.9580 8 29 6
2  45.0 45.0 0.00
313 35.6222 84.0978 6 17 8
2  45.0 45.0 0.00
314 -35.6259 18.8751 2 22 8
2  45.0 45.0 0.00
315 45.6914 32.3403 5 26 8
2  45.0 45.0 0.00
316 21.9902 56.5200 5 19 5
2  45.0 45.0 0.00
317 -31.9876 41.4412 3 28 6
2  45.0 45.0 0.00
318 -23.9032 174.1004 4 28 5
2  45.0 45.0 0.00
319 -30.7373 31.4614 7 21 7
2  45.0 45.0 0.00
320 51.7487 -86.7466 1 22 9
2  45.0 45.0 0.00
321 -1.3410 31.1085 1 17 6
2  45.0 45.0 0.00
322 -52.8283 -72.2401 2 21 8
2  45.0 45.0 0.00
323 23.5955 -2.8465 1 27 9
2  45.0 45.0 0.00
324 -29.5800 131.5124 4 29 6
2  45.0 45.0 0.00
325 -33.8888 52.7147 9 20 5
2  45.0 45.0 0.00
326 -16.5723 -133.7706 3 20 7
2  45.0 45.0 0.00
327 -5.4677 -134.9274 5 20 5
2  45.0 45.0 0.00
328 11.8526 -9.0434 8 22 5
2  45.0 45.0 0.00
329 50.3675 6.1720 4 17 5
2  45.0 45.0 0.00
330 23.1008 98.3375 10 22 5
2  45.0 45.0 0.00
331 -39.9744 -68.8760 9 17 5
2  45.0 45.0 0.00
332 36.1374 -106.7891 9 16 5
2  45.0 45.0 0.00
333 39.5597 165.6392 9 28 6
2  45.0 45.0 0.00
334 10.3241 -132.7956 7 25 5
2  45.0 45.0 0.00
335 26.0828 -58.2923 7 28 5
2  45.0 45.0 0.00
336 17.2939 -1.6222 9 20 5
2  45.0 45.0 0.00
337 7.4728 54.4925 6 18 8
2  45.0 45.0 0.00
338 -38.1876 164.8068 4 18 6
2  45.0 45.0 0.00
339 -9.7039 -55.8081 10 21 6
2  45.0 45.0 0.00
340 -51.4040 48.2629 5 27 7
2  45.0 45.0 0.00
341 9.2018 -151.5600 4 19 7
2  45.0 45.0 0.00
342 30.1895 -35.5616 1 16 6
2  45.0 45.0 0.00
343 -16.3849 132.0683 3 16 7
2  45.0 45.0 0.00
344 -29.4853 92.2037 3 16 9
2  45.0 45.0 0.00
345 14.7976 133.2763 5 21 6
2  45.0 45.0 0.00
346 -10.4848 143.1466 3 25 8
2  45.0 45.0 0.00
347 -49.9169 53.9971 9 28 8
2  45.0 45.0 0.00
348 -0.9012 -47.3951 10 26 8
2  45.0 45.0 0.00
349 25.2833 121.6631 6 15 5
2  45.0 45.0 0.00
350 4.4093 -84.5631 7 28 9
2  45.0 45.0 0.00
351 -25.5529 8.1209 3 28 9
2  45.0 45.0 0.00
352 22.9593 43.6629 8 15 5
2  45.0 45.0 0.00
353 41.0408 79.7504 7 22 6
2  45.0 45.0 0.00
354 20.7159 158.8949 2 20 8
2  45.0 45.0 0.00
355 37.4699 178.2941 8 21 7
2  45.0 45.0 0.00
356 31.9746 122.5946 8 21 8
2  45.0 45.0 0.00
357 -38.5857 -177.2519 8 25 6
2  45.0 45.0 0.00
358 0.6920 101.9435 6 15 9
2  45.0 45.0 0.00
359 39.2425 -61.2276 3 24 5
2  45.0 45.0 0.00
360 -51.1987 -64.0641 7 24 9
2  45.0 45.0 0.00
361 10.6236 134.0448 10 19 6
2  45.0 45.0 0.00
362 -25.0506 -137.9228 4 21 5
2  45.0 45.0 0.00
363 39.8620 -115.3655 10 20 7
2  45.0 45.0 0.00
364 40.2316 -171.0068 6 17 8
2  45.0 45.0 0.00
365 43.6992 155.2114 7 21 6
2  45.0 45.0 0.00
366 2.4981 -38.2056 9 20 8
2  45.0 45.0 0.00
367 -2.1621 -112.1951 8 24 8
2  45.0 45.0 0.00
368 -25.0544 78.6821 2 21 5
2  45.0 45.0 0.00
369 -11.6974 -52.8820 4 27 5
2  45.0 45.0 0.00
370 20.2112 155.5542 4 17 7
2  45.0 45.0 0.00
371 52.1533 -112.2193 8 28 5
2  45.0 45.0 0.00
372 17.9225 -20.3755 10 28 6
2  45.0 45.0 0.00
373 39.1989 90.8539 9 24 7
2  45.0 45.0 0.00
374 19.8972 22.4537 5 24 6
2  45.0 45.0 0.00
375 -35.9359 21.0393 3 16 7
2  45.0 45.0 0.00
376 6.2701 -151.5934 3 20 5
2  45.0 45.0 0.00
377 9.6960 -104.4364 2 27 5
2  45.0 45.0 0.00
378 -22.1197 -65.2306 8 22 8
2  45.0 45.0 0.00
379 33.9450 107.0935 5 16 5
2  45.0 45.0 0.00
380 14.5512 73.8053 5 21 8
2  45.0 45.0 0.00
381 -39.4001 -84.1346 7 28 6
2  45.0 45.0 0.00
382 -7.0416 -155.3904 7 21 9
2  45.0 45.0 0.00
383 9.5583 -159.6216 5 28 5
2  45.0 45.0 0.00
384 16.9496 144.1275 3 24 8
2  45.0 45.0 0.00
385 -13.8960 -149.4302 2 28 9
2  45.0 45.0 0.00
386 -14.4690 -21.9624 5 29 9
2  45.0 45.0 0.00
387 37.5385 51.9864 7 26 6
2  45.0 45.0 0.00
388 -18.5310 -71.4590 1 24 6
2  45.0 45.0 0.00
389 -29.3659 144.2730 4 24 6
2  45.0 45.0 0.00
390 27.9447 139.5077 9 29 9
2  45.0 45.0 0.00
391 25.1136 -157.0741 9 26 7
2  45.0 45.0 0.00
392 -48.4012 -58.9663 4 16 9
2  45.0 45.0 0.00
393 52.4251 -137.6817 3 21 5
2  45.0 45.0 0.00
394 47.2512 -82.8344 6 23 5
2  45.0 45.0 0.00
395 -15.0097 -73.5159 10 18 6
2  45.0 45.0 0.00
396 -3.3764 -17.2950 10 24 9
2  45.0 45.0 0.00
397 -2.5463 -9.2208 7 15 5
2  45.0 45.0 0.00
398 30.7881 136.5813 10 20 5
2  45.0 45.0 0.00
399 51.8313 -109.4653 1 27 5
2  45.0 45.0 0.00
400 -41.8262 -9.7713 4 21 8
2  45.0 45.0 0.00
401 -0.6652 -64.9747 10 28 9
2  45.0 45.0 0.00
402 -6.2400 113.3535 5 21 7
2  45.0 45.0 0.00
403 9.6912 73.6811 9 17 5
2  45.0 45.0 0.00
404 2.1401 -150.2674 8 18 6
2  45.0 45.0 0.00
405 -45.9644 155.7220 8 22 5
2  45.0 45.0 0.00
406 -35.7783 -2.2054 10 16 5
2  45.0 45.0 0.00
407 52.5007 -177.9993 9 28 9
2  45.0 45.0 0.00
408 -36.4149 36.2430 2 15 8
2  45.0 45.0 0.00
409 50.4118 -11.0931 5 27 6
2  45.0 45.0 0.00
410 -22.8637 -176.1852 5 25 6
2  45.0 45.0 0.00
411 -50.5808 -95.8859 8 17 9
2  45.0 45.0 0.00
412 6.4834 105.5531 9 27 5
2  45.0 45.0 0.00
413 47.4094 74.8220 3 20 8
2  45.0 45.0 0.00
414 9.1021 103.9191 9 18 9
2  45.0 45.0 0.00
415 44.4685 -167.2575 7 22 8
2  45.0 45.0 0.00
416 10.3019 -137.9499 9 19 8
2  45.0 45.0 0.00
417 -36.9015 112.8365 7 26 6
2  45.0 45.0 0.00
418 27.7338 116.8898 8 29 5
2  45.0 45.0 0.00
419 -14.4944 107.0269 7 29 7
2  45.0 45.0 0.00
420 -24.6191 -146.2739 6 16 6
2  45.0 45.0 0.00
421 -0.4621 111.1273 9 26 8
2  45.0 45.0 0.00
422 51.6672 86.4304 9 20 5
2  45.0 45.0 0.00
423 -5.8980 -8.4690 3 17 6
2  45.0 45.0 0.00
424 -38.8147 168.4174 2 17 9
2  45.0 45.0 0.00
425 27.6845 106.4224 1 16 6
2  45.0 45.0 0.00
426 -40.0449 -166.7311 3 15 6
2  45.0 45.0 0.00
427 0.3714 -179.8988 6 29 8
2  45.0 45.0 0.00
428 -16.6223 -155.8717 2 29 6
2  45.0 45.0 0.00
429 -50.7151 -25.3873 9 28 9
2  45.0 45.0 0.00
430 40.9993 48.6416 2 24 6
2  45.0 45.0 0.00
431 -21.2087 163.0701 4 18 6
2  45.0 45.0 0.00
432 21.2024 79.1129 1 21 7
2  45.0 45.0 0.00
433 47.7603 76.1675 8 17 7
2  45.0 45.0 0.00
434 -5.9278 11.7032 8 20 6
2  45.0 45.0 0.00
435 -45.9192 171.5526 8 26 5
2  45.0 45.0 0.00
436 -17.8403 147.0757 1 18 5
2  45.0 45.0 0.00
437 -1.3672 -24.4180 4 25 9
2  45.0 45.0 0.00
438 5.3564 102.0425 3 24 8
2  45.0 45.0 0.00
439 13.0833 46.2075 5 22 7
2  45.0 45.0 0.00
440 -20.1422 -76.5772 9 19 5
2  45.0 45.0 0.00
441 -15.4467 -82.4888 8 20 7
2  45.0 45.0 0.00
442 -18.7214 -120.0046 4 16 6
2  45.0 45.0 0.00
443 30.8968 -10.6004 8 19 5
2  45.0 45.0 0.00
444 1.9500 -173.0103 3 19 6
2  45.0 45.0 0.00
445 17.0263 139.0042 3 24 8
2  45.0 45.0 0.00
446 -6.5247 -7.5857 2 17 6
2  45.0 45.0 0.00
447 -48.2926 28.1516 8 17 6
2  45.0 45.0 0.00
448 -30.0788 -157.6172 1 17 7
2  45.0 45.0 0.00
449 -12.3090 55.5148 10 21 9
2  45.0 45.0 0.00
450 -36.7955 -66.4193 7 20 6
2  45.0 45.0 0.00
451 -22.2003 179.7498 4 15 9
2  45.0 45.0 0.00
452 -3.3757 44.0821 1 23 6
2  45.0 45.0 0.00
453 36.5122 171.5569 9 28 7
2  45.0 45.0 0.00
454 -30.3923 -75.1231 8 28 5
2  45.0 45.0 0.00
455 -4.6405 136.1079 1 26 6
2  45.0 45.0 0.00
456 -52.3197 -5.8713 9 25 5
2  45.0 45.0 0.00
457 -39.9679 -141.5679 1 27 9
2  45.0 45.0 0.00
458 -48.2189 19.8932 5 19 6
2  45.0 45.0 0.00
459 9.9414 -11.6198 6 26 8
2  45.0 45.0 0.00
460 -9.8229 90.3635 1 28 6
2  45.0 45.0 0.00
461 38.3241 -39.3782 5 18 6
2  45.0 45.0 0.00
462 -9.2765 -95.9282 9 24 5
2  45.0 45.0 0.00
463 51.3531 158.2115 1 22 6
2  45.0 45.0 0.00
464 25.1961 -139.8339 8 15 5
2  45.0 45.0 0.00
465 16.7502 166.6257 7 24 7
2  45.0 45.0 0.00
466 51.7809 -134.8333 5 17 6
2  45.0 45.0 0.00
467 -25.9267 29.3636 5 21 8
2  45.0 45.0 0.00
468 24.6268 124.5750 2 23 9
2  45.0 45.0 0.00
469 33.0266 148.9615 1 19 6
2  45.0 45.0 0.00
470 16.3570 173.2157 6 20 9
2  45.0 45.0 0.00
471 -21.6496 83.0569 4 27 7
2  45.0 45.0 0.00
472 42.2621 99.5303 8 25 9
2  45.0 45.0 0.00
473 -22.5756 -145.2928 9 20 7
2  45.0 45.0 0.00
474 -10.2929 5.7435 9 27 6
2  45.0 45.0 0.00
475 41.5157 6.0801 1 15 5
2  45.0 45.0 0.00
476 25.8893 53.9229 9 20 5
2  45.0 45.0 0.00
477 -52.2215 90.8454 9 19 9
2  45.0 45.0 0.00
478 2.6176 81.5983 2 27 9
2  45.0 45.0 0.00
479 48.3206 -125.6523 3 26 5
2  45.0 45.0 0.00
480 22.8073 26.0213 8 25 7
2  45.0 45.0 0.00
481 -38.3342 -126.6887 2 17 9
2  45.0 45.0 0.00
482 29.5601 74.3029 5 27 8
2  45.0 45.0 0.00
483 -26.6152 -35.1840 1 25 5
2  45.0 45.0 0.00
484 3.6755 114.2347 9 20 7
2  45.0 45.0 0.00
485 18.6810 68.7602 3 29 9
2  45.0 45.0 0.00
486 25.5133 83.3195 1 28 6
2  45.0 45.0 0.00
487 -34.7725 152.6845 2 29 9
2  45.0 45.0 0.00
488 38.0813 39.9805 7 21 7
2  45.0 45.0 0.00
489 33.7395 136.2174 4 16 9
2  45.0 45.0 0.00
490 5.6804 -14.3386 1 26 6
2  45.0 45.0 0.00
491 42.1715 -112.6910 3 19 5
2  45.0 45.0 0.00
492 -5.5802 -118.0233 5 17 8
2  45.0 45.0 0.00
493 -47.9728 100.6693 8 23 8
2  45.0 45.0 0.00
494 -18.5723 -17.0645 9 27 6
2  45.0 45.0 0.00
495 44.9034 -51.1291 1 28 5
2  45.0 45.0 0.00
496 31.5725 41.5094 5 17 9
2  45.0 45.0 0.00
497 -23.2648 161.4568 6 25 5
2  45.0 45.0 0.00
498 51.4087 55.2995 3 27 6
2  45.0 45.0 0.00
499 19.8326 -17.0598 3 25 8
2  45.0 45.0 0.00
500 -48.9020 -78.0666 4 21 9
2  45.0 45.0 0.00
501 -42.2951 41.4704 7 21 5
2  45.0 45.0 0.00
502 4.2262 -69.9423 3 17 8
2  45.0 45.0 0.00
503 35.1976 -179.5523 7 17 6
2  45.0 45.0 0.00
504 -42.5129 -158.6324 5 23 6
2  45.0 45.0 0.00
505 18.1451 49.2355 9 22 5
2  45.0 45.0 0.00
506 -3.0734 48.9406 4 16 8
2  45.0 45.0 0.00
507 1.5588 -124.3025 5 18 6
2  45.0 45.0 0.00
508 17.5245 -0.1272 5 23 8
2  45.0 45.0 0.00
509 19.0029 -5.4504 7 17 8
2  45.0 45.0 0.00
510 19.7007 -80.2982 4 22 6
2  45.0 45.0 0.00
511 50.8065 79.9414 3 16 5
2  45.0 45.0 0.00
512 -3.7922 -131.8261 1 20 9
2  45.0 45.0 0.00
513 42.8159 -101.8510 9 20 6
2  45.0 45.0 0.00
514 18.7977 91.8649 2 28 8
2  45.0 45.0 0.00
515 10.5246 4.9422 8 27 8
2  45.0 45.0 0.00
516 -33.2500 -6.3501 3 27 8
2  45.0 45.0 0.00
517 -32.4301 -135.9399 7 25 7
2  45.0 45.0 0.00
518 31.0205 -153.7449 5 18 6
2  45.0 45.0 0.00
519 3.3399 -121.0033 10 25 9
2  45.0 45.0 0.00
520 -4.0077 -139.7099 8 28 7
2  45.0 45.0 0.00
521 45.6516 -32.8332 8 25 7
2  45.0 45.0 0.00
522 -3.6487 143.9389 7 20 9
2  45.0 45.0 0.00
523 51.0776 -60.6016 9 24 5
2  45.0 45.0 0.00
524 29.8426 -3.5476 7 26 8
2  45.0 45.0 0.00
525 11.0670 13.9643 4 23 9
2  45.0 45.0 0.00
526 -6.8466 107.2932 3 28 9
2  45.0 45.0 0.00
527 -45.1132 20.0302 8 19 5
2  45.0 45.0 0.00
528 30.2375 -39.7975 8 16 9
2  45.0 45.0 0.00
529 41.6385 62.4659 10 21 7
2  45.0 45.0 0.00
530 -31.8163 18.7964 10 23 6
2  45.0 45.0 0.00
531 50.0369 -62.0071 1 17 5
2  45.0 45.0 0.00
532 -11.4601 123.8615 2 28 6
2  45.0 45.0 0.00
533 17.7594 177.1850 2 22 5
2  45.0 45.0 0.00
534 -7.8202 -165.9355 8 23 7
2  45.0 45.0 0.00
535 -11.4392 -50.6458 9 27 8
2  45.0 45.0 0.00
536 45.6743 -130.9796 5 16 9
2  45.0 45.0 0.00
537 40.6189 -88.7710 1 24 9
2  45.0 45.0 0.00
538 26.1444 -35.2217 8 17 9
2  45.0 45.0 0.00
539 46.7671 -9.5385 4 26 9
2  45.0 45.0 0.00
540 42.4673 -120.9741 4 20 8
2  45.0 45.0 0.00
541 -35.9575 163.0814 6 16 7
2  45.0 45.0 0.00
542 11.9493 8.8739 7 20 8
2  45.0 45.0 0.00
543 -25.8939 95.3878 2 16 6
2  45.0 45.0 0.00
544 -9.1025 -47.2006 3 24 6
2  45.0 45.0 0.00
545 -50.4493 136.4453 10 25 5
2  45.0 45.0 0.00
546 44.3694 32.5836 10 29 7
2  45.0 45.0 0.00
547 28.2945 105.6964 6 20 6
2  45.0 45.0 0.00
548 45.6005 -125.3987 9 17 6
2  45.0 45.0 0.00
549 -29.4685 -168.0959 2 22 8
2  45.0 45.0 0.00
550 -34.3193 -38.5978 1 21 7
2  45.0 45.0 0.00
551 3.3653 11.9836 10 15 8
2  45.0 45.0 0.00
552 -23.1331 -86.7530 6 29 7
2  45.0 45.0 0.00
553 -50.6448 10.8961 8 28 5
2  45.0 45.0 0.00
554 -4.0156 -25.8676 5 27 7
2  45.0 45.0 0.00
555 -25.1796 -113.4055 4 20 5
2  45.0 45.0 0.00
556 52.0456 -47.7725 8 29 5
2  45.0 45.0 0.00
557 2.7343 -126.1852 8 22 7
2  45.0 45.0 0.00
558 -28.2340 82.5922 1 23 8
2  45.0 45.0 0.00
559 18.1444 -123.6593 6 24 7
2  45.0 45.0 0.00
560 20.3232 -134.2676 2 21 6
2  45.0 45.0 0.00
561 26.2973 33.0302 7 29 5
2  45.0 45.0 0.00
562 -16.2431 -121.4625 7 29 9
2  45.0 45.0 0.00
563 43.9333 -74.1907 6 29 9
2  45.0 45.0 0.00
564 39.5098 -160.0268 2 20 5
2  45.0 45.0 0.00
565 24.6656 121.2747 2 15 9
2  45.0 45.0 0.00
566 -41.7687 13.2147 7 27 9
2  45.0 45.0 0.00
567 38.5799 151.3268 1 24 7
2  45.0 45.0 0.00
568 46.0087 -121.3982 10 19 9
2  45.0 45.0 0.00
569 -45.4700 98.8902 8 24 6
2  45.0 45.0 0.00
570 -13.0106 -112.5636 7 27 6
2  45.0 45.0 0.00
571 14.4422 99.6738 3 21 5
2  45.0 45.0 0.00
572 43.5886 14.0142 9 16 7
2  45.0 45.0 0.00
573 32.8659 -53.4257 6 29 9
2  45.0 45.0 0.00
574 52.3760 53.3785 7 23 9
2  45.0 45.0 0.00
575 22.2548 86.8887 3 21 6
2  45.0 45.0 0.00
576 48.5479 -102.0876 2 27 5
2  45.0 45.0 0.00
577 44.3750 70.7485 4 21 8
2  45.0 45.0 0.00
578 -43.7685 -4.9121 5 22 7
2  45.0 45.0 0.00
579 -11.1177 -166.0663 1 27 6
2  45.0 45.0 0.00
580 23.2609 101.7717 9 25 7
2  45.0 45.0 0.00
581 24.2724 45.2399 7 15 5
2  45.0 45.0 0.00
582 41.8584 -58.3766 6 16 5
2  45.0 45.0 0.00
583 20.6477 69.7810 10 29 5
2  45.0 45.0 0.00
584 -40.9656 153.2670 7 19 7
2  45.0 45.0 0.00
585 0.8223 -127.3243 6 15 8
2  45.0 45.0 0.00
586 18.1521 144.0482 9 16 7
2  45.0 45.0 0.00
587 -34.4182 -5.8346 4 19 7
2  45.0 45.0 0.00
588 -21.9456 66.5957 6 19 5
2  45.0 45.0 0.00
589 26.4202 -50.3093 6 21 7
2  45.0 45.0 0.00
590 21.3357 -143.9932 4 25 8
2  45.0 45.0 0.00
591 31.1323 -7.3982 8 19 9
2  45.0 45.0 0.00
592 8.7624 30.8727 2 18 6
2  45.0 45.0 0.00
593 52.4442 -82.3798 9 25 8
2  45.0 45.0 0.00
594 -30.6343 -43.2161 8 21 7
2  45.0 45.0 0.00
595 -7.5743 52.0445 4 17 9
2  45.0 45.0 0.00
596 -37.3644 65.9956 9 21 6
2  45.0 45.0 0.00
597 7.5501 -100.3292 2 19 8
2  45.0 45.0 0.00
598 20.7602 -110.7971 6 20 6
2  45.0 45.0 0.00
599 21.9641 -23.8069 10 29 6
2  45.0 45.0 0.00
600 -2.3235 52.9349 6 27 9
2  45.0 45.0 0.00
601 -18.9396 58.8980 2 16 7
2  45.0 45.0 0.00
602 -37.1920 -71.6719 4 21 5
2  45.0 45.0 0.00
603 42.3303 -129.6640 1 27 5
2  45.0 45.0 0.00
604 28.9855 164.4107 4 16 5
2  45.0 45.0 0.00
605 -51.0107 -177.1716 1 16 7
2  45.0 45.0 0.00
606 52.4355 58.5776 7 29 6
2  45.0 45.0 0.00
607 0.0492 134.6319 4 24 6
2  45.0 45.0 0.00
608 43.2079 -135.5900 9 28 6
2  45.0 45.0 0.00
609 -11.1364 104.3545 5 19 6
2  45.0 45.0 0.00
610 7.1429 25.1018 1 27 9
2  45.0 45.0 0.00
611 2.2667 23.4920 8 26 8
2  45.0 45.0 0.00
612 -19.7724 19.4770 2 22 9
2  45.0 45.0 0.00
613 -1.4398 -52.4534 4 16 8
2  45.0 45.0 0.00
614 -50.3113 12.7394 6 24 6
2  45.0 45.0 0.00
615 15.9093 -155.7910 5 27 8
2  45.0 45.0 0.00
616 -28.7373 85.4491 7 27 7
2  45.0 45.0 0.00
617 -7.9556 120.9978 1 15 7
2  45.0 45.0 0.00
618 46.1321 -134.3894 9 27 5
2  45.0 45.0 0.00
619 -15.5270 38.6785 6 16 9
2  45.0 45.0 0.00
620 -48.6918 79.0620 10 22 8
2  45.0 45.0 0.00
621 -49.6081 154.8419 1 22 7
2  45.0 45.0 0.00
622 -4.8615 94.3095 2 16 5
2  45.0 45.0 0.00
623 8.0676 87.7154 10 15 8
2  45.0 45.0 0.00
624 15.9330 -65.5048 10 22 9
2  45.0 45.0 0.00
625 42.2589 77.6985 6 23 9
2  45.0 45.0 0.00
626 -48.4794 173.8244 1 28 8
2  45.0 45.0 0.00
627 0.9833 -105.7106 7 15 7
2  45.0 45.0 0.00
628 -0.5479 -56.8863 1 23 7
2  45.0 45.0 0.00
629 -34.6368 179.6453 4 25 5
2  45.0 45.0 0.00
630 11.6457 26.6522 10 19 9
2  45.0 45.0 0.00
631 23.5957 -108.7912 4 24 5
2  45.0 45.0 0.00
632 -19.4860 -46.3102 2 25 7
2  45.0 45.0 0.00
633 -3.0431 136.4177 1 21 7
2  45.0 45.0 0.00
634 -13.8065 73.7517 5 24 8
2  45.0 45.0 0.00
635 -20.3171 100.1554 5 16 7
2  45.0 45.0 0.00
636 42.3634 -172.9929 5 20 9
2  45.0 45.0 0.00
637 -3.3270 54.3247 5 28 6
2  45.0 45.0 0.00
638 -19.9837 26.6908 9 27 6
2  45.0 45.0 0.00
639 -39.9121 61.5823 8 16 6
2  45.0 45.0 0.00
640 -21.8042 12.5597 10 17 8
2  45.0 45.0 0.00
641 42.9299 161.6389 6 24 7
2  45.0 45.0 0.00
642 47.1055 -147.2902 10 16 8
2  45.0 45.0 0.00
643 -21.5492 172.3231 3 26 9
2  45.0 45.0 0.00
644 33.9612 173.8281 7 16 8
2  45.0 45.0 0.00
645 31.3346 124.3999 1 20 5
2  45.0 45.0 0.00
646 14.5503 62.7755 4 26 7
2  45.0 45.0 0.00
647 -14.3348 117.0909 2 24 6
2  45.0 45.0 0.00
648 2.0793 -161.7024 6 20 6
2  45.0 45.0 0.00
649 -29.6149 -16.5159 10 16 9
2  45.0 45.0 0.00
650 -37.6517 140.4602 5 16 8
2  45.0 45.0 0.00
651 -19.9870 -25.7103 1 23 8
2  45.0 45.0 0.00
652 -46.6990 20.4670 8 23 6
2  45.0 45.0 0.00
653 -24.3784 -69.1674 4 22 8
2  45.0 45.0 0.00
654 -3.0260 -55.2407 10 21 7
2  45.0 45.0 0.00
655 28.5736 48.6914 2 26 8
2  45.0 45.0 0.00
656 -16.8024 88.8391 9 21 8
2  45.0 45.0 0.00
657 26.1926 20.1551 2 16 7
2  45.0 45.0 0.00
658 46.2355 -95.4883 9 29 7
2  45.0 45.0 0.00
659 49.0529 -7.8483 5 16 5
2  45.0 45.0 0.00
660 43.7510 155.1647 7 21 5
2  45.0 45.0 0.00
661 31.6136 -23.0859 10 25 7
2  45.0 45.0 0.00
662 18.6761 65.7697 4 29 8
2  45.0 45.0 0.00
663 -19.8572 -136.1593 5 29 5
2  45.0 45.0 0.00
664 22.6870 -98.4540 7 15 9
2  45.0 45.0 0.00
665 -27.9100 -42.8536 10 28 9
2  45.0 45.0 0.00
666 -22.1155 7.6076 2 26 9
2  45.0 45.0 0.00
667 -9.4898 -77.8033 10 20 8
2  45.0 45.0 0.00
668 -20.0099 135.8936 4 22 5
2  45.0 45.0 0.00
669 -26.1300 -74.1878 2 17 5
2  45.0 45.0 0.00
670 36.1443 9.1096 2 15 6
2  45.0 45.0 0.00
671 19.7402 147.5682 10 24 5
2  45.0 45.0 0.00
672 -8.7684 14.5298 7 25 7
2  45.0 45.0 0.00
673 -36.5639 157.3503 1 29 9
2  45.0 45.0 0.00
674 -49.9484 83.7800 1 19 8
2  45.0 45.0 0.00
675 35.6739 87.8803 4 27 8
2  45.0 45.0 0.00
676 46.9342 -104.9466 8 26 8
2  45.0 45.0 0.00
677 28.2022 -10.6968 3 20 9
2  45.0 45.0 0.00
678 0.0596 51.7194 3 19 9
2  45.0 45.0 0.00
679 28.7119 -125.0100 10 15 5
2  45.0 45.0 0.00
680 -19.4609 -65.2593 10 20 5
2  45.0 45.0 0.00
681 -41.5242 -87.8832 2 20 5
2  45.0 45.0 0.00
682 46.8644 -156.4274 2 29 6
2  45.0 45.0 0.00
683 -30.8674 99.8286 8 29 5
2  45.0 45.0 0.00
684 19.5857 28.3380 3 29 7
2  45.0 45.0 0.00
685 -12.1769 -30.6688 6 19 8
2  45.0 45.0 0.00
686 19.4824 79.4609 6 25 8
2  45.0 45.0 0.00
687 13.1494 132.6377 5 24 8
2  45.0 45.0 0.00
688 1.0790 -140.1284 2 19 9
2  45.0 45.0 0.00
689 -6.8812 68.0825 4 29 6
2  45.0 45.0 0.00
690 52.3179 -104.9962 8 27 9
2  45.0 45.0 0.00
691 25.1951 -57.9043 3 26 8
2  45.0 45.0 0.00
692 20.5060 169.3302 8 24 7
2  45.0 45.0 0.00
693 -29.5324 -49.0531 5 18 9
2  45.0 45.0 0.00
694 -16.9219 -132.8977 2 19 9
2  45.0 45.0 0.00
695 7.8458 -69.9189 8 16 6
2  45.0 45.0 0.00
696 20.7766 -19.2026 1 15 9
2  45.0 45.0 0.00
697 -2.6020 128.6675 6 27 7
2  45.0 45.0 0.00
698 -22.8010 -148.9009 7 15 9
2  45.0 45.0 0.00
699 4.2206 -4.3730 5 25 7
2  45.0 45.0 0.00
700 -45.4378 -22.2178 2 15 5
2  45.0 45.0 0.00
701 38.4489 143.8587 5 28 5
2  45.0 45.0 0.00
702 -7.2176 -100.1676 8 23 7
2  45.0 45.0 0.00
703 -26.8399 148.3060 1 24 5
2  45.0 45.0 0.00
704 -14.4179 13.2411 10 27 6
2  45.0 45.0 0.00
705 -26.0788 -149.1551 9 21 7
2  45.0 45.0 0.00
706 -43.8666 31.4402 3 25 5
2  45.0 45.0 0.00
707 -25.6815 -27.6122 1 29 7
2  45.0 45.0 0.00
708 8.0396 166.8539 7 25 8
2  45.0 45.0 0.00
709 -46.3072 10.7992 3 22 9
2  45.0 45.0 0.00
710 13.5528 128.0506 3 25 7
2  45.0 45.0 0.00
711 3.6634 33.8321 8 26 6
2  45.0 45.0 0.00
712 29.3668 -11.8772 2 21 9
2  45.0 45.0 0.00
713 36.5250 6.0727 7 21 7
2  45.0 45.0 0.00
714 34.2904 161.2584 9 15 6
2  45.0 45.0 0.00
715 -10.5471 117.6696 4 17 5
2  45.0 45.0 0.00
716 23.7414 22.1806 8 24 6
2  45.0 45.0 0.00
717 -28.5704 138.9589 6 18 6
2  45.0 45.0 0.00
718 17.3568 63.8801 5 25 7
2  45.0 45.0 0.00
719 -41.4633 15.0171 9 27 5
2  45.0 45.0 0.00
720 4.9047 -148.1989 4 15 5
2  45.0 45.0 0.00
721 19.0711 111.1534 5 20 5
2  45.0 45.0 0.00
722 22.0162 -24.1079 4 25 7
2  45.0 45.0 0.00
723 -30.1642 124.9263 5 18 6
2  45.0 45.0 0.00
724 48.6093 -89.8984 5 16 5
2  45.0 45.0 0.00
725 -37.5188 -97.0354 2 24 7
2  45.0 45.0 0.00
726 38.0312 -174.2187 3 16 8
2  45.0 45.0 0.00
727 14.3777 17.9161 3 24 8
2  45.0 45.0 0.00
728 -8.2989 9.7622 10 18 5
2  45.0 45.0 0.00
729 -28.5447 170.5392 8 18 5
2  45.0 45.0 0.00
730 -25.2471 -57.0004 7 22 8
2  45.0 45.0 0.00
731 -21.6252 -174.7986 5 29 9
2  45.0 45.0 0.00
732 -5.3574 -109.6232 3 28 8
2  45.0 45.0 0.00
733 20.3140 -65.3591 5 15 6
2  45.0 45.0 0.00
734 17.5605 -95.8209 8 21 6
2  45.0 45.0 0.00
735 -7.2651 -171.4921 10 15 6
2  45.0 45.0 0.00
736 -34.7331 170.9322 10 24 8
2  45.0 45.0 0.00
737 1.8147 5.1530 1 22 6
2  45.0 45.0 0.00
738 12.8462 27.3001 10 26 7
2  45.0 45.0 0.00
739 -29.0210 40.7114 5 22 7
2  45.0 45.0 0.00
740 43.6999 151.6772 1 15 6
2  45.0 45.0 0.00
741 -50.0332 157.1019 1 16 8
2  45.0 45.0 0.00
742 -24.1303 166.2763 1 25 9
2  45.0 45.0 0.00
743 -2.6874 31.7932 2 17 8
2  45.0 45.0 0.00
744 -34.2033 123.7260 10 27 6
2  45.0 45.0 0.00
745 -43.4778 -5.2608 2 28 9
2  45.0 45.0 0.00
746 33.7476 17.0619 8 22 5
2  45.0 45.0 0.00
747 -26.3936 159.3263 10 20 8
2  45.0 45.0 0.00
748 8.5569 -31.8684 10 27 6
2  45.0 45.0 0.00
749 16.8871 134.3533 7 26 7
2  45.0 45.0 0.00
750 14.6177 -13.7767 10 26 7
2  45.0 45.0 0.00
751 -45.7305 -148.3056 9 26 5
2  45.0 45.0 0.00
752 4.5158 -163.7978 10 17 9
2  45.0 45.0 0.00
753 23.8460 -20.5351 2 22 9
2  45.0 45.0 0.00
754 3.3999 -109.6947 9 21 8
2  45.0 45.0 0.00
755 28.1802 -171.3904 4 24 8
2  45.0 45.0 0.00
756 -30.0374 68.5200 6 22 9
2  45.0 45.0 0.00
757 -15.1959 105.7889 2 29 6
2  45.0 45.0 0.00
758 -35.7258 -111.1320 10 20 9
2  45.0 45.0 0.00
759 3.7862 -91.1310 5 28 5
2  45.0 45.0 0.00
760 -30.0665 -47.9124 10 27 7
2  45.0 45.0 0.00
761 -6.0833 -159.6456 5 15 5
2  45.0 45.0 0.00
762 -48.2656 -9.6831 2 17 7
2  45.0 45.0 0.00
763 37.3405 21.2173 8 18 8
2  45.0 45.0 0.00
764 45.6970 -4.6310 9 18 5
2  45.0 45.0 0.00
765 -16.8779 124.4444 7 23 6
2  45.0 45.0 0.00
766 2.0132 -143.8076 9 23 8
2  45.0 45.0 0.00
767 37.0701 125.8495 3 29 7
2  45.0 45.0 0.00
768 -21.1891 94.7902 7 26 5
2  45.0 45.0 0.00
769 20.1253 -161.6732 9 27 5
2  45.0 45.0 0.00
770 50.5389 -167.6097 7 17 6
2  45.0 45.0 0.00
771 24.2971 -122.6477 1 27 9
2  45.0 45.0 0.00
772 10.2747 -10.4994 2 26 6
2  45.0 45.0 0.00
773 47.0778 141.8856 7 22 6
2  45.0 45.0 0.00
774 -52.7152 43.4256 9 25 5
2  45.0 45.0 0.00
775 -35.2134 73.6517 6 15 5
2  45.0 45.0 0.00
776 -22.2742 -169.9058 1 22 8
2  45.0 45.0 0.00
777 -1.6351 163.0200 9 20 8
2  45.0 45.0 0.00
778 20.1831 -168.2553 6 16 6
2  45.0 45.0 0.00
779 34.9024 179.5036 1 21 7
2  45.0 45.0 0.00
780 31.3479 27.4584 10 23 6
2  45.0 45.0 0.00
781 -15.2475 -64.7330 7 15 8
2  45.0 45.0 0.00
782 -50.3892 -137.2969 9 25 9
2  45.0 45.0 0.00
783 7.3026 178.0439 9 16 7
2  45.0 45.0 0.00
784 52.0774 9.1327 2 27 8
2  45.0 45.0 0.00
785 49.8266 12.7724 2 19 5
2  45.0 45.0 0.00
786 -35.0673 -93.1651 7 22 5
2  45.0 45.0 0.00
787 22.6409 -18.9742 3 18 5
2  45.0 45.0 0.00
788 -35.5748 144.9780 6 25 9
2  45.0 45.0 0.00
789 7.6094 -52.6985 6 18 7
2  45.0 45.0 0.00
790 35.4783 142.1839 6 15 7
2  45.0 45.0 0.00
791 -24.3412 91.2159 10 28 5
2  45.0 45.0 0.00
792 33.9917 176.7496 7 15 9
2  45.0 45.0 0.00
793 30.0427 47.5330 7 22 8
2  45.0 45.0 0.00
794 -40.1106 96.2651 2 15 9
2  45.0 45.0 0.00
795 -43.6106 122.8273 10 15 5
2  45.0 45.0 0.00
796 12.3434 -72.4468 6 26 7
2  45.0 45.0 0.00
797 -23.9325 -100.9178 9 15 6
2  45.0 45.0 0.00
798 48.7828 13.5288 10 17 7
2  45.0 45.0 0.00
799 -34.6177 132.8471 8 25 5
2  45.0 45.0 0.00
