s1
0
 2013 04 20 03 28 57.961     2013 04 20 03 31 31.455     153.5
1
 2013 04 20 06 34  7.943     2013 04 20 06 37 29.059     201.1
 2013 04 20 20 09 20.790     2013 04 20 20 11 54.833     154.0
2
 2013 04 20 13 57 25.487     2013 04 20 14 00  5.596     160.1
 2013 04 20 22 13 49.017     2013 04 20 22 16 30.547     161.5
3
4
 2013 04 20 21 42 39.677     2013 04 20 21 45 15.042     155.4
5
 2013 04 20 11 30 22.808     2013 04 20 11 33 19.698     176.9
 2013 04 20 21 32 12.467     2013 04 20 21 34 48.582     156.1
6
 2013 04 20 08 09 12.061     2013 04 20 08 09 14.243       2.2
7
 2013 04 20 04 07 15.614     2013 04 20 04 09  9.559     113.9
 2013 04 20 19 29 16.133     2013 04 20 19 32 24.075     187.9
8
 2013 04 20 02 41 17.432     2013 04 20 02 44  6.635     169.2
9
 2013 04 20 15 15 32.574     2013 04 20 15 18  7.356     154.8
10
 2013 04 20 06 57 58.284     2013 04 20 07 01  5.981     187.7
 2013 04 20 11 53 15.692     2013 04 20 11 56 40.699     205.0
11
 2013 04 20 13 06 18.477     2013 04 20 13 09 33.395     194.9
 2013 04 20 23 04 19.964     2013 04 20 23 07  8.135     168.2
12
 2013 04 20 02 40 55.149     2013 04 20 02 44  6.989     191.8
13
14
15
16
 2013 04 20 09 42  9.112     2013 04 20 09 44 48.188     159.1
 2013 04 20 23 19 58.665     2013 04 20 23 22 52.405     173.7
17
 2013 04 20 13 10 13.370     2013 04 20 13 11 45.142      91.8
 2013 04 20 21 27 25.097     2013 04 20 21 30  7.430     162.3
18
 2013 04 20 09 16 45.281     2013 04 20 09 16 47.959       2.7
 2013 04 20 15 53 17.532     2013 04 20 15 56 16.324     178.8
19
20
 2013 04 20 14 43  3.968     2013 04 20 14 45 35.822     151.9
21
 2013 04 20 05 16  4.683     2013 04 20 05 18 36.469     151.8
22
 2013 04 20 05 22 34.439     2013 04 20 05 25 17.055     162.6
 2013 04 20 11 55 18.936     2013 04 20 11 58 26.727     187.8
23
 2013 04 20 04 03 56.123     2013 04 20 04 07  2.352     186.2
 2013 04 20 21 05 33.935     2013 04 20 21 08 26.744     172.8
24
 2013 04 20 11 32 19.128     2013 04 20 11 35  8.454     169.3
 2013 04 20 21 29 53.666     2013 04 20 21 33  6.898     193.2
25
 2013 04 20 07 28  8.857     2013 04 20 07 31 15.875     187.0
 2013 04 20 19 15 32.687     2013 04 20 19 18  5.647     153.0
26
 2013 04 20 19 13 40.373     2013 04 20 19 16 23.774     163.4
27
 2013 04 20 13 47 48.326     2013 04 20 13 50 22.196     153.9
28
 2013 04 20 03 29 16.761     2013 04 20 03 31 46.735     150.0
29
 2013 04 20 19 58 31.694     2013 04 20 19 58 35.932       4.2
30
 2013 04 20 16 49 30.868     2013 04 20 16 49 38.921       8.1
31
 2013 04 20 03 18  6.975     2013 04 20 03 20 51.323     164.3
32
33
 2013 04 20 08 29 13.556     2013 04 20 08 32  2.039     168.5
34
 2013 04 20 15 16 46.566     2013 04 20 15 19 50.245     183.7
35
 2013 04 20 06 35 58.126     2013 04 20 06 38 28.986     150.9
 2013 04 20 20 08 49.519     2013 04 20 20 08 58.683       9.2
36
 2013 04 20 13 36  1.729     2013 04 20 13 39 21.493     199.8
37
 2013 04 20 10 04 47.813     2013 04 20 10 08 27.637     219.8
 2013 04 20 16 40 26.937     2013 04 20 16 43  2.779     155.8
38
 2013 04 20 03 45 58.627     2013 04 20 03 49  6.979     188.4
 2013 04 20 10 19 59.713     2013 04 20 10 23 29.136     209.4
39
 2013 04 20 09 50 20.007     2013 04 20 09 53 41.989     202.0
 2013 04 20 21 36 43.263     2013 04 20 21 39 17.574     154.3
40
 2013 04 20 23 21 26.615     2013 04 20 23 24 15.247     168.6
41
 2013 04 20 08 07 18.937     2013 04 20 08 10  4.735     165.8
 2013 04 20 21 45 39.055     2013 04 20 21 48 47.666     188.6
42
 2013 04 20 07 26 56.389     2013 04 20 07 27 28.776      32.4
 2013 04 20 19 17 59.846     2013 04 20 19 20 34.004     154.2
43
 2013 04 20 02 49 39.623     2013 04 20 02 52 13.518     153.9
44
 2013 04 20 01 52 13.002     2013 04 20 01 54 50.927     157.9
 2013 04 20 15 25 35.970     2013 04 20 15 29 10.349     214.4
45
 2013 04 20 04 58 44.620     2013 04 20 05 01 15.783     151.2
 2013 04 20 18 36  3.255     2013 04 20 18 39 14.149     190.9
46
 2013 04 20 02 39 13.916     2013 04 20 02 39 28.539      14.6
47
 2013 04 20 01 45  9.162     2013 04 20 01 48 28.729     199.6
 2013 04 20 17 07 41.210     2013 04 20 17 10 16.959     155.7
48
 2013 04 20 07 34 38.628     2013 04 20 07 37 21.744     163.1
 2013 04 20 17 34 49.469     2013 04 20 17 37 29.978     160.5
49
 2013 04 20 13 31 46.563     2013 04 20 13 35  5.348     198.8
50
51
 2013 04 20 13 10 43.039     2013 04 20 13 14 22.301     219.3
 2013 04 20 21 27  3.910     2013 04 20 21 30  8.069     184.2
52
 2013 04 20 08 23 12.439     2013 04 20 08 26 21.699     189.3
 2013 04 20 18 21 55.541     2013 04 20 18 22 15.209      19.7
53
 2013 04 20 18 24 26.991     2013 04 20 18 27 53.467     206.5
54
 2013 04 20 00 53 53.522     2013 04 20 00 56 55.216     181.7
 2013 04 20 17 56 35.624     2013 04 20 17 59 25.460     169.8
55
 2013 04 20 05 00 18.181     2013 04 20 05 03 48.102     209.9
 2013 04 20 18 35 55.505     2013 04 20 18 36 40.459      45.0
56
 2013 04 20 06 50 52.295     2013 04 20 06 54  2.550     190.3
57
 2013 04 20 01 15 51.311     2013 04 20 01 18 26.917     155.6
 2013 04 20 11 17 35.607     2013 04 20 11 20 57.826     202.2
58
 2013 04 20 06 37 42.543     2013 04 20 06 40 21.974     159.4
59
60
61
 2013 04 20 00 59 39.213     2013 04 20 01 03  9.554     210.3
 2013 04 20 16 17 13.471     2013 04 20 16 17 14.799       1.3
62
63
 2013 04 20 07 35 27.055     2013 04 20 07 38 39.432     192.4
 2013 04 20 17 33 59.185     2013 04 20 17 36 35.822     156.6
64
 2013 04 20 00 55 54.786     2013 04 20 00 59 28.697     213.9
65
 2013 04 20 06 36 15.670     2013 04 20 06 39 55.070     219.4
66
 2013 04 20 15 57 38.576     2013 04 20 16 01 14.448     215.9
67
 2013 04 20 13 00 47.871     2013 04 20 13 03 43.232     175.4
68
 2013 04 20 08 13 45.035     2013 04 20 08 16 21.926     156.9
 2013 04 20 20 07 29.018     2013 04 20 20 07 31.382       2.4
69
70
 2013 04 20 06 46 11.860     2013 04 20 06 49  9.770     177.9
 2013 04 20 16 50 51.302     2013 04 20 16 51  7.223      15.9
71
 2013 04 20 02 46 39.628     2013 04 20 02 49 14.115     154.5
72
 2013 04 20 06 03 11.936     2013 04 20 06 06 42.061     210.1
73
 2013 04 20 20 46 58.163     2013 04 20 20 50  6.071     187.9
74
 2013 04 20 17 42 41.204     2013 04 20 17 43  3.943      22.7
75
76
 2013 04 20 22 29  1.948     2013 04 20 22 32 10.335     188.4
77
 2013 04 20 11 30 49.880     2013 04 20 11 33 32.392     162.5
 2013 04 20 21 30 53.345     2013 04 20 21 33 36.058     162.7
78
79
80
 2013 04 20 23 09 36.442     2013 04 20 23 12 29.511     173.1
81
 2013 04 20 10 32  1.741     2013 04 20 10 34 56.110     174.4
82
 2013 04 20 03 19  3.202     2013 04 20 03 22 16.546     193.3
 2013 04 20 18 42  5.291     2013 04 20 18 44 53.579     168.3
83
 2013 04 20 10 52 30.390     2013 04 20 10 55  8.827     158.4
 2013 04 20 17 26 19.666     2013 04 20 17 28 53.780     154.1
84
 2013 04 20 07 23 16.386     2013 04 20 07 26  3.669     167.3
85
 2013 04 20 01 00 59.663     2013 04 20 01 02 57.413     117.7
 2013 04 20 14 41 22.586     2013 04 20 14 44 52.129     209.5
86
 2013 04 20 01 01 32.841     2013 04 20 01 02  6.805      34.0
 2013 04 20 14 41 37.141     2013 04 20 14 44 20.527     163.4
87
 2013 04 20 06 52 33.533     2013 04 20 06 55 18.178     164.6
 2013 04 20 15 08 51.624     2013 04 20 15 11 26.801     155.2
88
89
 2013 04 20 01 19 17.871     2013 04 20 01 22 13.294     175.4
90
 2013 04 20 11 20 46.581     2013 04 20 11 23 40.940     174.4
91
 2013 04 20 04 19 38.424     2013 04 20 04 23  4.828     206.4
 2013 04 20 16 07 34.128     2013 04 20 16 11  7.665     213.5
92
 2013 04 20 05 17 18.162     2013 04 20 05 20  2.813     164.7
 2013 04 20 13 34 14.503     2013 04 20 13 37 25.900     191.4
93
 2013 04 20 21 46  1.088     2013 04 20 21 49 18.892     197.8
94
 2013 04 20 05 08 50.822     2013 04 20 05 11 30.435     159.6
95
 2013 04 20 14 30  7.074     2013 04 20 14 33  8.953     181.9
96
 2013 04 20 03 15  2.925     2013 04 20 03 18  2.672     179.7
 2013 04 20 20 17 51.669     2013 04 20 20 21 28.532     216.9
97
 2013 04 20 09 19 23.508     2013 04 20 09 21 59.373     155.9
 2013 04 20 14 13 55.403     2013 04 20 14 17 34.722     219.3
 2013 04 20 15 51 37.922     2013 04 20 15 53   .309      82.4
98
 2013 04 20 10 03  3.577     2013 04 20 10 06  3.512     179.9
 2013 04 20 18 15 37.859     2013 04 20 18 16 49.048      71.2
99
 2013 04 20 00 07 55.096     2013 04 20 00 11  9.137     194.0
 2013 04 20 17 09 12.262     2013 04 20 17 12 20.104     187.8
 2013 04 20 23 44 39.248     2013 04 20 23 48  4.994     205.7
