0 9.2178 28.4519 8 26 9
2  45.0 45.0 0.00
1 18.5527 -27.8999 2 29 9
2  45.0 45.0 0.00
2 36.3709 82.5031 1 18 6
2  45.0 45.0 0.00
3 1.2030 120.5840 6 21 8
2  45.0 45.0 0.00
4 14.2050 -52.9854 2 20 8
2  45.0 45.0 0.00
5 -19.3739 -72.1970 9 19 9
2  45.0 45.0 0.00
6 27.1464 -60.0047 1 23 9
2  45.0 45.0 0.00
7 -39.2528 -175.2060 10 15 7
2  45.0 45.0 0.00
8 -9.5987 -140.9989 4 17 8
2  45.0 45.0 0.00
9 -16.3264 26.9135 4 15 5
2  45.0 45.0 0.00
10 -50.2025 33.3763 1 15 8
2  45.0 45.0 0.00
11 -28.1809 -98.2418 2 15 5
2  45.0 45.0 0.00
12 -13.1893 -136.9004 9 17 9
2  45.0 45.0 0.00
13 1.0390 -126.1697 4 20 6
2  45.0 45.0 0.00
14 -0.2086 116.3529 4 15 6
2  45.0 45.0 0.00
15 2.7214 -101.5494 8 23 7
2  45.0 45.0 0.00
16 25.7016 -73.8400 6 17 8
2  45.0 45.0 0.00
17 -35.6811 -80.5358 1 27 8
2  45.0 45.0 0.00
18 42.6739 169.4293 8 28 7
2  45.0 45.0 0.00
19 -22.2892 154.1011 10 19 7
2  45.0 45.0 0.00
20 -32.1765 -114.7185 9 24 8
2  45.0 45.0 0.00
21 -31.4620 28.5886 6 25 9
2  45.0 45.0 0.00
22 -51.2802 48.1018 7 24 7
2  45.0 45.0 0.00
23 -44.4476 165.8991 2 21 9
2  45.0 45.0 0.00
24 -28.2477 -72.5546 2 25 8
2  45.0 45.0 0.00
25 2.9039 152.4194 5 21 7
2  45.0 45.0 0.00
26 10.3472 151.6649 5 17 7
2  45.0 45.0 0.00
27 6.4798 61.3487 4 20 6
2  45.0 45.0 0.00
28 8.9011 29.8521 9 27 5
2  45.0 45.0 0.00
29 -24.4894 -57.5942 8 19 7
2  45.0 45.0 0.00
30 -18.1372 7.8149 9 22 6
2  45.0 45.0 0.00
31 42.1868 3.1699 6 29 6
2  45.0 45.0 0.00
32 -23.3411 -131.4792 1 18 7
2  45.0 45.0 0.00
33 -42.9371 -5.1886 1 15 6
2  45.0 45.0 0.00
34 -9.5114 26.6367 6 17 9
2  45.0 45.0 0.00
35 15.9625 -22.3732 6 23 9
2  45.0 45.0 0.00
36 -33.1378 44.1684 3 29 7
2  45.0 45.0 0.00
37 -44.9539 -21.3269 2 27 5
2  45.0 45.0 0.00
38 -47.4535 62.8122 5 16 6
2  45.0 45.0 0.00
39 -5.3855 -63.1361 6 19 5
2  45.0 45.0 0.00
40 30.0384 -70.5431 7 15 9
2  45.0 45.0 0.00
41 27.0197 -50.0932 5 22 8
2  45.0 45.0 0.00
42 -4.2255 158.0652 10 16 5
2  45.0 45.0 0.00
43 16.6538 -125.6038 9 25 7
2  45.0 45.0 0.00
44 16.3425 48.0344 10 15 9
2  45.0 45.0 0.00
45 24.9939 -3.6188 5 28 7
2  45.0 45.0 0.00
46 -18.4474 -137.0460 2 22 6
2  45.0 45.0 0.00
47 40.6332 37.7064 5 16 5
2  45.0 45.0 0.00
48 22.7958 164.6386 4 16 5
2  45.0 45.0 0.00
49 -40.9949 25.8344 10 29 7
2  45.0 45.0 0.00
50 -21.4022 55.2506 9 28 5
2  45.0 45.0 0.00
51 -37.1051 -79.6196 10 17 7
2  45.0 45.0 0.00
52 -24.9147 -19.9963 8 15 8
2  45.0 45.0 0.00
53 -16.8731 -17.4046 7 27 8
2  45.0 45.0 0.00
54 -47.4486 -150.5547 10 22 5
2  45.0 45.0 0.00
55 20.8655 4.1488 3 29 9
2  45.0 45.0 0.00
56 -35.6128 3.0296 4 22 7
2  45.0 45.0 0.00
57 18.2843 -99.5915 9 20 6
2  45.0 45.0 0.00
58 11.0768 -17.5841 3 24 7
2  45.0 45.0 0.00
59 -24.3164 155.4533 1 22 7
2  45.0 45.0 0.00
60 17.1297 79.8752 7 19 7
2  45.0 45.0 0.00
61 -30.0722 -132.5397 9 27 9
2  45.0 45.0 0.00
62 14.6734 -60.8137 3 18 5
2  45.0 45.0 0.00
63 27.1932 165.1886 6 21 8
2  45.0 45.0 0.00
64 -40.5489 -143.2854 10 23 7
2  45.0 45.0 0.00
65 10.7289 -24.2643 4 16 9
2  45.0 45.0 0.00
66 28.0932 -178.7584 10 22 6
2  45.0 45.0 0.00
67 -6.1316 -103.5036 8 29 8
2  45.0 45.0 0.00
68 4.3099 -41.2636 7 21 9
2  45.0 45.0 0.00
69 -24.0170 -106.6714 7 24 9
2  45.0 45.0 0.00
70 -19.9553 -6.4308 4 25 7
2  45.0 45.0 0.00
71 6.3193 -130.1030 5 28 5
2  45.0 45.0 0.00
72 30.0723 -159.1735 3 28 9
2  45.0 45.0 0.00
73 14.3078 127.2329 6 29 6
2  45.0 45.0 0.00
74 4.6693 170.5447 1 25 5
2  45.0 45.0 0.00
75 24.6009 57.7966 4 24 8
2  45.0 45.0 0.00
76 -10.8623 116.1069 1 17 8
2  45.0 45.0 0.00
77 -23.0133 -75.2864 7 29 8
2  45.0 45.0 0.00
78 -20.8235 -59.3214 2 27 7
2  45.0 45.0 0.00
79 -1.8223 2.0683 9 22 7
2  45.0 45.0 0.00
80 -8.4800 -91.8285 10 19 9
2  45.0 45.0 0.00
81 -17.1712 100.2922 8 22 5
2  45.0 45.0 0.00
82 42.3015 11.7263 8 16 5
2  45.0 45.0 0.00
83 48.8852 141.7331 9 18 6
2  45.0 45.0 0.00
84 -16.5246 147.9763 3 17 5
2  45.0 45.0 0.00
85 -30.8639 -121.2261 8 17 6
2  45.0 45.0 0.00
86 -29.0081 -119.3689 10 17 8
2  45.0 45.0 0.00
87 -36.8239 11.5748 7 20 9
2  45.0 45.0 0.00
88 0.4562 97.8330 4 27 5
2  45.0 45.0 0.00
89 28.7237 -90.6926 3 25 8
2  45.0 45.0 0.00
90 9.4451 -93.1115 9 17 6
2  45.0 45.0 0.00
91 0.9492 -153.0417 7 16 5
2  45.0 45.0 0.00
92 -34.4769 33.3658 6 17 6
2  45.0 45.0 0.00
93 24.4490 -43.3992 6 19 7
2  45.0 45.0 0.00
94 -7.5229 15.7396 7 21 9
2  45.0 45.0 0.00
95 7.6690 -140.4900 8 17 9
2  45.0 45.0 0.00
96 48.8401 -8.9888 1 22 7
2  45.0 45.0 0.00
97 51.4081 172.2350 4 29 5
2  45.0 45.0 0.00
98 -44.7616 -35.3826 2 19 6
2  45.0 45.0 0.00
99 43.6319 46.0005 2 23 7
2  45.0 45.0 0.00
