0 13.7712 -149.1338 6 23 6
2  45.0 45.0 0.00
1 -26.0914 -92.0804 1 24 6
2  45.0 45.0 0.00
2 48.7156 -168.3621 8 24 5
2  45.0 45.0 0.00
3 31.7927 -88.2623 8 24 8
2  45.0 45.0 0.00
4 -0.7082 47.7991 6 16 7
2  45.0 45.0 0.00
5 3.4276 52.0463 8 15 8
2  45.0 45.0 0.00
6 -45.9191 -129.9607 6 20 7
2  45.0 45.0 0.00
7 -16.4928 -115.3473 3 25 9
2  45.0 45.0 0.00
8 -2.7773 -40.1919 10 26 7
2  45.0 45.0 0.00
9 -18.2053 24.1004 6 24 6
2  45.0 45.0 0.00
10 -41.3211 -34.7760 3 29 9
2  45.0 45.0 0.00
11 52.6970 -176.8502 1 16 7
2  45.0 45.0 0.00
12 11.5838 -113.4864 6 29 8
2  45.0 45.0 0.00
13 33.9818 59.1091 8 16 8
2  45.0 45.0 0.00
14 12.7561 12.2254 5 26 8
2  45.0 45.0 0.00
15 -41.8739 138.0784 1 24 9
2  45.0 45.0 0.00
16 49.3314 172.9839 4 25 7
2  45.0 45.0 0.00
17 17.3205 -118.7543 5 20 7
2  45.0 45.0 0.00
18 -17.4202 -148.1750 3 18 6
2  45.0 45.0 0.00
19 -22.3619 -35.3267 4 29 8
2  45.0 45.0 0.00
20 17.3904 -0.7618 8 28 9
2  45.0 45.0 0.00
21 8.0792 61.2162 6 19 9
2  45.0 45.0 0.00
22 -40.9594 -38.7835 10 17 5
2  45.0 45.0 0.00
23 13.6497 4.8734 6 23 6
2  45.0 45.0 0.00
24 15.9483 -83.3404 1 23 7
2  45.0 45.0 0.00
25 3.3854 -68.0937 2 21 6
2  45.0 45.0 0.00
26 21.5279 140.8000 8 28 6
2  45.0 45.0 0.00
27 -3.4443 -139.1034 8 25 9
2  45.0 45.0 0.00
28 52.2957 140.8056 9 22 7
2  45.0 45.0 0.00
29 46.9994 153.4093 2 16 8
2  45.0 45.0 0.00
30 29.2032 116.1844 7 25 8
2  45.0 45.0 0.00
31 -11.0705 150.8054 1 20 9
2  45.0 45.0 0.00
32 -24.8710 -87.7063 1 28 5
2  45.0 45.0 0.00
33 -29.4172 6.6570 3 29 7
2  45.0 45.0 0.00
34 1.6079 104.3788 2 26 7
2  45.0 45.0 0.00
35 27.4889 105.5571 1 15 6
2  45.0 45.0 0.00
36 11.2149 -105.4795 2 25 8
2  45.0 45.0 0.00
37 40.3180 -106.5189 10 17 5
2  45.0 45.0 0.00
38 5.1519 99.9851 4 28 8
2  45.0 45.0 0.00
39 25.1203 171.7859 7 19 6
2  45.0 45.0 0.00
40 -7.9607 174.2183 10 25 8
2  45.0 45.0 0.00
41 51.4695 -160.3564 2 18 8
2  45.0 45.0 0.00
42 10.8488 132.2194 3 29 8
2  45.0 45.0 0.00
43 -46.8132 28.1575 5 18 5
2  45.0 45.0 0.00
44 -51.0533 -60.1137 4 26 5
2  45.0 45.0 0.00
45 25.1678 147.2466 6 15 9
2  45.0 45.0 0.00
46 29.9075 -8.8771 4 26 7
2  45.0 45.0 0.00
47 12.9173 2.8699 8 15 7
2  45.0 45.0 0.00
48 34.5341 161.0777 1 23 9
2  45.0 45.0 0.00
49 19.2206 115.3430 8 17 6
2  45.0 45.0 0.00
50 -36.1705 83.6110 6 17 9
2  45.0 45.0 0.00
51 -43.2606 -106.7709 10 24 5
2  45.0 45.0 0.00
52 -44.8865 -168.1495 5 21 6
2  45.0 45.0 0.00
53 -39.5374 -149.9887 6 22 9
2  45.0 45.0 0.00
54 5.3418 6.8111 9 26 5
2  45.0 45.0 0.00
55 -45.4817 98.9273 6 28 6
2  45.0 45.0 0.00
56 44.2057 75.3143 9 26 6
2  45.0 45.0 0.00
57 -47.7113 -62.1407 2 28 7
2  45.0 45.0 0.00
58 -8.6446 142.1583 7 15 5
2  45.0 45.0 0.00
59 31.0448 4.0780 10 18 6
2  45.0 45.0 0.00
60 10.3839 -67.8440 6 18 7
2  45.0 45.0 0.00
61 14.8240 171.1658 1 29 6
2  45.0 45.0 0.00
62 -19.3892 -77.2230 9 18 5
2  45.0 45.0 0.00
63 -14.0624 -72.3069 6 17 5
2  45.0 45.0 0.00
64 31.7595 -112.3586 5 29 6
2  45.0 45.0 0.00
65 16.4841 3.7547 5 25 6
2  45.0 45.0 0.00
66 6.3175 7.1174 8 23 8
2  45.0 45.0 0.00
67 11.1820 -16.6175 3 19 6
2  45.0 45.0 0.00
68 -45.1101 -54.9298 6 23 8
2  45.0 45.0 0.00
69 -38.9067 54.4344 4 27 7
2  45.0 45.0 0.00
70 -0.6649 -56.0178 6 16 9
2  45.0 45.0 0.00
71 -9.5327 -57.7786 8 29 5
2  45.0 45.0 0.00
72 -39.2815 -85.1890 4 26 7
2  45.0 45.0 0.00
73 31.5151 76.7704 3 21 9
2  45.0 45.0 0.00
74 43.8306 -174.0703 10 28 8
2  45.0 45.0 0.00
75 -5.0667 45.8554 4 19 9
2  45.0 45.0 0.00
76 -52.5438 59.7658 3 17 8
2  45.0 45.0 0.00
77 -30.1883 -35.0490 3 25 9
2  45.0 45.0 0.00
78 -24.8054 -0.6704 9 18 9
2  45.0 45.0 0.00
79 32.9733 39.6151 4 29 7
2  45.0 45.0 0.00
80 -8.5113 -112.5315 6 29 7
2  45.0 45.0 0.00
81 -2.4108 -19.5676 7 22 7
2  45.0 45.0 0.00
82 29.9654 -157.1296 4 29 8
2  45.0 45.0 0.00
83 -3.8792 -154.9600 4 15 6
2  45.0 45.0 0.00
84 -11.1649 -172.9209 1 22 9
2  45.0 45.0 0.00
85 -8.9720 95.9590 7 29 6
2  45.0 45.0 0.00
86 36.2689 50.8340 6 27 7
2  45.0 45.0 0.00
87 33.5905 70.8884 9 23 5
2  45.0 45.0 0.00
88 28.5732 143.2680 8 18 8
2  45.0 45.0 0.00
89 -31.5394 5.1835 1 22 7
2  45.0 45.0 0.00
90 25.6005 20.5944 10 25 6
2  45.0 45.0 0.00
91 -10.5957 76.8939 2 29 9
2  45.0 45.0 0.00
92 22.3346 -10.9456 3 19 9
2  45.0 45.0 0.00
93 -38.0024 -107.1104 5 23 9
2  45.0 45.0 0.00
94 28.2481 -9.6773 6 15 7
2  45.0 45.0 0.00
95 -0.3494 112.3690 3 27 9
2  45.0 45.0 0.00
96 42.5017 -84.9559 5 20 6
2  45.0 45.0 0.00
97 -22.7950 166.5001 9 22 6
2  45.0 45.0 0.00
98 -42.0505 80.7911 5 24 9
2  45.0 45.0 0.00
99 -21.2039 39.4994 1 19 5
2  45.0 45.0 0.00
100 52.9986 170.0049 10 24 5
2  45.0 45.0 0.00
101 -24.5501 15.9669 2 17 5
2  45.0 45.0 0.00
102 9.3178 141.1361 7 16 7
2  45.0 45.0 0.00
103 -5.6506 -152.9767 4 15 5
2  45.0 45.0 0.00
104 -34.0274 68.5392 3 18 7
2  45.0 45.0 0.00
105 -48.5404 114.8845 5 18 7
2  45.0 45.0 0.00
106 41.0203 3.2909 10 24 9
2  45.0 45.0 0.00
107 45.4447 51.5414 5 20 5
2  45.0 45.0 0.00
108 25.5036 108.5886 6 21 8
2  45.0 45.0 0.00
109 -30.6073 54.9116 9 17 7
2  45.0 45.0 0.00
110 -29.1608 37.9015 7 18 9
2  45.0 45.0 0.00
111 -20.1824 84.9359 8 18 8
2  45.0 45.0 0.00
112 -5.3772 -56.7796 2 25 5
2  45.0 45.0 0.00
113 -44.6512 -98.2021 8 16 5
2  45.0 45.0 0.00
114 32.1733 85.5949 4 28 7
2  45.0 45.0 0.00
115 -13.0007 -96.8792 5 23 7
2  45.0 45.0 0.00
116 -11.7088 55.8355 3 25 9
2  45.0 45.0 0.00
117 -23.1396 -82.5595 8 25 5
2  45.0 45.0 0.00
118 -32.5642 -22.1781 2 25 9
2  45.0 45.0 0.00
119 -10.7780 -151.3122 2 21 9
2  45.0 45.0 0.00
120 51.3078 9.6232 8 16 5
2  45.0 45.0 0.00
121 -1.3637 78.6673 9 26 7
2  45.0 45.0 0.00
122 -44.6568 -120.0678 4 24 7
2  45.0 45.0 0.00
123 31.1823 44.1882 8 28 6
2  45.0 45.0 0.00
124 32.6580 3.0651 5 29 9
2  45.0 45.0 0.00
125 -14.2965 -166.7882 3 28 6
2  45.0 45.0 0.00
126 -21.4477 117.9225 1 24 8
2  45.0 45.0 0.00
127 38.4577 10.2814 3 24 9
2  45.0 45.0 0.00
128 6.6972 9.0357 3 18 8
2  45.0 45.0 0.00
129 -50.2109 97.9018 1 19 6
2  45.0 45.0 0.00
130 29.2111 -120.8050 4 16 7
2  45.0 45.0 0.00
131 -2.5947 25.7342 10 18 9
2  45.0 45.0 0.00
132 -5.2538 117.1358 5 20 7
2  45.0 45.0 0.00
133 -26.3784 4.2634 2 28 6
2  45.0 45.0 0.00
134 -24.8450 175.0441 9 29 5
2  45.0 45.0 0.00
135 -23.0025 -84.2606 10 17 9
2  45.0 45.0 0.00
136 9.8768 94.3675 2 24 5
2  45.0 45.0 0.00
137 -38.8774 75.1962 3 18 8
2  45.0 45.0 0.00
138 -22.1196 -73.2162 8 26 7
2  45.0 45.0 0.00
139 25.2072 -125.9676 9 27 8
2  45.0 45.0 0.00
140 1.5338 124.1522 9 16 6
2  45.0 45.0 0.00
141 30.6703 -98.2246 1 16 7
2  45.0 45.0 0.00
142 -30.7847 -40.1006 8 21 8
2  45.0 45.0 0.00
143 19.9602 -111.1199 9 19 5
2  45.0 45.0 0.00
144 4.4805 -71.3881 10 17 7
2  45.0 45.0 0.00
145 49.7131 -98.6336 6 21 5
2  45.0 45.0 0.00
146 -38.9120 -25.9819 2 22 5
2  45.0 45.0 0.00
147 26.3209 67.8083 7 18 9
2  45.0 45.0 0.00
148 43.0443 32.5620 6 25 5
2  45.0 45.0 0.00
149 42.6878 142.2397 6 15 8
2  45.0 45.0 0.00
150 4.9259 114.2885 2 25 8
2  45.0 45.0 0.00
151 -30.4464 59.8578 3 24 9
2  45.0 45.0 0.00
152 6.7124 109.5397 1 29 6
2  45.0 45.0 0.00
153 29.8656 135.9322 6 20 5
2  45.0 45.0 0.00
154 52.9944 160.0839 2 20 8
2  45.0 45.0 0.00
155 47.8928 46.4054 1 17 9
2  45.0 45.0 0.00
156 -45.1686 -121.7938 7 26 5
2  45.0 45.0 0.00
157 -19.5637 71.3060 7 27 8
2  45.0 45.0 0.00
158 -44.3039 -156.5318 5 21 9
2  45.0 45.0 0.00
159 -42.2090 49.7970 10 19 7
2  45.0 45.0 0.00
160 -50.3367 3.9592 8 15 7
2  45.0 45.0 0.00
161 10.7901 -12.7171 2 16 8
2  45.0 45.0 0.00
162 8.8898 10.1821 4 25 5
2  45.0 45.0 0.00
163 -10.4261 -170.8572 1 28 8
2  45.0 45.0 0.00
164 -44.1301 -154.3900 3 24 7
2  45.0 45.0 0.00
165 46.0844 1.8082 1 21 8
2  45.0 45.0 0.00
166 -19.7697 -63.3191 10 25 5
2  45.0 45.0 0.00
167 6.6657 -134.1764 7 18 9
2  45.0 45.0 0.00
168 37.1808 25.1714 1 17 7
2  45.0 45.0 0.00
169 5.6980 -53.2705 9 19 9
2  45.0 45.0 0.00
170 -44.9011 74.4677 6 23 6
2  45.0 45.0 0.00
171 48.1225 134.4687 7 21 7
2  45.0 45.0 0.00
172 -42.7424 179.3314 3 22 8
2  45.0 45.0 0.00
173 -25.4662 128.1342 1 23 7
2  45.0 45.0 0.00
174 -23.9186 96.6313 5 15 8
2  45.0 45.0 0.00
175 1.4583 146.8982 5 18 8
2  45.0 45.0 0.00
176 8.7696 -109.9093 5 23 5
2  45.0 45.0 0.00
177 11.3037 95.2048 9 21 7
2  45.0 45.0 0.00
178 20.0721 61.0756 7 26 8
2  45.0 45.0 0.00
179 37.3777 -144.0205 10 22 7
2  45.0 45.0 0.00
180 20.9697 104.4047 7 27 7
2  45.0 45.0 0.00
181 -20.3537 54.1217 3 27 8
2  45.0 45.0 0.00
182 -48.1308 58.9496 2 26 9
2  45.0 45.0 0.00
183 42.6198 -36.6526 7 20 9
2  45.0 45.0 0.00
184 -0.4988 -39.7194 4 16 8
2  45.0 45.0 0.00
185 11.0981 177.5857 8 20 8
2  45.0 45.0 0.00
186 -9.1357 -25.5893 6 26 5
2  45.0 45.0 0.00
187 31.0282 -49.9853 8 17 9
2  45.0 45.0 0.00
188 48.3679 154.3893 6 25 6
2  45.0 45.0 0.00
189 -50.2853 151.0115 7 26 5
2  45.0 45.0 0.00
190 -4.8301 88.6860 1 25 5
2  45.0 45.0 0.00
191 -20.3352 73.4305 2 15 8
2  45.0 45.0 0.00
192 -19.6428 -87.1806 7 15 6
2  45.0 45.0 0.00
193 12.4038 135.4410 8 24 6
2  45.0 45.0 0.00
194 4.3377 -105.1176 9 22 6
2  45.0 45.0 0.00
195 7.0422 79.4625 5 26 5
2  45.0 45.0 0.00
196 19.6336 -103.0616 8 20 8
2  45.0 45.0 0.00
197 17.7513 90.2673 2 26 9
2  45.0 45.0 0.00
198 -43.5930 -69.9018 5 23 5
2  45.0 45.0 0.00
199 21.0377 141.4834 3 21 7
2  45.0 45.0 0.00
200 -37.1651 -83.8090 1 23 6
2  45.0 45.0 0.00
201 -26.8788 -92.9860 5 21 7
2  45.0 45.0 0.00
202 9.2675 155.6961 6 28 9
2  45.0 45.0 0.00
203 -42.2969 144.4047 10 18 5
2  45.0 45.0 0.00
204 38.8251 -139.6282 1 25 8
2  45.0 45.0 0.00
205 -28.0801 57.6573 8 19 9
2  45.0 45.0 0.00
206 18.3832 -74.5359 8 18 5
2  45.0 45.0 0.00
207 -8.6893 50.8395 6 17 6
2  45.0 45.0 0.00
208 -7.8695 -72.5380 9 17 7
2  45.0 45.0 0.00
209 -36.4369 -44.6038 9 24 6
2  45.0 45.0 0.00
210 31.5185 48.4831 2 19 7
2  45.0 45.0 0.00
211 -49.0524 35.4801 2 27 7
2  45.0 45.0 0.00
212 9.1443 152.3782 3 22 9
2  45.0 45.0 0.00
213 -21.7858 82.0643 9 27 6
2  45.0 45.0 0.00
214 -4.2663 88.1000 6 29 6
2  45.0 45.0 0.00
215 7.1835 154.4391 7 18 9
2  45.0 45.0 0.00
216 38.0533 -175.3869 6 16 9
2  45.0 45.0 0.00
217 -48.8924 -178.3346 10 25 9
2  45.0 45.0 0.00
218 33.8638 106.3762 6 25 5
2  45.0 45.0 0.00
219 0.2636 112.2776 3 20 7
2  45.0 45.0 0.00
220 -7.6003 13.0902 6 20 8
2  45.0 45.0 0.00
221 -47.4220 62.1161 7 15 9
2  45.0 45.0 0.00
222 -41.5261 -48.3382 7 15 9
2  45.0 45.0 0.00
223 7.7860 112.8731 4 25 9
2  45.0 45.0 0.00
224 -22.2762 -176.3150 9 28 8
2  45.0 45.0 0.00
225 17.4119 -164.9236 8 28 5
2  45.0 45.0 0.00
226 27.1240 29.7891 2 25 6
2  45.0 45.0 0.00
227 -18.8011 62.4696 2 21 5
2  45.0 45.0 0.00
228 -14.1822 -179.8402 9 28 6
2  45.0 45.0 0.00
229 -4.9033 102.1102 5 27 8
2  45.0 45.0 0.00
230 20.0287 -132.6529 7 21 8
2  45.0 45.0 0.00
231 -8.6853 42.2202 4 23 9
2  45.0 45.0 0.00
232 -51.8612 93.7441 1 29 8
2  45.0 45.0 0.00
233 2.7027 69.9520 9 26 8
2  45.0 45.0 0.00
234 42.3921 -52.9175 1 23 9
2  45.0 45.0 0.00
235 -22.3232 -135.0186 5 23 6
2  45.0 45.0 0.00
236 40.3461 -107.2434 3 18 6
2  45.0 45.0 0.00
237 13.1829 -134.3882 5 29 9
2  45.0 45.0 0.00
238 21.7674 -148.6466 8 23 5
2  45.0 45.0 0.00
239 11.2154 -175.9035 9 18 7
2  45.0 45.0 0.00
240 27.4997 -177.3861 10 17 7
2  45.0 45.0 0.00
241 -17.3900 20.8140 8 21 6
2  45.0 45.0 0.00
242 -21.9298 -173.7767 1 19 8
2  45.0 45.0 0.00
243 32.7160 3.9660 2 25 6
2  45.0 45.0 0.00
244 -10.7275 89.5172 3 27 9
2  45.0 45.0 0.00
245 33.1603 108.5991 4 22 5
2  45.0 45.0 0.00
246 -23.5294 151.2719 9 16 6
2  45.0 45.0 0.00
247 39.5764 -157.2484 6 24 7
2  45.0 45.0 0.00
248 -45.9456 60.0414 2 25 9
2  45.0 45.0 0.00
249 19.9350 110.3595 5 28 9
2  45.0 45.0 0.00
250 -42.9524 -56.9321 1 29 6
2  45.0 45.0 0.00
251 -51.8581 -123.1952 6 17 6
2  45.0 45.0 0.00
252 3.6336 -160.0431 10 20 6
2  45.0 45.0 0.00
253 -13.4710 140.6560 8 28 5
2  45.0 45.0 0.00
254 26.0170 129.5284 3 17 5
2  45.0 45.0 0.00
255 24.5937 -158.6420 2 29 7
2  45.0 45.0 0.00
256 -52.3344 134.3628 7 23 5
2  45.0 45.0 0.00
257 46.2339 155.8968 8 28 9
2  45.0 45.0 0.00
258 22.8506 137.1747 6 21 7
2  45.0 45.0 0.00
259 -51.8218 -64.9203 6 19 5
2  45.0 45.0 0.00
260 31.5196 147.7614 1 27 8
2  45.0 45.0 0.00
261 -28.0913 -109.3606 4 28 5
2  45.0 45.0 0.00
262 47.8531 -102.2145 8 25 7
2  45.0 45.0 0.00
263 17.0712 -10.9217 10 19 8
2  45.0 45.0 0.00
264 -6.3740 -174.1531 9 15 7
2  45.0 45.0 0.00
265 38.6266 -18.8952 6 24 7
2  45.0 45.0 0.00
266 -9.2909 94.5648 2 26 7
2  45.0 45.0 0.00
267 -42.8420 -165.2912 9 29 8
2  45.0 45.0 0.00
268 25.4346 -166.8640 6 26 5
2  45.0 45.0 0.00
269 -0.0530 -106.3391 6 27 7
2  45.0 45.0 0.00
270 4.3940 -176.1601 10 25 6
2  45.0 45.0 0.00
271 29.7980 135.4000 7 18 5
2  45.0 45.0 0.00
272 30.4723 32.9966 5 20 9
2  45.0 45.0 0.00
273 -32.9910 -21.2523 4 18 8
2  45.0 45.0 0.00
274 12.7403 6.8915 9 24 5
2  45.0 45.0 0.00
275 -10.2418 -93.9173 1 29 5
2  45.0 45.0 0.00
276 16.9376 37.0727 1 15 7
2  45.0 45.0 0.00
277 -10.4215 -147.6478 7 21 8
2  45.0 45.0 0.00
278 -29.7098 103.8504 1 28 6
2  45.0 45.0 0.00
279 -37.2811 49.6101 8 27 8
2  45.0 45.0 0.00
280 -46.7953 164.0941 4 17 8
2  45.0 45.0 0.00
281 -50.6351 -32.2058 4 23 6
2  45.0 45.0 0.00
282 4.4515 148.6417 3 18 5
2  45.0 45.0 0.00
283 -33.4436 18.5854 9 27 6
2  45.0 45.0 0.00
284 -42.5169 -170.0963 10 21 8
2  45.0 45.0 0.00
285 35.1621 49.7153 7 20 6
2  45.0 45.0 0.00
286 28.1508 -30.3484 10 19 8
2  45.0 45.0 0.00
287 21.6210 -17.1430 1 20 6
2  45.0 45.0 0.00
288 52.0613 2.5301 6 16 7
2  45.0 45.0 0.00
289 -20.4765 18.5205 6 28 7
2  45.0 45.0 0.00
290 10.2465 109.9170 6 22 8
2  45.0 45.0 0.00
291 -49.7114 -1.2887 3 23 5
2  45.0 45.0 0.00
292 -12.2735 -160.4001 5 18 6
2  45.0 45.0 0.00
293 -39.6126 51.2991 5 23 9
2  45.0 45.0 0.00
294 24.6041 -109.6495 2 23 8
2  45.0 45.0 0.00
295 9.7381 147.8478 10 28 5
2  45.0 45.0 0.00
296 -23.2911 93.6887 4 28 8
2  45.0 45.0 0.00
297 48.7863 159.7649 4 23 6
2  45.0 45.0 0.00
298 -30.9996 145.0840 10 20 8
2  45.0 45.0 0.00
299 46.2902 -83.6004 2 26 5
2  45.0 45.0 0.00
300 17.4188 163.4075 5 28 6
2  45.0 45.0 0.00
301 -10.4678 -98.0761 9 25 8
2  45.0 45.0 0.00
302 -40.2444 32.9658 7 22 8
2  45.0 45.0 0.00
303 13.1403 -130.5621 2 21 5
2  45.0 45.0 0.00
304 -33.6545 -148.2093 6 18 5
2  45.0 45.0 0.00
305 34.8849 130.3359 9 27 7
2  45.0 45.0 0.00
306 -18.6462 -117.4414 1 27 8
2  45.0 45.0 0.00
307 -18.4056 136.0234 7 23 9
2  45.0 45.0 0.00
308 24.6643 -92.3348 10 27 8
2  45.0 45.0 0.00
309 12.2938 -34.5022 9 24 7
2  45.0 45.0 0.00
310 31.7335 111.6795 6 25 7
2  45.0 45.0 0.00
311 8.0582 78.8029 3 27 7
2  45.0 45.0 0.00
312 4.1555 -27.0839 1 16 8
2  45.0 45.0 0.00
313 47.3356 97.9173 4 28 9
2  45.0 45.0 0.00
314 26.0890 20.9190 9 22 5
2  45.0 45.0 0.00
315 46.5330 -84.6530 8 23 5
2  45.0 45.0 0.00
316 -7.9561 -108.9577 3 18 5
2  45.0 45.0 0.00
317 1.4704 -1.1854 3 18 6
2  45.0 45.0 0.00
318 11.3913 -174.9006 2 17 9
2  45.0 45.0 0.00
319 -20.3610 -137.0882 4 17 6
2  45.0 45.0 0.00
320 36.4627 11.3092 10 25 8
2  45.0 45.0 0.00
321 -27.4260 -70.3503 9 23 8
2  45.0 45.0 0.00
322 -20.0162 -121.9293 4 25 5
2  45.0 45.0 0.00
323 -16.7625 -108.9229 6 16 7
2  45.0 45.0 0.00
324 -5.3154 10.3151 9 22 9
2  45.0 45.0 0.00
325 24.5875 -27.6275 3 23 8
2  45.0 45.0 0.00
326 33.8978 -135.5895 5 18 6
2  45.0 45.0 0.00
327 41.7140 4.1290 5 22 5
2  45.0 45.0 0.00
328 -30.8153 165.8430 1 21 5
2  45.0 45.0 0.00
329 -5.7073 -67.3818 9 29 6
2  45.0 45.0 0.00
330 -41.2892 179.6913 1 25 7
2  45.0 45.0 0.00
331 -19.5746 -164.5692 5 27 7
2  45.0 45.0 0.00
332 33.7088 90.0673 1 26 6
2  45.0 45.0 0.00
333 -33.0927 151.2485 5 21 8
2  45.0 45.0 0.00
334 35.0217 62.0809 7 29 7
2  45.0 45.0 0.00
335 -1.1469 -149.3261 7 21 5
2  45.0 45.0 0.00
336 -8.5723 -16.1198 9 17 8
2  45.0 45.0 0.00
337 33.9887 -30.8024 4 26 8
2  45.0 45.0 0.00
338 37.1705 68.6224 2 16 5
2  45.0 45.0 0.00
339 -4.3351 -113.0157 2 16 7
2  45.0 45.0 0.00
340 2.7585 131.0433 7 18 8
2  45.0 45.0 0.00
341 -6.5686 -159.2054 3 19 9
2  45.0 45.0 0.00
342 -28.6063 48.8115 10 26 8
2  45.0 45.0 0.00
343 -14.5448 25.6686 7 15 9
2  45.0 45.0 0.00
344 28.9769 -126.6323 7 24 8
2  45.0 45.0 0.00
345 -38.1838 30.2889 9 27 6
2  45.0 45.0 0.00
346 -20.8701 170.3580 2 27 7
2  45.0 45.0 0.00
347 5.8427 -100.6405 3 22 7
2  45.0 45.0 0.00
348 27.8659 -133.2200 10 29 9
2  45.0 45.0 0.00
349 -30.2018 155.5692 9 22 7
2  45.0 45.0 0.00
350 41.1069 -131.3506 9 17 9
2  45.0 45.0 0.00
351 -12.9554 -105.2139 9 24 9
2  45.0 45.0 0.00
352 37.5130 -107.4826 1 15 8
2  45.0 45.0 0.00
353 -25.7673 117.5250 7 19 6
2  45.0 45.0 0.00
354 -37.9118 -149.1400 2 23 5
2  45.0 45.0 0.00
355 15.2028 -105.1963 9 27 8
2  45.0 45.0 0.00
356 -30.9902 -139.3203 7 21 7
2  45.0 45.0 0.00
357 -35.1946 120.5040 3 28 8
2  45.0 45.0 0.00
358 -16.1776 36.2483 10 24 7
2  45.0 45.0 0.00
359 6.5135 -151.2881 1 19 5
2  45.0 45.0 0.00
360 -11.8064 43.6259 7 17 6
2  45.0 45.0 0.00
361 32.0203 36.1912 7 16 5
2  45.0 45.0 0.00
362 -34.9809 -45.6373 2 28 6
2  45.0 45.0 0.00
363 25.5351 92.0421 9 24 6
2  45.0 45.0 0.00
364 -8.2490 163.0783 5 25 7
2  45.0 45.0 0.00
365 4.4151 -13.7125 8 16 9
2  45.0 45.0 0.00
366 6.7487 151.2088 4 25 5
2  45.0 45.0 0.00
367 9.1644 167.5999 3 17 8
2  45.0 45.0 0.00
368 7.1491 89.9400 5 27 7
2  45.0 45.0 0.00
369 50.2601 74.8306 8 20 7
2  45.0 45.0 0.00
370 32.4122 -22.8499 4 28 8
2  45.0 45.0 0.00
371 -6.8239 149.8613 3 26 7
2  45.0 45.0 0.00
372 -16.9421 5.2819 2 16 8
2  45.0 45.0 0.00
373 -26.5035 69.4098 7 26 5
2  45.0 45.0 0.00
374 29.1862 36.3942 3 28 9
2  45.0 45.0 0.00
375 18.2687 -138.3827 10 19 8
2  45.0 45.0 0.00
376 35.3816 -149.9755 8 22 8
2  45.0 45.0 0.00
377 -39.5232 177.8438 6 15 9
2  45.0 45.0 0.00
378 18.0385 -98.6030 8 24 7
2  45.0 45.0 0.00
379 -47.4062 54.8965 2 17 8
2  45.0 45.0 0.00
380 -23.1773 147.8791 5 20 6
2  45.0 45.0 0.00
381 -31.3038 5.4940 6 15 8
2  45.0 45.0 0.00
382 -19.0778 42.9765 6 16 8
2  45.0 45.0 0.00
383 -25.7827 -173.6564 4 21 5
2  45.0 45.0 0.00
384 -25.8686 60.0350 6 28 6
2  45.0 45.0 0.00
385 5.2193 167.6566 7 20 8
2  45.0 45.0 0.00
386 -50.8953 171.4093 9 22 5
2  45.0 45.0 0.00
387 44.8395 80.0479 6 17 5
2  45.0 45.0 0.00
388 11.8591 158.7176 4 19 6
2  45.0 45.0 0.00
389 -47.6157 -126.3848 5 28 6
2  45.0 45.0 0.00
390 -49.2740 -101.6726 9 29 6
2  45.0 45.0 0.00
391 12.1458 -179.8488 3 17 8
2  45.0 45.0 0.00
392 -27.6694 -117.8619 1 19 9
2  45.0 45.0 0.00
393 -16.5484 -145.4073 6 28 6
2  45.0 45.0 0.00
394 3.6477 120.9228 4 19 9
2  45.0 45.0 0.00
395 -19.6022 -49.3743 9 23 8
2  45.0 45.0 0.00
396 -10.5674 -161.3935 6 16 9
2  45.0 45.0 0.00
397 32.0416 -179.1990 9 18 9
2  45.0 45.0 0.00
398 44.7949 31.1587 10 22 5
2  45.0 45.0 0.00
399 -6.4371 40.2999 1 21 9
2  45.0 45.0 0.00
400 48.1987 -94.2130 2 25 9
2  45.0 45.0 0.00
401 -31.8790 142.3092 4 17 6
2  45.0 45.0 0.00
402 -26.3162 -21.5517 10 20 5
2  45.0 45.0 0.00
403 -33.1480 -144.3594 7 22 9
2  45.0 45.0 0.00
404 -16.7842 122.1013 8 29 6
2  45.0 45.0 0.00
405 47.4732 -48.1708 5 18 8
2  45.0 45.0 0.00
406 21.5318 144.5674 5 25 8
2  45.0 45.0 0.00
407 -35.8269 -56.6940 6 17 7
2  45.0 45.0 0.00
408 43.1395 131.8239 7 28 5
2  45.0 45.0 0.00
409 -1.8593 -106.6343 7 19 7
2  45.0 45.0 0.00
410 -16.9313 -138.5033 10 21 5
2  45.0 45.0 0.00
411 -40.7534 -88.4109 8 21 7
2  45.0 45.0 0.00
412 35.3046 66.6445 5 20 9
2  45.0 45.0 0.00
413 -15.8833 76.7201 3 26 7
2  45.0 45.0 0.00
414 36.5453 146.8447 5 15 6
2  45.0 45.0 0.00
415 -2.5990 163.1701 9 29 8
2  45.0 45.0 0.00
416 25.8710 -159.8415 10 25 9
2  45.0 45.0 0.00
417 9.3133 -22.1001 2 24 9
2  45.0 45.0 0.00
418 43.2052 157.0671 5 26 5
2  45.0 45.0 0.00
419 -29.4836 -7.4617 9 29 8
2  45.0 45.0 0.00
420 28.5509 -19.5245 4 26 5
2  45.0 45.0 0.00
421 -7.1689 -146.3977 1 16 6
2  45.0 45.0 0.00
422 -35.7979 -81.8752 4 26 7
2  45.0 45.0 0.00
423 29.3690 175.2470 7 23 8
2  45.0 45.0 0.00
424 43.6240 -142.2633 7 28 5
2  45.0 45.0 0.00
425 43.2977 -131.2723 6 29 7
2  45.0 45.0 0.00
426 52.5980 173.6046 6 18 6
2  45.0 45.0 0.00
427 -21.3801 -69.2998 3 24 8
2  45.0 45.0 0.00
428 -0.5807 -61.6055 7 19 7
2  45.0 45.0 0.00
429 14.3129 -114.1744 4 20 6
2  45.0 45.0 0.00
430 -28.0842 158.4261 1 17 5
2  45.0 45.0 0.00
431 17.4396 9.2917 4 25 7
2  45.0 45.0 0.00
432 -21.5165 -130.8591 2 23 8
2  45.0 45.0 0.00
433 -33.9148 -154.3757 4 21 6
2  45.0 45.0 0.00
434 -3.2260 -49.6459 4 26 5
2  45.0 45.0 0.00
435 8.7634 110.7796 2 20 8
2  45.0 45.0 0.00
436 23.9157 107.9520 9 23 7
2  45.0 45.0 0.00
437 -47.0497 111.7081 4 15 9
2  45.0 45.0 0.00
438 28.8840 49.8365 6 16 8
2  45.0 45.0 0.00
439 -15.0500 93.7249 4 23 6
2  45.0 45.0 0.00
440 6.7680 101.5743 2 16 5
2  45.0 45.0 0.00
441 39.5338 -110.9144 6 15 5
2  45.0 45.0 0.00
442 37.8211 -132.2091 9 28 8
2  45.0 45.0 0.00
443 -0.3024 28.5002 5 15 6
2  45.0 45.0 0.00
444 -13.8066 -174.0523 3 21 8
2  45.0 45.0 0.00
445 35.0999 -79.0620 6 16 8
2  45.0 45.0 0.00
446 34.1666 -95.0026 8 17 8
2  45.0 45.0 0.00
447 47.0078 68.1456 4 22 9
2  45.0 45.0 0.00
448 38.6085 91.4367 5 15 5
2  45.0 45.0 0.00
449 14.8122 82.3713 7 21 6
2  45.0 45.0 0.00
450 29.5583 71.3088 9 17 9
2  45.0 45.0 0.00
451 5.0167 -55.5373 8 21 7
2  45.0 45.0 0.00
452 9.8132 -148.8364 8 19 6
2  45.0 45.0 0.00
453 12.7941 162.5847 10 19 6
2  45.0 45.0 0.00
454 32.6326 -160.5432 5 16 9
2  45.0 45.0 0.00
455 12.2704 168.9828 4 19 9
2  45.0 45.0 0.00
456 -42.1539 124.5806 10 28 9
2  45.0 45.0 0.00
457 -39.8299 -165.8419 1 18 9
2  45.0 45.0 0.00
458 10.3604 -87.8347 8 16 6
2  45.0 45.0 0.00
459 29.4325 -26.3287 9 27 5
2  45.0 45.0 0.00
460 19.9401 -22.0731 1 16 8
2  45.0 45.0 0.00
461 23.8293 27.6073 1 19 7
2  45.0 45.0 0.00
462 8.2607 -155.5973 2 21 7
2  45.0 45.0 0.00
463 26.1311 -107.4695 7 22 6
2  45.0 45.0 0.00
464 8.6254 80.4930 9 21 7
2  45.0 45.0 0.00
465 5.4950 167.8836 9 28 5
2  45.0 45.0 0.00
466 -32.9773 -126.4954 7 16 9
2  45.0 45.0 0.00
467 17.3454 81.8495 3 17 8
2  45.0 45.0 0.00
468 5.0413 86.2958 3 25 8
2  45.0 45.0 0.00
469 3.1752 111.3171 3 24 7
2  45.0 45.0 0.00
470 8.0763 158.2664 2 23 6
2  45.0 45.0 0.00
471 49.2394 179.2348 5 23 9
2  45.0 45.0 0.00
472 27.3969 58.2888 6 19 9
2  45.0 45.0 0.00
473 -7.4935 167.3434 10 22 6
2  45.0 45.0 0.00
474 -50.9690 -159.2945 10 25 9
2  45.0 45.0 0.00
475 36.2160 -160.5409 4 26 6
2  45.0 45.0 0.00
476 25.7183 -50.0406 4 20 9
2  45.0 45.0 0.00
477 -26.5779 18.6743 1 26 7
2  45.0 45.0 0.00
478 17.5707 -129.6496 4 19 6
2  45.0 45.0 0.00
479 40.8785 -17.2279 6 25 8
2  45.0 45.0 0.00
480 6.9018 -79.6413 8 20 8
2  45.0 45.0 0.00
481 1.9797 -104.0964 2 24 5
2  45.0 45.0 0.00
482 43.5097 -89.3004 7 18 7
2  45.0 45.0 0.00
483 -10.8689 -64.1423 8 21 9
2  45.0 45.0 0.00
484 40.0080 -116.0370 8 16 9
2  45.0 45.0 0.00
485 40.2056 98.3941 4 22 7
2  45.0 45.0 0.00
486 -11.7113 -62.6145 5 15 7
2  45.0 45.0 0.00
487 -3.8318 169.5841 8 26 8
2  45.0 45.0 0.00
488 -48.9273 144.5832 6 26 8
2  45.0 45.0 0.00
489 -9.1353 135.7438 4 26 7
2  45.0 45.0 0.00
490 6.7648 -166.3040 2 27 5
2  45.0 45.0 0.00
491 -11.9317 -116.6587 9 22 6
2  45.0 45.0 0.00
492 26.0081 75.9269 3 18 7
2  45.0 45.0 0.00
493 8.9462 -95.2722 3 25 8
2  45.0 45.0 0.00
494 -7.8020 31.7270 4 24 6
2  45.0 45.0 0.00
495 50.4363 -37.9394 7 19 7
2  45.0 45.0 0.00
496 -52.7634 179.0854 9 15 6
2  45.0 45.0 0.00
497 -15.7440 -0.3963 9 15 8
2  45.0 45.0 0.00
498 -22.4823 -2.1145 4 21 7
2  45.0 45.0 0.00
499 -18.2836 64.3686 8 18 7
2  45.0 45.0 0.00
500 -34.0829 -121.7593 9 15 5
2  45.0 45.0 0.00
501 50.4230 -43.9263 7 21 6
2  45.0 45.0 0.00
502 52.2394 127.3144 10 29 7
2  45.0 45.0 0.00
503 26.2774 55.0256 3 28 8
2  45.0 45.0 0.00
504 -43.9371 -96.5392 10 16 6
2  45.0 45.0 0.00
505 45.8206 -123.0157 1 17 8
2  45.0 45.0 0.00
506 -21.5167 -111.7319 4 26 8
2  45.0 45.0 0.00
507 36.0879 159.7089 8 29 8
2  45.0 45.0 0.00
508 50.1898 -161.8313 9 25 8
2  45.0 45.0 0.00
509 -6.9693 13.7606 5 15 6
2  45.0 45.0 0.00
510 18.5144 94.2548 1 22 8
2  45.0 45.0 0.00
511 47.3425 -146.0714 8 25 5
2  45.0 45.0 0.00
512 33.6443 -96.5410 8 27 9
2  45.0 45.0 0.00
513 32.1382 -160.4472 7 18 8
2  45.0 45.0 0.00
514 32.2520 76.8752 4 19 9
2  45.0 45.0 0.00
515 -49.2868 22.8719 10 20 9
2  45.0 45.0 0.00
516 -11.2311 -128.3087 7 28 7
2  45.0 45.0 0.00
517 3.7305 72.1924 7 17 9
2  45.0 45.0 0.00
518 26.0978 -103.3288 8 27 9
2  45.0 45.0 0.00
519 25.6158 -106.5353 1 25 5
2  45.0 45.0 0.00
520 -12.7265 -73.5105 7 19 9
2  45.0 45.0 0.00
521 48.8790 -16.0314 3 24 8
2  45.0 45.0 0.00
522 -12.3920 90.1878 7 27 7
2  45.0 45.0 0.00
523 18.4241 -49.7911 4 19 6
2  45.0 45.0 0.00
524 -42.1185 133.8612 1 18 9
2  45.0 45.0 0.00
525 9.6766 128.7965 7 21 8
2  45.0 45.0 0.00
526 35.0820 136.8392 2 18 6
2  45.0 45.0 0.00
527 -42.5864 120.1567 3 29 6
2  45.0 45.0 0.00
528 -44.5491 -165.3119 8 22 6
2  45.0 45.0 0.00
529 52.5425 -36.2045 4 20 7
2  45.0 45.0 0.00
530 -12.7234 155.1200 4 20 5
2  45.0 45.0 0.00
531 0.8588 -163.8679 6 20 6
2  45.0 45.0 0.00
532 -42.0444 178.8541 7 28 7
2  45.0 45.0 0.00
533 0.3165 1.3230 9 22 6
2  45.0 45.0 0.00
534 36.0446 -46.7569 3 28 7
2  45.0 45.0 0.00
535 -46.4433 -45.4995 1 29 7
2  45.0 45.0 0.00
536 -32.6632 -5.5590 7 29 6
2  45.0 45.0 0.00
537 42.4078 2.1200 9 18 9
2  45.0 45.0 0.00
538 -47.3364 -12.5249 8 26 8
2  45.0 45.0 0.00
539 -44.2117 -129.1266 7 15 7
2  45.0 45.0 0.00
540 -0.8470 144.0538 9 16 6
2  45.0 45.0 0.00
541 -51.9561 -177.7020 6 26 9
2  45.0 45.0 0.00
542 -38.7441 -144.6408 5 27 7
2  45.0 45.0 0.00
543 12.5924 -173.8879 5 23 8
2  45.0 45.0 0.00
544 52.6923 -85.6911 10 25 7
2  45.0 45.0 0.00
545 -13.2675 38.1156 3 18 9
2  45.0 45.0 0.00
546 44.5773 -47.2713 10 22 8
2  45.0 45.0 0.00
547 -22.0791 -45.7617 2 26 9
2  45.0 45.0 0.00
548 41.7311 81.4758 9 18 6
2  45.0 45.0 0.00
549 48.2523 56.6550 6 17 6
2  45.0 45.0 0.00
550 -46.0114 38.4387 10 19 7
2  45.0 45.0 0.00
551 -28.6158 -102.6260 9 23 9
2  45.0 45.0 0.00
552 -10.1791 107.0258 2 26 5
2  45.0 45.0 0.00
553 28.1747 35.9878 6 16 7
2  45.0 45.0 0.00
554 -26.9333 -91.6898 2 25 9
2  45.0 45.0 0.00
555 -24.2978 -175.1791 1 19 9
2  45.0 45.0 0.00
556 23.0507 -31.1736 3 29 9
2  45.0 45.0 0.00
557 -19.7408 -163.4080 9 15 9
2  45.0 45.0 0.00
558 -44.8614 111.5347 10 26 8
2  45.0 45.0 0.00
559 -42.7820 154.8755 4 17 9
2  45.0 45.0 0.00
560 -15.3441 11.7800 9 26 5
2  45.0 45.0 0.00
561 33.9862 137.4899 8 21 7
2  45.0 45.0 0.00
562 -30.0352 145.9521 7 23 8
2  45.0 45.0 0.00
563 51.9998 130.3989 5 27 6
2  45.0 45.0 0.00
564 23.2893 33.8615 3 19 7
2  45.0 45.0 0.00
565 -6.7741 -12.7488 1 16 7
2  45.0 45.0 0.00
566 -16.9001 118.3818 10 21 5
2  45.0 45.0 0.00
567 -33.4178 46.4989 10 27 6
2  45.0 45.0 0.00
568 -7.2239 37.6818 1 23 5
2  45.0 45.0 0.00
569 -34.8362 -101.9072 8 15 5
2  45.0 45.0 0.00
570 -28.1773 -134.9451 5 29 8
2  45.0 45.0 0.00
571 27.6856 -104.1116 1 19 5
2  45.0 45.0 0.00
572 -15.2600 103.0737 4 29 7
2  45.0 45.0 0.00
573 -11.8921 -16.6213 3 21 9
2  45.0 45.0 0.00
574 -14.6915 -161.4730 3 23 5
2  45.0 45.0 0.00
575 -40.8059 -173.4480 8 16 8
2  45.0 45.0 0.00
576 -29.7681 -31.3863 10 28 5
2  45.0 45.0 0.00
577 -30.1662 124.2490 8 26 5
2  45.0 45.0 0.00
578 50.2373 -64.9290 2 26 9
2  45.0 45.0 0.00
579 15.4266 53.0191 7 16 9
2  45.0 45.0 0.00
580 23.0578 101.3626 4 18 9
2  45.0 45.0 0.00
581 -33.6325 23.2778 1 27 9
2  45.0 45.0 0.00
582 25.7564 -150.5023 10 23 5
2  45.0 45.0 0.00
583 46.9815 128.5217 1 28 8
2  45.0 45.0 0.00
584 4.5235 56.2004 1 20 8
2  45.0 45.0 0.00
585 -48.5735 -74.8393 4 24 7
2  45.0 45.0 0.00
586 -3.4171 146.3336 2 18 7
2  45.0 45.0 0.00
587 -6.6138 -114.0357 2 15 5
2  45.0 45.0 0.00
588 15.9798 -172.8952 6 28 5
2  45.0 45.0 0.00
589 41.5518 96.4741 5 24 9
2  45.0 45.0 0.00
590 30.5841 96.2283 8 20 9
2  45.0 45.0 0.00
591 -46.4901 -32.1101 8 23 7
2  45.0 45.0 0.00
592 41.4036 157.8019 1 20 8
2  45.0 45.0 0.00
593 35.6692 135.7290 6 16 9
2  45.0 45.0 0.00
594 27.5587 113.6717 7 27 5
2  45.0 45.0 0.00
595 2.4315 86.4298 5 19 6
2  45.0 45.0 0.00
596 -23.9798 65.7385 5 26 8
2  45.0 45.0 0.00
597 21.2490 9.7842 4 20 8
2  45.0 45.0 0.00
598 -50.1591 46.8961 2 21 5
2  45.0 45.0 0.00
599 22.5159 59.8050 7 17 7
2  45.0 45.0 0.00
600 -51.4128 52.2511 6 24 5
2  45.0 45.0 0.00
601 50.1141 151.0378 10 17 7
2  45.0 45.0 0.00
602 -18.9388 -134.3657 3 19 5
2  45.0 45.0 0.00
603 -30.9528 -124.2144 8 24 7
2  45.0 45.0 0.00
604 -20.2117 15.2520 9 22 9
2  45.0 45.0 0.00
605 -39.2496 -51.0221 7 27 7
2  45.0 45.0 0.00
606 37.8223 28.4715 7 25 8
2  45.0 45.0 0.00
607 13.6352 -165.9911 4 23 8
2  45.0 45.0 0.00
608 29.7768 -60.7417 4 28 6
2  45.0 45.0 0.00
609 42.4041 -53.5235 9 19 6
2  45.0 45.0 0.00
610 6.0901 -165.2348 5 26 8
2  45.0 45.0 0.00
611 -2.9037 -120.6919 3 27 7
2  45.0 45.0 0.00
612 12.1373 -143.7904 9 25 8
2  45.0 45.0 0.00
613 25.6779 -29.0501 5 23 8
2  45.0 45.0 0.00
614 -35.0776 21.9253 2 28 5
2  45.0 45.0 0.00
615 50.6734 63.0076 1 16 5
2  45.0 45.0 0.00
616 29.5101 -153.9856 8 22 5
2  45.0 45.0 0.00
617 33.4747 120.6013 2 29 7
2  45.0 45.0 0.00
618 -3.8278 -94.1704 10 15 9
2  45.0 45.0 0.00
619 19.1150 57.7263 8 16 9
2  45.0 45.0 0.00
620 -2.0423 100.9137 1 22 5
2  45.0 45.0 0.00
621 52.6343 -122.0035 3 25 8
2  45.0 45.0 0.00
622 31.5441 -157.1914 3 26 9
2  45.0 45.0 0.00
623 4.4775 29.0651 1 23 8
2  45.0 45.0 0.00
624 43.1675 -7.6425 6 16 9
2  45.0 45.0 0.00
625 45.6503 10.5658 7 29 6
2  45.0 45.0 0.00
626 -19.3238 30.4053 4 16 9
2  45.0 45.0 0.00
627 52.7966 21.7454 3 19 8
2  45.0 45.0 0.00
628 16.3980 -128.7067 2 18 5
2  45.0 45.0 0.00
629 -10.5436 -7.2625 2 17 9
2  45.0 45.0 0.00
630 -42.4430 -156.9640 3 21 6
2  45.0 45.0 0.00
631 -52.7920 57.7726 2 24 7
2  45.0 45.0 0.00
632 -3.4767 -117.7905 4 20 6
2  45.0 45.0 0.00
633 -30.4086 156.3696 10 26 7
2  45.0 45.0 0.00
634 51.0747 -86.7666 1 27 7
2  45.0 45.0 0.00
635 28.0645 -80.4937 10 29 8
2  45.0 45.0 0.00
636 -5.2113 -59.9340 3 17 5
2  45.0 45.0 0.00
637 -26.1067 -130.4616 3 26 9
2  45.0 45.0 0.00
638 -17.2142 143.2736 3 26 7
2  45.0 45.0 0.00
639 -1.9193 90.2431 7 27 6
2  45.0 45.0 0.00
640 -3.5858 73.4775 10 24 8
2  45.0 45.0 0.00
641 36.1049 -86.0963 3 29 7
2  45.0 45.0 0.00
642 23.9090 76.7160 4 29 6
2  45.0 45.0 0.00
643 -38.8295 -179.6626 9 19 5
2  45.0 45.0 0.00
644 -44.9949 -112.7046 8 29 6
2  45.0 45.0 0.00
645 -44.1114 -0.6558 8 20 9
2  45.0 45.0 0.00
646 -51.5071 -13.0353 5 26 9
2  45.0 45.0 0.00
647 26.1537 81.8486 8 21 9
2  45.0 45.0 0.00
648 52.2439 -108.7419 5 19 7
2  45.0 45.0 0.00
649 13.1971 164.8321 6 21 7
2  45.0 45.0 0.00
650 -2.0186 -17.6473 6 25 7
2  45.0 45.0 0.00
651 -23.4005 93.4013 9 18 9
2  45.0 45.0 0.00
652 -16.7020 144.0844 2 16 9
2  45.0 45.0 0.00
653 -25.2528 171.7789 4 16 7
2  45.0 45.0 0.00
654 -9.9293 24.6227 2 21 8
2  45.0 45.0 0.00
655 40.0235 138.5821 8 22 9
2  45.0 45.0 0.00
656 -39.6453 -157.7818 2 27 6
2  45.0 45.0 0.00
657 6.6890 105.1550 10 18 9
2  45.0 45.0 0.00
658 51.6522 -11.9571 5 21 8
2  45.0 45.0 0.00
659 -43.1809 -145.3920 1 19 5
2  45.0 45.0 0.00
660 15.6178 117.3800 3 28 6
2  45.0 45.0 0.00
661 43.7314 -174.0147 2 29 8
2  45.0 45.0 0.00
662 -11.2053 -86.8262 10 21 9
2  45.0 45.0 0.00
663 -23.2440 -150.3654 1 26 5
2  45.0 45.0 0.00
664 -3.2151 88.3320 9 17 5
2  45.0 45.0 0.00
665 46.5914 -131.1556 2 25 8
2  45.0 45.0 0.00
666 29.8334 26.7072 7 21 7
2  45.0 45.0 0.00
667 -21.2072 -115.5016 5 21 5
2  45.0 45.0 0.00
668 4.9267 127.1200 1 21 5
2  45.0 45.0 0.00
669 24.2177 -168.0215 1 23 8
2  45.0 45.0 0.00
670 -51.9067 -73.2418 8 19 6
2  45.0 45.0 0.00
671 42.6089 59.0632 8 27 6
2  45.0 45.0 0.00
672 29.3494 -70.3083 2 19 5
2  45.0 45.0 0.00
673 33.9309 118.5299 2 27 7
2  45.0 45.0 0.00
674 -42.2352 55.4348 8 24 9
2  45.0 45.0 0.00
675 12.3551 -70.8218 3 17 9
2  45.0 45.0 0.00
676 43.0644 31.6019 5 15 9
2  45.0 45.0 0.00
677 -1.6009 -78.7072 7 17 8
2  45.0 45.0 0.00
678 14.4020 -50.6462 6 18 9
2  45.0 45.0 0.00
679 -27.3714 29.1789 3 19 9
2  45.0 45.0 0.00
680 42.3172 -118.7792 3 16 9
2  45.0 45.0 0.00
681 -15.2291 61.1563 7 20 9
2  45.0 45.0 0.00
682 10.4620 3.9565 2 27 8
2  45.0 45.0 0.00
683 -32.9556 -72.6218 3 20 7
2  45.0 45.0 0.00
684 4.1058 57.9221 7 16 9
2  45.0 45.0 0.00
685 25.6773 -18.2121 1 24 8
2  45.0 45.0 0.00
686 -49.2365 -169.5318 1 19 8
2  45.0 45.0 0.00
687 25.0383 -15.4638 6 15 5
2  45.0 45.0 0.00
688 33.3919 160.4825 3 17 8
2  45.0 45.0 0.00
689 -39.7630 1.8980 10 21 8
2  45.0 45.0 0.00
690 47.0117 -111.2909 1 25 5
2  45.0 45.0 0.00
691 -27.7376 -147.5845 8 19 9
2  45.0 45.0 0.00
692 43.1333 -170.5150 10 24 9
2  45.0 45.0 0.00
693 7.3797 -112.5439 2 17 6
2  45.0 45.0 0.00
694 24.5976 -79.0735 6 17 6
2  45.0 45.0 0.00
695 9.8526 -3.4648 9 22 9
2  45.0 45.0 0.00
696 -27.8815 -168.7545 10 29 7
2  45.0 45.0 0.00
697 36.5325 -67.9339 1 17 9
2  45.0 45.0 0.00
698 15.4937 -116.0021 3 16 6
2  45.0 45.0 0.00
699 30.5991 -77.9028 4 17 7
2  45.0 45.0 0.00
700 46.3749 -57.5183 4 17 5
2  45.0 45.0 0.00
701 17.2944 179.6477 4 21 6
2  45.0 45.0 0.00
702 26.2826 44.1693 2 20 9
2  45.0 45.0 0.00
703 39.8221 -150.3166 8 16 9
2  45.0 45.0 0.00
704 -25.6175 179.5206 3 18 9
2  45.0 45.0 0.00
705 5.7538 -118.8693 10 29 9
2  45.0 45.0 0.00
706 -20.2093 -73.4061 1 29 7
2  45.0 45.0 0.00
707 42.0544 130.0782 1 26 6
2  45.0 45.0 0.00
708 36.6363 142.1143 5 29 9
2  45.0 45.0 0.00
709 -50.5117 101.8689 6 17 7
2  45.0 45.0 0.00
710 21.8590 -107.9671 5 19 5
2  45.0 45.0 0.00
711 46.5161 -134.6002 2 18 6
2  45.0 45.0 0.00
712 -0.7052 -156.8621 9 21 5
2  45.0 45.0 0.00
713 -5.1034 47.8703 9 28 9
2  45.0 45.0 0.00
714 -51.4787 -75.2738 9 28 7
2  45.0 45.0 0.00
715 -14.4623 -156.4844 5 21 6
2  45.0 45.0 0.00
716 28.7591 -176.2593 9 20 7
2  45.0 45.0 0.00
717 -41.4190 179.9856 4 27 6
2  45.0 45.0 0.00
718 28.6867 50.3533 1 23 7
2  45.0 45.0 0.00
719 29.8234 -24.7544 10 26 9
2  45.0 45.0 0.00
720 -11.6068 135.0943 2 18 8
2  45.0 45.0 0.00
721 -8.9770 -60.2751 5 27 8
2  45.0 45.0 0.00
722 39.5920 78.4087 8 27 6
2  45.0 45.0 0.00
723 -1.8066 65.6308 1 29 8
2  45.0 45.0 0.00
724 -5.0991 118.9798 8 23 9
2  45.0 45.0 0.00
725 -13.3049 90.2082 1 21 7
2  45.0 45.0 0.00
726 45.8265 -73.2720 7 21 6
2  45.0 45.0 0.00
727 41.9813 102.0061 5 24 5
2  45.0 45.0 0.00
728 29.3287 -112.6668 10 15 7
2  45.0 45.0 0.00
729 -47.4003 113.3997 3 17 6
2  45.0 45.0 0.00
730 -42.5012 -18.6622 5 29 6
2  45.0 45.0 0.00
731 6.3602 -66.3838 7 20 8
2  45.0 45.0 0.00
732 17.4617 134.1497 1 18 5
2  45.0 45.0 0.00
733 8.1666 -79.3705 9 22 9
2  45.0 45.0 0.00
734 21.1583 -163.5961 2 29 9
2  45.0 45.0 0.00
735 -24.9250 97.3836 10 29 8
2  45.0 45.0 0.00
736 6.3052 30.1750 10 16 5
2  45.0 45.0 0.00
737 -1.6785 -69.3170 6 17 8
2  45.0 45.0 0.00
738 8.5277 -32.8446 10 28 9
2  45.0 45.0 0.00
739 42.8290 156.8649 4 29 8
2  45.0 45.0 0.00
740 28.9699 -76.7860 7 19 6
2  45.0 45.0 0.00
741 -47.3312 -4.5642 8 17 6
2  45.0 45.0 0.00
742 30.6861 -61.7406 4 25 8
2  45.0 45.0 0.00
743 -44.4232 101.9562 6 16 7
2  45.0 45.0 0.00
744 -24.4234 -149.4849 4 28 9
2  45.0 45.0 0.00
745 -22.1708 -137.8390 6 15 7
2  45.0 45.0 0.00
746 -18.1130 104.2552 1 18 5
2  45.0 45.0 0.00
747 -24.0856 -70.7471 3 27 6
2  45.0 45.0 0.00
748 52.6654 -133.5820 6 28 6
2  45.0 45.0 0.00
749 -26.2932 64.8808 2 18 7
2  45.0 45.0 0.00
750 -40.1914 110.6730 3 21 6
2  45.0 45.0 0.00
751 19.9849 -33.5251 4 19 8
2  45.0 45.0 0.00
752 46.2547 -12.6023 5 25 6
2  45.0 45.0 0.00
753 52.9888 -154.5141 1 25 7
2  45.0 45.0 0.00
754 29.4079 152.3711 3 26 5
2  45.0 45.0 0.00
755 -38.0910 -113.8751 4 24 9
2  45.0 45.0 0.00
756 11.7254 148.6239 4 24 6
2  45.0 45.0 0.00
757 2.2999 -63.5761 10 28 8
2  45.0 45.0 0.00
758 38.7857 173.6686 6 17 9
2  45.0 45.0 0.00
759 3.3760 -15.7258 6 24 6
2  45.0 45.0 0.00
760 -33.7973 168.6100 2 25 5
2  45.0 45.0 0.00
761 -32.0562 -157.2916 5 21 5
2  45.0 45.0 0.00
762 0.5148 105.2101 3 22 6
2  45.0 45.0 0.00
763 -50.5068 128.4958 9 20 6
2  45.0 45.0 0.00
764 18.7084 -113.9432 6 15 9
2  45.0 45.0 0.00
765 31.2722 83.5834 4 27 7
2  45.0 45.0 0.00
766 19.5394 10.9756 9 21 8
2  45.0 45.0 0.00
767 15.0791 -100.0976 2 21 9
2  45.0 45.0 0.00
768 -4.3864 129.9718 8 28 7
2  45.0 45.0 0.00
769 -45.1928 -6.1338 1 27 5
2  45.0 45.0 0.00
770 18.5411 -156.2785 6 19 8
2  45.0 45.0 0.00
771 52.7526 148.8231 5 25 8
2  45.0 45.0 0.00
772 -3.6669 -88.3754 7 15 5
2  45.0 45.0 0.00
773 50.2830 -40.0687 6 27 6
2  45.0 45.0 0.00
774 31.9664 -31.7979 2 23 7
2  45.0 45.0 0.00
775 33.4389 -70.4032 1 24 9
2  45.0 45.0 0.00
776 -19.9218 144.4842 4 25 9
2  45.0 45.0 0.00
777 12.5547 -107.9154 2 25 6
2  45.0 45.0 0.00
778 24.2590 7.9798 2 25 5
2  45.0 45.0 0.00
779 -31.3648 118.0723 3 25 9
2  45.0 45.0 0.00
780 19.6052 60.2517 1 23 9
2  45.0 45.0 0.00
781 -25.0961 4.1058 8 26 8
2  45.0 45.0 0.00
782 20.4824 -73.3652 7 25 7
2  45.0 45.0 0.00
783 6.7905 15.8974 4 17 5
2  45.0 45.0 0.00
784 29.0581 58.9613 10 23 5
2  45.0 45.0 0.00
785 -23.3832 87.7136 5 20 6
2  45.0 45.0 0.00
786 51.6732 37.1964 9 25 9
2  45.0 45.0 0.00
787 15.3375 -70.8186 7 27 5
2  45.0 45.0 0.00
788 -41.6542 -12.4010 9 16 7
2  45.0 45.0 0.00
789 -7.1391 106.5875 5 18 9
2  45.0 45.0 0.00
790 16.9543 62.3663 7 25 9
2  45.0 45.0 0.00
791 -50.7557 -153.2311 3 22 7
2  45.0 45.0 0.00
792 2.0771 -129.0197 5 21 8
2  45.0 45.0 0.00
793 -43.4698 29.5201 7 26 9
2  45.0 45.0 0.00
794 -25.3573 85.2149 7 15 5
2  45.0 45.0 0.00
795 -20.2905 15.7256 9 15 8
2  45.0 45.0 0.00
796 -1.7673 14.7426 1 22 8
2  45.0 45.0 0.00
797 -19.6902 152.9159 3 25 8
2  45.0 45.0 0.00
798 7.4555 110.9425 7 20 8
2  45.0 45.0 0.00
799 49.3349 -156.7877 4 20 9
2  45.0 45.0 0.00
800 37.1689 -179.7704 4 20 5
2  45.0 45.0 0.00
801 44.8633 53.0598 5 23 5
2  45.0 45.0 0.00
802 -2.3860 -159.0718 10 27 7
2  45.0 45.0 0.00
803 50.7362 42.2393 10 26 7
2  45.0 45.0 0.00
804 -35.4951 127.5926 4 17 6
2  45.0 45.0 0.00
805 -5.0237 -48.3462 2 20 8
2  45.0 45.0 0.00
806 -27.1252 -122.8726 9 16 6
2  45.0 45.0 0.00
807 -1.8349 -116.4153 2 20 5
2  45.0 45.0 0.00
808 17.6866 -44.4164 3 23 8
2  45.0 45.0 0.00
809 1.2933 172.5981 2 29 8
2  45.0 45.0 0.00
810 -16.1022 -72.3198 4 27 7
2  45.0 45.0 0.00
811 52.6000 132.0982 2 16 5
2  45.0 45.0 0.00
812 6.0985 -79.0559 10 26 6
2  45.0 45.0 0.00
813 -19.2068 165.7335 8 22 6
2  45.0 45.0 0.00
814 32.0141 -92.1334 6 23 6
2  45.0 45.0 0.00
815 30.5831 -70.5012 7 21 5
2  45.0 45.0 0.00
816 -2.8443 -36.9548 7 25 6
2  45.0 45.0 0.00
817 47.1690 -72.3489 5 22 5
2  45.0 45.0 0.00
818 12.2695 -163.8421 2 20 6
2  45.0 45.0 0.00
819 -12.0358 31.0820 8 18 9
2  45.0 45.0 0.00
820 5.4940 -10.6546 9 26 5
2  45.0 45.0 0.00
821 -41.9740 83.6390 6 24 9
2  45.0 45.0 0.00
822 20.3587 -23.5257 4 15 7
2  45.0 45.0 0.00
823 -36.0203 30.8084 6 21 9
2  45.0 45.0 0.00
824 -50.9041 -22.6836 8 20 5
2  45.0 45.0 0.00
825 27.2565 143.1667 9 20 7
2  45.0 45.0 0.00
826 -31.5688 -148.5618 3 21 6
2  45.0 45.0 0.00
827 -52.7071 53.4542 1 22 8
2  45.0 45.0 0.00
828 -30.4580 64.1466 4 24 8
2  45.0 45.0 0.00
829 -33.8035 -173.7231 5 28 8
2  45.0 45.0 0.00
830 31.8928 -122.3947 6 20 6
2  45.0 45.0 0.00
831 -40.8269 -144.1678 8 25 6
2  45.0 45.0 0.00
832 -31.1286 -43.3363 9 16 8
2  45.0 45.0 0.00
833 11.1019 175.5159 2 25 6
2  45.0 45.0 0.00
834 1.2404 -158.7898 6 24 7
2  45.0 45.0 0.00
835 -16.7917 111.8762 6 24 7
2  45.0 45.0 0.00
836 25.4083 167.8360 8 24 9
2  45.0 45.0 0.00
837 -48.5304 74.9233 5 18 7
2  45.0 45.0 0.00
838 42.7423 155.5874 10 18 9
2  45.0 45.0 0.00
839 35.3021 24.1756 2 15 7
2  45.0 45.0 0.00
840 -32.4832 -77.4742 9 23 5
2  45.0 45.0 0.00
841 25.6476 2.0747 1 29 8
2  45.0 45.0 0.00
842 -20.7683 -9.4265 5 17 7
2  45.0 45.0 0.00
843 -27.5470 82.6690 1 17 5
2  45.0 45.0 0.00
844 42.0411 91.5773 2 18 7
2  45.0 45.0 0.00
845 8.4285 112.3767 7 25 6
2  45.0 45.0 0.00
846 29.0899 104.7360 8 16 8
2  45.0 45.0 0.00
847 -4.7799 -39.7697 6 21 9
2  45.0 45.0 0.00
848 3.8587 98.9135 8 23 5
2  45.0 45.0 0.00
849 -7.4821 91.2942 7 25 9
2  45.0 45.0 0.00
850 -42.0393 -37.0330 10 28 7
2  45.0 45.0 0.00
851 -6.4476 -159.3933 10 17 7
2  45.0 45.0 0.00
852 45.5589 103.9804 5 25 9
2  45.0 45.0 0.00
853 1.3928 -35.1309 7 22 5
2  45.0 45.0 0.00
854 37.1629 -81.4353 7 19 6
2  45.0 45.0 0.00
855 -40.0835 -116.4293 7 17 8
2  45.0 45.0 0.00
856 34.5475 -130.2689 2 28 6
2  45.0 45.0 0.00
857 -13.0059 139.5340 7 24 8
2  45.0 45.0 0.00
858 -10.8474 -99.9526 1 28 7
2  45.0 45.0 0.00
859 26.2423 -143.3518 9 24 6
2  45.0 45.0 0.00
860 -50.1380 -99.8720 2 24 6
2  45.0 45.0 0.00
861 34.9389 -140.0378 1 23 8
2  45.0 45.0 0.00
862 -25.1656 139.1933 9 20 7
2  45.0 45.0 0.00
863 30.9159 149.1047 7 20 6
2  45.0 45.0 0.00
864 13.3078 85.1989 3 28 9
2  45.0 45.0 0.00
865 13.5934 -33.5770 3 28 7
2  45.0 45.0 0.00
866 -50.8743 10.3019 9 26 8
2  45.0 45.0 0.00
867 10.9542 8.3763 2 25 6
2  45.0 45.0 0.00
868 -24.7725 -52.9864 8 28 8
2  45.0 45.0 0.00
869 1.1679 116.4518 9 21 8
2  45.0 45.0 0.00
870 35.3392 87.8108 1 20 5
2  45.0 45.0 0.00
871 -22.2244 -55.5764 6 24 9
2  45.0 45.0 0.00
872 -8.1746 -96.7722 5 29 9
2  45.0 45.0 0.00
873 24.8010 -144.2446 9 26 6
2  45.0 45.0 0.00
874 -24.5505 -93.0033 1 17 7
2  45.0 45.0 0.00
875 -24.0906 131.1476 1 16 5
2  45.0 45.0 0.00
876 32.3048 162.9053 8 16 7
2  45.0 45.0 0.00
877 -23.7297 -112.1981 1 25 5
2  45.0 45.0 0.00
878 -25.6816 141.5174 9 25 8
2  45.0 45.0 0.00
879 -49.2785 -47.3533 4 29 9
2  45.0 45.0 0.00
880 -9.3601 -156.6621 1 17 8
2  45.0 45.0 0.00
881 9.7235 38.2985 8 27 5
2  45.0 45.0 0.00
882 -7.8400 -89.6167 3 21 6
2  45.0 45.0 0.00
883 -3.1411 -141.8384 7 21 9
2  45.0 45.0 0.00
884 4.8371 -36.4083 6 24 7
2  45.0 45.0 0.00
885 -13.2195 10.3648 8 20 5
2  45.0 45.0 0.00
886 42.8523 151.4245 10 17 5
2  45.0 45.0 0.00
887 25.4331 94.3927 4 21 8
2  45.0 45.0 0.00
888 17.9935 -49.2383 5 24 9
2  45.0 45.0 0.00
889 -52.2945 -23.1083 5 22 5
2  45.0 45.0 0.00
890 45.4850 146.9024 9 15 6
2  45.0 45.0 0.00
891 -51.6399 -20.2033 6 26 9
2  45.0 45.0 0.00
892 -46.3284 -99.8251 4 25 5
2  45.0 45.0 0.00
893 0.5739 -148.5715 4 20 9
2  45.0 45.0 0.00
894 22.0654 67.3643 10 25 7
2  45.0 45.0 0.00
895 -33.6649 91.8677 10 25 9
2  45.0 45.0 0.00
896 46.5846 -164.1162 8 19 6
2  45.0 45.0 0.00
897 52.5977 134.7590 1 27 7
2  45.0 45.0 0.00
898 -21.6182 171.7876 4 22 6
2  45.0 45.0 0.00
899 -5.6136 66.1100 4 23 7
2  45.0 45.0 0.00
900 44.4516 -153.5338 10 23 5
2  45.0 45.0 0.00
901 -27.3500 -103.1291 2 23 7
2  45.0 45.0 0.00
902 -25.6898 83.1020 4 27 5
2  45.0 45.0 0.00
903 -51.0052 155.2180 5 21 9
2  45.0 45.0 0.00
904 13.8948 -79.6106 4 26 8
2  45.0 45.0 0.00
905 24.4835 -113.7836 7 19 5
2  45.0 45.0 0.00
906 -0.1306 -117.6118 5 16 5
2  45.0 45.0 0.00
907 38.7918 -11.5605 9 16 5
2  45.0 45.0 0.00
908 29.9634 -77.0964 9 20 6
2  45.0 45.0 0.00
909 6.9129 -120.6344 1 20 9
2  45.0 45.0 0.00
910 1.6834 -89.8930 4 23 6
2  45.0 45.0 0.00
911 14.8925 -81.3642 3 29 7
2  45.0 45.0 0.00
912 -46.8471 144.7460 5 22 9
2  45.0 45.0 0.00
913 -44.0597 36.0633 9 26 6
2  45.0 45.0 0.00
914 5.3987 111.5826 6 20 5
2  45.0 45.0 0.00
915 -16.4046 151.2059 6 23 7
2  45.0 45.0 0.00
916 7.0037 112.4942 1 20 8
2  45.0 45.0 0.00
917 -26.6621 31.4353 10 28 8
2  45.0 45.0 0.00
918 9.7490 -2.4630 3 23 7
2  45.0 45.0 0.00
919 40.3438 100.2693 8 20 6
2  45.0 45.0 0.00
920 49.2943 -36.6488 10 16 6
2  45.0 45.0 0.00
921 21.8285 133.9524 9 21 8
2  45.0 45.0 0.00
922 23.3707 67.4620 10 21 7
2  45.0 45.0 0.00
923 -26.9703 10.9333 9 26 5
2  45.0 45.0 0.00
924 -0.3157 80.1240 7 15 5
2  45.0 45.0 0.00
925 -46.8761 -95.9969 10 26 7
2  45.0 45.0 0.00
926 7.0717 18.7532 7 18 7
2  45.0 45.0 0.00
927 -35.2053 74.9418 1 15 9
2  45.0 45.0 0.00
928 -13.1037 -117.5957 3 17 8
2  45.0 45.0 0.00
929 42.8852 -154.5674 6 16 8
2  45.0 45.0 0.00
930 -15.8754 178.0417 6 19 8
2  45.0 45.0 0.00
931 -27.2978 -42.8409 5 15 6
2  45.0 45.0 0.00
932 -2.9058 -148.0025 8 15 5
2  45.0 45.0 0.00
933 -35.1511 -13.4376 4 27 6
2  45.0 45.0 0.00
934 3.9635 7.5842 8 28 9
2  45.0 45.0 0.00
935 -18.6903 18.4901 3 18 7
2  45.0 45.0 0.00
936 51.6354 -129.3079 1 16 9
2  45.0 45.0 0.00
937 7.6483 -96.3765 4 21 5
2  45.0 45.0 0.00
938 30.4090 52.8816 9 24 5
2  45.0 45.0 0.00
939 -22.5251 -120.4125 8 16 7
2  45.0 45.0 0.00
940 -6.1581 -95.2540 4 25 9
2  45.0 45.0 0.00
941 34.8914 -134.2585 10 22 7
2  45.0 45.0 0.00
942 20.2579 -121.5100 2 22 6
2  45.0 45.0 0.00
943 -17.8318 -177.6203 8 16 8
2  45.0 45.0 0.00
944 46.2265 179.0041 9 25 7
2  45.0 45.0 0.00
945 41.3928 139.9599 10 25 5
2  45.0 45.0 0.00
946 -36.2355 -28.6157 10 27 6
2  45.0 45.0 0.00
947 26.6824 -22.7235 7 16 9
2  45.0 45.0 0.00
948 -5.8201 80.5432 5 28 9
2  45.0 45.0 0.00
949 13.1869 -134.9920 2 20 7
2  45.0 45.0 0.00
950 -23.2258 -164.3203 5 21 8
2  45.0 45.0 0.00
951 -5.8649 7.0250 4 17 5
2  45.0 45.0 0.00
952 46.6810 -26.3123 1 21 7
2  45.0 45.0 0.00
953 -24.3163 -50.9383 10 19 8
2  45.0 45.0 0.00
954 41.8590 143.6713 1 18 6
2  45.0 45.0 0.00
955 -30.4890 -156.6488 4 26 6
2  45.0 45.0 0.00
956 28.1404 18.9697 4 19 8
2  45.0 45.0 0.00
957 -40.8523 -174.8876 7 18 9
2  45.0 45.0 0.00
958 -28.3861 -83.3257 2 16 9
2  45.0 45.0 0.00
959 -51.0726 -85.6295 6 20 9
2  45.0 45.0 0.00
960 -24.8146 110.6348 9 25 6
2  45.0 45.0 0.00
961 -12.5291 116.8364 6 17 6
2  45.0 45.0 0.00
962 -12.7405 100.3407 2 26 8
2  45.0 45.0 0.00
963 -11.9045 -132.4355 4 27 9
2  45.0 45.0 0.00
964 -25.8216 -123.4329 9 22 7
2  45.0 45.0 0.00
965 13.3938 117.7203 8 21 8
2  45.0 45.0 0.00
966 47.7241 81.6673 4 26 7
2  45.0 45.0 0.00
967 48.5646 134.6083 1 28 5
2  45.0 45.0 0.00
968 -22.2541 124.4799 3 29 8
2  45.0 45.0 0.00
969 -4.9308 -9.3964 9 20 7
2  45.0 45.0 0.00
970 40.9223 -30.5976 2 21 5
2  45.0 45.0 0.00
971 -41.4704 -73.9290 7 18 8
2  45.0 45.0 0.00
972 5.8088 -30.2075 10 22 9
2  45.0 45.0 0.00
973 16.2130 -170.2993 3 19 8
2  45.0 45.0 0.00
974 1.4608 -96.3239 4 26 8
2  45.0 45.0 0.00
975 -9.4740 -111.0670 6 28 8
2  45.0 45.0 0.00
976 -36.8395 -8.8394 4 28 7
2  45.0 45.0 0.00
977 3.7334 -62.8642 5 24 9
2  45.0 45.0 0.00
978 17.3326 56.9521 10 19 5
2  45.0 45.0 0.00
979 39.6403 -47.1688 8 16 6
2  45.0 45.0 0.00
980 -7.7871 -121.8010 2 25 5
2  45.0 45.0 0.00
981 16.2844 52.0989 7 26 7
2  45.0 45.0 0.00
982 44.2326 -35.9217 3 23 6
2  45.0 45.0 0.00
983 -44.5885 -3.1458 8 29 7
2  45.0 45.0 0.00
984 -18.2770 -38.6313 8 21 8
2  45.0 45.0 0.00
985 37.6916 161.9209 8 24 9
2  45.0 45.0 0.00
986 -48.5854 -139.3680 8 22 7
2  45.0 45.0 0.00
987 52.0242 106.3502 9 27 9
2  45.0 45.0 0.00
988 41.3932 30.3885 9 16 8
2  45.0 45.0 0.00
989 -25.0905 -147.1926 1 29 7
2  45.0 45.0 0.00
990 -12.4334 -26.9195 7 24 8
2  45.0 45.0 0.00
991 -49.4124 70.8989 9 29 7
2  45.0 45.0 0.00
992 21.6077 -165.5917 8 27 9
2  45.0 45.0 0.00
993 32.2688 139.5000 2 16 6
2  45.0 45.0 0.00
994 -22.9027 65.2641 8 15 8
2  45.0 45.0 0.00
995 25.7753 -73.9713 9 27 8
2  45.0 45.0 0.00
996 28.0316 165.4513 5 17 6
2  45.0 45.0 0.00
997 12.3408 -14.8816 4 27 8
2  45.0 45.0 0.00
998 -21.8516 124.8041 9 21 5
2  45.0 45.0 0.00
999 37.1507 101.7854 2 19 7
2  45.0 45.0 0.00
1000 -13.1655 -175.9562 3 23 8
2  45.0 45.0 0.00
1001 21.3499 -46.8965 4 15 9
2  45.0 45.0 0.00
1002 25.3681 127.9658 1 18 9
2  45.0 45.0 0.00
1003 25.8915 123.1640 1 22 7
2  45.0 45.0 0.00
1004 -16.3494 -160.1410 6 21 7
2  45.0 45.0 0.00
1005 -6.6506 -78.8698 5 29 7
2  45.0 45.0 0.00
1006 48.8051 -171.0078 10 21 7
2  45.0 45.0 0.00
1007 26.8410 -49.0274 1 23 9
2  45.0 45.0 0.00
1008 -26.8507 -28.8482 7 29 7
2  45.0 45.0 0.00
1009 -6.5304 38.2614 2 21 5
2  45.0 45.0 0.00
1010 -52.1142 -79.7460 4 26 9
2  45.0 45.0 0.00
1011 -19.0128 30.4579 9 15 5
2  45.0 45.0 0.00
1012 -8.4273 -31.2151 10 22 9
2  45.0 45.0 0.00
1013 22.7204 -16.3451 2 26 9
2  45.0 45.0 0.00
1014 -12.6727 -78.1150 3 23 9
2  45.0 45.0 0.00
1015 45.1448 -146.7414 4 27 7
2  45.0 45.0 0.00
1016 35.0836 125.3477 1 28 5
2  45.0 45.0 0.00
1017 19.2859 -86.6560 10 22 8
2  45.0 45.0 0.00
1018 -35.1272 -72.6253 8 20 5
2  45.0 45.0 0.00
1019 35.3404 140.8764 3 15 7
2  45.0 45.0 0.00
1020 51.2823 128.0535 5 22 9
2  45.0 45.0 0.00
1021 23.8863 76.9391 10 28 7
2  45.0 45.0 0.00
1022 -28.8056 79.3849 10 24 5
2  45.0 45.0 0.00
1023 7.6648 11.2112 1 20 9
2  45.0 45.0 0.00
1024 -4.7643 154.1338 5 17 5
2  45.0 45.0 0.00
1025 -44.2886 139.8773 2 23 8
2  45.0 45.0 0.00
1026 -49.3355 -166.0256 5 21 9
2  45.0 45.0 0.00
1027 50.3789 -65.9011 1 16 5
2  45.0 45.0 0.00
1028 49.6316 -45.3218 3 29 8
2  45.0 45.0 0.00
1029 -5.5016 49.7032 6 18 9
2  45.0 45.0 0.00
1030 -20.9607 4.3696 7 16 9
2  45.0 45.0 0.00
1031 -47.1016 79.9852 10 20 8
2  45.0 45.0 0.00
1032 35.7002 -119.6013 9 18 5
2  45.0 45.0 0.00
1033 -32.9203 -76.0868 10 24 5
2  45.0 45.0 0.00
1034 -25.9310 -17.3729 2 18 8
2  45.0 45.0 0.00
1035 -44.4195 164.3788 5 21 8
2  45.0 45.0 0.00
1036 -5.9234 44.2683 7 24 5
2  45.0 45.0 0.00
1037 2.3779 159.2904 2 21 5
2  45.0 45.0 0.00
1038 -26.1723 158.9943 10 20 6
2  45.0 45.0 0.00
1039 31.8475 -120.0322 4 28 8
2  45.0 45.0 0.00
1040 -36.0983 170.1670 4 17 9
2  45.0 45.0 0.00
1041 37.1547 -71.3306 4 20 7
2  45.0 45.0 0.00
1042 -42.5020 -86.8169 9 26 5
2  45.0 45.0 0.00
1043 -30.3344 18.3426 5 17 9
2  45.0 45.0 0.00
1044 -26.8225 122.6307 4 24 5
2  45.0 45.0 0.00
1045 -19.7460 -154.0227 9 29 6
2  45.0 45.0 0.00
1046 43.9233 -160.6098 7 25 6
2  45.0 45.0 0.00
1047 -3.0281 -23.6488 5 27 8
2  45.0 45.0 0.00
1048 -29.6192 27.6136 4 29 5
2  45.0 45.0 0.00
1049 52.3905 -106.1860 9 20 9
2  45.0 45.0 0.00
1050 -26.5534 -177.7826 2 15 6
2  45.0 45.0 0.00
1051 -19.2062 -55.2054 1 16 9
2  45.0 45.0 0.00
1052 29.5058 -49.6001 1 15 9
2  45.0 45.0 0.00
1053 -48.2113 19.2195 10 21 7
2  45.0 45.0 0.00
1054 29.6289 89.5788 10 22 7
2  45.0 45.0 0.00
1055 18.0468 142.6848 2 21 5
2  45.0 45.0 0.00
1056 -41.4801 85.5219 9 16 5
2  45.0 45.0 0.00
1057 43.2704 -167.0190 5 20 6
2  45.0 45.0 0.00
1058 -39.7732 -62.5481 2 27 8
2  45.0 45.0 0.00
1059 37.9853 18.5971 6 16 6
2  45.0 45.0 0.00
1060 -6.2686 100.5330 9 26 9
2  45.0 45.0 0.00
1061 0.0706 6.3640 4 21 5
2  45.0 45.0 0.00
1062 -8.2190 138.7557 5 28 5
2  45.0 45.0 0.00
1063 -48.6757 -93.9322 10 27 6
2  45.0 45.0 0.00
1064 -52.0335 -102.2578 1 17 6
2  45.0 45.0 0.00
1065 -4.9542 144.0284 9 28 9
2  45.0 45.0 0.00
1066 -40.4290 99.3847 4 18 6
2  45.0 45.0 0.00
1067 -18.0815 162.9229 5 19 8
2  45.0 45.0 0.00
1068 -11.6035 25.1497 10 17 9
2  45.0 45.0 0.00
1069 -27.6290 -35.4503 8 26 8
2  45.0 45.0 0.00
1070 12.6431 68.8714 6 25 5
2  45.0 45.0 0.00
1071 -29.1593 30.0315 9 21 9
2  45.0 45.0 0.00
1072 10.6623 50.2827 10 22 9
2  45.0 45.0 0.00
1073 15.5178 46.3936 3 23 8
2  45.0 45.0 0.00
1074 -43.6474 161.8958 7 16 7
2  45.0 45.0 0.00
1075 -6.4387 -152.1945 7 20 8
2  45.0 45.0 0.00
1076 -47.5160 -130.4574 7 18 7
2  45.0 45.0 0.00
1077 -7.7078 -162.1419 7 16 7
2  45.0 45.0 0.00
1078 26.0759 14.6139 3 19 9
2  45.0 45.0 0.00
1079 26.5911 -143.8968 4 18 7
2  45.0 45.0 0.00
1080 11.7106 110.8875 2 16 5
2  45.0 45.0 0.00
1081 17.9738 35.6938 5 18 7
2  45.0 45.0 0.00
1082 -37.3465 -105.5194 5 26 6
2  45.0 45.0 0.00
1083 -3.9253 -29.0273 9 29 5
2  45.0 45.0 0.00
1084 10.2595 9.0075 9 16 7
2  45.0 45.0 0.00
1085 5.0496 49.0276 9 19 5
2  45.0 45.0 0.00
1086 -17.0691 117.4701 10 27 7
2  45.0 45.0 0.00
1087 -27.1662 -167.3170 1 17 5
2  45.0 45.0 0.00
1088 34.7824 103.4726 1 24 5
2  45.0 45.0 0.00
1089 4.1455 89.1150 1 29 9
2  45.0 45.0 0.00
1090 -17.8620 -139.2652 9 15 8
2  45.0 45.0 0.00
1091 -43.9416 72.9903 6 24 5
2  45.0 45.0 0.00
1092 -49.4621 -60.5042 9 16 7
2  45.0 45.0 0.00
1093 -18.9349 -51.2543 1 19 6
2  45.0 45.0 0.00
1094 -7.6597 -95.9756 7 28 5
2  45.0 45.0 0.00
1095 32.7926 148.4888 1 15 7
2  45.0 45.0 0.00
1096 31.8102 64.7726 4 20 6
2  45.0 45.0 0.00
1097 -29.0632 97.7357 6 17 5
2  45.0 45.0 0.00
1098 4.3422 -39.0205 10 15 5
2  45.0 45.0 0.00
1099 -0.4025 57.8072 10 15 5
2  45.0 45.0 0.00
1100 -33.7629 -12.3520 8 24 6
2  45.0 45.0 0.00
1101 -42.6025 -114.2988 5 28 8
2  45.0 45.0 0.00
1102 -34.6633 65.5162 8 18 9
2  45.0 45.0 0.00
1103 -15.5341 179.3339 1 27 5
2  45.0 45.0 0.00
1104 5.2874 -118.4854 9 19 7
2  45.0 45.0 0.00
1105 -49.1703 -106.4119 2 26 5
2  45.0 45.0 0.00
1106 -37.2284 137.0382 6 15 8
2  45.0 45.0 0.00
1107 -17.5528 -153.7879 2 15 9
2  45.0 45.0 0.00
1108 -48.4086 140.6447 5 23 6
2  45.0 45.0 0.00
1109 38.0513 -124.8753 8 18 5
2  45.0 45.0 0.00
1110 -0.2063 109.1102 7 15 5
2  45.0 45.0 0.00
1111 -51.8756 -113.7214 2 17 5
2  45.0 45.0 0.00
1112 41.7299 -25.1911 5 25 5
2  45.0 45.0 0.00
1113 -22.0134 65.1526 6 23 8
2  45.0 45.0 0.00
1114 -23.2521 162.0020 8 15 7
2  45.0 45.0 0.00
1115 16.8753 39.6044 8 29 8
2  45.0 45.0 0.00
1116 40.5985 177.8927 3 24 7
2  45.0 45.0 0.00
1117 -16.3553 126.1930 1 27 7
2  45.0 45.0 0.00
1118 -37.0682 141.1918 2 28 7
2  45.0 45.0 0.00
1119 12.0088 -109.7451 6 22 8
2  45.0 45.0 0.00
1120 -34.1325 31.5042 5 23 6
2  45.0 45.0 0.00
1121 5.0931 99.6152 4 22 6
2  45.0 45.0 0.00
1122 -10.5369 -107.5564 6 22 9
2  45.0 45.0 0.00
1123 42.3504 99.8986 6 17 5
2  45.0 45.0 0.00
1124 -6.1703 129.8818 3 16 7
2  45.0 45.0 0.00
1125 -11.8252 -150.9591 6 23 9
2  45.0 45.0 0.00
1126 -3.8109 -131.5350 2 18 6
2  45.0 45.0 0.00
1127 -21.6777 -19.4991 1 19 5
2  45.0 45.0 0.00
1128 7.3136 -57.1972 5 21 9
2  45.0 45.0 0.00
1129 47.6012 -40.1667 8 29 9
2  45.0 45.0 0.00
1130 35.5942 -162.1328 7 21 7
2  45.0 45.0 0.00
1131 -19.3755 4.4605 1 15 8
2  45.0 45.0 0.00
1132 -3.4579 -115.4373 10 23 6
2  45.0 45.0 0.00
1133 -24.8071 167.1438 1 19 9
2  45.0 45.0 0.00
1134 -4.9082 -6.8021 3 29 7
2  45.0 45.0 0.00
1135 -42.3289 -26.7203 7 16 8
2  45.0 45.0 0.00
1136 -52.9983 -128.7774 7 25 6
2  45.0 45.0 0.00
1137 -9.0718 72.8457 4 25 6
2  45.0 45.0 0.00
1138 30.0089 -31.2060 8 23 6
2  45.0 45.0 0.00
1139 -11.6965 95.4412 1 18 9
2  45.0 45.0 0.00
1140 51.3866 -142.5046 5 16 8
2  45.0 45.0 0.00
1141 -15.4029 -144.1871 3 28 9
2  45.0 45.0 0.00
1142 41.4922 -34.3514 10 18 5
2  45.0 45.0 0.00
1143 -18.5401 -2.9255 10 19 9
2  45.0 45.0 0.00
1144 6.7439 -84.1665 7 16 5
2  45.0 45.0 0.00
1145 -48.7198 161.0424 5 25 7
2  45.0 45.0 0.00
1146 -17.4310 -110.2934 3 17 6
2  45.0 45.0 0.00
1147 41.9614 -156.6028 7 15 5
2  45.0 45.0 0.00
1148 -19.6167 114.7931 10 26 6
2  45.0 45.0 0.00
1149 -12.8765 -125.6322 9 21 6
2  45.0 45.0 0.00
1150 42.1648 -23.4865 8 20 6
2  45.0 45.0 0.00
1151 23.1690 -171.4189 10 29 6
2  45.0 45.0 0.00
1152 -9.8209 -43.7375 2 20 8
2  45.0 45.0 0.00
1153 20.9674 -106.2192 6 29 7
2  45.0 45.0 0.00
1154 -25.4293 -3.3497 1 19 9
2  45.0 45.0 0.00
1155 25.9437 -11.1940 4 26 6
2  45.0 45.0 0.00
1156 41.2719 11.4319 1 21 9
2  45.0 45.0 0.00
1157 42.4845 114.4091 4 29 6
2  45.0 45.0 0.00
1158 39.4347 -145.3887 10 26 9
2  45.0 45.0 0.00
1159 46.2616 -15.3898 6 17 8
2  45.0 45.0 0.00
1160 -34.6009 -115.4326 2 29 5
2  45.0 45.0 0.00
1161 -9.8488 -138.2445 5 22 9
2  45.0 45.0 0.00
1162 -26.5350 -96.2647 2 25 5
2  45.0 45.0 0.00
1163 39.8130 151.3919 4 23 6
2  45.0 45.0 0.00
1164 40.2803 -83.2402 7 23 7
2  45.0 45.0 0.00
1165 -35.6203 84.7065 2 22 6
2  45.0 45.0 0.00
1166 -22.5249 -63.3700 4 16 5
2  45.0 45.0 0.00
1167 22.2604 26.8869 9 18 6
2  45.0 45.0 0.00
1168 30.1898 -69.6780 10 15 6
2  45.0 45.0 0.00
1169 14.7793 -45.1718 7 23 7
2  45.0 45.0 0.00
1170 -51.3149 149.6335 8 27 5
2  45.0 45.0 0.00
1171 42.9087 29.6420 3 21 9
2  45.0 45.0 0.00
1172 18.2098 41.4395 3 18 7
2  45.0 45.0 0.00
1173 45.1239 -125.5968 9 24 6
2  45.0 45.0 0.00
1174 -21.1037 55.8874 6 17 6
2  45.0 45.0 0.00
1175 7.7966 -84.1345 9 20 9
2  45.0 45.0 0.00
1176 30.6802 -121.0720 6 29 7
2  45.0 45.0 0.00
1177 -13.5836 -6.9240 4 15 9
2  45.0 45.0 0.00
1178 -39.4675 -131.3849 10 19 5
2  45.0 45.0 0.00
1179 -35.0118 -152.9741 3 21 6
2  45.0 45.0 0.00
1180 -1.2394 85.2217 8 19 9
2  45.0 45.0 0.00
1181 -14.7707 90.8362 5 22 5
2  45.0 45.0 0.00
1182 14.6817 -112.0488 8 24 7
2  45.0 45.0 0.00
1183 0.8588 46.0067 5 24 5
2  45.0 45.0 0.00
1184 -5.8373 -143.6831 6 27 6
2  45.0 45.0 0.00
1185 -35.4181 -41.6356 5 15 5
2  45.0 45.0 0.00
1186 -0.1610 109.4928 8 16 5
2  45.0 45.0 0.00
1187 -47.4128 139.4872 1 16 5
2  45.0 45.0 0.00
1188 12.6702 178.4652 1 28 5
2  45.0 45.0 0.00
1189 46.5246 7.7051 4 27 8
2  45.0 45.0 0.00
1190 4.4418 -30.6845 8 19 9
2  45.0 45.0 0.00
1191 -11.9327 143.7663 4 29 7
2  45.0 45.0 0.00
1192 50.4887 68.2167 3 20 7
2  45.0 45.0 0.00
1193 35.4421 -138.6449 3 23 6
2  45.0 45.0 0.00
1194 12.7876 21.4997 5 22 5
2  45.0 45.0 0.00
1195 -5.3854 -112.2599 9 26 9
2  45.0 45.0 0.00
1196 15.3131 17.6322 6 21 6
2  45.0 45.0 0.00
1197 -44.1261 1.7592 2 18 8
2  45.0 45.0 0.00
1198 -36.7440 152.2846 7 24 9
2  45.0 45.0 0.00
1199 45.5841 34.9638 1 22 9
2  45.0 45.0 0.00
