0 51.4643 133.5131 9 15 7
2  45.0 45.0 0.00
1 44.4638 37.3970 5 27 8
2  45.0 45.0 0.00
2 -8.9144 46.0659 1 21 5
2  45.0 45.0 0.00
3 -30.0149 5.5017 10 19 7
2  45.0 45.0 0.00
4 -10.5603 -102.1021 6 23 5
2  45.0 45.0 0.00
5 -3.0258 -118.8056 3 15 6
2  45.0 45.0 0.00
6 25.4805 144.3862 7 20 5
2  45.0 45.0 0.00
7 5.5043 109.7608 10 26 7
2  45.0 45.0 0.00
8 -11.9715 -163.7853 3 17 7
2  45.0 45.0 0.00
9 52.8313 166.0085 4 22 9
2  45.0 45.0 0.00
10 51.5129 -40.1209 6 15 7
2  45.0 45.0 0.00
11 28.5277 -71.6255 5 29 6
2  45.0 45.0 0.00
12 26.4455 14.6223 10 21 5
2  45.0 45.0 0.00
13 1.5719 -96.2506 3 18 6
2  45.0 45.0 0.00
14 -9.3333 83.5047 5 27 6
2  45.0 45.0 0.00
15 -15.3346 -151.4925 2 15 8
2  45.0 45.0 0.00
16 1.0940 52.0428 3 17 9
2  45.0 45.0 0.00
17 -15.7061 127.9156 7 29 8
2  45.0 45.0 0.00
18 -26.4059 131.2916 2 22 7
2  45.0 45.0 0.00
19 36.7230 31.0746 5 16 6
2  45.0 45.0 0.00
20 28.1718 75.9464 9 19 7
2  45.0 45.0 0.00
21 -26.0746 28.4996 2 26 6
2  45.0 45.0 0.00
22 20.1338 -88.9336 2 17 5
2  45.0 45.0 0.00
23 -41.8782 -40.7056 5 24 7
2  45.0 45.0 0.00
24 16.9078 -88.4612 10 23 5
2  45.0 45.0 0.00
25 5.0086 -98.8404 2 19 9
2  45.0 45.0 0.00
26 28.5156 175.5411 4 27 9
2  45.0 45.0 0.00
27 31.7320 -44.9354 6 25 8
2  45.0 45.0 0.00
28 28.9023 -146.9196 4 26 7
2  45.0 45.0 0.00
29 52.7801 70.8473 5 22 5
2  45.0 45.0 0.00
30 -4.2914 165.5764 4 25 6
2  45.0 45.0 0.00
31 1.2187 -127.4628 2 17 6
2  45.0 45.0 0.00
32 -49.9716 -88.3045 7 29 9
2  45.0 45.0 0.00
33 21.4467 -18.3667 4 18 7
2  45.0 45.0 0.00
34 24.3528 75.7329 7 29 5
2  45.0 45.0 0.00
35 7.1675 2.6836 2 15 8
2  45.0 45.0 0.00
36 37.1480 80.0264 2 19 7
2  45.0 45.0 0.00
37 32.7626 -72.1997 9 22 8
2  45.0 45.0 0.00
38 16.2627 -105.2824 10 20 5
2  45.0 45.0 0.00
39 1.9031 -123.7230 4 27 6
2  45.0 45.0 0.00
40 5.1880 -7.2658 8 15 6
2  45.0 45.0 0.00
41 26.4094 -174.7635 7 25 5
2  45.0 45.0 0.00
42 -52.5715 -128.6306 6 22 5
2  45.0 45.0 0.00
43 -20.5349 159.7993 8 21 5
2  45.0 45.0 0.00
44 -10.2945 166.7778 6 21 7
2  45.0 45.0 0.00
45 2.3526 -61.4230 1 28 8
2  45.0 45.0 0.00
46 -9.4030 55.1525 7 26 9
2  45.0 45.0 0.00
47 -13.7126 77.3427 7 29 9
2  45.0 45.0 0.00
48 31.2208 45.5317 2 19 5
2  45.0 45.0 0.00
49 1.1373 63.8388 10 19 6
2  45.0 45.0 0.00
50 7.8511 71.6739 1 27 8
2  45.0 45.0 0.00
51 9.0812 -161.3182 4 22 6
2  45.0 45.0 0.00
52 -8.5049 -127.4181 1 15 7
2  45.0 45.0 0.00
53 -15.8109 -55.1226 2 24 7
2  45.0 45.0 0.00
54 9.6919 170.9124 4 23 9
2  45.0 45.0 0.00
55 29.2990 51.3616 8 18 7
2  45.0 45.0 0.00
56 36.5556 -158.2810 6 23 8
2  45.0 45.0 0.00
57 22.4931 112.3399 1 17 7
2  45.0 45.0 0.00
58 -19.2134 -105.5151 1 24 8
2  45.0 45.0 0.00
59 15.7383 39.2669 8 26 5
2  45.0 45.0 0.00
60 -35.6322 -171.8969 7 26 9
2  45.0 45.0 0.00
61 10.5269 -143.8530 5 29 9
2  45.0 45.0 0.00
62 46.9581 114.7618 6 15 9
2  45.0 45.0 0.00
63 -14.9000 36.3028 3 21 7
2  45.0 45.0 0.00
64 4.1113 -103.2354 5 17 7
2  45.0 45.0 0.00
65 -12.2397 -61.6317 1 27 5
2  45.0 45.0 0.00
66 -35.2629 126.7095 2 18 9
2  45.0 45.0 0.00
67 34.1697 -83.3291 4 24 5
2  45.0 45.0 0.00
68 11.8498 127.3321 5 18 9
2  45.0 45.0 0.00
69 -0.0043 -105.7153 2 27 7
2  45.0 45.0 0.00
70 -47.9509 -110.2040 4 19 7
2  45.0 45.0 0.00
71 47.7649 138.2231 2 20 9
2  45.0 45.0 0.00
72 -24.3260 -85.4378 1 26 9
2  45.0 45.0 0.00
73 -43.3508 35.1114 5 17 7
2  45.0 45.0 0.00
74 -43.3642 178.5180 5 19 5
2  45.0 45.0 0.00
75 19.6190 176.7674 9 18 6
2  45.0 45.0 0.00
76 -34.1124 -0.6377 6 19 9
2  45.0 45.0 0.00
77 50.1860 10.8110 1 25 8
2  45.0 45.0 0.00
78 46.4706 145.7865 4 25 5
2  45.0 45.0 0.00
79 -15.9936 -155.6687 2 21 7
2  45.0 45.0 0.00
80 42.6573 -154.1234 1 20 5
2  45.0 45.0 0.00
81 -47.5145 150.8256 3 19 8
2  45.0 45.0 0.00
82 48.7167 64.4174 5 15 6
2  45.0 45.0 0.00
83 28.8618 155.9364 9 29 8
2  45.0 45.0 0.00
84 6.4660 150.2593 5 20 5
2  45.0 45.0 0.00
85 -33.2902 -83.9065 5 18 9
2  45.0 45.0 0.00
86 12.4548 28.0728 6 25 6
2  45.0 45.0 0.00
87 -41.7316 -129.9246 7 18 7
2  45.0 45.0 0.00
88 -47.2237 -102.5933 1 29 6
2  45.0 45.0 0.00
89 -25.4967 130.9001 5 21 5
2  45.0 45.0 0.00
90 -8.9082 -143.0646 5 24 5
2  45.0 45.0 0.00
91 51.4143 72.3578 5 19 7
2  45.0 45.0 0.00
92 30.1913 74.4930 1 22 5
2  45.0 45.0 0.00
93 -12.5491 177.1434 8 26 8
2  45.0 45.0 0.00
94 14.1174 65.3345 8 21 8
2  45.0 45.0 0.00
95 -16.3260 150.9785 4 15 8
2  45.0 45.0 0.00
96 -18.8330 125.8804 3 15 6
2  45.0 45.0 0.00
97 1.5794 151.0159 1 24 9
2  45.0 45.0 0.00
98 -10.0370 128.9085 7 24 7
2  45.0 45.0 0.00
99 -16.1578 77.6211 3 27 7
2  45.0 45.0 0.00
100 -24.6556 -133.3834 1 26 6
2  45.0 45.0 0.00
101 24.8545 71.4683 8 28 8
2  45.0 45.0 0.00
102 -46.0405 63.4563 2 24 6
2  45.0 45.0 0.00
103 46.1265 57.0825 8 16 5
2  45.0 45.0 0.00
104 -4.0149 -42.6981 3 28 9
2  45.0 45.0 0.00
105 29.1610 -174.3540 4 28 7
2  45.0 45.0 0.00
106 13.8189 -146.2754 1 22 7
2  45.0 45.0 0.00
107 -32.5590 -150.3961 10 25 8
2  45.0 45.0 0.00
108 33.5360 -175.4382 4 28 8
2  45.0 45.0 0.00
109 24.2787 -100.2843 7 19 8
2  45.0 45.0 0.00
110 20.0346 40.5997 3 26 6
2  45.0 45.0 0.00
111 40.9166 -90.4992 6 26 9
2  45.0 45.0 0.00
112 23.1920 101.1923 1 20 8
2  45.0 45.0 0.00
113 50.0295 -108.8005 5 15 6
2  45.0 45.0 0.00
114 37.4098 173.1480 6 22 8
2  45.0 45.0 0.00
115 -5.3581 -14.5889 5 17 6
2  45.0 45.0 0.00
116 5.6891 73.1683 7 17 6
2  45.0 45.0 0.00
117 -51.1355 -55.3015 4 18 5
2  45.0 45.0 0.00
118 47.0880 -76.3966 1 25 7
2  45.0 45.0 0.00
119 -49.2595 50.2123 7 19 6
2  45.0 45.0 0.00
120 3.3144 -116.2684 7 28 5
2  45.0 45.0 0.00
121 22.0521 -136.5665 5 15 8
2  45.0 45.0 0.00
122 -7.7878 -139.3291 2 21 6
2  45.0 45.0 0.00
123 -51.3520 35.4087 5 16 6
2  45.0 45.0 0.00
124 13.3127 172.9789 5 15 6
2  45.0 45.0 0.00
125 6.9044 -76.8443 7 28 5
2  45.0 45.0 0.00
126 32.8572 -112.8866 5 28 8
2  45.0 45.0 0.00
127 -13.0763 100.4622 2 15 9
2  45.0 45.0 0.00
128 42.0758 -65.4870 7 21 9
2  45.0 45.0 0.00
129 35.1127 127.8547 7 20 5
2  45.0 45.0 0.00
130 -6.6854 6.1249 7 29 9
2  45.0 45.0 0.00
131 5.3817 -131.4451 1 24 7
2  45.0 45.0 0.00
132 -8.3215 -97.7488 9 29 6
2  45.0 45.0 0.00
133 -27.5489 -91.8233 4 25 5
2  45.0 45.0 0.00
134 -27.9325 32.8411 1 19 8
2  45.0 45.0 0.00
135 -20.4050 20.0816 6 17 8
2  45.0 45.0 0.00
136 22.2583 150.0278 8 26 7
2  45.0 45.0 0.00
137 -21.9463 -103.9063 10 15 8
2  45.0 45.0 0.00
138 -27.3730 -120.9489 6 21 9
2  45.0 45.0 0.00
139 17.8574 -47.4541 3 15 7
2  45.0 45.0 0.00
140 9.1495 -127.7555 5 17 5
2  45.0 45.0 0.00
141 36.6447 -102.4901 4 19 6
2  45.0 45.0 0.00
142 52.4688 163.5870 8 29 8
2  45.0 45.0 0.00
143 0.5036 -7.4974 2 22 6
2  45.0 45.0 0.00
144 -49.9543 -113.5994 1 15 8
2  45.0 45.0 0.00
145 -45.3198 -127.8655 9 20 7
2  45.0 45.0 0.00
146 46.5675 -3.5016 9 24 6
2  45.0 45.0 0.00
147 6.8752 87.9430 2 25 5
2  45.0 45.0 0.00
148 -44.7687 140.9303 2 27 5
2  45.0 45.0 0.00
149 -22.5403 -105.9910 6 25 9
2  45.0 45.0 0.00
150 -32.9350 133.7722 8 25 7
2  45.0 45.0 0.00
151 -10.4018 -128.1270 4 23 6
2  45.0 45.0 0.00
152 21.2940 133.0259 4 28 6
2  45.0 45.0 0.00
153 0.4998 -70.1804 8 25 7
2  45.0 45.0 0.00
154 27.6093 105.2276 6 21 6
2  45.0 45.0 0.00
155 -38.4504 -47.3762 10 29 5
2  45.0 45.0 0.00
156 38.8887 -8.8157 6 23 8
2  45.0 45.0 0.00
157 -45.8209 103.5145 8 17 9
2  45.0 45.0 0.00
158 -8.3985 -110.6427 8 21 8
2  45.0 45.0 0.00
159 -30.9374 -178.0598 5 21 6
2  45.0 45.0 0.00
160 51.1239 -3.1522 1 16 6
2  45.0 45.0 0.00
161 -10.9187 -21.6983 10 22 7
2  45.0 45.0 0.00
162 -49.4521 -127.4604 3 22 8
2  45.0 45.0 0.00
163 -29.1103 -63.0740 5 17 8
2  45.0 45.0 0.00
164 23.0206 -126.2901 7 27 8
2  45.0 45.0 0.00
165 7.1874 -61.4989 2 25 8
2  45.0 45.0 0.00
166 -39.0217 144.7752 8 26 9
2  45.0 45.0 0.00
167 -13.1832 -41.0400 6 20 8
2  45.0 45.0 0.00
168 13.5680 -73.1306 4 24 8
2  45.0 45.0 0.00
169 -23.8686 64.9229 8 26 6
2  45.0 45.0 0.00
170 40.6344 121.1508 3 27 7
2  45.0 45.0 0.00
171 35.3094 49.4231 4 19 5
2  45.0 45.0 0.00
172 -45.8107 92.3280 4 25 8
2  45.0 45.0 0.00
173 -39.0804 -41.8017 2 23 5
2  45.0 45.0 0.00
174 35.9737 176.8126 1 21 6
2  45.0 45.0 0.00
175 -8.4465 9.6705 1 18 5
2  45.0 45.0 0.00
176 41.0712 13.8462 9 20 7
2  45.0 45.0 0.00
177 -21.6939 -151.0713 9 18 8
2  45.0 45.0 0.00
178 25.2645 -150.8962 8 19 6
2  45.0 45.0 0.00
179 39.3826 24.6213 3 27 7
2  45.0 45.0 0.00
180 41.4397 -133.0107 7 25 6
2  45.0 45.0 0.00
181 41.5729 -25.6431 4 22 7
2  45.0 45.0 0.00
182 -20.5380 -36.9959 10 19 5
2  45.0 45.0 0.00
183 3.1124 -45.8806 6 17 9
2  45.0 45.0 0.00
184 -47.5983 -122.8157 9 29 6
2  45.0 45.0 0.00
185 27.4043 71.7650 4 15 5
2  45.0 45.0 0.00
186 37.3039 67.0435 2 26 6
2  45.0 45.0 0.00
187 27.2355 126.4141 1 17 5
2  45.0 45.0 0.00
188 38.8566 34.0760 10 26 8
2  45.0 45.0 0.00
189 -16.8423 107.3077 5 17 9
2  45.0 45.0 0.00
190 -0.1082 -44.0365 8 28 8
2  45.0 45.0 0.00
191 24.6021 -113.9107 6 19 9
2  45.0 45.0 0.00
192 -32.5579 -38.2368 7 20 6
2  45.0 45.0 0.00
193 12.7214 56.3335 1 28 5
2  45.0 45.0 0.00
194 18.8904 -102.8287 8 15 9
2  45.0 45.0 0.00
195 -4.6318 -36.0870 10 19 9
2  45.0 45.0 0.00
196 48.8081 19.7994 10 17 6
2  45.0 45.0 0.00
197 -2.7298 93.1746 8 15 9
2  45.0 45.0 0.00
198 7.7759 11.2751 3 19 7
2  45.0 45.0 0.00
199 -2.8848 -106.3751 8 22 7
2  45.0 45.0 0.00
200 19.5706 146.5377 9 15 5
2  45.0 45.0 0.00
201 -22.8308 -57.7355 1 29 8
2  45.0 45.0 0.00
202 -17.7722 144.0691 2 20 9
2  45.0 45.0 0.00
203 14.6122 -96.9379 7 15 7
2  45.0 45.0 0.00
204 38.2866 34.4766 7 16 9
2  45.0 45.0 0.00
205 -37.4295 160.7829 2 22 5
2  45.0 45.0 0.00
206 -26.3102 146.5519 5 25 5
2  45.0 45.0 0.00
207 -47.3391 19.6706 4 15 6
2  45.0 45.0 0.00
208 -38.7299 96.6004 5 20 8
2  45.0 45.0 0.00
209 18.3555 -126.2528 10 20 9
2  45.0 45.0 0.00
210 -27.3420 -108.4462 2 28 9
2  45.0 45.0 0.00
211 -43.5808 118.1051 10 16 9
2  45.0 45.0 0.00
212 -17.1725 117.9634 9 27 6
2  45.0 45.0 0.00
213 -7.9236 -110.5327 9 18 7
2  45.0 45.0 0.00
214 -44.1797 -109.5565 7 24 5
2  45.0 45.0 0.00
215 -43.1568 -85.5359 5 20 9
2  45.0 45.0 0.00
216 52.7450 27.0533 5 24 5
2  45.0 45.0 0.00
217 -47.3788 172.9013 3 26 5
2  45.0 45.0 0.00
218 -29.1145 -26.3121 3 16 7
2  45.0 45.0 0.00
219 -20.4636 155.2834 1 16 9
2  45.0 45.0 0.00
220 -2.0987 142.3533 6 26 6
2  45.0 45.0 0.00
221 -48.0837 15.9968 1 26 7
2  45.0 45.0 0.00
222 34.6048 -22.4091 9 17 7
2  45.0 45.0 0.00
223 27.8618 -116.7367 9 27 5
2  45.0 45.0 0.00
224 -5.8335 -18.4484 9 16 6
2  45.0 45.0 0.00
225 16.5678 -137.4938 4 17 5
2  45.0 45.0 0.00
226 -35.8791 -116.4705 2 23 7
2  45.0 45.0 0.00
227 -42.1702 104.5477 1 21 9
2  45.0 45.0 0.00
228 0.9110 -106.7776 2 18 6
2  45.0 45.0 0.00
229 30.4837 -96.1979 4 24 7
2  45.0 45.0 0.00
230 -39.0911 -143.1875 4 16 9
2  45.0 45.0 0.00
231 -49.6667 115.6465 1 21 9
2  45.0 45.0 0.00
232 45.4006 -52.0304 5 25 6
2  45.0 45.0 0.00
233 15.8989 131.2202 7 26 7
2  45.0 45.0 0.00
234 50.0784 97.5925 8 28 9
2  45.0 45.0 0.00
235 -27.3934 -111.9462 4 26 9
2  45.0 45.0 0.00
236 -8.1073 0.1881 6 24 8
2  45.0 45.0 0.00
237 -46.7184 -143.9537 1 23 6
2  45.0 45.0 0.00
238 -23.2216 -46.1787 10 23 7
2  45.0 45.0 0.00
239 -36.7690 -0.5448 3 29 8
2  45.0 45.0 0.00
240 44.8467 -14.9464 8 17 8
2  45.0 45.0 0.00
241 -14.8267 -101.2676 4 18 8
2  45.0 45.0 0.00
242 36.2952 -154.3907 9 21 6
2  45.0 45.0 0.00
243 -7.6548 87.6214 10 29 6
2  45.0 45.0 0.00
244 5.2852 -75.6909 7 21 7
2  45.0 45.0 0.00
245 10.6754 -98.4998 6 20 7
2  45.0 45.0 0.00
246 25.7670 -92.7932 2 16 6
2  45.0 45.0 0.00
247 49.2936 -62.7002 7 27 7
2  45.0 45.0 0.00
248 36.0993 123.0848 7 28 7
2  45.0 45.0 0.00
249 -30.7621 152.9549 2 19 7
2  45.0 45.0 0.00
250 -9.5686 18.1646 9 25 9
2  45.0 45.0 0.00
251 14.1334 -167.3292 2 25 6
2  45.0 45.0 0.00
252 -38.8240 134.8561 8 25 7
2  45.0 45.0 0.00
253 10.6177 162.3709 1 18 7
2  45.0 45.0 0.00
254 -42.1931 151.8823 1 23 7
2  45.0 45.0 0.00
255 22.0436 -34.7324 8 28 6
2  45.0 45.0 0.00
256 18.6387 159.0651 3 26 8
2  45.0 45.0 0.00
257 -32.5814 24.4812 8 16 5
2  45.0 45.0 0.00
258 45.5628 38.9720 1 23 8
2  45.0 45.0 0.00
259 49.3917 -130.0938 6 20 7
2  45.0 45.0 0.00
260 -25.5713 74.0252 6 25 7
2  45.0 45.0 0.00
261 -1.2895 -174.0072 8 16 6
2  45.0 45.0 0.00
262 -28.6398 -131.1518 5 21 9
2  45.0 45.0 0.00
263 -32.6598 -148.5377 1 29 8
2  45.0 45.0 0.00
264 -49.5907 117.3941 9 17 7
2  45.0 45.0 0.00
265 -0.6682 -41.1837 1 27 5
2  45.0 45.0 0.00
266 7.3490 -162.3703 9 21 8
2  45.0 45.0 0.00
267 49.8424 -93.3244 1 18 9
2  45.0 45.0 0.00
268 -34.3460 -5.0072 3 28 7
2  45.0 45.0 0.00
269 31.1797 -106.3974 9 23 8
2  45.0 45.0 0.00
270 40.1278 -124.2262 4 23 7
2  45.0 45.0 0.00
271 -7.1374 7.0591 6 17 7
2  45.0 45.0 0.00
272 -42.1632 -124.1615 3 15 6
2  45.0 45.0 0.00
273 -33.8308 63.2908 10 24 9
2  45.0 45.0 0.00
274 47.8190 122.2420 1 29 7
2  45.0 45.0 0.00
275 4.8837 144.7432 8 24 8
2  45.0 45.0 0.00
276 -22.3400 122.0123 3 18 8
2  45.0 45.0 0.00
277 -9.0733 -7.5675 10 28 6
2  45.0 45.0 0.00
278 -5.2361 -151.2798 7 26 8
2  45.0 45.0 0.00
279 -50.7873 -17.9975 2 23 8
2  45.0 45.0 0.00
280 -40.4559 25.6494 7 23 7
2  45.0 45.0 0.00
281 -48.8657 -123.3461 5 15 9
2  45.0 45.0 0.00
282 3.2438 136.9483 10 21 5
2  45.0 45.0 0.00
283 -25.0890 143.9012 10 20 7
2  45.0 45.0 0.00
284 21.3975 95.0497 6 20 6
2  45.0 45.0 0.00
285 39.3625 -164.3721 7 18 6
2  45.0 45.0 0.00
286 -42.8171 -53.7721 7 15 5
2  45.0 45.0 0.00
287 23.1076 -91.7868 2 26 6
2  45.0 45.0 0.00
288 -25.7547 -23.6666 10 16 6
2  45.0 45.0 0.00
289 7.4402 52.3203 1 24 8
2  45.0 45.0 0.00
290 -40.1582 -142.1490 9 16 5
2  45.0 45.0 0.00
291 -15.4428 -108.8507 10 18 9
2  45.0 45.0 0.00
292 52.5327 146.2434 6 25 5
2  45.0 45.0 0.00
293 -33.9233 133.5435 9 20 9
2  45.0 45.0 0.00
294 -51.0629 -124.3431 3 15 7
2  45.0 45.0 0.00
295 -24.6340 66.5292 3 16 6
2  45.0 45.0 0.00
296 -29.0429 -34.0542 1 21 7
2  45.0 45.0 0.00
297 52.0379 -100.0590 6 28 5
2  45.0 45.0 0.00
298 2.1581 179.9216 9 28 8
2  45.0 45.0 0.00
299 -15.8153 92.7943 10 29 7
2  45.0 45.0 0.00
300 21.1190 -70.2997 9 24 7
2  45.0 45.0 0.00
301 49.4539 -162.7166 9 24 9
2  45.0 45.0 0.00
302 17.9681 -137.2749 7 29 8
2  45.0 45.0 0.00
303 9.5598 -17.6326 4 18 7
2  45.0 45.0 0.00
304 48.5385 175.8802 9 17 5
2  45.0 45.0 0.00
305 -51.0398 -81.2020 8 19 7
2  45.0 45.0 0.00
306 1.0432 87.6485 9 24 6
2  45.0 45.0 0.00
307 44.6565 90.1242 4 28 7
2  45.0 45.0 0.00
308 46.9489 38.0161 7 15 7
2  45.0 45.0 0.00
309 -10.4220 -169.3432 2 16 7
2  45.0 45.0 0.00
310 42.3765 20.0690 4 20 7
2  45.0 45.0 0.00
311 22.3321 -134.2448 10 22 9
2  45.0 45.0 0.00
312 20.3634 88.7288 9 15 9
2  45.0 45.0 0.00
313 45.1605 -12.4168 2 23 7
2  45.0 45.0 0.00
314 36.0233 21.3299 4 24 9
2  45.0 45.0 0.00
315 -15.6551 175.5252 10 25 5
2  45.0 45.0 0.00
316 51.8224 -113.7142 4 27 6
2  45.0 45.0 0.00
317 48.1340 -48.0598 10 16 7
2  45.0 45.0 0.00
318 31.1841 -87.3555 7 15 8
2  45.0 45.0 0.00
319 -32.1768 30.9999 10 15 6
2  45.0 45.0 0.00
320 46.2340 -21.2732 3 25 5
2  45.0 45.0 0.00
321 -16.9040 162.9900 5 21 8
2  45.0 45.0 0.00
322 23.6497 -18.2828 6 22 7
2  45.0 45.0 0.00
323 0.8459 141.9802 9 26 9
2  45.0 45.0 0.00
324 6.3114 -50.3373 2 17 8
2  45.0 45.0 0.00
325 8.7446 6.7643 6 27 5
2  45.0 45.0 0.00
326 28.2171 170.3330 8 19 8
2  45.0 45.0 0.00
327 5.0861 2.8065 4 26 8
2  45.0 45.0 0.00
328 -52.8575 160.8934 7 22 9
2  45.0 45.0 0.00
329 -16.4326 99.0118 10 22 9
2  45.0 45.0 0.00
330 -20.9821 121.9066 5 15 5
2  45.0 45.0 0.00
331 8.0556 -72.7126 7 28 7
2  45.0 45.0 0.00
332 34.1043 -146.9527 10 20 9
2  45.0 45.0 0.00
333 26.4961 -137.6386 9 25 5
2  45.0 45.0 0.00
334 -52.9804 -141.5058 4 29 6
2  45.0 45.0 0.00
335 11.9372 132.3517 2 19 9
2  45.0 45.0 0.00
336 32.5911 -173.0917 3 29 8
2  45.0 45.0 0.00
337 45.3224 162.0783 5 17 5
2  45.0 45.0 0.00
338 -26.5040 28.8913 8 19 9
2  45.0 45.0 0.00
339 43.4119 25.1561 9 24 5
2  45.0 45.0 0.00
340 -28.9057 -151.8936 2 19 7
2  45.0 45.0 0.00
341 -32.3165 136.0933 5 25 9
2  45.0 45.0 0.00
342 22.0853 -173.6743 1 16 6
2  45.0 45.0 0.00
343 32.0702 -142.2688 1 26 7
2  45.0 45.0 0.00
344 31.7730 155.9367 9 23 6
2  45.0 45.0 0.00
345 -8.4873 105.6355 1 16 7
2  45.0 45.0 0.00
346 -48.4698 -90.2413 3 18 8
2  45.0 45.0 0.00
347 24.3153 67.0211 1 21 6
2  45.0 45.0 0.00
348 -47.7495 -84.8739 3 18 5
2  45.0 45.0 0.00
349 -28.3666 -14.6089 1 16 8
2  45.0 45.0 0.00
350 32.3021 118.2491 1 17 5
2  45.0 45.0 0.00
351 -21.8204 0.2436 4 29 7
2  45.0 45.0 0.00
352 -10.4203 108.6160 10 17 8
2  45.0 45.0 0.00
353 -4.3436 101.6609 1 22 6
2  45.0 45.0 0.00
354 -40.6638 61.8058 4 22 5
2  45.0 45.0 0.00
355 3.7636 71.1760 9 22 6
2  45.0 45.0 0.00
356 48.8142 74.9601 9 19 7
2  45.0 45.0 0.00
357 -30.2876 -155.2678 5 16 6
2  45.0 45.0 0.00
358 -28.7564 79.7203 8 29 6
2  45.0 45.0 0.00
359 -26.7309 -150.3325 9 23 5
2  45.0 45.0 0.00
360 -5.3001 163.1432 7 28 7
2  45.0 45.0 0.00
361 -38.8963 -66.2405 10 29 6
2  45.0 45.0 0.00
362 10.2222 176.2802 9 25 8
2  45.0 45.0 0.00
363 20.5082 5.2175 1 25 5
2  45.0 45.0 0.00
364 -11.6259 73.0372 8 19 7
2  45.0 45.0 0.00
365 -11.1370 80.0211 2 19 6
2  45.0 45.0 0.00
366 -4.9718 -135.7517 6 21 8
2  45.0 45.0 0.00
367 -52.2224 119.8537 4 27 7
2  45.0 45.0 0.00
368 42.2165 -149.6336 4 26 6
2  45.0 45.0 0.00
369 -27.6611 -167.3697 2 19 6
2  45.0 45.0 0.00
370 24.7328 -45.1887 2 20 6
2  45.0 45.0 0.00
371 26.1945 60.8937 3 20 6
2  45.0 45.0 0.00
372 -9.4580 -163.5503 6 24 8
2  45.0 45.0 0.00
373 -2.8064 12.4583 5 15 6
2  45.0 45.0 0.00
374 38.2179 54.2208 1 17 9
2  45.0 45.0 0.00
375 -20.5671 158.0309 9 28 6
2  45.0 45.0 0.00
376 -14.8559 -29.2117 9 15 6
2  45.0 45.0 0.00
377 -44.6662 81.0284 9 17 7
2  45.0 45.0 0.00
378 -17.1522 -20.4050 7 23 5
2  45.0 45.0 0.00
379 37.3730 -15.6336 10 15 9
2  45.0 45.0 0.00
380 21.6706 178.6237 7 15 5
2  45.0 45.0 0.00
381 -44.2322 -98.4372 3 23 6
2  45.0 45.0 0.00
382 32.6632 90.1704 10 15 6
2  45.0 45.0 0.00
383 52.1432 176.8659 2 21 9
2  45.0 45.0 0.00
384 26.3352 -57.8434 4 24 8
2  45.0 45.0 0.00
385 -8.7740 -153.7139 7 16 9
2  45.0 45.0 0.00
386 37.0362 143.4338 1 29 8
2  45.0 45.0 0.00
387 -14.4507 -45.4822 2 27 9
2  45.0 45.0 0.00
388 37.3180 -124.7097 8 27 7
2  45.0 45.0 0.00
389 9.2976 -31.8205 9 17 9
2  45.0 45.0 0.00
390 38.2958 -165.9130 10 17 8
2  45.0 45.0 0.00
391 -14.2977 -48.9111 10 21 7
2  45.0 45.0 0.00
392 -51.9720 -136.8961 9 25 6
2  45.0 45.0 0.00
393 43.4299 105.6161 1 19 5
2  45.0 45.0 0.00
394 12.5352 -131.8046 8 22 5
2  45.0 45.0 0.00
395 10.0553 2.1304 5 17 8
2  45.0 45.0 0.00
396 -52.4046 138.1299 1 18 9
2  45.0 45.0 0.00
397 32.8883 80.0362 2 19 8
2  45.0 45.0 0.00
398 52.9509 160.5829 9 20 5
2  45.0 45.0 0.00
399 24.6263 -11.3137 8 22 6
2  45.0 45.0 0.00
400 31.1995 -149.9283 10 29 5
2  45.0 45.0 0.00
401 24.1049 16.6803 4 16 5
2  45.0 45.0 0.00
402 38.0750 -106.4361 4 24 7
2  45.0 45.0 0.00
403 -39.6436 142.1620 9 26 5
2  45.0 45.0 0.00
404 -33.1363 -9.8232 3 22 6
2  45.0 45.0 0.00
405 18.2524 105.3724 8 21 6
2  45.0 45.0 0.00
406 -39.6135 176.0623 8 26 9
2  45.0 45.0 0.00
407 44.7410 140.0674 3 17 8
2  45.0 45.0 0.00
408 -25.0231 48.4060 5 17 7
2  45.0 45.0 0.00
409 31.2905 -70.7118 10 28 5
2  45.0 45.0 0.00
410 35.7675 79.9590 7 20 5
2  45.0 45.0 0.00
411 -18.9081 19.1761 8 24 6
2  45.0 45.0 0.00
412 46.0786 -140.5005 7 26 7
2  45.0 45.0 0.00
413 39.2344 -24.6303 2 26 5
2  45.0 45.0 0.00
414 -27.8856 92.3873 10 17 8
2  45.0 45.0 0.00
415 5.6108 -66.4610 1 15 6
2  45.0 45.0 0.00
416 -13.9269 134.9076 1 18 8
2  45.0 45.0 0.00
417 -10.1570 37.6960 10 24 5
2  45.0 45.0 0.00
418 -13.9053 -86.1447 10 27 9
2  45.0 45.0 0.00
419 -36.6535 132.6023 6 26 6
2  45.0 45.0 0.00
420 -14.4573 8.4363 1 26 6
2  45.0 45.0 0.00
421 -44.4354 30.4230 5 25 5
2  45.0 45.0 0.00
422 -52.3390 3.5471 2 18 6
2  45.0 45.0 0.00
423 -46.6442 131.9203 3 16 7
2  45.0 45.0 0.00
424 -24.8649 97.5238 8 24 5
2  45.0 45.0 0.00
425 50.4792 147.2629 6 17 5
2  45.0 45.0 0.00
426 19.5668 29.0259 9 26 6
2  45.0 45.0 0.00
427 36.5891 -150.7272 7 29 6
2  45.0 45.0 0.00
428 33.8852 142.6410 9 23 9
2  45.0 45.0 0.00
429 38.0503 -169.4381 10 23 8
2  45.0 45.0 0.00
430 -22.4967 102.0458 5 18 7
2  45.0 45.0 0.00
431 9.8274 133.2915 9 24 8
2  45.0 45.0 0.00
432 -34.7962 -36.6177 5 23 6
2  45.0 45.0 0.00
433 -7.8856 96.7029 5 29 8
2  45.0 45.0 0.00
434 50.7366 135.2686 5 27 8
2  45.0 45.0 0.00
435 -13.8648 -103.9410 10 25 5
2  45.0 45.0 0.00
436 47.3693 -53.4583 8 22 8
2  45.0 45.0 0.00
437 42.5200 -48.5647 6 18 7
2  45.0 45.0 0.00
438 50.3422 -23.2768 1 19 9
2  45.0 45.0 0.00
439 -8.3329 -56.9997 7 19 7
2  45.0 45.0 0.00
440 -43.4234 -145.4956 6 28 6
2  45.0 45.0 0.00
441 -9.3258 171.4514 5 22 7
2  45.0 45.0 0.00
442 -12.5678 -121.8263 5 22 9
2  45.0 45.0 0.00
443 33.9443 134.8422 5 27 8
2  45.0 45.0 0.00
444 -46.5860 17.6664 6 22 8
2  45.0 45.0 0.00
445 4.5903 23.6450 5 29 5
2  45.0 45.0 0.00
446 -50.0816 142.5248 6 18 8
2  45.0 45.0 0.00
447 37.2097 -19.1238 7 19 6
2  45.0 45.0 0.00
448 45.0371 124.6522 2 24 9
2  45.0 45.0 0.00
449 33.2132 167.7590 7 20 6
2  45.0 45.0 0.00
450 4.9635 -7.5374 9 24 9
2  45.0 45.0 0.00
451 4.3748 45.5530 5 19 8
2  45.0 45.0 0.00
452 36.7121 -173.0273 10 22 5
2  45.0 45.0 0.00
453 -1.5334 143.8561 5 27 6
2  45.0 45.0 0.00
454 -13.4248 25.0726 7 24 7
2  45.0 45.0 0.00
455 -30.2891 140.5422 7 22 9
2  45.0 45.0 0.00
456 8.1946 -99.6231 7 23 6
2  45.0 45.0 0.00
457 5.1378 -87.9334 10 21 5
2  45.0 45.0 0.00
458 -29.2031 -125.7050 1 23 6
2  45.0 45.0 0.00
459 42.9840 -45.6139 4 24 7
2  45.0 45.0 0.00
460 43.8556 -133.9008 2 29 8
2  45.0 45.0 0.00
461 50.5810 117.0294 5 16 5
2  45.0 45.0 0.00
462 15.9930 -123.5099 3 20 5
2  45.0 45.0 0.00
463 13.0455 -24.3598 4 18 5
2  45.0 45.0 0.00
464 -28.6419 -4.4803 9 25 6
2  45.0 45.0 0.00
465 -29.4116 -174.6830 5 20 6
2  45.0 45.0 0.00
466 36.1416 -88.8657 8 28 8
2  45.0 45.0 0.00
467 -5.3791 -98.6834 8 27 8
2  45.0 45.0 0.00
468 23.6791 -131.8426 1 18 9
2  45.0 45.0 0.00
469 -45.8363 108.1437 5 21 9
2  45.0 45.0 0.00
470 -2.8433 -138.3709 7 24 8
2  45.0 45.0 0.00
471 -7.8252 -22.7538 10 26 6
2  45.0 45.0 0.00
472 49.0155 -21.7076 3 28 7
2  45.0 45.0 0.00
473 -10.8410 -89.9904 5 23 6
2  45.0 45.0 0.00
474 -10.8977 30.8570 10 22 5
2  45.0 45.0 0.00
475 -42.8216 -88.6986 2 27 9
2  45.0 45.0 0.00
476 -8.2539 19.6185 4 22 7
2  45.0 45.0 0.00
477 23.8842 52.1039 3 18 9
2  45.0 45.0 0.00
478 -51.6793 -2.8260 4 22 7
2  45.0 45.0 0.00
479 -22.9292 -101.0477 1 27 7
2  45.0 45.0 0.00
480 33.6608 -101.4397 1 16 9
2  45.0 45.0 0.00
481 41.0710 41.7798 3 23 7
2  45.0 45.0 0.00
482 -34.7084 43.8340 9 28 9
2  45.0 45.0 0.00
483 -9.7611 165.6735 9 20 5
2  45.0 45.0 0.00
484 26.8173 -173.7455 8 26 5
2  45.0 45.0 0.00
485 42.9344 -153.1543 10 29 9
2  45.0 45.0 0.00
486 39.9314 -24.6781 9 20 9
2  45.0 45.0 0.00
487 -31.3856 -19.0363 6 22 6
2  45.0 45.0 0.00
488 -41.4176 -162.1030 5 25 9
2  45.0 45.0 0.00
489 -11.5860 32.9749 2 22 8
2  45.0 45.0 0.00
490 -18.7108 116.9122 7 25 8
2  45.0 45.0 0.00
491 31.8192 -15.5919 3 16 5
2  45.0 45.0 0.00
492 33.1664 50.3483 4 24 8
2  45.0 45.0 0.00
493 25.5579 -88.7585 10 16 7
2  45.0 45.0 0.00
494 48.8441 -9.6736 7 17 8
2  45.0 45.0 0.00
495 21.5476 -74.2123 6 26 9
2  45.0 45.0 0.00
496 -19.7749 22.1585 6 18 6
2  45.0 45.0 0.00
497 -47.4928 82.0452 6 24 7
2  45.0 45.0 0.00
498 26.2054 -44.2369 8 20 9
2  45.0 45.0 0.00
499 -3.2424 -30.5730 6 16 9
2  45.0 45.0 0.00
500 -38.4516 -3.0737 5 15 5
2  45.0 45.0 0.00
501 37.1375 57.4869 7 29 5
2  45.0 45.0 0.00
502 0.6706 59.1188 6 17 7
2  45.0 45.0 0.00
503 -26.3580 -45.1874 1 19 5
2  45.0 45.0 0.00
504 -51.5998 45.9638 10 23 8
2  45.0 45.0 0.00
505 8.8694 -152.1101 9 19 5
2  45.0 45.0 0.00
506 -22.4504 -108.7008 2 26 7
2  45.0 45.0 0.00
507 34.1302 9.6670 4 17 8
2  45.0 45.0 0.00
508 -11.4194 85.4217 8 22 9
2  45.0 45.0 0.00
509 -44.2018 -107.4502 3 27 8
2  45.0 45.0 0.00
510 -42.9372 -145.5432 4 15 5
2  45.0 45.0 0.00
511 1.0146 148.3130 4 19 6
2  45.0 45.0 0.00
512 28.9255 -58.0590 2 28 5
2  45.0 45.0 0.00
513 -20.3230 131.7401 3 25 6
2  45.0 45.0 0.00
514 23.7956 -103.9421 3 25 6
2  45.0 45.0 0.00
515 -23.7518 -126.1676 6 24 7
2  45.0 45.0 0.00
516 -12.4925 -85.3456 8 23 8
2  45.0 45.0 0.00
517 -32.5960 -118.0672 1 25 5
2  45.0 45.0 0.00
518 43.4602 -89.6914 9 28 7
2  45.0 45.0 0.00
519 -47.3243 132.0425 10 21 8
2  45.0 45.0 0.00
520 -29.9920 6.6573 10 24 7
2  45.0 45.0 0.00
521 40.6680 -33.3657 7 24 7
2  45.0 45.0 0.00
522 -14.8360 -80.3999 2 25 7
2  45.0 45.0 0.00
523 1.0550 104.3793 8 16 9
2  45.0 45.0 0.00
524 -38.5588 -129.9764 1 23 6
2  45.0 45.0 0.00
525 -2.7953 -76.0310 4 17 7
2  45.0 45.0 0.00
526 -9.6310 69.6667 5 29 8
2  45.0 45.0 0.00
527 38.5473 56.3197 6 15 5
2  45.0 45.0 0.00
528 30.2284 2.9598 2 17 9
2  45.0 45.0 0.00
529 14.1335 7.2979 6 21 9
2  45.0 45.0 0.00
530 -25.0582 98.9809 5 21 7
2  45.0 45.0 0.00
531 -44.7211 158.1744 8 18 5
2  45.0 45.0 0.00
532 10.0549 -90.2698 2 18 5
2  45.0 45.0 0.00
533 17.6510 -72.9938 8 16 9
2  45.0 45.0 0.00
534 37.4720 94.8204 9 28 9
2  45.0 45.0 0.00
535 13.5697 162.9378 4 23 9
2  45.0 45.0 0.00
536 48.0559 118.3114 8 20 5
2  45.0 45.0 0.00
537 14.2247 -97.5384 3 21 9
2  45.0 45.0 0.00
538 44.9737 -37.9683 5 27 5
2  45.0 45.0 0.00
539 3.8078 -82.1108 6 16 6
2  45.0 45.0 0.00
540 -17.3739 -25.1719 9 23 9
2  45.0 45.0 0.00
541 0.0224 124.1253 6 24 6
2  45.0 45.0 0.00
542 -39.6973 -53.4767 2 21 7
2  45.0 45.0 0.00
543 28.2187 145.0875 2 18 9
2  45.0 45.0 0.00
544 -6.6293 136.0466 1 18 7
2  45.0 45.0 0.00
545 -4.3484 150.8834 10 28 6
2  45.0 45.0 0.00
546 -15.2532 118.7270 8 19 5
2  45.0 45.0 0.00
547 2.4676 -83.0091 4 20 7
2  45.0 45.0 0.00
548 30.6767 39.3297 8 17 8
2  45.0 45.0 0.00
549 7.7196 170.5502 4 20 9
2  45.0 45.0 0.00
550 14.0876 -166.1869 8 19 6
2  45.0 45.0 0.00
551 -4.4320 -103.8618 4 17 5
2  45.0 45.0 0.00
552 8.5957 155.8708 2 19 7
2  45.0 45.0 0.00
553 -21.6558 -161.5825 8 21 5
2  45.0 45.0 0.00
554 -0.3397 4.9645 7 27 5
2  45.0 45.0 0.00
555 34.7903 74.8989 3 22 5
2  45.0 45.0 0.00
556 -1.5660 18.1882 4 16 7
2  45.0 45.0 0.00
557 -19.3204 20.5325 2 16 8
2  45.0 45.0 0.00
558 -19.9509 -133.9695 10 20 6
2  45.0 45.0 0.00
559 37.7814 -78.4682 2 25 9
2  45.0 45.0 0.00
560 2.2967 20.5813 1 18 5
2  45.0 45.0 0.00
561 -40.3742 -94.9132 3 17 9
2  45.0 45.0 0.00
562 26.5144 80.5527 6 16 8
2  45.0 45.0 0.00
563 -49.7597 125.8211 7 27 6
2  45.0 45.0 0.00
564 25.2986 168.8804 5 27 5
2  45.0 45.0 0.00
565 -13.8931 -125.6398 4 22 5
2  45.0 45.0 0.00
566 4.8948 -175.3270 5 23 9
2  45.0 45.0 0.00
567 45.3740 -76.6509 9 28 6
2  45.0 45.0 0.00
568 -44.3737 -28.4286 1 17 5
2  45.0 45.0 0.00
569 9.3308 -163.3680 2 25 8
2  45.0 45.0 0.00
570 -52.2660 -13.8336 2 20 7
2  45.0 45.0 0.00
571 5.5708 88.3169 4 16 9
2  45.0 45.0 0.00
572 49.6197 91.2979 10 16 7
2  45.0 45.0 0.00
573 25.1385 -114.4069 1 16 9
2  45.0 45.0 0.00
574 25.8097 153.9606 7 24 6
2  45.0 45.0 0.00
575 -19.3308 117.1205 4 26 5
2  45.0 45.0 0.00
576 -18.7903 -15.5088 8 26 9
2  45.0 45.0 0.00
577 -44.0320 54.3232 5 15 8
2  45.0 45.0 0.00
578 -33.6304 -102.0716 3 16 6
2  45.0 45.0 0.00
579 -18.2559 -75.7461 1 24 5
2  45.0 45.0 0.00
580 -9.9827 166.4497 5 27 9
2  45.0 45.0 0.00
581 -44.5988 129.1779 4 15 5
2  45.0 45.0 0.00
582 24.0853 168.1040 1 15 5
2  45.0 45.0 0.00
583 1.1862 166.7152 6 18 5
2  45.0 45.0 0.00
584 -43.8567 -136.8358 10 21 7
2  45.0 45.0 0.00
585 2.8641 112.5158 6 19 6
2  45.0 45.0 0.00
586 -50.0278 -109.3396 1 26 8
2  45.0 45.0 0.00
587 -14.8005 34.3741 4 26 7
2  45.0 45.0 0.00
588 -29.0677 35.6840 4 29 8
2  45.0 45.0 0.00
589 -30.1277 -116.4627 6 16 8
2  45.0 45.0 0.00
590 -14.3443 -158.0049 6 22 5
2  45.0 45.0 0.00
591 -22.6922 19.0573 4 19 7
2  45.0 45.0 0.00
592 -24.7285 19.3266 9 26 5
2  45.0 45.0 0.00
593 3.2797 -109.0862 10 21 8
2  45.0 45.0 0.00
594 44.0649 -120.2921 3 25 8
2  45.0 45.0 0.00
595 -1.3636 -125.5324 8 26 9
2  45.0 45.0 0.00
596 -15.8441 85.4030 4 24 8
2  45.0 45.0 0.00
597 49.4959 59.5157 7 25 6
2  45.0 45.0 0.00
598 32.5882 -78.0549 1 19 8
2  45.0 45.0 0.00
599 18.2417 109.1096 1 28 8
2  45.0 45.0 0.00
600 -51.0079 87.1627 1 20 7
2  45.0 45.0 0.00
601 -31.9249 -44.1347 7 26 6
2  45.0 45.0 0.00
602 -38.7299 112.3767 9 19 5
2  45.0 45.0 0.00
603 3.1251 161.5569 5 16 6
2  45.0 45.0 0.00
604 38.7556 -1.8254 1 17 8
2  45.0 45.0 0.00
605 14.0478 124.4288 5 29 8
2  45.0 45.0 0.00
606 19.5096 -101.2963 1 15 9
2  45.0 45.0 0.00
607 11.4913 -57.3652 3 17 5
2  45.0 45.0 0.00
608 9.4911 142.2341 5 20 7
2  45.0 45.0 0.00
609 52.4995 166.9392 10 17 6
2  45.0 45.0 0.00
610 23.6721 78.9831 6 23 8
2  45.0 45.0 0.00
611 2.5296 26.8447 2 26 5
2  45.0 45.0 0.00
612 -15.5623 -33.3377 10 16 6
2  45.0 45.0 0.00
613 44.0963 94.4243 2 20 9
2  45.0 45.0 0.00
614 -32.9840 110.5470 9 29 9
2  45.0 45.0 0.00
615 49.8756 -127.4056 5 26 8
2  45.0 45.0 0.00
616 17.8935 72.7098 5 26 5
2  45.0 45.0 0.00
617 49.2535 46.3566 4 20 9
2  45.0 45.0 0.00
618 -49.4130 17.1563 8 16 5
2  45.0 45.0 0.00
619 -33.6928 113.3803 2 15 6
2  45.0 45.0 0.00
620 -28.3032 40.2304 1 18 6
2  45.0 45.0 0.00
621 44.1222 79.3420 4 26 6
2  45.0 45.0 0.00
622 -12.9566 115.9918 2 16 7
2  45.0 45.0 0.00
623 16.0287 61.3735 4 28 9
2  45.0 45.0 0.00
624 -22.5532 -38.6844 3 23 5
2  45.0 45.0 0.00
625 14.9644 71.6519 9 28 8
2  45.0 45.0 0.00
626 -36.5086 -141.1662 3 22 8
2  45.0 45.0 0.00
627 -46.9521 -16.8513 3 20 8
2  45.0 45.0 0.00
628 -27.1083 139.4861 5 16 8
2  45.0 45.0 0.00
629 -30.5661 -29.6230 4 22 8
2  45.0 45.0 0.00
630 1.2361 138.1321 5 15 5
2  45.0 45.0 0.00
631 36.0872 -155.6848 8 16 7
2  45.0 45.0 0.00
632 -29.9753 111.9332 8 15 5
2  45.0 45.0 0.00
633 -24.3910 -65.7282 1 22 6
2  45.0 45.0 0.00
634 -32.0095 -73.9862 3 17 7
2  45.0 45.0 0.00
635 -10.6241 -78.5998 10 28 8
2  45.0 45.0 0.00
636 -29.3133 -111.4731 7 17 6
2  45.0 45.0 0.00
637 -24.1808 -158.0504 8 21 9
2  45.0 45.0 0.00
638 51.8884 -57.0661 4 27 5
2  45.0 45.0 0.00
639 -7.0665 127.2989 2 16 7
2  45.0 45.0 0.00
640 41.7872 153.4675 2 16 7
2  45.0 45.0 0.00
641 -29.9791 89.6464 3 21 5
2  45.0 45.0 0.00
642 6.2305 -128.9207 4 20 9
2  45.0 45.0 0.00
643 -50.1527 59.2740 5 27 6
2  45.0 45.0 0.00
644 -30.8539 128.6284 8 23 5
2  45.0 45.0 0.00
645 37.7932 -21.2199 3 15 7
2  45.0 45.0 0.00
646 4.8935 -111.4009 6 20 8
2  45.0 45.0 0.00
647 -21.5009 -151.2968 8 24 9
2  45.0 45.0 0.00
648 2.4233 36.8475 6 20 7
2  45.0 45.0 0.00
649 36.8484 175.2508 9 29 7
2  45.0 45.0 0.00
650 28.4806 -166.5613 2 26 9
2  45.0 45.0 0.00
651 -49.0867 -58.9972 10 16 6
2  45.0 45.0 0.00
652 29.2690 71.9022 5 15 7
2  45.0 45.0 0.00
653 -13.9681 108.4166 8 25 5
2  45.0 45.0 0.00
654 47.3958 -175.5784 2 28 8
2  45.0 45.0 0.00
655 11.2965 -6.0606 3 15 6
2  45.0 45.0 0.00
656 39.1916 -5.9397 5 21 6
2  45.0 45.0 0.00
657 0.9365 -38.9683 8 22 8
2  45.0 45.0 0.00
658 48.8705 -177.7279 7 21 7
2  45.0 45.0 0.00
659 34.2521 16.6304 8 27 8
2  45.0 45.0 0.00
660 -48.0743 -79.5528 5 26 7
2  45.0 45.0 0.00
661 27.1787 -127.1623 3 15 7
2  45.0 45.0 0.00
662 5.6978 -68.5239 3 27 8
2  45.0 45.0 0.00
663 -21.9821 -90.6757 6 27 9
2  45.0 45.0 0.00
664 50.5059 -77.9026 3 29 7
2  45.0 45.0 0.00
665 46.7268 26.6577 3 21 5
2  45.0 45.0 0.00
666 -46.6002 61.0833 5 18 9
2  45.0 45.0 0.00
667 9.6155 68.1608 4 15 5
2  45.0 45.0 0.00
668 -14.6212 -44.9986 1 28 7
2  45.0 45.0 0.00
669 16.0470 -119.5148 2 24 9
2  45.0 45.0 0.00
670 7.9510 84.0713 5 15 7
2  45.0 45.0 0.00
671 27.8637 -65.9158 5 19 5
2  45.0 45.0 0.00
672 -33.6705 88.7822 3 29 5
2  45.0 45.0 0.00
673 40.7121 -160.0001 3 15 6
2  45.0 45.0 0.00
674 10.9484 -106.6845 10 26 9
2  45.0 45.0 0.00
675 10.7554 -53.8779 10 22 6
2  45.0 45.0 0.00
676 28.9173 150.4096 6 22 8
2  45.0 45.0 0.00
677 -18.3545 57.6650 9 26 6
2  45.0 45.0 0.00
678 -23.9760 -49.3214 7 28 8
2  45.0 45.0 0.00
679 12.2373 -33.7838 9 26 6
2  45.0 45.0 0.00
680 10.1581 -132.8451 3 18 9
2  45.0 45.0 0.00
681 -13.6363 162.9101 9 18 7
2  45.0 45.0 0.00
682 -9.2722 110.0887 9 15 7
2  45.0 45.0 0.00
683 -24.9578 -82.3375 5 20 6
2  45.0 45.0 0.00
684 -29.2670 -75.1325 10 25 8
2  45.0 45.0 0.00
685 -27.5292 -58.7461 8 15 9
2  45.0 45.0 0.00
686 -32.2971 30.8190 4 19 5
2  45.0 45.0 0.00
687 15.0328 56.8335 10 22 8
2  45.0 45.0 0.00
688 -13.3225 -16.4051 5 17 7
2  45.0 45.0 0.00
689 -3.3910 -49.4385 3 19 6
2  45.0 45.0 0.00
690 -16.5188 -164.2723 6 21 6
2  45.0 45.0 0.00
691 -20.7195 -22.3767 1 22 6
2  45.0 45.0 0.00
692 -49.3388 155.5817 6 18 6
2  45.0 45.0 0.00
693 34.6533 4.1225 7 28 8
2  45.0 45.0 0.00
694 11.3079 88.5250 9 23 9
2  45.0 45.0 0.00
695 28.5634 -145.2850 6 18 7
2  45.0 45.0 0.00
696 40.0277 -154.9834 3 26 7
2  45.0 45.0 0.00
697 -36.9280 -126.4804 10 29 5
2  45.0 45.0 0.00
698 -31.3785 -118.2830 7 19 5
2  45.0 45.0 0.00
699 -6.1327 -95.5695 5 28 9
2  45.0 45.0 0.00
700 48.3952 -24.9752 4 24 7
2  45.0 45.0 0.00
701 10.4155 -18.2290 10 23 8
2  45.0 45.0 0.00
702 -30.9411 -96.2400 3 28 5
2  45.0 45.0 0.00
703 49.2951 -117.2692 8 26 6
2  45.0 45.0 0.00
704 18.8947 9.5114 6 28 9
2  45.0 45.0 0.00
705 -6.8643 -11.0114 7 21 7
2  45.0 45.0 0.00
706 3.7033 -120.2606 1 20 5
2  45.0 45.0 0.00
707 -5.6185 -29.0196 3 20 7
2  45.0 45.0 0.00
708 21.4394 25.2437 4 18 8
2  45.0 45.0 0.00
709 49.9588 -90.6431 5 18 7
2  45.0 45.0 0.00
710 -24.6034 -19.0328 5 24 6
2  45.0 45.0 0.00
711 -7.4054 11.8867 8 25 8
2  45.0 45.0 0.00
712 -39.3423 -170.9146 6 17 8
2  45.0 45.0 0.00
713 -48.5311 127.7464 8 26 8
2  45.0 45.0 0.00
714 4.8398 116.0568 3 19 9
2  45.0 45.0 0.00
715 -41.5381 -65.6648 9 16 7
2  45.0 45.0 0.00
716 -33.1749 -104.8447 7 29 9
2  45.0 45.0 0.00
717 -43.6926 14.0361 9 15 7
2  45.0 45.0 0.00
718 43.8815 75.1535 9 23 9
2  45.0 45.0 0.00
719 18.7642 -30.5549 3 22 5
2  45.0 45.0 0.00
720 -40.6554 1.7406 5 22 5
2  45.0 45.0 0.00
721 -5.7757 -127.5954 10 25 7
2  45.0 45.0 0.00
722 -41.0708 -34.0272 6 18 5
2  45.0 45.0 0.00
723 44.5286 -161.6464 4 18 9
2  45.0 45.0 0.00
724 0.3361 106.3481 7 19 9
2  45.0 45.0 0.00
725 35.7113 -99.3093 4 19 8
2  45.0 45.0 0.00
726 20.4586 105.8456 2 16 5
2  45.0 45.0 0.00
727 19.3125 67.4885 6 26 5
2  45.0 45.0 0.00
728 46.8771 127.0736 4 23 9
2  45.0 45.0 0.00
729 0.9006 -11.5386 8 22 8
2  45.0 45.0 0.00
730 13.3601 -103.0050 4 24 6
2  45.0 45.0 0.00
731 -18.9690 -94.9737 10 24 9
2  45.0 45.0 0.00
732 -29.5346 114.6294 1 29 6
2  45.0 45.0 0.00
733 -19.2364 -65.3140 10 17 7
2  45.0 45.0 0.00
734 -28.3430 -88.8237 7 17 7
2  45.0 45.0 0.00
735 15.9199 -90.8565 7 20 5
2  45.0 45.0 0.00
736 -13.8912 71.4349 9 25 6
2  45.0 45.0 0.00
737 -2.2121 -132.2643 6 25 5
2  45.0 45.0 0.00
738 -5.7230 -158.6990 3 29 9
2  45.0 45.0 0.00
739 -39.8749 134.7049 2 17 9
2  45.0 45.0 0.00
740 -32.8680 -82.9932 5 15 5
2  45.0 45.0 0.00
741 -13.4862 -164.7982 1 17 8
2  45.0 45.0 0.00
742 -45.2168 124.2991 3 22 9
2  45.0 45.0 0.00
743 2.4318 -129.1412 8 23 9
2  45.0 45.0 0.00
744 -33.2919 47.0390 5 16 6
2  45.0 45.0 0.00
745 -34.6149 -81.8140 2 18 6
2  45.0 45.0 0.00
746 29.2568 -150.5614 6 21 8
2  45.0 45.0 0.00
747 -42.4543 65.0170 7 25 6
2  45.0 45.0 0.00
748 -6.6882 164.0830 2 29 9
2  45.0 45.0 0.00
749 10.6778 32.4202 2 15 6
2  45.0 45.0 0.00
750 51.1500 -75.9872 7 19 7
2  45.0 45.0 0.00
751 6.2816 -111.9661 3 26 9
2  45.0 45.0 0.00
752 -42.3966 112.6576 10 27 5
2  45.0 45.0 0.00
753 52.1152 -25.8734 5 25 6
2  45.0 45.0 0.00
754 36.2879 -10.1001 7 19 8
2  45.0 45.0 0.00
755 -28.6052 51.2498 10 18 5
2  45.0 45.0 0.00
756 8.8391 -86.9261 6 15 8
2  45.0 45.0 0.00
757 -1.3692 105.9136 6 28 7
2  45.0 45.0 0.00
758 43.5135 153.7416 2 27 7
2  45.0 45.0 0.00
759 13.1404 -141.3412 1 27 6
2  45.0 45.0 0.00
760 -34.7039 131.3422 2 25 8
2  45.0 45.0 0.00
761 1.1240 -174.1795 8 23 7
2  45.0 45.0 0.00
762 44.1914 162.8545 10 24 6
2  45.0 45.0 0.00
763 36.1984 110.7767 4 17 7
2  45.0 45.0 0.00
764 -32.0705 21.5631 1 18 6
2  45.0 45.0 0.00
765 44.0195 41.1229 8 28 8
2  45.0 45.0 0.00
766 -39.9881 100.1124 4 28 9
2  45.0 45.0 0.00
767 23.1661 17.9038 5 20 9
2  45.0 45.0 0.00
768 -3.0830 -88.5537 1 19 7
2  45.0 45.0 0.00
769 48.5618 -83.6533 2 24 5
2  45.0 45.0 0.00
770 33.5228 163.4933 2 19 6
2  45.0 45.0 0.00
771 11.9470 55.4963 10 22 9
2  45.0 45.0 0.00
772 42.0155 -126.6086 9 27 5
2  45.0 45.0 0.00
773 -38.2861 -157.8567 9 26 8
2  45.0 45.0 0.00
774 -22.0733 -33.2114 7 18 7
2  45.0 45.0 0.00
775 47.0036 -89.0517 6 25 5
2  45.0 45.0 0.00
776 15.6508 170.1629 8 26 7
2  45.0 45.0 0.00
777 -35.1278 -19.8622 6 23 9
2  45.0 45.0 0.00
778 -46.1745 -163.9264 9 22 5
2  45.0 45.0 0.00
779 -18.8038 -25.0739 2 16 8
2  45.0 45.0 0.00
780 42.0419 8.5652 1 27 7
2  45.0 45.0 0.00
781 -9.6983 73.8584 9 28 8
2  45.0 45.0 0.00
782 -14.8322 165.1620 1 22 5
2  45.0 45.0 0.00
783 44.9120 -49.9918 3 19 8
2  45.0 45.0 0.00
784 20.5622 1.9250 8 27 9
2  45.0 45.0 0.00
785 -26.8061 145.7048 6 18 6
2  45.0 45.0 0.00
786 1.3865 -128.7504 3 15 9
2  45.0 45.0 0.00
787 -39.8712 -135.2078 9 19 8
2  45.0 45.0 0.00
788 -3.8750 21.6545 2 26 9
2  45.0 45.0 0.00
789 -41.8055 21.0648 5 20 9
2  45.0 45.0 0.00
790 48.9160 -131.8195 3 21 9
2  45.0 45.0 0.00
791 -11.5249 77.2114 4 27 9
2  45.0 45.0 0.00
792 0.3997 -5.4738 7 24 7
2  45.0 45.0 0.00
793 -29.9224 144.8102 6 22 6
2  45.0 45.0 0.00
794 31.7232 -162.3688 2 25 7
2  45.0 45.0 0.00
795 -38.8139 87.7538 3 28 7
2  45.0 45.0 0.00
796 19.9915 17.4636 5 21 5
2  45.0 45.0 0.00
797 -12.8000 65.2852 3 16 8
2  45.0 45.0 0.00
798 -9.6057 -86.6418 5 20 9
2  45.0 45.0 0.00
799 50.7367 157.6850 7 17 6
2  45.0 45.0 0.00
800 -31.4441 -163.6693 3 15 8
2  45.0 45.0 0.00
801 43.7246 -11.9293 5 29 8
2  45.0 45.0 0.00
802 15.6364 108.7344 3 19 7
2  45.0 45.0 0.00
803 48.2576 -156.5775 10 24 6
2  45.0 45.0 0.00
804 3.8548 99.6096 2 28 9
2  45.0 45.0 0.00
805 4.2344 61.4014 7 25 9
2  45.0 45.0 0.00
806 -32.2434 21.3220 3 23 6
2  45.0 45.0 0.00
807 15.1830 -5.2129 3 25 7
2  45.0 45.0 0.00
808 43.7125 82.9357 4 21 7
2  45.0 45.0 0.00
809 11.3781 153.8344 9 28 5
2  45.0 45.0 0.00
810 43.8401 -66.2166 7 27 6
2  45.0 45.0 0.00
811 -7.7736 -124.8417 7 18 5
2  45.0 45.0 0.00
812 -27.3547 100.4186 10 16 7
2  45.0 45.0 0.00
813 -43.6417 -85.7079 1 15 6
2  45.0 45.0 0.00
814 -3.2074 -56.9388 4 16 9
2  45.0 45.0 0.00
815 32.4348 -58.4311 3 22 5
2  45.0 45.0 0.00
816 11.9387 104.4790 1 25 5
2  45.0 45.0 0.00
817 40.2537 70.4518 4 19 8
2  45.0 45.0 0.00
818 -1.0581 -88.7443 9 25 8
2  45.0 45.0 0.00
819 -38.8552 55.4392 2 15 6
2  45.0 45.0 0.00
820 -16.3857 142.5714 8 24 8
2  45.0 45.0 0.00
821 7.6054 -96.7568 3 28 9
2  45.0 45.0 0.00
822 -43.5689 59.0139 9 18 9
2  45.0 45.0 0.00
823 -5.1179 -141.0582 4 28 5
2  45.0 45.0 0.00
824 -11.3858 161.5710 2 21 7
2  45.0 45.0 0.00
825 -30.0772 43.3334 9 22 9
2  45.0 45.0 0.00
826 -36.8890 -64.9901 1 16 6
2  45.0 45.0 0.00
827 22.9594 -116.7672 8 29 9
2  45.0 45.0 0.00
828 15.7432 111.4640 8 19 8
2  45.0 45.0 0.00
829 34.5656 -166.4447 8 27 6
2  45.0 45.0 0.00
830 -50.3214 97.9278 7 29 6
2  45.0 45.0 0.00
831 -10.9594 -10.9890 4 17 9
2  45.0 45.0 0.00
832 47.8461 93.7387 10 15 9
2  45.0 45.0 0.00
833 28.5671 19.8578 8 28 5
2  45.0 45.0 0.00
834 -23.7365 -131.0774 6 28 6
2  45.0 45.0 0.00
835 8.7942 46.7149 5 25 8
2  45.0 45.0 0.00
836 -34.0685 112.7726 1 17 6
2  45.0 45.0 0.00
837 -12.7233 -46.8547 1 28 9
2  45.0 45.0 0.00
838 -26.8050 -172.3690 4 16 9
2  45.0 45.0 0.00
839 41.1424 107.7769 9 21 9
2  45.0 45.0 0.00
840 -24.2814 -139.8459 10 24 8
2  45.0 45.0 0.00
841 41.2737 134.6401 4 24 8
2  45.0 45.0 0.00
842 28.2857 92.7514 8 21 9
2  45.0 45.0 0.00
843 -38.3591 33.4912 9 26 9
2  45.0 45.0 0.00
844 -10.6368 66.3616 4 29 9
2  45.0 45.0 0.00
845 -25.9834 -167.9501 4 28 7
2  45.0 45.0 0.00
846 30.0599 -106.0928 7 26 8
2  45.0 45.0 0.00
847 -45.8916 -115.7372 8 21 9
2  45.0 45.0 0.00
848 0.6327 75.0176 2 16 6
2  45.0 45.0 0.00
849 -1.1151 39.6720 6 18 5
2  45.0 45.0 0.00
850 -21.7189 -174.5730 7 24 8
2  45.0 45.0 0.00
851 9.1788 -129.1483 6 27 6
2  45.0 45.0 0.00
852 37.7256 167.6659 2 18 5
2  45.0 45.0 0.00
853 6.5241 -171.8929 10 24 5
2  45.0 45.0 0.00
854 48.7190 -131.3031 8 28 8
2  45.0 45.0 0.00
855 20.2747 20.6642 9 26 6
2  45.0 45.0 0.00
856 15.3354 107.4055 9 26 8
2  45.0 45.0 0.00
857 28.4619 36.4280 4 16 6
2  45.0 45.0 0.00
858 45.1354 -46.5325 2 16 8
2  45.0 45.0 0.00
859 4.2644 2.1653 4 29 6
2  45.0 45.0 0.00
860 -3.5022 178.3745 1 16 7
2  45.0 45.0 0.00
861 -36.0574 -150.1639 8 29 8
2  45.0 45.0 0.00
862 -49.9057 -44.6851 9 23 7
2  45.0 45.0 0.00
863 -46.8993 -96.6091 5 21 9
2  45.0 45.0 0.00
864 48.7981 146.1818 2 20 9
2  45.0 45.0 0.00
865 9.4203 -165.4832 9 17 6
2  45.0 45.0 0.00
866 -33.3628 24.6333 4 22 6
2  45.0 45.0 0.00
867 15.8140 71.6059 4 19 5
2  45.0 45.0 0.00
868 19.6769 47.7325 2 20 6
2  45.0 45.0 0.00
869 5.2927 112.1149 2 23 6
2  45.0 45.0 0.00
870 -20.2896 -154.1492 3 17 5
2  45.0 45.0 0.00
871 6.4554 46.6327 1 16 8
2  45.0 45.0 0.00
872 -40.3318 138.1808 2 24 7
2  45.0 45.0 0.00
873 -4.1588 125.3005 7 19 5
2  45.0 45.0 0.00
874 -14.9833 152.3425 9 20 8
2  45.0 45.0 0.00
875 -18.2565 20.2279 6 29 9
2  45.0 45.0 0.00
876 29.4087 -17.6757 3 29 5
2  45.0 45.0 0.00
877 -40.9745 -33.6253 1 22 5
2  45.0 45.0 0.00
878 -50.9167 32.4407 9 25 9
2  45.0 45.0 0.00
879 31.9903 169.4006 1 28 8
2  45.0 45.0 0.00
880 21.3986 -5.9096 7 22 7
2  45.0 45.0 0.00
881 -12.1460 62.7972 10 22 7
2  45.0 45.0 0.00
882 -52.5006 56.1978 8 18 6
2  45.0 45.0 0.00
883 17.8727 159.7202 4 24 7
2  45.0 45.0 0.00
884 -47.2580 -50.7716 6 17 6
2  45.0 45.0 0.00
885 28.4647 -101.6620 9 22 8
2  45.0 45.0 0.00
886 -15.1355 57.9809 8 18 6
2  45.0 45.0 0.00
887 -21.8513 171.5989 6 22 5
2  45.0 45.0 0.00
888 -6.4648 151.5344 7 29 7
2  45.0 45.0 0.00
889 -14.4638 -51.7911 9 20 7
2  45.0 45.0 0.00
890 37.9616 -56.2686 4 21 5
2  45.0 45.0 0.00
891 -16.6519 -60.9911 7 17 8
2  45.0 45.0 0.00
892 -35.2121 -118.2787 2 27 9
2  45.0 45.0 0.00
893 -16.5728 -34.4863 4 15 8
2  45.0 45.0 0.00
894 20.3463 -22.5785 1 22 9
2  45.0 45.0 0.00
895 -38.8765 -37.6543 2 25 7
2  45.0 45.0 0.00
896 -9.2856 123.1699 5 29 6
2  45.0 45.0 0.00
897 -51.5676 -101.7318 9 16 8
2  45.0 45.0 0.00
898 49.1072 103.7439 3 28 9
2  45.0 45.0 0.00
899 -24.6383 -151.2171 5 17 5
2  45.0 45.0 0.00
900 48.6905 -56.9152 5 24 7
2  45.0 45.0 0.00
901 -8.3903 122.1373 7 24 5
2  45.0 45.0 0.00
902 47.4352 44.4823 5 25 5
2  45.0 45.0 0.00
903 -18.4788 -108.7819 8 23 9
2  45.0 45.0 0.00
904 -39.6184 -66.1347 4 20 7
2  45.0 45.0 0.00
905 42.7995 21.3269 2 22 6
2  45.0 45.0 0.00
906 -47.3515 -91.4540 9 24 9
2  45.0 45.0 0.00
907 -45.5273 -98.6947 5 22 8
2  45.0 45.0 0.00
908 -34.5302 38.6670 5 15 5
2  45.0 45.0 0.00
909 -16.9904 -158.1414 3 25 6
2  45.0 45.0 0.00
910 -45.6080 7.4900 2 17 8
2  45.0 45.0 0.00
911 15.1635 160.7441 4 16 6
2  45.0 45.0 0.00
912 38.3301 -67.2963 8 18 5
2  45.0 45.0 0.00
913 21.3633 176.7185 5 26 8
2  45.0 45.0 0.00
914 -42.4187 65.6709 7 29 7
2  45.0 45.0 0.00
915 1.9963 -81.4179 2 18 6
2  45.0 45.0 0.00
916 36.3634 132.3565 8 19 6
2  45.0 45.0 0.00
917 3.4432 -159.3515 8 28 8
2  45.0 45.0 0.00
918 -39.8575 -129.3423 9 17 9
2  45.0 45.0 0.00
919 38.2848 -42.8342 6 27 8
2  45.0 45.0 0.00
920 -16.0241 -67.2425 6 29 7
2  45.0 45.0 0.00
921 -11.9444 26.1263 1 24 7
2  45.0 45.0 0.00
922 -13.8635 72.8289 9 27 7
2  45.0 45.0 0.00
923 52.3585 -168.0203 10 29 7
2  45.0 45.0 0.00
924 15.2835 -153.2094 9 16 9
2  45.0 45.0 0.00
925 48.6654 6.2423 6 16 9
2  45.0 45.0 0.00
926 -38.3914 -26.6839 4 22 8
2  45.0 45.0 0.00
927 3.1626 136.7943 5 25 6
2  45.0 45.0 0.00
928 48.7504 -37.0225 4 20 8
2  45.0 45.0 0.00
929 -8.3016 -69.7591 5 23 9
2  45.0 45.0 0.00
930 34.7574 -31.0046 6 21 9
2  45.0 45.0 0.00
931 -23.9125 -111.2983 10 16 5
2  45.0 45.0 0.00
932 39.2175 -11.4806 1 25 6
2  45.0 45.0 0.00
933 46.9934 -109.8348 7 17 5
2  45.0 45.0 0.00
934 -40.9199 -58.1068 4 25 5
2  45.0 45.0 0.00
935 -26.8155 68.4991 10 19 6
2  45.0 45.0 0.00
936 16.2056 156.3917 2 17 6
2  45.0 45.0 0.00
937 23.7377 176.8245 5 24 8
2  45.0 45.0 0.00
938 -17.0663 92.4225 2 24 5
2  45.0 45.0 0.00
939 -0.8692 70.0347 6 17 5
2  45.0 45.0 0.00
940 -28.9613 -128.3764 6 21 7
2  45.0 45.0 0.00
941 -1.1333 65.3225 5 21 9
2  45.0 45.0 0.00
942 8.9183 128.7327 7 25 9
2  45.0 45.0 0.00
943 46.1689 -78.0051 5 19 8
2  45.0 45.0 0.00
944 47.9284 15.2726 10 21 5
2  45.0 45.0 0.00
945 -15.1332 69.0075 1 23 7
2  45.0 45.0 0.00
946 5.5632 5.6685 5 18 9
2  45.0 45.0 0.00
947 1.0053 5.1570 9 24 9
2  45.0 45.0 0.00
948 -48.4961 27.2981 1 25 5
2  45.0 45.0 0.00
949 -1.9709 -170.0600 6 25 8
2  45.0 45.0 0.00
950 -30.9010 -45.8570 6 21 5
2  45.0 45.0 0.00
951 19.5418 78.2803 6 21 7
2  45.0 45.0 0.00
952 31.5478 -137.4070 2 28 7
2  45.0 45.0 0.00
953 -45.7507 41.5056 2 27 5
2  45.0 45.0 0.00
954 -8.3496 44.6192 10 21 8
2  45.0 45.0 0.00
955 -13.1093 116.2383 10 20 7
2  45.0 45.0 0.00
956 -18.0599 171.6915 6 27 9
2  45.0 45.0 0.00
957 -33.9345 -159.8329 3 16 6
2  45.0 45.0 0.00
958 30.9561 -139.6363 3 17 9
2  45.0 45.0 0.00
959 44.9626 56.1198 3 18 9
2  45.0 45.0 0.00
960 38.8080 -120.3540 5 25 9
2  45.0 45.0 0.00
961 8.9611 168.6523 2 26 5
2  45.0 45.0 0.00
962 38.3160 -57.3859 2 29 9
2  45.0 45.0 0.00
963 33.9942 -67.7094 8 15 6
2  45.0 45.0 0.00
964 -51.6888 -3.7057 10 23 9
2  45.0 45.0 0.00
965 -20.2345 -23.5021 2 23 7
2  45.0 45.0 0.00
966 23.3665 38.1976 1 21 9
2  45.0 45.0 0.00
967 -35.6224 -70.0446 8 29 8
2  45.0 45.0 0.00
968 -30.5932 -69.9854 7 29 5
2  45.0 45.0 0.00
969 -5.1469 -119.8739 4 19 5
2  45.0 45.0 0.00
970 11.8993 51.4719 4 29 9
2  45.0 45.0 0.00
971 -13.1009 34.6154 5 27 8
2  45.0 45.0 0.00
972 -37.1188 -44.4831 9 18 5
2  45.0 45.0 0.00
973 -25.9310 135.9220 5 29 5
2  45.0 45.0 0.00
974 1.6184 -50.6871 7 19 8
2  45.0 45.0 0.00
975 21.9180 17.6693 8 22 7
2  45.0 45.0 0.00
976 -37.9383 -128.9573 7 23 5
2  45.0 45.0 0.00
977 -44.7891 61.3387 4 22 7
2  45.0 45.0 0.00
978 7.1853 -9.8226 4 18 9
2  45.0 45.0 0.00
979 35.5046 -159.6260 5 26 8
2  45.0 45.0 0.00
980 7.8316 -112.8215 1 16 7
2  45.0 45.0 0.00
981 -26.1762 -46.8198 9 19 6
2  45.0 45.0 0.00
982 34.6965 -136.5991 8 20 5
2  45.0 45.0 0.00
983 -52.1481 115.3552 8 17 8
2  45.0 45.0 0.00
984 9.0081 -45.7483 5 22 9
2  45.0 45.0 0.00
985 -48.4894 -126.3080 1 20 5
2  45.0 45.0 0.00
986 15.9190 102.9037 10 27 7
2  45.0 45.0 0.00
987 48.2814 -166.5337 1 16 6
2  45.0 45.0 0.00
988 21.9967 -43.7158 2 19 8
2  45.0 45.0 0.00
989 -5.5938 -131.1343 6 16 5
2  45.0 45.0 0.00
990 -51.4611 151.8600 5 29 6
2  45.0 45.0 0.00
991 -31.6980 68.7083 6 18 6
2  45.0 45.0 0.00
992 -41.9855 172.3491 9 17 6
2  45.0 45.0 0.00
993 -48.6029 -86.0870 2 28 9
2  45.0 45.0 0.00
994 49.8869 67.8043 8 28 8
2  45.0 45.0 0.00
995 -31.1200 -150.2507 7 26 6
2  45.0 45.0 0.00
996 43.1224 -172.0205 6 18 8
2  45.0 45.0 0.00
997 24.2046 109.6838 9 24 9
2  45.0 45.0 0.00
998 -24.9494 104.4878 9 26 7
2  45.0 45.0 0.00
999 24.2495 -92.4076 1 29 7
2  45.0 45.0 0.00
1000 -33.2460 -105.5391 5 16 7
2  45.0 45.0 0.00
1001 -18.4257 -169.4158 6 20 7
2  45.0 45.0 0.00
1002 -40.4576 146.3414 3 28 8
2  45.0 45.0 0.00
1003 -44.3350 91.2365 10 21 7
2  45.0 45.0 0.00
1004 -27.8987 41.9486 4 15 5
2  45.0 45.0 0.00
1005 -33.8790 156.9041 5 22 8
2  45.0 45.0 0.00
1006 49.0889 -144.8574 10 17 9
2  45.0 45.0 0.00
1007 21.1978 141.3250 5 27 5
2  45.0 45.0 0.00
1008 21.0882 -13.2049 6 16 8
2  45.0 45.0 0.00
1009 -15.0388 142.6633 8 29 7
2  45.0 45.0 0.00
1010 50.3854 102.7154 10 23 5
2  45.0 45.0 0.00
1011 7.4025 -114.0025 3 15 9
2  45.0 45.0 0.00
1012 -11.6252 17.9771 4 26 7
2  45.0 45.0 0.00
1013 -50.8051 75.7680 4 15 6
2  45.0 45.0 0.00
1014 -32.9474 156.0749 3 19 9
2  45.0 45.0 0.00
1015 28.9894 -1.9901 7 21 6
2  45.0 45.0 0.00
1016 -22.8854 167.6966 2 29 8
2  45.0 45.0 0.00
1017 -34.1551 8.3858 10 15 8
2  45.0 45.0 0.00
1018 1.7652 135.2246 9 28 9
2  45.0 45.0 0.00
1019 -37.2051 80.4312 2 23 6
2  45.0 45.0 0.00
1020 15.6518 141.4825 8 23 6
2  45.0 45.0 0.00
1021 -48.5700 -1.4680 8 25 7
2  45.0 45.0 0.00
1022 -45.0115 96.8192 5 25 8
2  45.0 45.0 0.00
1023 -8.0026 21.9228 1 16 7
2  45.0 45.0 0.00
1024 -0.2743 74.8828 2 20 7
2  45.0 45.0 0.00
1025 -19.7636 -171.6371 8 21 8
2  45.0 45.0 0.00
1026 -47.6931 154.9563 6 17 8
2  45.0 45.0 0.00
1027 -11.5442 -47.6870 5 25 9
2  45.0 45.0 0.00
1028 19.2772 104.8550 10 22 6
2  45.0 45.0 0.00
1029 26.2573 -106.2288 8 17 8
2  45.0 45.0 0.00
1030 9.3398 46.2137 8 29 5
2  45.0 45.0 0.00
1031 46.6030 19.6848 3 16 7
2  45.0 45.0 0.00
1032 -51.0324 -163.1397 5 16 9
2  45.0 45.0 0.00
1033 -37.6376 46.9872 5 16 6
2  45.0 45.0 0.00
1034 -46.9614 122.2979 7 18 8
2  45.0 45.0 0.00
1035 21.8518 -106.7991 5 16 8
2  45.0 45.0 0.00
1036 -41.4851 138.5245 10 24 9
2  45.0 45.0 0.00
1037 -8.3005 156.7674 10 15 6
2  45.0 45.0 0.00
1038 35.6598 -71.9751 6 17 7
2  45.0 45.0 0.00
1039 14.3128 80.4446 10 23 9
2  45.0 45.0 0.00
1040 -40.5778 -131.4881 7 27 5
2  45.0 45.0 0.00
1041 26.3299 -32.1328 7 20 8
2  45.0 45.0 0.00
1042 25.0493 -25.5361 6 19 8
2  45.0 45.0 0.00
1043 -38.8202 -38.2055 4 17 9
2  45.0 45.0 0.00
1044 -30.7969 40.5639 10 25 8
2  45.0 45.0 0.00
1045 27.2312 64.9741 9 26 8
2  45.0 45.0 0.00
1046 51.1653 53.8803 9 19 5
2  45.0 45.0 0.00
1047 50.2309 -169.8598 9 22 6
2  45.0 45.0 0.00
1048 -51.8392 22.4679 3 20 9
2  45.0 45.0 0.00
1049 -9.8213 179.2343 9 23 5
2  45.0 45.0 0.00
1050 -27.4378 23.8702 8 23 9
2  45.0 45.0 0.00
1051 0.4784 -29.9374 5 16 6
2  45.0 45.0 0.00
1052 -45.8014 41.9952 10 25 9
2  45.0 45.0 0.00
1053 -43.8154 -138.9630 6 17 8
2  45.0 45.0 0.00
1054 -41.8059 138.2220 4 29 8
2  45.0 45.0 0.00
1055 15.5876 -92.9183 10 28 9
2  45.0 45.0 0.00
1056 27.4567 -135.0009 5 25 9
2  45.0 45.0 0.00
1057 -8.8631 -148.2008 6 22 8
2  45.0 45.0 0.00
1058 6.0458 145.0651 4 17 6
2  45.0 45.0 0.00
1059 -11.2044 137.7653 2 23 6
2  45.0 45.0 0.00
1060 -21.9044 122.5179 8 26 8
2  45.0 45.0 0.00
1061 -15.1366 44.3559 7 26 9
2  45.0 45.0 0.00
1062 -25.1623 3.2526 8 18 9
2  45.0 45.0 0.00
1063 46.9489 144.3081 2 26 6
2  45.0 45.0 0.00
1064 52.8215 46.4307 2 21 7
2  45.0 45.0 0.00
1065 -31.5195 72.1389 9 25 8
2  45.0 45.0 0.00
1066 28.0234 64.6823 6 24 5
2  45.0 45.0 0.00
1067 44.3820 -60.3907 2 15 6
2  45.0 45.0 0.00
1068 31.0765 -68.7417 3 24 9
2  45.0 45.0 0.00
1069 -47.9120 70.2273 1 18 5
2  45.0 45.0 0.00
1070 -0.6952 -143.4754 2 20 5
2  45.0 45.0 0.00
1071 17.4243 -30.1410 8 20 9
2  45.0 45.0 0.00
1072 16.6226 163.6092 5 17 6
2  45.0 45.0 0.00
1073 8.7923 126.6801 10 15 9
2  45.0 45.0 0.00
1074 11.7306 141.1121 3 23 9
2  45.0 45.0 0.00
1075 20.0621 -178.3856 4 21 6
2  45.0 45.0 0.00
1076 0.8025 -23.8141 8 23 7
2  45.0 45.0 0.00
1077 17.2689 -61.6777 1 23 7
2  45.0 45.0 0.00
1078 0.2568 167.6657 5 16 8
2  45.0 45.0 0.00
1079 35.9027 -118.9936 6 20 9
2  45.0 45.0 0.00
1080 -32.2122 63.7480 5 21 9
2  45.0 45.0 0.00
1081 10.7552 10.6291 6 20 8
2  45.0 45.0 0.00
1082 16.9490 166.1799 1 15 5
2  45.0 45.0 0.00
1083 -29.3655 -43.4133 10 25 6
2  45.0 45.0 0.00
1084 -26.0470 -71.1577 4 23 6
2  45.0 45.0 0.00
1085 15.3624 99.2458 8 27 6
2  45.0 45.0 0.00
1086 2.0991 59.5044 6 22 9
2  45.0 45.0 0.00
1087 35.0322 168.6114 6 26 9
2  45.0 45.0 0.00
1088 -38.8608 161.5509 5 26 7
2  45.0 45.0 0.00
1089 4.3261 162.5726 8 29 8
2  45.0 45.0 0.00
1090 -4.3145 -10.7587 4 17 8
2  45.0 45.0 0.00
1091 41.7398 -136.8579 3 16 5
2  45.0 45.0 0.00
1092 34.5328 64.9144 10 29 6
2  45.0 45.0 0.00
1093 52.4282 -8.4233 6 17 7
2  45.0 45.0 0.00
1094 -26.0122 48.9763 2 27 8
2  45.0 45.0 0.00
1095 -20.6148 3.7790 3 17 7
2  45.0 45.0 0.00
1096 20.4938 102.8281 3 16 5
2  45.0 45.0 0.00
1097 -47.7331 10.6562 1 27 8
2  45.0 45.0 0.00
1098 22.3293 126.8411 7 25 9
2  45.0 45.0 0.00
1099 -4.9745 164.3716 7 23 9
2  45.0 45.0 0.00
1100 -46.1937 107.5952 8 21 7
2  45.0 45.0 0.00
1101 34.2647 44.0006 2 21 7
2  45.0 45.0 0.00
1102 -12.3729 174.0599 10 23 9
2  45.0 45.0 0.00
1103 -48.7443 26.9416 3 29 5
2  45.0 45.0 0.00
1104 -3.7094 44.7945 5 22 9
2  45.0 45.0 0.00
1105 -10.3599 167.3381 5 29 5
2  45.0 45.0 0.00
1106 -16.0131 167.4643 8 18 8
2  45.0 45.0 0.00
1107 41.8130 -53.4220 2 22 9
2  45.0 45.0 0.00
1108 -7.6888 -137.8476 3 21 8
2  45.0 45.0 0.00
1109 24.0783 -74.1370 3 27 8
2  45.0 45.0 0.00
1110 40.0927 177.0558 7 20 7
2  45.0 45.0 0.00
1111 -6.3832 -82.4631 4 23 5
2  45.0 45.0 0.00
1112 37.9930 65.4960 8 20 8
2  45.0 45.0 0.00
1113 -8.6818 89.2808 6 26 8
2  45.0 45.0 0.00
1114 19.9855 -156.7506 4 15 9
2  45.0 45.0 0.00
1115 -16.1210 -107.4015 1 27 7
2  45.0 45.0 0.00
1116 -41.5306 -127.0755 8 19 7
2  45.0 45.0 0.00
1117 -15.1461 41.2189 9 27 7
2  45.0 45.0 0.00
1118 13.0938 106.9723 8 20 6
2  45.0 45.0 0.00
1119 26.0263 98.3568 4 26 5
2  45.0 45.0 0.00
1120 50.7901 -1.2766 9 16 6
2  45.0 45.0 0.00
1121 33.2471 161.5316 10 20 6
2  45.0 45.0 0.00
1122 -27.7595 -22.8110 10 29 7
2  45.0 45.0 0.00
1123 22.4096 -36.4594 6 28 9
2  45.0 45.0 0.00
1124 32.1815 159.4719 3 20 9
2  45.0 45.0 0.00
1125 41.4881 76.2117 8 27 7
2  45.0 45.0 0.00
1126 7.9184 -15.1405 3 25 8
2  45.0 45.0 0.00
1127 11.8452 -169.8962 8 29 7
2  45.0 45.0 0.00
1128 -9.7082 -97.2655 1 21 7
2  45.0 45.0 0.00
1129 -33.1897 118.4664 5 28 8
2  45.0 45.0 0.00
1130 -16.2384 138.0863 7 29 9
2  45.0 45.0 0.00
1131 -49.1655 -134.1293 1 17 7
2  45.0 45.0 0.00
1132 -42.1930 -135.4573 1 26 5
2  45.0 45.0 0.00
1133 29.6986 76.9586 5 18 8
2  45.0 45.0 0.00
1134 19.4346 -30.0462 10 20 8
2  45.0 45.0 0.00
1135 7.8208 9.1873 9 28 7
2  45.0 45.0 0.00
1136 -46.3937 109.9779 6 18 9
2  45.0 45.0 0.00
1137 20.2597 7.6123 10 27 8
2  45.0 45.0 0.00
1138 -1.6611 141.5651 7 21 7
2  45.0 45.0 0.00
1139 -22.8236 -21.2642 10 19 5
2  45.0 45.0 0.00
1140 -2.8497 26.0303 7 17 8
2  45.0 45.0 0.00
1141 45.6085 8.0332 10 17 5
2  45.0 45.0 0.00
1142 1.1293 -106.9975 5 24 5
2  45.0 45.0 0.00
1143 -21.5754 151.7853 10 27 5
2  45.0 45.0 0.00
1144 -25.5428 135.8132 8 24 5
2  45.0 45.0 0.00
1145 30.7516 -178.9755 5 28 8
2  45.0 45.0 0.00
1146 -38.9181 -108.6276 6 28 9
2  45.0 45.0 0.00
1147 -1.0582 41.1919 1 23 9
2  45.0 45.0 0.00
1148 -35.1057 -60.1938 1 26 5
2  45.0 45.0 0.00
1149 -23.1563 -84.2795 2 20 7
2  45.0 45.0 0.00
1150 -14.5159 32.0555 7 17 6
2  45.0 45.0 0.00
1151 10.1608 163.9296 5 17 5
2  45.0 45.0 0.00
1152 45.3068 55.7922 2 20 7
2  45.0 45.0 0.00
1153 -19.8859 -67.2904 4 27 9
2  45.0 45.0 0.00
1154 19.2959 -50.8151 5 28 5
2  45.0 45.0 0.00
1155 45.1809 -140.2510 6 22 9
2  45.0 45.0 0.00
1156 2.5672 40.3218 3 20 5
2  45.0 45.0 0.00
1157 4.6433 -176.1769 2 23 6
2  45.0 45.0 0.00
1158 3.6737 -20.4794 5 21 8
2  45.0 45.0 0.00
1159 1.4666 157.0936 1 18 8
2  45.0 45.0 0.00
1160 49.6570 -18.1552 9 21 5
2  45.0 45.0 0.00
1161 -52.5537 71.5308 10 16 8
2  45.0 45.0 0.00
1162 -1.5430 -7.0090 6 20 9
2  45.0 45.0 0.00
1163 -19.5657 -68.6049 7 18 6
2  45.0 45.0 0.00
1164 -21.0116 86.3888 9 21 7
2  45.0 45.0 0.00
1165 -27.6741 157.0251 10 16 5
2  45.0 45.0 0.00
1166 51.9256 137.2481 1 25 9
2  45.0 45.0 0.00
1167 -45.0871 -118.2634 3 19 5
2  45.0 45.0 0.00
1168 36.5815 159.2321 2 27 9
2  45.0 45.0 0.00
1169 -47.2626 -141.5341 10 22 5
2  45.0 45.0 0.00
1170 -31.3330 61.8520 8 27 9
2  45.0 45.0 0.00
1171 -28.7797 -177.5362 6 29 5
2  45.0 45.0 0.00
1172 -45.7889 30.4382 8 15 8
2  45.0 45.0 0.00
1173 11.0450 101.8664 6 20 8
2  45.0 45.0 0.00
1174 -37.7437 -178.7205 6 16 6
2  45.0 45.0 0.00
1175 -14.8966 156.2103 10 23 7
2  45.0 45.0 0.00
1176 -39.0002 -23.0543 9 29 6
2  45.0 45.0 0.00
1177 -19.2864 -172.5068 9 26 6
2  45.0 45.0 0.00
1178 -45.8125 -106.3316 1 18 7
2  45.0 45.0 0.00
1179 -25.3809 144.1642 1 16 6
2  45.0 45.0 0.00
1180 -24.2565 83.9929 4 27 7
2  45.0 45.0 0.00
1181 -31.7098 21.9919 7 24 9
2  45.0 45.0 0.00
1182 -21.7750 -26.4519 3 22 5
2  45.0 45.0 0.00
1183 13.9993 30.7730 7 26 9
2  45.0 45.0 0.00
1184 8.8387 -165.0227 3 29 8
2  45.0 45.0 0.00
1185 46.5650 104.3599 6 25 5
2  45.0 45.0 0.00
1186 -4.3450 129.3254 8 18 5
2  45.0 45.0 0.00
1187 -10.7314 39.2325 7 22 8
2  45.0 45.0 0.00
1188 27.2382 -48.8171 7 26 5
2  45.0 45.0 0.00
1189 14.9761 79.2761 8 15 9
2  45.0 45.0 0.00
1190 18.5582 -141.2654 5 17 5
2  45.0 45.0 0.00
1191 -28.6665 90.7063 9 17 5
2  45.0 45.0 0.00
1192 -9.4380 131.4364 7 23 6
2  45.0 45.0 0.00
1193 -6.8541 -112.5810 8 20 7
2  45.0 45.0 0.00
1194 -50.5525 -138.5954 3 17 6
2  45.0 45.0 0.00
1195 -29.7874 -79.0156 5 27 9
2  45.0 45.0 0.00
1196 -29.7774 99.0364 9 28 8
2  45.0 45.0 0.00
1197 -15.7502 66.4711 1 16 6
2  45.0 45.0 0.00
1198 15.5606 -23.5708 4 21 9
2  45.0 45.0 0.00
1199 41.5375 113.5063 3 22 7
2  45.0 45.0 0.00
1200 -4.8751 -60.7699 3 21 7
2  45.0 45.0 0.00
1201 6.3668 154.8723 5 28 8
2  45.0 45.0 0.00
1202 47.5992 162.6184 6 18 5
2  45.0 45.0 0.00
1203 14.4013 171.6552 5 28 6
2  45.0 45.0 0.00
1204 26.5738 -149.1027 5 16 5
2  45.0 45.0 0.00
1205 9.3878 55.6128 6 18 5
2  45.0 45.0 0.00
1206 -10.2087 102.3489 6 20 8
2  45.0 45.0 0.00
1207 41.1160 -58.6717 5 19 6
2  45.0 45.0 0.00
1208 -8.3515 100.6912 5 21 8
2  45.0 45.0 0.00
1209 20.6785 -112.8737 5 19 7
2  45.0 45.0 0.00
1210 43.9946 147.1974 6 19 5
2  45.0 45.0 0.00
1211 -13.9726 -95.7811 6 18 5
2  45.0 45.0 0.00
1212 42.9919 62.6516 9 27 5
2  45.0 45.0 0.00
1213 -35.5369 28.9853 2 24 8
2  45.0 45.0 0.00
1214 -21.3231 67.6716 6 25 8
2  45.0 45.0 0.00
1215 49.9259 63.3105 10 20 8
2  45.0 45.0 0.00
1216 -10.3771 -62.4607 9 27 7
2  45.0 45.0 0.00
1217 -0.5501 4.5597 7 20 5
2  45.0 45.0 0.00
1218 16.3182 -150.1029 1 18 6
2  45.0 45.0 0.00
1219 26.2011 152.9755 6 19 7
2  45.0 45.0 0.00
1220 -40.8560 26.6365 3 24 9
2  45.0 45.0 0.00
1221 -28.9309 -106.6973 3 22 5
2  45.0 45.0 0.00
1222 20.3860 123.7663 6 22 5
2  45.0 45.0 0.00
1223 8.3831 131.0160 5 20 7
2  45.0 45.0 0.00
1224 16.1205 -94.4283 7 22 8
2  45.0 45.0 0.00
1225 -30.1261 -22.6436 10 20 5
2  45.0 45.0 0.00
1226 -48.1169 -34.9430 3 27 7
2  45.0 45.0 0.00
1227 34.7799 74.7693 8 29 5
2  45.0 45.0 0.00
1228 -22.1337 174.7291 5 19 7
2  45.0 45.0 0.00
1229 32.8759 25.0617 4 16 9
2  45.0 45.0 0.00
1230 40.6242 13.2246 10 26 9
2  45.0 45.0 0.00
1231 39.9479 -159.4768 7 29 9
2  45.0 45.0 0.00
1232 30.7363 124.7517 1 20 9
2  45.0 45.0 0.00
1233 -22.3253 172.7250 6 15 7
2  45.0 45.0 0.00
1234 39.3677 148.5479 7 18 5
2  45.0 45.0 0.00
1235 17.6725 159.7790 4 29 6
2  45.0 45.0 0.00
1236 15.4946 -51.1906 2 21 5
2  45.0 45.0 0.00
1237 0.9892 45.9509 4 15 9
2  45.0 45.0 0.00
1238 28.7370 87.4335 9 15 5
2  45.0 45.0 0.00
1239 -5.8662 45.9797 7 22 5
2  45.0 45.0 0.00
1240 35.0180 6.4499 1 24 6
2  45.0 45.0 0.00
1241 49.8851 -61.0796 2 25 7
2  45.0 45.0 0.00
1242 45.9018 -156.0909 10 25 9
2  45.0 45.0 0.00
1243 -7.1909 -40.7689 5 17 7
2  45.0 45.0 0.00
1244 17.1447 164.0795 1 18 7
2  45.0 45.0 0.00
1245 -39.3766 139.2503 9 16 7
2  45.0 45.0 0.00
1246 -48.8659 -12.0063 10 29 6
2  45.0 45.0 0.00
1247 -39.4046 71.3740 3 17 5
2  45.0 45.0 0.00
1248 -34.0263 157.5500 4 23 9
2  45.0 45.0 0.00
1249 21.6970 -155.1016 10 18 8
2  45.0 45.0 0.00
1250 -46.8620 -20.0951 2 15 9
2  45.0 45.0 0.00
1251 39.7057 -71.5616 5 16 7
2  45.0 45.0 0.00
1252 -44.1164 -94.7699 10 18 7
2  45.0 45.0 0.00
1253 -3.5630 -151.4987 10 21 7
2  45.0 45.0 0.00
1254 24.7934 -107.4523 3 17 5
2  45.0 45.0 0.00
1255 23.7550 -44.3571 9 20 8
2  45.0 45.0 0.00
1256 -46.7078 58.7799 2 21 6
2  45.0 45.0 0.00
1257 10.0510 -15.4291 9 29 9
2  45.0 45.0 0.00
1258 34.6663 30.0656 5 26 5
2  45.0 45.0 0.00
1259 46.8782 75.7997 3 16 9
2  45.0 45.0 0.00
1260 13.3050 40.7085 5 25 6
2  45.0 45.0 0.00
1261 37.7768 -68.2000 5 28 5
2  45.0 45.0 0.00
1262 -0.2336 165.4236 7 22 6
2  45.0 45.0 0.00
1263 -8.4238 119.9436 10 29 8
2  45.0 45.0 0.00
1264 -52.0200 -150.6338 4 24 5
2  45.0 45.0 0.00
1265 -37.0592 -21.8943 5 16 8
2  45.0 45.0 0.00
1266 -51.5637 -74.6942 9 20 5
2  45.0 45.0 0.00
1267 -5.6942 161.7226 6 15 9
2  45.0 45.0 0.00
1268 -22.8679 13.2871 1 27 5
2  45.0 45.0 0.00
1269 38.9583 -154.2075 10 22 5
2  45.0 45.0 0.00
1270 -41.4385 92.2236 9 22 8
2  45.0 45.0 0.00
1271 4.6583 166.6359 5 24 9
2  45.0 45.0 0.00
1272 -8.7766 -96.7712 4 16 6
2  45.0 45.0 0.00
1273 -31.2403 25.8423 7 20 8
2  45.0 45.0 0.00
1274 -3.0421 117.0241 5 17 7
2  45.0 45.0 0.00
1275 -2.9323 -93.9909 1 22 5
2  45.0 45.0 0.00
1276 -44.6537 162.9972 6 29 9
2  45.0 45.0 0.00
1277 -25.7185 111.8047 8 26 8
2  45.0 45.0 0.00
1278 -1.7592 -62.4864 10 16 7
2  45.0 45.0 0.00
1279 -47.3742 -31.9104 7 23 7
2  45.0 45.0 0.00
1280 -21.6508 67.3623 8 25 8
2  45.0 45.0 0.00
1281 -22.8956 42.5495 5 28 7
2  45.0 45.0 0.00
1282 -20.6666 -24.8698 10 21 6
2  45.0 45.0 0.00
1283 -3.7702 -82.8757 3 18 7
2  45.0 45.0 0.00
1284 -11.1606 112.2666 5 25 8
2  45.0 45.0 0.00
1285 -37.6433 88.1694 1 24 9
2  45.0 45.0 0.00
1286 -46.5365 57.1443 10 16 7
2  45.0 45.0 0.00
1287 -11.4881 -100.4988 4 20 7
2  45.0 45.0 0.00
1288 14.7531 142.1749 5 17 8
2  45.0 45.0 0.00
1289 -47.4364 134.7950 7 26 6
2  45.0 45.0 0.00
1290 30.0281 -105.6836 2 16 5
2  45.0 45.0 0.00
1291 -1.7071 166.9111 4 29 8
2  45.0 45.0 0.00
1292 4.1434 176.6435 3 29 7
2  45.0 45.0 0.00
1293 15.5075 -56.4811 10 29 5
2  45.0 45.0 0.00
1294 -27.1789 157.0813 9 25 9
2  45.0 45.0 0.00
1295 -0.0232 49.6039 8 15 5
2  45.0 45.0 0.00
1296 -24.3330 177.3888 10 20 8
2  45.0 45.0 0.00
1297 37.5815 20.7515 3 15 5
2  45.0 45.0 0.00
1298 -7.6342 -84.2828 9 25 6
2  45.0 45.0 0.00
1299 15.7414 153.6442 10 23 8
2  45.0 45.0 0.00
1300 22.1941 136.1094 1 25 7
2  45.0 45.0 0.00
1301 36.7764 6.9737 10 16 6
2  45.0 45.0 0.00
1302 36.6873 146.6162 9 27 8
2  45.0 45.0 0.00
1303 4.9122 52.7181 10 17 6
2  45.0 45.0 0.00
1304 -43.6026 -78.2165 1 27 6
2  45.0 45.0 0.00
1305 50.6377 -99.2804 5 21 5
2  45.0 45.0 0.00
1306 7.7371 -158.1319 2 19 5
2  45.0 45.0 0.00
1307 -11.4096 -84.8398 3 28 9
2  45.0 45.0 0.00
1308 -17.4719 -22.9486 4 27 6
2  45.0 45.0 0.00
1309 2.1955 -30.4441 10 15 6
2  45.0 45.0 0.00
1310 -52.7812 90.6360 5 17 8
2  45.0 45.0 0.00
1311 -7.7755 -173.9042 10 22 5
2  45.0 45.0 0.00
1312 13.0089 -146.7772 10 16 5
2  45.0 45.0 0.00
1313 30.2483 30.6063 3 26 7
2  45.0 45.0 0.00
1314 -23.1072 89.9693 6 19 5
2  45.0 45.0 0.00
1315 16.1545 -9.9895 8 23 6
2  45.0 45.0 0.00
1316 6.6018 -115.4456 9 17 8
2  45.0 45.0 0.00
1317 34.0498 135.0552 2 24 5
2  45.0 45.0 0.00
1318 -13.2045 86.1636 9 27 9
2  45.0 45.0 0.00
1319 -27.2541 -59.6631 8 25 5
2  45.0 45.0 0.00
1320 46.1836 51.5955 2 24 8
2  45.0 45.0 0.00
1321 -26.2721 -14.7316 2 17 9
2  45.0 45.0 0.00
1322 48.1659 -10.6856 3 19 5
2  45.0 45.0 0.00
1323 -5.9988 157.5843 4 22 9
2  45.0 45.0 0.00
1324 43.4821 150.6458 5 24 8
2  45.0 45.0 0.00
1325 4.5224 141.6656 3 20 6
2  45.0 45.0 0.00
1326 -19.2780 101.7478 6 22 5
2  45.0 45.0 0.00
1327 44.4098 20.4770 10 22 7
2  45.0 45.0 0.00
1328 -14.6125 80.0624 9 26 9
2  45.0 45.0 0.00
1329 42.9418 -20.3223 9 25 7
2  45.0 45.0 0.00
1330 -20.6540 121.5835 3 25 8
2  45.0 45.0 0.00
1331 -51.1732 -175.6705 3 15 7
2  45.0 45.0 0.00
1332 -14.9848 -138.3639 6 27 7
2  45.0 45.0 0.00
1333 -34.7932 176.6022 10 18 6
2  45.0 45.0 0.00
1334 40.9719 -14.1707 5 15 5
2  45.0 45.0 0.00
1335 -33.0919 -120.8396 1 26 8
2  45.0 45.0 0.00
1336 -42.4938 -111.4678 4 26 5
2  45.0 45.0 0.00
1337 -2.0776 -148.7139 2 27 8
2  45.0 45.0 0.00
1338 43.1350 13.9714 10 15 9
2  45.0 45.0 0.00
1339 -26.8720 131.9679 6 20 9
2  45.0 45.0 0.00
1340 43.9423 -112.2890 7 22 5
2  45.0 45.0 0.00
1341 36.5185 113.2899 5 23 7
2  45.0 45.0 0.00
1342 37.4074 -94.8841 1 19 5
2  45.0 45.0 0.00
1343 -35.1637 -53.7445 5 27 6
2  45.0 45.0 0.00
1344 -44.0052 -125.5624 5 22 6
2  45.0 45.0 0.00
1345 -16.1419 -21.1165 6 17 8
2  45.0 45.0 0.00
1346 -18.9491 116.0145 9 28 5
2  45.0 45.0 0.00
1347 43.5691 68.1442 4 24 7
2  45.0 45.0 0.00
1348 17.5648 3.6903 4 18 8
2  45.0 45.0 0.00
1349 18.0731 -85.8960 1 28 6
2  45.0 45.0 0.00
1350 41.9527 -174.5230 4 16 7
2  45.0 45.0 0.00
1351 27.9134 69.9470 7 18 7
2  45.0 45.0 0.00
1352 -10.2638 63.3138 1 29 8
2  45.0 45.0 0.00
1353 -49.7524 -54.1599 8 18 8
2  45.0 45.0 0.00
1354 -2.2284 76.4686 6 18 9
2  45.0 45.0 0.00
1355 7.9082 139.6712 9 27 5
2  45.0 45.0 0.00
1356 -43.8503 23.5126 9 26 6
2  45.0 45.0 0.00
1357 -20.5618 70.9271 10 22 7
2  45.0 45.0 0.00
1358 -30.0264 -15.7188 7 15 7
2  45.0 45.0 0.00
1359 51.9224 13.1333 10 22 9
2  45.0 45.0 0.00
1360 -18.9798 -168.2241 1 16 9
2  45.0 45.0 0.00
1361 -33.5630 94.4446 9 18 7
2  45.0 45.0 0.00
1362 39.7880 133.6818 1 15 8
2  45.0 45.0 0.00
1363 35.8130 155.1944 10 25 9
2  45.0 45.0 0.00
1364 -17.6365 131.3312 5 26 5
2  45.0 45.0 0.00
1365 -50.6001 56.1136 4 25 9
2  45.0 45.0 0.00
1366 -48.9588 -42.1095 9 28 5
2  45.0 45.0 0.00
1367 -47.3177 -24.2796 6 28 6
2  45.0 45.0 0.00
1368 4.6295 -22.3577 8 28 7
2  45.0 45.0 0.00
1369 -16.3883 -32.2332 8 20 7
2  45.0 45.0 0.00
1370 -46.7737 114.3643 2 25 7
2  45.0 45.0 0.00
1371 -4.6495 -91.5637 8 15 7
2  45.0 45.0 0.00
1372 2.9147 -162.0958 9 20 8
2  45.0 45.0 0.00
1373 -0.8131 161.8561 10 28 5
2  45.0 45.0 0.00
1374 -10.0380 -179.5586 10 19 5
2  45.0 45.0 0.00
1375 41.9466 166.0726 10 20 6
2  45.0 45.0 0.00
1376 11.8908 -69.5910 1 17 9
2  45.0 45.0 0.00
1377 -29.6327 77.1639 8 22 7
2  45.0 45.0 0.00
1378 32.6428 -33.6891 1 22 7
2  45.0 45.0 0.00
1379 -0.6423 -144.9542 3 17 7
2  45.0 45.0 0.00
1380 -11.0459 0.4538 3 17 8
2  45.0 45.0 0.00
1381 -46.9037 -5.4358 8 23 7
2  45.0 45.0 0.00
1382 -0.5487 132.3926 9 25 7
2  45.0 45.0 0.00
1383 -29.5947 145.9637 3 22 9
2  45.0 45.0 0.00
1384 29.4665 -12.4220 8 22 5
2  45.0 45.0 0.00
1385 52.8816 8.5883 2 26 9
2  45.0 45.0 0.00
1386 31.6275 110.8876 5 29 5
2  45.0 45.0 0.00
1387 -41.2428 -139.8861 7 22 5
2  45.0 45.0 0.00
1388 24.9678 -128.4279 8 29 7
2  45.0 45.0 0.00
1389 46.6605 81.2174 7 15 6
2  45.0 45.0 0.00
1390 9.3795 23.6524 10 17 8
2  45.0 45.0 0.00
1391 45.6117 -175.7022 5 17 7
2  45.0 45.0 0.00
1392 3.5675 69.0646 8 25 5
2  45.0 45.0 0.00
1393 19.8011 145.6774 1 24 9
2  45.0 45.0 0.00
1394 -41.4060 -31.9706 2 21 6
2  45.0 45.0 0.00
1395 14.2813 -0.3213 1 28 7
2  45.0 45.0 0.00
1396 -24.0324 -6.4901 2 22 9
2  45.0 45.0 0.00
1397 -28.3368 47.7455 9 19 7
2  45.0 45.0 0.00
1398 -42.5083 170.1963 7 29 6
2  45.0 45.0 0.00
1399 -48.3679 -14.9051 2 28 7
2  45.0 45.0 0.00
1400 -49.2334 -136.3884 10 18 5
2  45.0 45.0 0.00
1401 -34.2069 -130.1144 9 28 8
2  45.0 45.0 0.00
1402 -7.2937 -136.2859 9 25 6
2  45.0 45.0 0.00
1403 -47.5215 -106.4188 5 26 6
2  45.0 45.0 0.00
1404 -47.2573 29.6833 8 15 5
2  45.0 45.0 0.00
1405 -38.5193 -15.6300 1 15 5
2  45.0 45.0 0.00
1406 -34.3299 44.8083 10 19 7
2  45.0 45.0 0.00
1407 -36.8736 -88.4332 2 19 5
2  45.0 45.0 0.00
1408 -43.0253 79.3200 7 25 8
2  45.0 45.0 0.00
1409 50.6204 -76.2395 3 23 9
2  45.0 45.0 0.00
1410 35.9665 61.2019 2 24 8
2  45.0 45.0 0.00
1411 -4.9735 -143.2598 9 16 5
2  45.0 45.0 0.00
1412 23.3953 -140.2332 8 27 8
2  45.0 45.0 0.00
1413 32.5127 110.5326 7 17 6
2  45.0 45.0 0.00
1414 31.5172 143.7593 3 26 7
2  45.0 45.0 0.00
1415 -17.6126 130.5996 7 19 9
2  45.0 45.0 0.00
1416 36.9290 133.7238 1 15 9
2  45.0 45.0 0.00
1417 0.6495 -178.5284 2 22 8
2  45.0 45.0 0.00
1418 -47.6916 -125.9726 7 17 6
2  45.0 45.0 0.00
1419 51.2656 140.4008 10 16 5
2  45.0 45.0 0.00
1420 -34.9253 -128.8399 5 20 8
2  45.0 45.0 0.00
1421 46.6374 142.7387 4 15 5
2  45.0 45.0 0.00
1422 9.5722 112.3522 6 18 5
2  45.0 45.0 0.00
1423 37.0210 -162.3021 9 28 7
2  45.0 45.0 0.00
1424 32.0794 -79.6550 2 22 7
2  45.0 45.0 0.00
1425 15.6091 90.8771 3 22 8
2  45.0 45.0 0.00
1426 -5.9529 90.3472 8 18 7
2  45.0 45.0 0.00
1427 21.8652 7.6211 9 20 8
2  45.0 45.0 0.00
1428 11.6209 171.9993 3 21 5
2  45.0 45.0 0.00
1429 -27.7731 147.3887 1 15 6
2  45.0 45.0 0.00
1430 46.0545 -175.6159 1 24 9
2  45.0 45.0 0.00
1431 41.5286 62.2522 7 26 7
2  45.0 45.0 0.00
1432 -33.1208 -38.2697 7 20 6
2  45.0 45.0 0.00
1433 35.9700 25.6047 1 27 6
2  45.0 45.0 0.00
1434 -18.2230 62.8495 2 18 6
2  45.0 45.0 0.00
1435 34.4352 122.6194 6 19 7
2  45.0 45.0 0.00
1436 25.2113 78.1306 10 16 7
2  45.0 45.0 0.00
1437 -7.2437 -147.0025 8 20 8
2  45.0 45.0 0.00
1438 -49.4646 80.7016 10 28 9
2  45.0 45.0 0.00
1439 -30.1108 38.1779 1 15 5
2  45.0 45.0 0.00
1440 17.6878 -151.4313 3 27 5
2  45.0 45.0 0.00
1441 -25.4512 91.7053 8 21 6
2  45.0 45.0 0.00
1442 -47.5760 -52.9229 9 20 7
2  45.0 45.0 0.00
1443 -3.1259 -84.3788 10 27 8
2  45.0 45.0 0.00
1444 26.2541 -106.1397 7 16 6
2  45.0 45.0 0.00
1445 11.0149 92.4207 2 19 6
2  45.0 45.0 0.00
1446 -29.8061 100.9335 4 18 6
2  45.0 45.0 0.00
1447 16.7994 150.1016 4 29 9
2  45.0 45.0 0.00
1448 18.7542 61.0131 6 15 9
2  45.0 45.0 0.00
1449 19.1182 -39.8862 10 21 9
2  45.0 45.0 0.00
1450 47.7341 107.5253 6 21 7
2  45.0 45.0 0.00
1451 -4.0600 -176.5659 6 23 5
2  45.0 45.0 0.00
1452 0.3361 -24.1881 2 18 9
2  45.0 45.0 0.00
1453 -24.2953 -144.5417 7 16 5
2  45.0 45.0 0.00
1454 5.6775 -63.8852 3 15 5
2  45.0 45.0 0.00
1455 -44.7109 -126.0510 10 17 6
2  45.0 45.0 0.00
1456 -30.2408 -70.7127 5 20 8
2  45.0 45.0 0.00
1457 -8.4663 -64.7235 4 27 8
2  45.0 45.0 0.00
1458 15.7883 -47.5873 9 28 8
2  45.0 45.0 0.00
1459 -27.1238 -15.6291 1 16 6
2  45.0 45.0 0.00
1460 8.6777 -84.8311 7 19 8
2  45.0 45.0 0.00
1461 13.5447 105.6705 1 20 7
2  45.0 45.0 0.00
1462 -19.9450 134.8015 5 18 7
2  45.0 45.0 0.00
1463 -31.8429 -144.2250 10 23 7
2  45.0 45.0 0.00
1464 47.7622 -87.3825 2 21 6
2  45.0 45.0 0.00
1465 -33.3107 -33.0787 7 20 5
2  45.0 45.0 0.00
1466 12.8910 -159.5625 8 27 8
2  45.0 45.0 0.00
1467 47.7372 176.3967 9 24 8
2  45.0 45.0 0.00
1468 13.4196 159.1997 8 21 6
2  45.0 45.0 0.00
1469 29.0968 -130.8926 6 20 8
2  45.0 45.0 0.00
1470 -37.6576 142.4313 9 22 5
2  45.0 45.0 0.00
1471 -18.5930 124.3423 8 15 5
2  45.0 45.0 0.00
1472 -29.7155 -24.3485 9 19 8
2  45.0 45.0 0.00
1473 -25.9627 -155.7406 9 23 8
2  45.0 45.0 0.00
1474 -30.7820 -12.2798 10 28 8
2  45.0 45.0 0.00
1475 -52.1133 127.4701 6 17 8
2  45.0 45.0 0.00
1476 -47.7701 -163.3191 9 24 6
2  45.0 45.0 0.00
1477 23.9529 10.0080 6 24 9
2  45.0 45.0 0.00
1478 -41.8747 162.9078 6 23 9
2  45.0 45.0 0.00
1479 -32.4111 47.3959 6 25 7
2  45.0 45.0 0.00
1480 21.9537 21.7172 3 25 8
2  45.0 45.0 0.00
1481 18.9581 173.8366 7 26 7
2  45.0 45.0 0.00
1482 -3.1258 74.2614 8 19 5
2  45.0 45.0 0.00
1483 -34.6270 97.8018 8 15 5
2  45.0 45.0 0.00
1484 24.0905 -35.3571 1 24 5
2  45.0 45.0 0.00
1485 -25.7493 141.3938 9 16 6
2  45.0 45.0 0.00
1486 -13.0687 -123.1872 4 24 7
2  45.0 45.0 0.00
1487 -1.1646 -56.4951 2 29 8
2  45.0 45.0 0.00
1488 25.7677 105.3440 10 16 6
2  45.0 45.0 0.00
1489 -10.7405 50.2416 1 20 5
2  45.0 45.0 0.00
1490 -8.2083 26.4121 4 23 6
2  45.0 45.0 0.00
1491 -20.6356 153.9846 6 24 9
2  45.0 45.0 0.00
1492 30.3255 144.0987 4 22 6
2  45.0 45.0 0.00
1493 -19.8540 -164.6658 4 28 5
2  45.0 45.0 0.00
1494 35.0076 114.5810 3 21 6
2  45.0 45.0 0.00
1495 46.0726 -65.6371 4 20 9
2  45.0 45.0 0.00
1496 12.4574 5.3614 5 15 9
2  45.0 45.0 0.00
1497 32.1544 29.5485 10 19 9
2  45.0 45.0 0.00
1498 6.4955 82.3591 9 17 6
2  45.0 45.0 0.00
1499 36.3386 -71.7917 2 28 9
2  45.0 45.0 0.00
1500 -15.2556 91.6444 8 20 8
2  45.0 45.0 0.00
1501 11.0540 -121.7472 6 20 5
2  45.0 45.0 0.00
1502 51.6909 12.6638 7 24 6
2  45.0 45.0 0.00
1503 -24.2531 136.4909 8 24 6
2  45.0 45.0 0.00
1504 24.4456 99.3182 6 15 5
2  45.0 45.0 0.00
1505 -42.2426 66.2332 8 16 5
2  45.0 45.0 0.00
1506 14.2112 -18.2446 5 22 6
2  45.0 45.0 0.00
1507 38.4732 -117.2519 2 18 6
2  45.0 45.0 0.00
1508 15.0022 -101.0334 4 18 6
2  45.0 45.0 0.00
1509 -50.2333 -142.4072 9 27 7
2  45.0 45.0 0.00
1510 49.1496 62.7625 9 23 6
2  45.0 45.0 0.00
1511 8.5007 82.1789 1 17 5
2  45.0 45.0 0.00
1512 44.5520 -162.5281 5 19 7
2  45.0 45.0 0.00
1513 4.0629 -159.8752 1 21 5
2  45.0 45.0 0.00
1514 -42.7290 50.3316 9 19 9
2  45.0 45.0 0.00
1515 1.1943 25.4837 9 27 6
2  45.0 45.0 0.00
1516 52.6884 136.5250 7 23 6
2  45.0 45.0 0.00
1517 48.7312 127.2787 6 16 5
2  45.0 45.0 0.00
1518 -38.7239 -173.4039 6 17 9
2  45.0 45.0 0.00
1519 9.8577 161.3485 5 24 6
2  45.0 45.0 0.00
1520 49.8411 66.1267 4 24 8
2  45.0 45.0 0.00
1521 -18.6702 -47.9379 8 24 7
2  45.0 45.0 0.00
1522 -52.0028 153.3809 6 27 6
2  45.0 45.0 0.00
1523 -48.6471 0.9318 5 15 5
2  45.0 45.0 0.00
1524 19.5864 167.9409 1 19 8
2  45.0 45.0 0.00
1525 -44.6712 -13.0008 8 21 7
2  45.0 45.0 0.00
1526 6.6861 156.5155 3 23 9
2  45.0 45.0 0.00
1527 -19.7822 -82.5885 8 27 7
2  45.0 45.0 0.00
1528 9.8462 -111.0668 3 23 8
2  45.0 45.0 0.00
1529 -30.8861 -114.4985 6 27 7
2  45.0 45.0 0.00
1530 -43.4167 150.6067 4 23 5
2  45.0 45.0 0.00
1531 -52.6082 -32.0961 7 29 9
2  45.0 45.0 0.00
1532 38.1578 155.6971 7 17 6
2  45.0 45.0 0.00
1533 -45.0880 -54.9494 10 27 8
2  45.0 45.0 0.00
1534 28.6707 56.1582 2 23 9
2  45.0 45.0 0.00
1535 -0.7106 -41.3636 5 25 5
2  45.0 45.0 0.00
1536 42.0423 57.2682 6 15 5
2  45.0 45.0 0.00
1537 15.3408 -57.9786 2 20 6
2  45.0 45.0 0.00
1538 42.6683 -70.2819 8 28 9
2  45.0 45.0 0.00
1539 17.0020 -163.9724 4 20 8
2  45.0 45.0 0.00
1540 38.2935 -58.1411 5 17 6
2  45.0 45.0 0.00
1541 -6.9521 -44.4638 7 26 8
2  45.0 45.0 0.00
1542 12.5711 86.9239 2 28 7
2  45.0 45.0 0.00
1543 -31.7045 152.1997 8 15 5
2  45.0 45.0 0.00
1544 24.9835 162.4903 4 22 9
2  45.0 45.0 0.00
1545 -3.6352 99.1619 3 25 7
2  45.0 45.0 0.00
1546 -5.4298 -171.7856 8 15 8
2  45.0 45.0 0.00
1547 6.1616 1.1848 7 25 7
2  45.0 45.0 0.00
1548 -24.5671 28.2012 8 24 6
2  45.0 45.0 0.00
1549 -35.9259 -22.3431 1 21 5
2  45.0 45.0 0.00
1550 25.1877 -167.3455 2 20 6
2  45.0 45.0 0.00
1551 43.4491 124.5828 8 18 5
2  45.0 45.0 0.00
1552 16.8502 53.2190 2 19 9
2  45.0 45.0 0.00
1553 10.1524 69.8932 7 18 8
2  45.0 45.0 0.00
1554 20.9466 -107.0832 3 22 6
2  45.0 45.0 0.00
1555 -36.3202 -75.5578 1 19 9
2  45.0 45.0 0.00
1556 -50.0564 -58.9425 1 25 6
2  45.0 45.0 0.00
1557 -9.1559 65.2251 1 26 9
2  45.0 45.0 0.00
1558 22.4789 -79.8742 8 24 6
2  45.0 45.0 0.00
1559 12.7629 -69.1531 2 25 7
2  45.0 45.0 0.00
1560 -3.5056 -107.6888 6 24 9
2  45.0 45.0 0.00
1561 3.7177 20.2783 5 16 6
2  45.0 45.0 0.00
1562 12.6967 20.1745 6 20 9
2  45.0 45.0 0.00
1563 -18.7945 163.5220 2 28 9
2  45.0 45.0 0.00
1564 43.9472 155.6197 3 20 5
2  45.0 45.0 0.00
1565 -8.5348 14.1071 6 16 5
2  45.0 45.0 0.00
1566 37.0416 27.3912 5 26 6
2  45.0 45.0 0.00
1567 34.6520 63.0131 7 28 9
2  45.0 45.0 0.00
1568 37.8733 34.6076 6 23 6
2  45.0 45.0 0.00
1569 -36.4614 138.1620 2 25 6
2  45.0 45.0 0.00
1570 17.6148 -41.9249 8 27 6
2  45.0 45.0 0.00
1571 3.6730 129.6136 6 24 6
2  45.0 45.0 0.00
1572 52.5640 -11.9826 1 29 8
2  45.0 45.0 0.00
1573 -48.3685 96.6942 8 16 6
2  45.0 45.0 0.00
1574 15.6516 -152.7618 3 15 6
2  45.0 45.0 0.00
1575 -19.2428 -40.5245 5 15 9
2  45.0 45.0 0.00
1576 3.7841 130.0163 4 27 6
2  45.0 45.0 0.00
1577 -3.6139 93.3656 8 23 8
2  45.0 45.0 0.00
1578 49.4880 -166.2402 1 23 9
2  45.0 45.0 0.00
1579 -11.5985 58.5283 6 26 7
2  45.0 45.0 0.00
1580 -11.9325 113.8441 1 19 9
2  45.0 45.0 0.00
1581 9.5946 -50.8581 2 21 8
2  45.0 45.0 0.00
1582 -37.3947 122.1454 3 26 9
2  45.0 45.0 0.00
1583 -38.7186 54.9875 5 23 9
2  45.0 45.0 0.00
1584 -22.8595 -108.8929 3 19 6
2  45.0 45.0 0.00
1585 11.6002 1.5040 4 17 9
2  45.0 45.0 0.00
1586 16.5239 40.1785 1 21 9
2  45.0 45.0 0.00
1587 23.2634 22.9845 10 27 6
2  45.0 45.0 0.00
1588 -41.6390 -62.9802 2 26 7
2  45.0 45.0 0.00
1589 -39.4771 -74.8503 10 24 6
2  45.0 45.0 0.00
1590 25.2107 -144.6771 4 26 6
2  45.0 45.0 0.00
1591 -32.8695 -5.0224 9 29 8
2  45.0 45.0 0.00
1592 -43.8482 -105.6828 6 23 8
2  45.0 45.0 0.00
1593 3.7749 -31.7106 7 29 9
2  45.0 45.0 0.00
1594 7.5137 117.9899 8 19 8
2  45.0 45.0 0.00
1595 48.6847 -30.9959 2 27 6
2  45.0 45.0 0.00
1596 -19.3606 139.6249 2 26 7
2  45.0 45.0 0.00
1597 6.1233 116.2703 4 16 9
2  45.0 45.0 0.00
1598 -28.2578 27.8261 8 17 8
2  45.0 45.0 0.00
1599 42.4788 91.5271 2 15 9
2  45.0 45.0 0.00
1600 22.8600 -55.2354 4 24 8
2  45.0 45.0 0.00
1601 43.4693 96.4839 9 29 5
2  45.0 45.0 0.00
1602 29.2570 44.0151 9 23 7
2  45.0 45.0 0.00
1603 -31.9600 -23.2773 3 16 7
2  45.0 45.0 0.00
1604 22.5398 -65.8450 1 29 6
2  45.0 45.0 0.00
1605 52.3205 61.8986 6 24 8
2  45.0 45.0 0.00
1606 -31.2649 -43.4146 3 15 5
2  45.0 45.0 0.00
1607 49.9032 -85.6192 5 17 8
2  45.0 45.0 0.00
1608 30.7141 118.8781 4 28 5
2  45.0 45.0 0.00
1609 11.7822 172.3547 10 25 7
2  45.0 45.0 0.00
1610 -3.6674 58.5642 10 23 8
2  45.0 45.0 0.00
1611 -10.7523 -37.4497 7 21 5
2  45.0 45.0 0.00
1612 -27.7564 -127.0995 9 19 9
2  45.0 45.0 0.00
1613 -10.9598 39.5281 7 23 5
2  45.0 45.0 0.00
1614 46.2501 -81.5122 3 21 5
2  45.0 45.0 0.00
1615 40.5368 -35.5637 3 27 6
2  45.0 45.0 0.00
1616 -51.4284 177.5143 10 16 8
2  45.0 45.0 0.00
1617 4.4912 105.6725 8 18 6
2  45.0 45.0 0.00
1618 7.9301 126.9191 1 16 9
2  45.0 45.0 0.00
1619 15.1379 10.2105 2 29 7
2  45.0 45.0 0.00
1620 -52.8566 -42.7956 7 25 6
2  45.0 45.0 0.00
1621 -32.6666 -94.6744 10 22 7
2  45.0 45.0 0.00
1622 52.7192 33.7970 8 17 5
2  45.0 45.0 0.00
1623 -27.0246 -170.2912 9 22 5
2  45.0 45.0 0.00
1624 10.9255 -39.1160 1 19 9
2  45.0 45.0 0.00
1625 -44.1206 -114.2279 7 23 9
2  45.0 45.0 0.00
1626 -15.4696 -31.9053 7 19 8
2  45.0 45.0 0.00
1627 14.1725 -66.7245 10 27 9
2  45.0 45.0 0.00
1628 -20.6325 -84.2819 6 25 7
2  45.0 45.0 0.00
1629 50.9787 57.7510 1 29 5
2  45.0 45.0 0.00
1630 12.2792 -176.0673 10 27 7
2  45.0 45.0 0.00
1631 11.6609 -140.4406 10 26 8
2  45.0 45.0 0.00
1632 -52.0328 56.6982 9 24 9
2  45.0 45.0 0.00
1633 9.1135 -72.3879 5 23 6
2  45.0 45.0 0.00
1634 45.6221 -118.4723 2 25 7
2  45.0 45.0 0.00
1635 -17.2581 71.7624 8 26 9
2  45.0 45.0 0.00
1636 -8.1250 -95.2499 7 23 9
2  45.0 45.0 0.00
1637 -16.6276 21.6363 1 28 8
2  45.0 45.0 0.00
1638 2.5245 21.1032 4 18 9
2  45.0 45.0 0.00
1639 15.6730 51.9080 6 26 5
2  45.0 45.0 0.00
1640 19.2929 -149.8346 5 25 9
2  45.0 45.0 0.00
1641 -5.8373 -69.2144 10 19 8
2  45.0 45.0 0.00
1642 43.5308 -45.7237 7 28 9
2  45.0 45.0 0.00
1643 29.0130 -137.0936 5 24 9
2  45.0 45.0 0.00
1644 -50.2572 -31.6441 1 29 9
2  45.0 45.0 0.00
1645 -13.5916 149.9083 7 26 9
2  45.0 45.0 0.00
1646 20.4578 147.2544 2 24 6
2  45.0 45.0 0.00
1647 -17.0070 2.0831 10 25 5
2  45.0 45.0 0.00
1648 -49.2478 -89.3755 6 19 9
2  45.0 45.0 0.00
1649 -37.0124 51.9647 5 20 7
2  45.0 45.0 0.00
1650 3.0395 -172.3537 9 28 5
2  45.0 45.0 0.00
1651 -24.3896 -135.4430 5 27 6
2  45.0 45.0 0.00
1652 3.0230 11.6667 7 20 7
2  45.0 45.0 0.00
1653 -52.8274 83.6732 10 23 9
2  45.0 45.0 0.00
1654 -24.6004 -17.6924 2 24 6
2  45.0 45.0 0.00
1655 29.0590 -129.6840 1 15 7
2  45.0 45.0 0.00
1656 24.1077 29.5369 5 19 5
2  45.0 45.0 0.00
1657 18.2064 -175.8459 7 24 9
2  45.0 45.0 0.00
1658 -30.1266 64.0359 8 21 7
2  45.0 45.0 0.00
1659 0.3170 143.9070 1 27 9
2  45.0 45.0 0.00
1660 -8.6495 -152.2210 5 21 6
2  45.0 45.0 0.00
1661 -44.7511 -28.7197 6 23 9
2  45.0 45.0 0.00
1662 -39.2049 -137.2921 7 19 8
2  45.0 45.0 0.00
1663 47.3260 -100.1208 9 18 9
2  45.0 45.0 0.00
1664 51.9495 -146.4031 3 25 5
2  45.0 45.0 0.00
1665 9.5446 -178.1669 10 17 6
2  45.0 45.0 0.00
1666 39.6864 -58.9907 6 15 5
2  45.0 45.0 0.00
1667 15.9283 -119.3771 1 29 7
2  45.0 45.0 0.00
1668 -26.3372 -20.5697 6 25 5
2  45.0 45.0 0.00
1669 -42.7017 -55.2867 6 25 7
2  45.0 45.0 0.00
1670 -23.2030 68.8665 1 29 8
2  45.0 45.0 0.00
1671 -18.5419 -40.2195 5 18 7
2  45.0 45.0 0.00
1672 -45.2909 -95.0031 10 19 6
2  45.0 45.0 0.00
1673 31.1646 -144.1203 9 18 8
2  45.0 45.0 0.00
1674 29.4759 -89.0335 3 24 6
2  45.0 45.0 0.00
1675 5.0061 -37.3623 1 22 7
2  45.0 45.0 0.00
1676 -27.1765 -77.2886 9 24 6
2  45.0 45.0 0.00
1677 -33.5910 -41.7247 3 19 8
2  45.0 45.0 0.00
1678 -25.2293 160.5431 8 23 8
2  45.0 45.0 0.00
1679 -51.3641 -119.6810 5 19 6
2  45.0 45.0 0.00
1680 52.7337 -141.1933 9 16 6
2  45.0 45.0 0.00
1681 -49.9875 -150.6627 4 24 8
2  45.0 45.0 0.00
1682 45.4592 137.8942 9 24 8
2  45.0 45.0 0.00
1683 30.4663 32.8583 8 16 5
2  45.0 45.0 0.00
1684 -9.5498 97.1671 7 23 9
2  45.0 45.0 0.00
1685 35.2049 78.1554 10 29 9
2  45.0 45.0 0.00
1686 -12.7545 -149.5373 1 17 8
2  45.0 45.0 0.00
1687 -38.6029 -103.2048 9 19 9
2  45.0 45.0 0.00
1688 -42.2292 87.9687 3 25 9
2  45.0 45.0 0.00
1689 -12.8315 -66.4747 9 28 9
2  45.0 45.0 0.00
1690 -8.0390 -145.2143 7 18 8
2  45.0 45.0 0.00
1691 -28.8766 17.4395 4 17 6
2  45.0 45.0 0.00
1692 -20.0000 -138.4307 5 26 8
2  45.0 45.0 0.00
1693 36.4896 86.8290 5 27 9
2  45.0 45.0 0.00
1694 7.8544 -86.9772 6 17 9
2  45.0 45.0 0.00
1695 17.5483 -149.7825 6 26 5
2  45.0 45.0 0.00
1696 1.7780 109.6479 6 15 5
2  45.0 45.0 0.00
1697 -22.9970 137.9362 7 21 6
2  45.0 45.0 0.00
1698 9.2621 -167.0351 6 29 7
2  45.0 45.0 0.00
1699 51.5309 162.1259 10 16 6
2  45.0 45.0 0.00
1700 14.6022 -10.3607 10 16 6
2  45.0 45.0 0.00
1701 -35.4291 150.9030 2 20 5
2  45.0 45.0 0.00
1702 -37.7740 108.7369 8 16 8
2  45.0 45.0 0.00
1703 0.7148 -150.4849 10 24 5
2  45.0 45.0 0.00
1704 48.8751 -62.7887 3 21 6
2  45.0 45.0 0.00
1705 4.0370 -82.0359 10 26 9
2  45.0 45.0 0.00
1706 22.8112 -175.7657 6 21 5
2  45.0 45.0 0.00
1707 -48.1713 72.7414 10 25 5
2  45.0 45.0 0.00
1708 -14.4295 16.1537 5 18 8
2  45.0 45.0 0.00
1709 30.2451 154.4901 5 18 7
2  45.0 45.0 0.00
1710 42.8404 -63.7457 5 15 5
2  45.0 45.0 0.00
1711 -19.9100 -173.4784 1 28 6
2  45.0 45.0 0.00
1712 41.7259 -123.6927 6 21 8
2  45.0 45.0 0.00
1713 -39.0207 -42.4931 1 15 9
2  45.0 45.0 0.00
1714 32.2965 -33.9774 10 23 7
2  45.0 45.0 0.00
1715 -8.8813 -143.7526 9 26 8
2  45.0 45.0 0.00
1716 11.5483 -163.4223 3 19 7
2  45.0 45.0 0.00
1717 -11.4192 161.1187 7 19 5
2  45.0 45.0 0.00
1718 -50.0916 116.6623 7 19 7
2  45.0 45.0 0.00
1719 -31.0089 -131.7138 6 23 8
2  45.0 45.0 0.00
1720 -10.2430 148.5676 4 21 7
2  45.0 45.0 0.00
1721 -0.1551 92.5365 7 22 6
2  45.0 45.0 0.00
1722 -30.5828 -98.5937 7 16 5
2  45.0 45.0 0.00
1723 36.8447 124.6734 10 28 9
2  45.0 45.0 0.00
1724 -33.4613 -149.5454 7 29 5
2  45.0 45.0 0.00
1725 50.9460 -144.6037 9 16 5
2  45.0 45.0 0.00
1726 -23.0989 6.1545 7 17 7
2  45.0 45.0 0.00
1727 20.8033 47.3512 8 26 9
2  45.0 45.0 0.00
1728 14.3339 -17.5533 2 15 7
2  45.0 45.0 0.00
1729 31.9388 82.3475 5 17 7
2  45.0 45.0 0.00
1730 -14.7183 -100.0677 7 23 5
2  45.0 45.0 0.00
1731 -19.2102 168.3851 2 18 8
2  45.0 45.0 0.00
1732 -10.5774 66.8654 7 22 8
2  45.0 45.0 0.00
1733 20.6050 -151.0002 4 24 6
2  45.0 45.0 0.00
1734 -30.0976 -153.9244 3 15 9
2  45.0 45.0 0.00
1735 24.7072 -154.7209 10 22 8
2  45.0 45.0 0.00
1736 -26.3008 164.6599 1 23 6
2  45.0 45.0 0.00
1737 -46.6345 154.6454 3 16 6
2  45.0 45.0 0.00
1738 24.2233 -38.8464 5 16 6
2  45.0 45.0 0.00
1739 47.6458 171.5049 8 20 5
2  45.0 45.0 0.00
1740 23.4000 -141.7888 8 26 6
2  45.0 45.0 0.00
1741 -22.3961 -113.6231 5 26 5
2  45.0 45.0 0.00
1742 -26.6535 -3.0328 4 22 7
2  45.0 45.0 0.00
1743 -6.0606 -125.6452 4 17 6
2  45.0 45.0 0.00
1744 28.0705 165.2260 3 19 9
2  45.0 45.0 0.00
1745 34.3405 160.4657 6 27 5
2  45.0 45.0 0.00
1746 27.2085 74.3666 1 19 5
2  45.0 45.0 0.00
1747 -37.5519 -113.9504 4 18 9
2  45.0 45.0 0.00
1748 39.8212 -111.0940 10 16 9
2  45.0 45.0 0.00
1749 -27.8837 144.9876 3 23 9
2  45.0 45.0 0.00
1750 31.6413 116.7132 4 29 9
2  45.0 45.0 0.00
1751 27.7501 119.0253 10 28 8
2  45.0 45.0 0.00
1752 -16.6443 -44.0711 7 24 9
2  45.0 45.0 0.00
1753 4.4497 -121.1105 7 22 5
2  45.0 45.0 0.00
1754 -25.5085 140.7712 3 19 6
2  45.0 45.0 0.00
1755 7.7815 134.6901 4 19 8
2  45.0 45.0 0.00
1756 44.6497 -43.7332 3 29 8
2  45.0 45.0 0.00
1757 45.8430 80.1166 3 21 5
2  45.0 45.0 0.00
1758 -19.5983 -73.4407 7 22 5
2  45.0 45.0 0.00
1759 -0.2023 20.1990 7 16 6
2  45.0 45.0 0.00
1760 -45.2234 -24.1649 7 20 7
2  45.0 45.0 0.00
1761 43.1920 4.2733 1 23 7
2  45.0 45.0 0.00
1762 41.0913 3.4731 4 18 7
2  45.0 45.0 0.00
1763 49.2327 -32.4264 8 27 8
2  45.0 45.0 0.00
1764 33.8598 80.3463 8 21 7
2  45.0 45.0 0.00
1765 49.1157 -45.8514 10 16 8
2  45.0 45.0 0.00
1766 -51.1660 103.8130 9 15 9
2  45.0 45.0 0.00
1767 -1.2350 -178.6264 3 20 8
2  45.0 45.0 0.00
1768 -8.4152 -131.1338 4 29 8
2  45.0 45.0 0.00
1769 32.3791 -157.3382 8 16 7
2  45.0 45.0 0.00
1770 -43.6546 79.2038 7 19 8
2  45.0 45.0 0.00
1771 -15.8809 -173.9885 9 26 8
2  45.0 45.0 0.00
1772 3.6927 -42.9850 1 27 8
2  45.0 45.0 0.00
1773 -42.4758 2.6442 4 19 6
2  45.0 45.0 0.00
1774 48.8282 -167.2384 3 16 7
2  45.0 45.0 0.00
1775 19.4714 102.7735 3 26 9
2  45.0 45.0 0.00
1776 42.4430 -72.1780 2 25 5
2  45.0 45.0 0.00
1777 -21.4871 -13.5236 8 20 5
2  45.0 45.0 0.00
1778 -3.0051 -102.0734 9 25 8
2  45.0 45.0 0.00
1779 -48.7586 -69.5753 8 19 6
2  45.0 45.0 0.00
1780 -21.3995 105.9419 7 27 5
2  45.0 45.0 0.00
1781 -47.4122 49.9672 8 28 6
2  45.0 45.0 0.00
1782 6.8580 -85.7395 2 28 7
2  45.0 45.0 0.00
1783 -28.0549 69.4091 2 26 9
2  45.0 45.0 0.00
1784 14.5061 -136.6786 1 17 6
2  45.0 45.0 0.00
1785 25.8832 -63.6167 8 21 8
2  45.0 45.0 0.00
1786 -13.0425 -13.0803 3 22 6
2  45.0 45.0 0.00
1787 -41.7510 -18.4628 9 22 6
2  45.0 45.0 0.00
1788 16.8004 23.2520 8 15 9
2  45.0 45.0 0.00
1789 -30.7596 -72.3787 4 17 7
2  45.0 45.0 0.00
1790 -16.1957 21.8070 6 22 6
2  45.0 45.0 0.00
1791 -34.1552 42.9800 10 22 7
2  45.0 45.0 0.00
1792 24.3194 -96.6561 10 18 5
2  45.0 45.0 0.00
1793 -42.2906 105.5540 9 24 8
2  45.0 45.0 0.00
1794 30.3813 -108.2686 1 20 5
2  45.0 45.0 0.00
1795 -45.3403 -156.2924 5 19 5
2  45.0 45.0 0.00
1796 -5.8053 -126.7043 6 28 5
2  45.0 45.0 0.00
1797 33.5365 165.2730 9 18 6
2  45.0 45.0 0.00
1798 -1.4062 161.1047 7 16 6
2  45.0 45.0 0.00
1799 -7.7398 -72.7476 1 29 5
2  45.0 45.0 0.00
