s1
0
 2013 04 20 10 39 35.004     2013 04 20 10 42  9.365     154.4
1
 2013 04 20 13 59 50.231     2013 04 20 14 03 24.228     214.0
 2013 04 20 20 35 47.989     2013 04 20 20 36 32.111      44.1
2
 2013 04 20 10 40 48.211     2013 04 20 10 43 27.768     159.6
3
 2013 04 20 10 38 16.460     2013 04 20 10 41 38.642     202.2
4
 2013 04 20 13 54 14.829     2013 04 20 13 57 17.916     183.1
5
 2013 04 20 14 00  2.646     2013 04 20 14 02 47.471     164.8
 2013 04 20 20 34 15.419     2013 04 20 20 35  1.761      46.3
6
 2013 04 20 00 15 17.074     2013 04 20 00 16 36.585      79.5
 2013 04 20 13 54   .296     2013 04 20 13 56 36.387     156.1
7
8
9
 2013 04 20 12 12 44.901     2013 04 20 12 16 16.446     211.5
10
 2013 04 20 12 15  3.733     2013 04 20 12 18 18.107     194.4
11
 2013 04 20 10 38 57.678     2013 04 20 10 40  9.897      72.2
12
 2013 04 20 20 41 58.414     2013 04 20 20 44 30.086     151.7
13
 2013 04 20 10 39 44.576     2013 04 20 10 42 45.399     180.8
14
 2013 04 20 10 38 24.366     2013 04 20 10 38 26.232       1.9
15
 2013 04 20 12 16 44.322     2013 04 20 12 19 29.382     165.1
16
 2013 04 20 12 19 57.647     2013 04 20 12 20 36.382      38.7
 2013 04 20 22 15 44.964     2013 04 20 22 16 27.341      42.4
17
 2013 04 20 00 18 27.211     2013 04 20 00 20 57.545     150.3
18
 2013 04 20 13 56 14.687     2013 04 20 13 58 52.014     157.3
19
 2013 04 20 10 46 32.087     2013 04 20 10 49 25.463     173.4
20
 2013 04 20 10 44 25.477     2013 04 20 10 48 12.607     227.1
 2013 04 20 20 44  6.884     2013 04 20 20 44 19.939      13.1
21
 2013 04 20 10 46 32.311     2013 04 20 10 49 31.353     179.0
22
 2013 04 20 19 02  9.156     2013 04 20 19 05 31.448     202.3
23
 2013 04 20 12 15  2.910     2013 04 20 12 15 24.229      21.3
24
25
 2013 04 20 12 28   .599     2013 04 20 12 30 36.956     156.4
 2013 04 20 19 00 51.239     2013 04 20 19 04 12.749     201.5
26
27
 2013 04 20 13 58 41.314     2013 04 20 14 01 50.773     189.5
 2013 04 20 22 13 37.625     2013 04 20 22 17 11.761     214.1
28
 2013 04 20 12 17 45.782     2013 04 20 12 20 36.825     171.0
 2013 04 20 22 19 18.971     2013 04 20 22 21 51.940     153.0
29
 2013 04 20 19 02 51.541     2013 04 20 19 05 28.957     157.4
30
 2013 04 20 20 46  2.572     2013 04 20 20 49 37.845     215.3
31
32
 2013 04 20 12 22  1.728     2013 04 20 12 25 31.945     210.2
 2013 04 20 20 37 36.189     2013 04 20 20 41 11.235     215.0
33
 2013 04 20 00 18 13.380     2013 04 20 00 21 23.320     189.9
34
 2013 04 20 12 27 49.343     2013 04 20 12 31 10.510     201.2
 2013 04 20 19 01 40.592     2013 04 20 19 05  8.522     207.9
35
 2013 04 20 13 57 47.865     2013 04 20 14 01  7.901     200.0
 2013 04 20 22 12 29.186     2013 04 20 22 15  2.451     153.3
36
 2013 04 20 12 13 28.153     2013 04 20 12 16 37.942     189.8
37
 2013 04 20 13 55 50.007     2013 04 20 13 59  1.854     191.8
38
 2013 04 20 12 26 39.713     2013 04 20 12 30 16.449     216.7
 2013 04 20 14 04 26.333     2013 04 20 14 08 10.418     224.1
 2013 04 20 18 59 51.981     2013 04 20 19 02 31.654     159.7
39
 2013 04 20 12 28 21.786     2013 04 20 12 28 35.181      13.4
 2013 04 20 20 36 30.002     2013 04 20 20 36 54.078      24.1
40
 2013 04 20 19 02 20.308     2013 04 20 19 05 52.740     212.4
41
42
 2013 04 20 15 36 30.423     2013 04 20 15 39  9.872     159.4
 2013 04 20 22 10  8.690     2013 04 20 22 12 59.330     170.6
43
 2013 04 20 12 19 14.718     2013 04 20 12 21 56.817     162.1
 2013 04 20 22 18 12.937     2013 04 20 22 21 28.314     195.4
44
 2013 04 20 20 46 47.313     2013 04 20 20 49 50.567     183.3
45
 2013 04 20 22 21 34.368     2013 04 20 22 24  4.851     150.5
46
 2013 04 20 22 21 38.098     2013 04 20 22 24 32.564     174.5
47
 2013 04 20 10 43 54.547     2013 04 20 10 44  4.212       9.7
48
 2013 04 20 10 44 41.825     2013 04 20 10 47 18.288     156.5
 2013 04 20 20 43 26.380     2013 04 20 20 46 16.093     169.7
49
 2013 04 20 15 38  9.367     2013 04 20 15 41 38.453     209.1
 2013 04 20 20 33 45.412     2013 04 20 20 36 29.297     163.9
50
 2013 04 20 22 18 55.099     2013 04 20 22 19 35.846      40.7
51
 2013 04 20 14 00 53.416     2013 04 20 14 03 39.529     166.1
 2013 04 20 20 35 43.223     2013 04 20 20 38 33.587     170.4
52
 2013 04 20 14 00 53.655     2013 04 20 14 01 12.763      19.1
 2013 04 20 20 36 55.969     2013 04 20 20 39 29.486     153.5
53
54
 2013 04 20 15 35 44.277     2013 04 20 15 39 19.284     215.0
 2013 04 20 22 11  4.804     2013 04 20 22 13 39.673     154.9
55
56
 2013 04 20 15 36 54.068     2013 04 20 15 39 41.537     167.5
 2013 04 20 20 31 14.384     2013 04 20 20 34 55.160     220.8
 2013 04 20 22 09  8.307     2013 04 20 22 12 40.964     212.7
57
58
 2013 04 20 14 01 44.900     2013 04 20 14 04 37.833     172.9
 2013 04 20 20 36  2.885     2013 04 20 20 38 43.101     160.2
59
60
 2013 04 20 12 24 27.743     2013 04 20 12 27  5.020     157.3
 2013 04 20 20 38 38.364     2013 04 20 20 42   .142     201.8
61
 2013 04 20 10 44 44.396     2013 04 20 10 48 29.546     225.1
62
 2013 04 20 12 26 52.867     2013 04 20 12 30  9.315     196.4
 2013 04 20 19 01 56.188     2013 04 20 19 04 30.382     154.2
63
 2013 04 20 10 49 47.581     2013 04 20 10 53   .871     193.3
 2013 04 20 19 03  8.860     2013 04 20 19 06 22.742     193.9
64
 2013 04 20 22 22 54.912     2013 04 20 22 26  5.045     190.1
65
66
 2013 04 20 09 04 36.107     2013 04 20 09 08  2.775     206.7
 2013 04 20 20 48  2.194     2013 04 20 20 48 41.771      39.6
67
 2013 04 20 12 16 54.716     2013 04 20 12 20 10.269     195.6
 2013 04 20 22 20 36.732     2013 04 20 22 21 22.428      45.7
68
 2013 04 20 20 48   .804     2013 04 20 20 50 35.463     154.7
69
70
 2013 04 20 10 38 45.358     2013 04 20 10 42  1.669     196.3
71
72
 2013 04 20 14 00 27.315     2013 04 20 14 03  3.779     156.5
 2013 04 20 20 35  3.538     2013 04 20 20 38 29.234     205.7
73
 2013 04 20 12 26 37.469     2013 04 20 12 29 13.545     156.1
 2013 04 20 19 00 48.927     2013 04 20 19 03 30.481     161.6
74
 2013 04 20 12 19 27.175     2013 04 20 12 22 58.799     211.6
 2013 04 20 22 16 34.438     2013 04 20 22 19 45.029     190.6
75
 2013 04 20 22 21 11.503     2013 04 20 22 24  3.884     172.4
76
 2013 04 20 12 13 46.137     2013 04 20 12 16 19.530     153.4
77
 2013 04 20 10 45 41.796     2013 04 20 10 47 45.950     124.2
78
 2013 04 20 10 44 24.037     2013 04 20 10 47 33.340     189.3
 2013 04 20 20 44 12.730     2013 04 20 20 47 32.183     199.5
79
 2013 04 20 10 49 45.868     2013 04 20 10 53  3.015     197.1
 2013 04 20 19 03  6.126     2013 04 20 19 06 19.620     193.5
80
 2013 04 20 12 17 18.466     2013 04 20 12 19 54.983     156.5
 2013 04 20 22 18 22.296     2013 04 20 22 21 44.395     202.1
81
 2013 04 20 20 39 46.853     2013 04 20 20 40 20.724      33.9
82
 2013 04 20 12 26 29.631     2013 04 20 12 29  5.906     156.3
 2013 04 20 19 00 43.925     2013 04 20 19 03 31.251     167.3
83
 2013 04 20 22 15  4.023     2013 04 20 22 17 36.363     152.3
84
 2013 04 20 14 03 44.714     2013 04 20 14 06 42.372     177.7
 2013 04 20 18 58 50.517     2013 04 20 19 01 34.800     164.3
85
 2013 04 20 13 57 52.877     2013 04 20 14 00 28.132     155.3
 2013 04 20 22 13 25.298     2013 04 20 22 15 58.354     153.1
86
 2013 04 20 10 41 29.869     2013 04 20 10 44  7.917     158.0
87
 2013 04 20 10 49  7.775     2013 04 20 10 52 16.229     188.5
 2013 04 20 19 03 38.864     2013 04 20 19 06 15.046     156.2
88
 2013 04 20 13 59 39.539     2013 04 20 14 03  1.328     201.8
89
 2013 04 20 13 57 14.829     2013 04 20 13 59 54.131     159.3
 2013 04 20 22 13  7.002     2013 04 20 22 16  4.662     177.7
90
 2013 04 20 12 21   .261     2013 04 20 12 23 44.354     164.1
91
 2013 04 20 20 39 27.766     2013 04 20 20 40 10.976      43.2
92
 2013 04 20 10 45  2.300     2013 04 20 10 48 20.726     198.4
 2013 04 20 20 42 16.309     2013 04 20 20 45 27.567     191.3
93
 2013 04 20 10 39 24.195     2013 04 20 10 43  2.739     218.5
94
95
 2013 04 20 13 55 39.144     2013 04 20 13 59  7.401     208.3
96
 2013 04 20 10 47 29.889     2013 04 20 10 50 52.400     202.5
 2013 04 20 19 05 25.392     2013 04 20 19 08 38.152     192.8
97
 2013 04 20 10 49 53.574     2013 04 20 10 52 41.310     167.7
 2013 04 20 19 03 35.204     2013 04 20 19 06 45.751     190.5
98
99
 2013 04 20 10 37 53.713     2013 04 20 10 40 33.814     160.1
 2013 04 20 22 24 32.251     2013 04 20 22 27 14.224     162.0
100
 2013 04 20 22 22 33.141     2013 04 20 22 25 17.560     164.4
101
 2013 04 20 12 25  1.567     2013 04 20 12 27 44.110     162.5
 2013 04 20 20 37 34.566     2013 04 20 20 37 37.281       2.7
102
 2013 04 20 12 24 30.880     2013 04 20 12 24 37.401       6.5
103
 2013 04 20 22 15 11.603     2013 04 20 22 18  5.163     173.6
104
 2013 04 20 10 40 59.635     2013 04 20 10 43 32.950     153.3
105
 2013 04 20 20 40 15.167     2013 04 20 20 40 33.771      18.6
106
 2013 04 20 22 23 21.594     2013 04 20 22 25 51.594     150.0
107
 2013 04 20 10 40 10.911     2013 04 20 10 43 40.065     209.2
108
 2013 04 20 10 39 52.995     2013 04 20 10 42 48.499     175.5
109
 2013 04 20 12 21 35.543     2013 04 20 12 24 49.752     194.2
110
 2013 04 20 12 24 41.225     2013 04 20 12 27 26.796     165.6
 2013 04 20 20 37 49.278     2013 04 20 20 41 26.700     217.4
111
112
113
 2013 04 20 20 46 46.442     2013 04 20 20 49 17.768     151.3
114
 2013 04 20 13 59 50.305     2013 04 20 14 02 39.620     169.3
 2013 04 20 20 37 58.958     2013 04 20 20 38  8.010       9.1
115
 2013 04 20 10 47 21.017     2013 04 20 10 50  6.942     165.9
 2013 04 20 19 08 16.936     2013 04 20 19 08 36.646      19.7
116
 2013 04 20 12 16 47.480     2013 04 20 12 19 21.101     153.6
 2013 04 20 22 22   .607     2013 04 20 22 22 27.351      26.7
117
 2013 04 20 13 54 33.266     2013 04 20 13 57 51.070     197.8
118
 2013 04 20 15 37 28.788     2013 04 20 15 40  9.410     160.6
 2013 04 20 20 32 14.164     2013 04 20 20 35 43.131     209.0
119
 2013 04 20 12 21 39.515     2013 04 20 12 24 14.820     155.3
120
 2013 04 20 12 25 36.962     2013 04 20 12 28 30.711     173.7
 2013 04 20 19 00 47.247     2013 04 20 19 01 11.909      24.7
121
 2013 04 20 13 55 51.725     2013 04 20 13 58 33.797     162.1
122
 2013 04 20 22 15 27.131     2013 04 20 22 18 47.774     200.6
123
 2013 04 20 20 48 21.531     2013 04 20 20 50 52.084     150.6
124
 2013 04 20 09 06 48.262     2013 04 20 09 07 58.157      69.9
 2013 04 20 20 48 13.561     2013 04 20 20 51 32.430     198.9
125
 2013 04 20 20 36 49.127     2013 04 20 20 40 12.692     203.6
126
 2013 04 20 12 14 19.939     2013 04 20 12 16 58.756     158.8
127
 2013 04 20 10 46 11.684     2013 04 20 10 49  4.837     173.2
128
129
 2013 04 20 12 23 22.881     2013 04 20 12 26 23.324     180.4
 2013 04 20 20 38 18.070     2013 04 20 20 40 51.082     153.0
130
 2013 04 20 13 59 21.401     2013 04 20 14 00 10.225      48.8
 2013 04 20 22 11 41.112     2013 04 20 22 15 27.445     226.3
131
 2013 04 20 14 00 40.138     2013 04 20 14 03 16.014     155.9
 2013 04 20 20 35 10.916     2013 04 20 20 38 18.816     187.9
132
 2013 04 20 22 21 53.039     2013 04 20 22 24 32.274     159.2
133
 2013 04 20 10 40 37.341     2013 04 20 10 44 15.243     217.9
134
 2013 04 20 12 17 20.144     2013 04 20 12 20 37.877     197.7
 2013 04 20 22 19 45.281     2013 04 20 22 22 18.715     153.4
135
 2013 04 20 12 20 20.464     2013 04 20 12 22 56.647     156.2
136
137
 2013 04 20 22 22 16.414     2013 04 20 22 25 34.818     198.4
138
 2013 04 20 10 41  5.201     2013 04 20 10 44 10.540     185.3
139
 2013 04 20 14 02 24.936     2013 04 20 14 05  2.320     157.4
 2013 04 20 20 35 25.410     2013 04 20 20 38 41.822     196.4
140
 2013 04 20 10 40  8.415     2013 04 20 10 42 45.146     156.7
141
142
 2013 04 20 12 18 38.694     2013 04 20 12 21 13.575     154.9
 2013 04 20 22 18 20.269     2013 04 20 22 20 52.787     152.5
143
 2013 04 20 12 15 29.152     2013 04 20 12 18 56.841     207.7
144
 2013 04 20 10 53  4.290     2013 04 20 10 53  8.882       4.6
 2013 04 20 19 02 49.737     2013 04 20 19 05 34.282     164.5
145
146
147
 2013 04 20 10 47  7.453     2013 04 20 10 50 27.564     200.1
 2013 04 20 19 05 10.641     2013 04 20 19 05 37.867      27.2
148
 2013 04 20 10 45  2.090     2013 04 20 10 47 50.259     168.2
 2013 04 20 20 42 49.555     2013 04 20 20 45 57.093     187.5
149
 2013 04 20 15 36 22.401     2013 04 20 15 39 19.212     176.8
 2013 04 20 22 10 31.959     2013 04 20 22 13 20.477     168.5
150
 2013 04 20 10 47 31.554     2013 04 20 10 50 25.780     174.2
 2013 04 20 19 04 52.826     2013 04 20 19 08 29.721     216.9
151
 2013 04 20 12 15 57.671     2013 04 20 12 18 31.212     153.5
152
 2013 04 20 22 15 23.188     2013 04 20 22 18 27.855     184.7
153
 2013 04 20 00 21  4.701     2013 04 20 00 23 36.648     151.9
154
 2013 04 20 00 18 34.747     2013 04 20 00 21 11.923     157.2
155
 2013 04 20 09 04  8.937     2013 04 20 09 06 43.341     154.4
 2013 04 20 20 49 32.322     2013 04 20 20 53  1.698     209.4
156
 2013 04 20 12 22 27.826     2013 04 20 12 25 24.197     176.4
 2013 04 20 20 39 37.009     2013 04 20 20 42 34.390     177.4
157
 2013 04 20 22 24 16.841     2013 04 20 22 24 51.738      34.9
158
 2013 04 20 12 15 48.505     2013 04 20 12 19   .170     191.7
159
 2013 04 20 10 42 26.798     2013 04 20 10 45 18.179     171.4
 2013 04 20 20 44 51.987     2013 04 20 20 48  5.669     193.7
160
 2013 04 20 12 23 46.056     2013 04 20 12 26 59.754     193.7
 2013 04 20 20 37 56.841     2013 04 20 20 40 40.216     163.4
161
 2013 04 20 10 46 28.035     2013 04 20 10 49  2.356     154.3
162
 2013 04 20 10 41 45.989     2013 04 20 10 44 30.691     164.7
163
 2013 04 20 15 38 23.112     2013 04 20 15 41 21.636     178.5
 2013 04 20 20 33 26.928     2013 04 20 20 36  5.384     158.5
164
 2013 04 20 10 47 55.615     2013 04 20 10 50 52.768     177.2
 2013 04 20 19 03 40.007     2013 04 20 19 07   .727     200.7
165
 2013 04 20 15 37 44.637     2013 04 20 15 40 21.473     156.8
 2013 04 20 20 32 14.062     2013 04 20 20 35 11.364     177.3
166
 2013 04 20 10 42 40.410     2013 04 20 10 45 17.080     156.7
 2013 04 20 20 44 27.406     2013 04 20 20 47 45.486     198.1
167
168
 2013 04 20 10 40 52.902     2013 04 20 10 44 35.529     222.6
169
 2013 04 20 13 55 56.790     2013 04 20 13 56 36.346      39.6
 2013 04 20 22 14 44.930     2013 04 20 22 18  3.368     198.4
170
 2013 04 20 00 19 51.970     2013 04 20 00 23  5.180     193.2
171
 2013 04 20 14 02 16.417     2013 04 20 14 05 23.849     187.4
 2013 04 20 20 36  1.782     2013 04 20 20 39 20.497     198.7
172
173
 2013 04 20 12 18 49.278     2013 04 20 12 22 26.450     217.2
 2013 04 20 22 17  1.307     2013 04 20 22 19 39.556     158.2
174
 2013 04 20 12 21  7.781     2013 04 20 12 24 23.687     195.9
175
 2013 04 20 10 40 42.773     2013 04 20 10 41 21.497      38.7
 2013 04 20 22 23 35.709     2013 04 20 22 26  5.818     150.1
176
 2013 04 20 10 52 42.246     2013 04 20 10 52 57.004      14.8
 2013 04 20 19 02 56.685     2013 04 20 19 05 34.911     158.2
177
178
 2013 04 20 13 55 22.423     2013 04 20 13 58 31.426     189.0
179
 2013 04 20 12 23 41.212     2013 04 20 12 26 57.111     195.9
 2013 04 20 20 39 37.934     2013 04 20 20 42 35.374     177.4
180
181
 2013 04 20 12 22 36.208     2013 04 20 12 25 11.376     155.2
 2013 04 20 20 38 47.163     2013 04 20 20 41 57.172     190.0
182
 2013 04 20 12 16 59.271     2013 04 20 12 20 42.230     223.0
 2013 04 20 22 17  9.495     2013 04 20 22 20 50.306     220.8
183
 2013 04 20 13 55 59.974     2013 04 20 13 56 38.902      38.9
 2013 04 20 22 14 46.611     2013 04 20 22 18   .640     194.0
184
 2013 04 20 12 25 40.559     2013 04 20 12 29 21.494     220.9
 2013 04 20 18 59 34.323     2013 04 20 19 02 29.507     175.2
185
 2013 04 20 13 55 42.222     2013 04 20 13 58 37.777     175.6
186
187
 2013 04 20 20 40  9.544     2013 04 20 20 43 29.367     199.8
188
 2013 04 20 12 23 38.803     2013 04 20 12 26 35.415     176.6
 2013 04 20 20 38 17.765     2013 04 20 20 40 53.517     155.8
189
 2013 04 20 10 42  4.368     2013 04 20 10 45 24.492     200.1
190
 2013 04 20 13 54 39.891     2013 04 20 13 57 14.077     154.2
191
 2013 04 20 22 15 14.264     2013 04 20 22 17 47.187     152.9
192
 2013 04 20 13 56 46.221     2013 04 20 13 59 27.836     161.6
 2013 04 20 22 13 38.115     2013 04 20 22 17  1.012     202.9
193
 2013 04 20 10 40 39.130     2013 04 20 10 44 21.234     222.1
194
 2013 04 20 12 26 45.452     2013 04 20 12 29 23.535     158.1
 2013 04 20 19 01 10.059     2013 04 20 19 03 47.743     157.7
195
 2013 04 20 12 18 35.010     2013 04 20 12 22  3.184     208.2
 2013 04 20 22 18 57.480     2013 04 20 22 22 15.377     197.9
196
 2013 04 20 12 27 23.638     2013 04 20 12 30  9.485     165.8
 2013 04 20 19 00 31.806     2013 04 20 19 03 20.502     168.7
197
198
199
 2013 04 20 13 56 32.577     2013 04 20 13 59  7.543     155.0
 2013 04 20 22 16 10.266     2013 04 20 22 16 54.696      44.4
