s4
0
 2013 04 20 20 26  7.290     2013 04 20 20 26 57.063      49.8
1
 2013 04 20 13 40 54.680     2013 04 20 13 43 36.439     161.8
 2013 04 20 18 36 27.791     2013 04 20 18 40 11.007     223.2
 2013 04 20 20 14 23.157     2013 04 20 20 15  9.887      46.7
2
 2013 04 20 12 03 32.721     2013 04 20 12 07 19.674     227.0
 2013 04 20 18 40 47.355     2013 04 20 18 43 56.738     189.4
3
 2013 04 20 15 13 15.195     2013 04 20 15 13 50.616      35.4
 2013 04 20 21 50 42.241     2013 04 20 21 53 28.378     166.1
4
 2013 04 20 10 21 59.452     2013 04 20 10 25 17.559     198.1
 2013 04 20 20 21 59.316     2013 04 20 20 24 47.027     167.7
5
 2013 04 20 10 19 21.961     2013 04 20 10 22  3.160     161.2
6
 2013 04 20 10 22 11.058     2013 04 20 10 25   .817     169.8
 2013 04 20 20 22 21.255     2013 04 20 20 25 16.453     175.2
7
 2013 04 20 15 15 55.026     2013 04 20 15 18 33.498     158.5
 2013 04 20 20 11 19.522     2013 04 20 20 14 33.206     193.7
8
 2013 04 20 12 05 11.680     2013 04 20 12 05 28.079      16.4
 2013 04 20 20 16 27.648     2013 04 20 20 19 19.538     171.9
9
 2013 04 20 22 01 16.697     2013 04 20 22 01 46.357      29.7
10
 2013 04 20 12 05 10.044     2013 04 20 12 08 11.158     181.1
 2013 04 20 18 39  9.318     2013 04 20 18 42  9.365     180.0
11
 2013 04 20 11 52 56.903     2013 04 20 11 56 48.004     231.1
12
 2013 04 20 13 27 50.397     2013 04 20 13 31 22.615     212.2
13
 2013 04 20 12 06  6.171     2013 04 20 12 08 58.148     172.0
 2013 04 20 17 01 52.471     2013 04 20 17 05 46.035     233.6
 2013 04 20 18 39 55.653     2013 04 20 18 40 52.140      56.5
14
 2013 04 20 20 19 45.513     2013 04 20 20 22 36.777     171.3
15
 2013 04 20 12 05 16.711     2013 04 20 12 08 36.123     199.4
 2013 04 20 18 40 42.974     2013 04 20 18 43 47.192     184.2
16
 2013 04 20 13 34 42.600     2013 04 20 13 37 21.142     158.5
 2013 04 20 21 52 48.806     2013 04 20 21 56 27.794     219.0
17
 2013 04 20 10 23 37.720     2013 04 20 10 27 16.000     218.3
18
 2013 04 20 11 59 36.523     2013 04 20 12 02 55.729     199.2
 2013 04 20 20 19 54.220     2013 04 20 20 20 50.938      56.7
19
 2013 04 20 13 38 19.703     2013 04 20 13 38 31.217      11.5
 2013 04 20 20 15 57.865     2013 04 20 20 18 50.831     173.0
20
 2013 04 20 10 18 48.534     2013 04 20 10 21 52.415     183.9
21
 2013 04 20 23 35 43.698     2013 04 20 23 37 16.158      92.5
22
23
 2013 04 20 12 03 57.653     2013 04 20 12 04 16.029      18.4
 2013 04 20 13 42 14.600     2013 04 20 13 45 50.326     215.7
 2013 04 20 18 38 33.280     2013 04 20 18 41 10.993     157.7
24
 2013 04 20 22 05 17.977     2013 04 20 22 05 38.881      20.9
25
 2013 04 20 22 01 23.840     2013 04 20 22 05  2.782     218.9
26
 2013 04 20 13 30 57.931     2013 04 20 13 34 43.930     226.0
 2013 04 20 23 33 14.242     2013 04 20 23 36 48.966     214.7
27
 2013 04 20 12 03  5.372     2013 04 20 12 05 44.270     158.9
28
 2013 04 20 10 20 46.937     2013 04 20 10 23 42.317     175.4
 2013 04 20 20 22 49.004     2013 04 20 20 25 42.929     173.9
29
 2013 04 20 15 16 51.651     2013 04 20 15 20 18.088     206.4
 2013 04 20 20 13  6.423     2013 04 20 20 15 44.302     157.9
30
31
 2013 04 20 13 35 44.039     2013 04 20 13 38 23.495     159.5
 2013 04 20 21 52 48.283     2013 04 20 21 55 27.319     159.0
32
33
 2013 04 20 11 51 19.921     2013 04 20 11 51 55.573      35.7
 2013 04 20 23 36 15.636     2013 04 20 23 36 16.808       1.2
34
 2013 04 20 23 35 39.809     2013 04 20 23 35 51.218      11.4
35
 2013 04 20 11 53 27.242     2013 04 20 11 56 16.920     169.7
36
 2013 04 20 13 34 58.441     2013 04 20 13 35 24.744      26.3
 2013 04 20 21 51 33.372     2013 04 20 21 54 25.106     171.7
37
 2013 04 20 15 14 42.878     2013 04 20 15 17 25.518     162.6
 2013 04 20 21 49 38.637     2013 04 20 21 52 27.510     168.9
38
 2013 04 20 11 59 24.739     2013 04 20 12 03  2.043     217.3
 2013 04 20 20 19 10.876     2013 04 20 20 22 38.807     207.9
39
 2013 04 20 10 21 20.720     2013 04 20 10 22 13.256      52.5
 2013 04 20 20 23 53.159     2013 04 20 20 27 34.644     221.5
40
 2013 04 20 12 01 49.104     2013 04 20 12 05 30.310     221.2
 2013 04 20 20 18 34.038     2013 04 20 20 20 16.865     102.8
41
 2013 04 20 12 03 27.655     2013 04 20 12 07  9.688     222.0
 2013 04 20 18 40 38.763     2013 04 20 18 43 57.504     198.7
42
 2013 04 20 10 20 53.675     2013 04 20 10 23 31.717     158.0
 2013 04 20 20 23 38.647     2013 04 20 20 26 19.520     160.9
43
 2013 04 20 13 33 19.536     2013 04 20 13 35 57.000     157.5
44
 2013 04 20 10 16 40.536     2013 04 20 10 20 30.690     230.2
45
 2013 04 20 11 59  8.169     2013 04 20 12 02 52.309     224.1
 2013 04 20 20 19  8.677     2013 04 20 20 22 54.847     226.2
46
47
 2013 04 20 13 41 58.388     2013 04 20 13 45  5.321     186.9
 2013 04 20 18 37 59.291     2013 04 20 18 40 40.345     161.1
48
 2013 04 20 10 16 15.057     2013 04 20 10 17 35.075      80.0
49
50
 2013 04 20 22 00 48.515     2013 04 20 22 02 37.023     108.5
51
 2013 04 20 15 14 56.079     2013 04 20 15 17 45.254     169.2
 2013 04 20 21 49 43.356     2013 04 20 21 52 47.045     183.7
52
 2013 04 20 23 36 47.069     2013 04 20 23 39 33.696     166.6
53
 2013 04 20 20 27 40.048     2013 04 20 20 30 16.862     156.8
54
 2013 04 20 13 38  7.416     2013 04 20 13 40 49.479     162.1
 2013 04 20 20 13 34.774     2013 04 20 20 14 28.758      54.0
55
 2013 04 20 11 54 38.725     2013 04 20 11 55 55.039      76.3
 2013 04 20 21 59 43.421     2013 04 20 22 02 18.820     155.4
56
 2013 04 20 23 36 21.848     2013 04 20 23 39 27.061     185.2
57
 2013 04 20 10 24 35.137     2013 04 20 10 28  7.457     212.3
58
 2013 04 20 12 03 59.666     2013 04 20 12 06 46.167     166.5
 2013 04 20 18 39 59.427     2013 04 20 18 43  5.766     186.3
59
 2013 04 20 12 04  4.386     2013 04 20 12 06 57.596     173.2
 2013 04 20 18 40 12.655     2013 04 20 18 43 11.054     178.4
60
61
 2013 04 20 13 38  9.414     2013 04 20 13 41  6.286     176.9
 2013 04 20 20 13 25.983     2013 04 20 20 17  2.254     216.3
62
 2013 04 20 10 22  3.571     2013 04 20 10 25 17.005     193.4
 2013 04 20 20 23 12.681     2013 04 20 20 26 57.012     224.3
63
 2013 04 20 10 15 46.832     2013 04 20 10 18 26.665     159.8
 2013 04 20 22 03 59.432     2013 04 20 22 07 38.397     219.0
64
 2013 04 20 20 26  8.892     2013 04 20 20 28 51.421     162.5
65
 2013 04 20 20 28  2.839     2013 04 20 20 31 24.803     202.0
66
 2013 04 20 10 22 21.303     2013 04 20 10 25 35.250     193.9
 2013 04 20 20 22 52.575     2013 04 20 20 23  8.923      16.3
67
 2013 04 20 22 00  7.515     2013 04 20 22 02 44.061     156.5
68
 2013 04 20 20 24 31.858     2013 04 20 20 28  9.010     217.2
69
 2013 04 20 13 40 32.887     2013 04 20 13 43 59.203     206.3
 2013 04 20 20 15 11.958     2013 04 20 20 16 58.078     106.1
70
 2013 04 20 22 03 28.453     2013 04 20 22 04 16.809      48.4
71
 2013 04 20 12 01 48.996     2013 04 20 12 05 12.489     203.5
 2013 04 20 20 16 49.658     2013 04 20 20 19 56.517     186.9
72
 2013 04 20 15 15 17.568     2013 04 20 15 18 26.623     189.1
 2013 04 20 21 49 47.173     2013 04 20 21 53 30.708     223.5
73
 2013 04 20 10 22 57.865     2013 04 20 10 26 42.004     224.1
74
 2013 04 20 11 58  1.432     2013 04 20 12 01 30.506     209.1
75
 2013 04 20 20 25 53.498     2013 04 20 20 28 28.955     155.5
76
77
 2013 04 20 12 05 53.056     2013 04 20 12 08 32.019     159.0
 2013 04 20 17 01 10.707     2013 04 20 17 02 28.497      77.8
 2013 04 20 18 39 29.043     2013 04 20 18 43  5.193     216.2
78
 2013 04 20 11 59 58.485     2013 04 20 12 02 40.346     161.9
 2013 04 20 20 18 15.755     2013 04 20 20 21 49.700     213.9
79
 2013 04 20 23 38 56.411     2013 04 20 23 39  4.156       7.7
80
 2013 04 20 15 15 21.758     2013 04 20 15 18 42.381     200.6
 2013 04 20 20 15 28.343     2013 04 20 20 15 45.454      17.1
 2013 04 20 21 49 50.221     2013 04 20 21 51   .644      70.4
81
 2013 04 20 20 20  4.003     2013 04 20 20 23  6.639     182.6
82
 2013 04 20 12 04 58.826     2013 04 20 12 07 55.463     176.6
 2013 04 20 18 40 31.525     2013 04 20 18 43 12.986     161.5
83
 2013 04 20 13 38 32.295     2013 04 20 13 41 57.835     205.5
 2013 04 20 20 13 31.359     2013 04 20 20 16 19.494     168.1
84
 2013 04 20 20 21 10.345     2013 04 20 20 23 57.827     167.5
85
 2013 04 20 12 04 57.619     2013 04 20 12 08 18.598     201.0
 2013 04 20 18 40 50.489     2013 04 20 18 43 37.153     166.7
86
 2013 04 20 23 36 13.120     2013 04 20 23 38 50.360     157.2
87
 2013 04 20 23 35 56.936     2013 04 20 23 36 43.922      47.0
88
 2013 04 20 23 34 50.556     2013 04 20 23 37 25.541     155.0
89
 2013 04 20 12 00 25.658     2013 04 20 12 03 31.411     185.8
 2013 04 20 20 17 23.972     2013 04 20 20 20 23.241     179.3
90
 2013 04 20 18 41 31.077     2013 04 20 18 44 21.595     170.5
91
 2013 04 20 20 27 42.598     2013 04 20 20 30 18.241     155.6
92
 2013 04 20 11 59 43.639     2013 04 20 12 02 25.228     161.6
 2013 04 20 20 18  6.365     2013 04 20 20 18 12.776       6.4
93
 2013 04 20 13 34 53.788     2013 04 20 13 38 43.175     229.4
 2013 04 20 21 51 36.091     2013 04 20 21 54 35.209     179.1
94
 2013 04 20 13 35 56.885     2013 04 20 13 38 54.216     177.3
 2013 04 20 21 53 31.397     2013 04 20 21 56 11.580     160.2
95
 2013 04 20 13 31 41.028     2013 04 20 13 31 58.432      17.4
96
 2013 04 20 10 18 37.503     2013 04 20 10 22 12.464     215.0
97
 2013 04 20 10 19  9.520     2013 04 20 10 22 52.330     222.8
 2013 04 20 20 24 51.578     2013 04 20 20 28  7.931     196.4
98
 2013 04 20 11 52 19.259     2013 04 20 11 55 39.983     200.7
99
 2013 04 20 13 33 41.815     2013 04 20 13 37 21.350     219.5
100
 2013 04 20 13 32 45.405     2013 04 20 13 35 44.435     179.0
101
 2013 04 20 20 21 33.442     2013 04 20 20 24 13.021     159.6
102
 2013 04 20 13 40 16.736     2013 04 20 13 43  5.715     169.0
 2013 04 20 20 14 56.908     2013 04 20 20 18  6.110     189.2
103
 2013 04 20 12 06 14.661     2013 04 20 12 06 21.554       6.9
 2013 04 20 20 15 43.023     2013 04 20 20 16 47.162      64.1
104
 2013 04 20 12 04 30.309     2013 04 20 12 07 12.006     161.7
 2013 04 20 18 40  7.062     2013 04 20 18 42 48.192     161.1
105
 2013 04 20 13 31   .122     2013 04 20 13 33 53.424     173.3
 2013 04 20 23 33  8.197     2013 04 20 23 35 56.989     168.8
106
 2013 04 20 13 29 56.744     2013 04 20 13 33 48.145     231.4
 2013 04 20 23 34  8.392     2013 04 20 23 36 48.635     160.2
107
 2013 04 20 10 18 40.911     2013 04 20 10 22 12.107     211.2
 2013 04 20 20 28 12.514     2013 04 20 20 28 40.720      28.2
108
 2013 04 20 10 22 31.951     2013 04 20 10 25 13.767     161.8
 2013 04 20 20 22 37.306     2013 04 20 20 26 17.181     219.9
109
 2013 04 20 12 00 44.949     2013 04 20 12 03 25.867     160.9
 2013 04 20 20 18 30.018     2013 04 20 20 21 13.759     163.7
110
111
 2013 04 20 13 36 19.006     2013 04 20 13 39 38.634     199.6
 2013 04 20 21 53 27.626     2013 04 20 21 56 40.697     193.1
112
113
 2013 04 20 12 01  6.754     2013 04 20 12 01 32.870      26.1
 2013 04 20 20 16 44.309     2013 04 20 20 19 26.131     161.8
114
115
 2013 04 20 12 07 46.743     2013 04 20 12 07 50.252       3.5
 2013 04 20 13 41 58.954     2013 04 20 13 45 30.266     211.3
 2013 04 20 18 38 21.692     2013 04 20 18 41  1.260     159.6
116
 2013 04 20 12 03 16.164     2013 04 20 12 03 56.940      40.8
 2013 04 20 20 16 36.911     2013 04 20 20 19 50.042     193.1
117
 2013 04 20 13 37 57.685     2013 04 20 13 41 19.318     201.6
 2013 04 20 20 13  8.151     2013 04 20 20 16 39.224     211.1
118
 2013 04 20 13 37 27.910     2013 04 20 13 40 44.946     197.0
119
 2013 04 20 12 02 20.630     2013 04 20 12 05  3.662     163.0
 2013 04 20 20 17 47.395     2013 04 20 20 21 29.065     221.7
120
 2013 04 20 22 04 16.243     2013 04 20 22 05 22.492      66.2
121
 2013 04 20 21 57  6.731     2013 04 20 21 58 15.225      68.5
122
 2013 04 20 12 06 14.875     2013 04 20 12 08 53.555     158.7
 2013 04 20 17 01 41.195     2013 04 20 17 05 12.803     211.6
 2013 04 20 18 39 25.104     2013 04 20 18 39 44.229      19.1
123
 2013 04 20 15 13 47.511     2013 04 20 15 16 40.041     172.5
 2013 04 20 21 49 48.127     2013 04 20 21 52 33.694     165.6
124
 2013 04 20 13 32 35.923     2013 04 20 13 35 27.585     171.7
125
 2013 04 20 15 12   .010     2013 04 20 15 15 45.277     225.3
126
 2013 04 20 23 35 26.742     2013 04 20 23 38 34.019     187.3
127
 2013 04 20 20 26  1.473     2013 04 20 20 29  1.957     180.5
128
 2013 04 20 13 36 49.416     2013 04 20 13 36 54.369       5.0
129
 2013 04 20 15 13 50.131     2013 04 20 15 16 30.699     160.6
 2013 04 20 21 49  5.127     2013 04 20 21 51 49.502     164.4
130
 2013 04 20 12 01  1.959     2013 04 20 12 03 39.679     157.7
 2013 04 20 20 18 14.219     2013 04 20 20 20 52.166     157.9
131
 2013 04 20 12 05 47.684     2013 04 20 12 08 47.707     180.0
 2013 04 20 18 40 14.402     2013 04 20 18 43 49.895     215.5
132
 2013 04 20 13 32 58.147     2013 04 20 13 33 47.139      49.0
133
 2013 04 20 18 41 15.778     2013 04 20 18 44 16.047     180.3
134
 2013 04 20 13 39 16.702     2013 04 20 13 41 58.665     162.0
 2013 04 20 20 14 52.471     2013 04 20 20 17 32.564     160.1
135
136
 2013 04 20 12 02 10.069     2013 04 20 12 05 32.118     202.0
 2013 04 20 20 18 11.770     2013 04 20 20 18 37.804      26.0
137
 2013 04 20 11 59 35.324     2013 04 20 12 02 27.238     171.9
 2013 04 20 20 18 21.793     2013 04 20 20 18 25.048       3.3
138
 2013 04 20 11 54 19.880     2013 04 20 11 57 41.854     202.0
 2013 04 20 21 59 20.642     2013 04 20 22 02 26.889     186.2
139
 2013 04 20 10 21 40.428     2013 04 20 10 22 30.107      49.7
 2013 04 20 20 23 30.869     2013 04 20 20 23 47.394      16.5
140
 2013 04 20 13 42 20.167     2013 04 20 13 45 35.924     195.8
 2013 04 20 18 38 18.817     2013 04 20 18 40 56.902     158.1
141
 2013 04 20 13 28 46.623     2013 04 20 13 31 38.692     172.1
 2013 04 20 23 36 49.551     2013 04 20 23 37 28.765      39.2
142
 2013 04 20 13 29 43.167     2013 04 20 13 29 59.825      16.7
 2013 04 20 23 34 21.131     2013 04 20 23 37  3.934     162.8
143
 2013 04 20 12 01 26.177     2013 04 20 12 04  5.676     159.5
 2013 04 20 20 17 59.780     2013 04 20 20 20 38.281     158.5
144
 2013 04 20 13 27 42.609     2013 04 20 13 31  4.218     201.6
145
 2013 04 20 21 59 57.452     2013 04 20 21 59 56.820       -.6
146
 2013 04 20 13 32 19.152     2013 04 20 13 33 26.979      67.8
147
 2013 04 20 13 38 58.427     2013 04 20 13 39  2.029       3.6
 2013 04 20 15 17 20.789     2013 04 20 15 20 44.727     203.9
 2013 04 20 20 13 14.213     2013 04 20 20 15 58.866     164.7
148
 2013 04 20 10 24 12.318     2013 04 20 10 26 49.684     157.4
149
 2013 04 20 13 27 10.023     2013 04 20 13 30 32.762     202.7
150
 2013 04 20 12 03 27.042     2013 04 20 12 03 56.988      29.9
 2013 04 20 20 16 34.345     2013 04 20 20 19 49.675     195.3
151
 2013 04 20 13 41 48.854     2013 04 20 13 45  3.675     194.8
 2013 04 20 18 38   .115     2013 04 20 18 40 45.623     165.5
152
 2013 04 20 12 05 51.538     2013 04 20 12 08 51.719     180.2
 2013 04 20 18 40 12.080     2013 04 20 18 43 53.594     221.5
153
 2013 04 20 11 50 43.192     2013 04 20 11 54  1.678     198.5
 2013 04 20 23 37 29.923     2013 04 20 23 40 55.351     205.4
154
 2013 04 20 13 30 32.880     2013 04 20 13 33 44.268     191.4
 2013 04 20 23 33 34.785     2013 04 20 23 36 16.755     162.0
155
 2013 04 20 10 18 33.494     2013 04 20 10 21 11.814     158.3
156
 2013 04 20 10 22  2.398     2013 04 20 10 22 34.422      32.0
157
 2013 04 20 12 04 18.720     2013 04 20 12 07 20.612     181.9
 2013 04 20 18 39 12.681     2013 04 20 18 41 51.778     159.1
158
 2013 04 20 11 54  9.694     2013 04 20 11 57  1.322     171.6
159
 2013 04 20 11 59 38.023     2013 04 20 12 02 41.209     183.2
 2013 04 20 20 18 39.757     2013 04 20 20 22 20.742     221.0
160
 2013 04 20 13 38 58.457     2013 04 20 13 41 36.714     158.3
 2013 04 20 20 14 26.503     2013 04 20 20 17 18.572     172.1
161
 2013 04 20 13 34 14.773     2013 04 20 13 37  8.500     173.7
162
 2013 04 20 22 00 48.332     2013 04 20 22 03 24.087     155.8
163
 2013 04 20 13 38 46.678     2013 04 20 13 42 15.338     208.7
 2013 04 20 15 16 34.868     2013 04 20 15 16 39.294       4.4
 2013 04 20 20 13 35.631     2013 04 20 20 16 14.833     159.2
164
165
 2013 04 20 13 39  7.693     2013 04 20 13 42 56.921     229.2
 2013 04 20 15 17 19.146     2013 04 20 15 20 55.291     216.1
 2013 04 20 20 13 23.413     2013 04 20 20 16  8.260     164.8
166
 2013 04 20 10 24 37.725     2013 04 20 10 27 20.981     163.3
167
 2013 04 20 12 08 19.041     2013 04 20 12 08 25.971       6.9
 2013 04 20 13 42 40.844     2013 04 20 13 45 55.985     195.1
 2013 04 20 17 03 29.892     2013 04 20 17 03 37.143       7.3
 2013 04 20 18 38 23.517     2013 04 20 18 41  9.975     166.5
168
 2013 04 20 20 16 15.838     2013 04 20 20 19 13.713     177.9
169
 2013 04 20 12 00 55.652     2013 04 20 12 04 23.062     207.4
 2013 04 20 20 17 11.252     2013 04 20 20 19 47.974     156.7
170
 2013 04 20 10 18 59.813     2013 04 20 10 21 50.869     171.1
171
 2013 04 20 11 59 55.075     2013 04 20 12 03 31.846     216.8
 2013 04 20 20 19 22.435     2013 04 20 20 22 14.992     172.6
172
 2013 04 20 22 00 27.099     2013 04 20 22 04 12.994     225.9
173
 2013 04 20 11 53 20.129     2013 04 20 11 55 57.534     157.4
174
 2013 04 20 13 27 43.497     2013 04 20 13 31 24.345     220.8
175
 2013 04 20 12 01 39.791     2013 04 20 12 04 41.857     182.1
 2013 04 20 20 17 18.765     2013 04 20 20 20  8.820     170.1
176
 2013 04 20 11 56 15.718     2013 04 20 11 59  5.749     170.0
 2013 04 20 21 58 22.585     2013 04 20 22 01  8.768     166.2
177
 2013 04 20 13 37  9.000     2013 04 20 13 39 47.301     158.3
 2013 04 20 21 52 18.114     2013 04 20 21 55 58.839     220.7
178
 2013 04 20 20 24 40.280     2013 04 20 20 28 28.564     228.3
179
 2013 04 20 11 52 50.129     2013 04 20 11 53  4.363      14.2
 2013 04 20 22 03 19.998     2013 04 20 22 03 55.263      35.3
180
 2013 04 20 13 30 24.360     2013 04 20 13 33 21.605     177.2
 2013 04 20 23 32 14.904     2013 04 20 23 35  1.538     166.6
181
 2013 04 20 13 27 57.869     2013 04 20 13 31   .520     182.7
182
 2013 04 20 12 06 18.838     2013 04 20 12 09  2.757     163.9
 2013 04 20 17 01 56.781     2013 04 20 17 05 29.672     212.9
183
 2013 04 20 21 50 58.137     2013 04 20 21 54  8.984     190.8
184
 2013 04 20 15 15 11.453     2013 04 20 15 16 10.871      59.4
 2013 04 20 20 16 10.425     2013 04 20 20 16 15.564       5.1
 2013 04 20 21 50 12.135     2013 04 20 21 50 29.653      17.5
185
 2013 04 20 23 35 30.811     2013 04 20 23 38 15.757     164.9
186
 2013 04 20 11 55  7.783     2013 04 20 11 57 45.496     157.7
 2013 04 20 21 58 21.710     2013 04 20 22 01 26.696     185.0
187
188
 2013 04 20 10 25 50.481     2013 04 20 10 29 37.804     227.3
 2013 04 20 18 42 14.159     2013 04 20 18 44 54.839     160.7
189
 2013 04 20 13 30 13.767     2013 04 20 13 33 49.535     215.8
 2013 04 20 23 33 53.966     2013 04 20 23 36 36.623     162.7
190
 2013 04 20 10 18 14.928     2013 04 20 10 18 35.957      21.0
 2013 04 20 22 03 11.838     2013 04 20 22 05 48.678     156.8
191
 2013 04 20 20 28 28.517     2013 04 20 20 29 19.348      50.8
192
 2013 04 20 10 16 37.950     2013 04 20 10 19 19.505     161.6
193
 2013 04 20 13 32 54.676     2013 04 20 13 35 33.369     158.7
194
 2013 04 20 10 23  5.122     2013 04 20 10 25 49.525     164.4
 2013 04 20 20 21 33.881     2013 04 20 20 22 17.537      43.7
195
 2013 04 20 12 05 51.557     2013 04 20 12 09  1.661     190.1
 2013 04 20 18 40 18.254     2013 04 20 18 44  5.945     227.7
196
 2013 04 20 22 01 38.747     2013 04 20 22 05  8.955     210.2
197
 2013 04 20 18 41 31.773     2013 04 20 18 45 12.104     220.3
198
 2013 04 20 13 32 22.906     2013 04 20 13 35  7.638     164.7
 2013 04 20 23 31 13.250     2013 04 20 23 35   .662     227.4
199
200
 2013 04 20 10 18 52.102     2013 04 20 10 19 28.786      36.7
 2013 04 20 20 25 10.040     2013 04 20 20 28 22.943     192.9
201
 2013 04 20 23 35 56.809     2013 04 20 23 38 50.379     173.6
202
 2013 04 20 23 36 29.270     2013 04 20 23 39 14.039     164.8
203
 2013 04 20 10 22 47.403     2013 04 20 10 26 13.556     206.2
 2013 04 20 20 21  6.019     2013 04 20 20 24 46.881     220.9
204
 2013 04 20 11 59 57.268     2013 04 20 12 02 47.483     170.2
 2013 04 20 20 18 31.532     2013 04 20 20 21 57.697     206.2
205
 2013 04 20 11 56 41.442     2013 04 20 11 59 18.770     157.3
 2013 04 20 21 57 41.154     2013 04 20 22 00 29.939     168.8
206
 2013 04 20 11 57 33.532     2013 04 20 11 58 40.809      67.3
207
 2013 04 20 22 00 59.436     2013 04 20 22 03 36.128     156.7
208
 2013 04 20 11 59 29.587     2013 04 20 12 02  7.076     157.5
209
 2013 04 20 11 55 10.826     2013 04 20 11 57 52.261     161.4
 2013 04 20 21 58 34.269     2013 04 20 22 01 29.795     175.5
210
 2013 04 20 13 27 46.199     2013 04 20 13 31  2.906     196.7
211
 2013 04 20 10 23 29.971     2013 04 20 10 26 45.294     195.3
212
 2013 04 20 21 53 45.613     2013 04 20 21 54  4.593      19.0
213
 2013 04 20 21 55 17.013     2013 04 20 21 57 53.675     156.7
214
 2013 04 20 10 15 19.006     2013 04 20 10 17 56.987     158.0
 2013 04 20 22 04 15.714     2013 04 20 22 07 10.094     174.4
215
216
 2013 04 20 13 42 12.428     2013 04 20 13 45 14.018     181.6
 2013 04 20 18 38  1.943     2013 04 20 18 40 39.688     157.7
217
 2013 04 20 13 31 55.306     2013 04 20 13 34 40.303     165.0
 2013 04 20 23 32 12.386     2013 04 20 23 35 51.363     219.0
218
219
 2013 04 20 20 26 28.280     2013 04 20 20 29  5.592     157.3
220
 2013 04 20 15 16 17.140     2013 04 20 15 19  5.740     168.6
 2013 04 20 20 12  2.573     2013 04 20 20 15  1.297     178.7
221
 2013 04 20 11 56 38.084     2013 04 20 12 00 13.262     215.2
 2013 04 20 21 56 31.481     2013 04 20 21 59 17.573     166.1
222
 2013 04 20 12 01 58.333     2013 04 20 12 04 36.517     158.2
 2013 04 20 20 17 56.273     2013 04 20 20 21  1.248     185.0
223
 2013 04 20 12 05 48.708     2013 04 20 12 08 30.276     161.6
 2013 04 20 17 01  2.875     2013 04 20 17 04 57.014     234.1
 2013 04 20 18 39 21.742     2013 04 20 18 42 54.913     213.2
224
 2013 04 20 11 56 10.202     2013 04 20 11 59 19.333     189.1
 2013 04 20 21 57 11.663     2013 04 20 21 59 46.992     155.3
225
 2013 04 20 10 20 30.276     2013 04 20 10 20 48.409      18.1
 2013 04 20 20 24 41.227     2013 04 20 20 27 34.601     173.4
226
 2013 04 20 23 39  9.063     2013 04 20 23 40   .430      51.4
227
 2013 04 20 12 02  5.401     2013 04 20 12 04 43.524     158.1
 2013 04 20 20 17 50.288     2013 04 20 20 21  3.539     193.3
228
 2013 04 20 10 15 53.883     2013 04 20 10 18 41.498     167.6
 2013 04 20 22 03 53.718     2013 04 20 22 04 32.597      38.9
229
 2013 04 20 11 59  9.146     2013 04 20 12 02  6.479     177.3
230
 2013 04 20 23 34 46.264     2013 04 20 23 37 54.375     188.1
231
 2013 04 20 13 35  8.707     2013 04 20 13 35 46.099      37.4
 2013 04 20 23 30 33.133     2013 04 20 23 33 39.682     186.5
232
 2013 04 20 10 23 31.175     2013 04 20 10 26 34.493     183.3
233
 2013 04 20 13 35 22.052     2013 04 20 13 38 35.138     193.1
 2013 04 20 21 53 51.788     2013 04 20 21 56 28.587     156.8
234
 2013 04 20 11 52 46.883     2013 04 20 11 56 38.135     231.3
235
 2013 04 20 21 50 55.126     2013 04 20 21 54 37.598     222.5
236
 2013 04 20 12 02 43.117     2013 04 20 12 05 23.358     160.2
 2013 04 20 20 17 21.378     2013 04 20 20 17 28.394       7.0
237
 2013 04 20 12 05 30.069     2013 04 20 12 08 24.383     174.3
 2013 04 20 18 40 19.511     2013 04 20 18 43 27.903     188.4
238
 2013 04 20 21 50 52.396     2013 04 20 21 54 38.561     226.2
239
 2013 04 20 11 51 26.990     2013 04 20 11 54 23.032     176.0
240
241
 2013 04 20 15 16 39.680     2013 04 20 15 19 45.205     185.5
 2013 04 20 20 12 40.005     2013 04 20 20 15 22.390     162.4
242
 2013 04 20 11 55 54.167     2013 04 20 11 59 15.037     200.9
 2013 04 20 21 57  5.790     2013 04 20 21 59 43.844     158.1
243
 2013 04 20 12 01 38.047     2013 04 20 12 05 28.659     230.6
 2013 04 20 20 16 31.623     2013 04 20 20 19 37.748     186.1
244
 2013 04 20 13 37 32.760     2013 04 20 13 38  8.495      35.7
 2013 04 20 21 54 14.213     2013 04 20 21 55  3.840      49.6
245
 2013 04 20 22 01 37.362     2013 04 20 22 04 12.222     154.9
246
 2013 04 20 21 59 34.179     2013 04 20 21 59 35.637       1.5
247
 2013 04 20 13 32 28.200     2013 04 20 13 35 52.937     204.7
248
 2013 04 20 21 54 46.431     2013 04 20 21 58 12.982     206.6
249
 2013 04 20 11 54  4.089     2013 04 20 11 57 22.308     198.2
250
 2013 04 20 20 23 43.451     2013 04 20 20 23 56.829      13.4
251
252
 2013 04 20 10 20 12.874     2013 04 20 10 20 23.006      10.1
 2013 04 20 20 21 54.736     2013 04 20 20 25 13.968     199.2
253
254
 2013 04 20 11 59 48.382     2013 04 20 12 02 38.111     169.7
 2013 04 20 20 17 19.247     2013 04 20 20 17 30.749      11.5
255
256
 2013 04 20 13 37 13.152     2013 04 20 13 40  1.443     168.3
 2013 04 20 21 51 42.336     2013 04 20 21 55 27.994     225.7
257
 2013 04 20 13 35 14.166     2013 04 20 13 35 40.976      26.8
 2013 04 20 21 51 35.830     2013 04 20 21 54 16.794     161.0
258
 2013 04 20 12 03 54.500     2013 04 20 12 07 10.996     196.5
 2013 04 20 18 40 32.965     2013 04 20 18 43 32.055     179.1
259
 2013 04 20 15 13 56.775     2013 04 20 15 17 11.932     195.2
 2013 04 20 21 50 14.850     2013 04 20 21 52 52.346     157.5
260
 2013 04 20 11 54 26.331     2013 04 20 11 55  4.664      38.3
 2013 04 20 21 59 51.207     2013 04 20 22 02 27.659     156.5
261
 2013 04 20 12 05 55.297     2013 04 20 12 08 55.007     179.7
 2013 04 20 17 05 43.364     2013 04 20 17 05 58.686      15.3
 2013 04 20 18 40  9.292     2013 04 20 18 43 56.470     227.2
262
 2013 04 20 10 23 48.119     2013 04 20 10 26 37.030     168.9
263
 2013 04 20 10 17 28.848     2013 04 20 10 20 44.399     195.6
264
 2013 04 20 13 40 48.572     2013 04 20 13 43 27.099     158.5
 2013 04 20 18 36  9.881     2013 04 20 18 39 51.874     222.0
 2013 04 20 20 14  9.651     2013 04 20 20 18  2.750     233.1
265
 2013 04 20 13 37 47.479     2013 04 20 13 40 55.145     187.7
266
 2013 04 20 22 00  3.946     2013 04 20 22 03 27.068     203.1
267
 2013 04 20 11 55  3.127     2013 04 20 11 57 53.428     170.3
 2013 04 20 21 58 49.320     2013 04 20 22 01 42.295     173.0
268
 2013 04 20 12 03 15.350     2013 04 20 12 07  2.166     226.8
 2013 04 20 18 40 33.164     2013 04 20 18 44  6.711     213.5
269
 2013 04 20 12 05  2.710     2013 04 20 12 07 42.551     159.8
 2013 04 20 18 40  6.072     2013 04 20 18 42 46.961     160.9
270
271
 2013 04 20 13 36 35.972     2013 04 20 13 39 30.436     174.5
 2013 04 20 21 53  4.963     2013 04 20 21 56 18.461     193.5
272
 2013 04 20 11 57 53.487     2013 04 20 12 00 36.669     163.2
 2013 04 20 21 56 14.865     2013 04 20 21 56 34.832      20.0
273
 2013 04 20 20 27  7.287     2013 04 20 20 30 11.445     184.2
274
275
 2013 04 20 23 35 40.873     2013 04 20 23 35 55.499      14.6
276
 2013 04 20 15 14 50.100     2013 04 20 15 17 52.031     181.9
 2013 04 20 21 49 57.546     2013 04 20 21 52 59.767     182.2
277
 2013 04 20 12 01 41.243     2013 04 20 12 04 21.540     160.3
 2013 04 20 20 18 14.535     2013 04 20 20 21  5.036     170.5
278
 2013 04 20 15 16  2.470     2013 04 20 15 18 41.322     158.9
 2013 04 20 20 11 30.633     2013 04 20 20 14 38.791     188.2
279
 2013 04 20 20 25 11.387     2013 04 20 20 28  2.489     171.1
280
 2013 04 20 13 39 42.016     2013 04 20 13 42 52.943     190.9
 2013 04 20 15 17 25.064     2013 04 20 15 17 47.501      22.4
 2013 04 20 20 13 47.065     2013 04 20 20 16 41.014     173.9
281
 2013 04 20 10 14 15.457     2013 04 20 10 18  1.645     226.2
 2013 04 20 22 03 35.339     2013 04 20 22 06 16.110     160.8
282
 2013 04 20 10 23 49.175     2013 04 20 10 27 28.765     219.6
283
284
285
 2013 04 20 13 31 36.592     2013 04 20 13 34 35.248     178.7
 2013 04 20 23 31 40.724     2013 04 20 23 34 33.741     173.0
286
 2013 04 20 10 17 59.310     2013 04 20 10 20 37.999     158.7
287
 2013 04 20 13 31 39.237     2013 04 20 13 34 25.646     166.4
 2013 04 20 23 31 54.102     2013 04 20 23 34 49.669     175.6
288
 2013 04 20 11 51 47.140     2013 04 20 11 54 29.457     162.3
289
 2013 04 20 11 50 33.228     2013 04 20 11 53 52.520     199.3
 2013 04 20 23 37 39.673     2013 04 20 23 40 54.015     194.3
290
 2013 04 20 15 15 15.116     2013 04 20 15 18  1.631     166.5
 2013 04 20 20 10 27.306     2013 04 20 20 14 13.763     226.5
 2013 04 20 21 48 39.717     2013 04 20 21 52 15.593     215.9
291
 2013 04 20 12 01 17.481     2013 04 20 12 04 23.014     185.5
 2013 04 20 20 18 50.187     2013 04 20 20 21 36.514     166.3
292
 2013 04 20 13 38 58.346     2013 04 20 13 42 34.220     215.9
 2013 04 20 15 16 56.056     2013 04 20 15 18 24.921      88.9
 2013 04 20 20 13 33.356     2013 04 20 20 16 11.240     157.9
293
 2013 04 20 13 39 17.401     2013 04 20 13 42  7.764     170.4
 2013 04 20 20 15  6.493     2013 04 20 20 17 45.301     158.8
294
 2013 04 20 10 20  2.699     2013 04 20 10 22 41.973     159.3
 2013 04 20 20 23  9.273     2013 04 20 20 26 50.266     221.0
295
 2013 04 20 11 51 45.127     2013 04 20 11 54 26.084     161.0
296
 2013 04 20 23 35 32.876     2013 04 20 23 39  9.319     216.4
297
 2013 04 20 10 15 56.570     2013 04 20 10 18 42.323     165.8
 2013 04 20 22 03 24.104     2013 04 20 22 06 49.878     205.8
298
 2013 04 20 13 38 13.684     2013 04 20 13 38 58.917      45.2
 2013 04 20 21 51 28.355     2013 04 20 21 54 21.389     173.0
299
 2013 04 20 18 40 51.279     2013 04 20 18 41  3.108      11.8
300
 2013 04 20 11 58  4.700     2013 04 20 11 58 38.522      33.8
301
 2013 04 20 10 17 31.511     2013 04 20 10 20 28.559     177.0
302
303
 2013 04 20 12 00 45.346     2013 04 20 12 04  9.137     203.8
 2013 04 20 20 17 14.475     2013 04 20 20 19 54.255     159.8
304
 2013 04 20 13 28  4.079     2013 04 20 13 31 52.181     228.1
 2013 04 20 23 36 50.049     2013 04 20 23 38 11.390      81.3
305
 2013 04 20 11 52 42.876     2013 04 20 11 55 22.683     159.8
306
 2013 04 20 10 18 32.738     2013 04 20 10 21 13.421     160.7
307
 2013 04 20 18 41 35.190     2013 04 20 18 44 46.262     191.1
308
 2013 04 20 20 24 13.667     2013 04 20 20 25  7.570      53.9
309
 2013 04 20 15 12 15.081     2013 04 20 15 12 59.444      44.4
 2013 04 20 21 53 28.332     2013 04 20 21 54   .437      32.1
310
 2013 04 20 11 52  5.797     2013 04 20 11 54 52.621     166.8
311
 2013 04 20 13 32 51.186     2013 04 20 13 35 55.529     184.3
312
 2013 04 20 12 04 30.359     2013 04 20 12 05 11.956      41.6
 2013 04 20 20 16 38.406     2013 04 20 20 19 21.658     163.3
313
 2013 04 20 20 20 14.177     2013 04 20 20 22 52.032     157.9
314
 2013 04 20 13 38 43.499     2013 04 20 13 42 10.967     207.5
 2013 04 20 20 15 30.546     2013 04 20 20 18 20.607     170.1
315
 2013 04 20 10 18 22.784     2013 04 20 10 21  8.867     166.1
316
317
 2013 04 20 15 15  2.184     2013 04 20 15 18 12.916     190.7
 2013 04 20 21 49 57.444     2013 04 20 21 53 19.144     201.7
318
 2013 04 20 13 35 31.756     2013 04 20 13 38 22.575     170.8
 2013 04 20 21 53 30.559     2013 04 20 21 56  8.974     158.4
319
 2013 04 20 12 02 25.504     2013 04 20 12 05 33.470     188.0
320
 2013 04 20 00 00   .000     2013 04 20 00 00 42.138      42.1
 2013 04 20 11 50  2.062     2013 04 20 11 52 43.455     161.4
 2013 04 20 23 38 52.830     2013 04 20 23 41 43.423     170.6
321
322
 2013 04 20 13 38 32.950     2013 04 20 13 41 43.742     190.8
 2013 04 20 20 15  7.011     2013 04 20 20 18 15.305     188.3
323
 2013 04 20 10 20 45.566     2013 04 20 10 23 22.551     157.0
 2013 04 20 20 23 31.058     2013 04 20 20 26 19.574     168.5
324
 2013 04 20 11 56 44.790     2013 04 20 11 59 25.013     160.2
 2013 04 20 21 57