0 8.9025 110.3263 7 21 9
2  45.0 45.0 0.00
1 42.1902 94.0893 10 15 9
2  45.0 45.0 0.00
2 12.0462 113.9960 4 28 5
2  45.0 45.0 0.00
3 3.4812 112.3110 8 18 7
2  45.0 45.0 0.00
4 26.2435 76.6072 2 28 7
2  45.0 45.0 0.00
5 45.8452 88.1413 9 24 8
2  45.0 45.0 0.00
6 26.0592 73.7977 9 16 7
2  45.0 45.0 0.00
7 18.9638 132.1130 3 29 9
2  45.0 45.0 0.00
8 14.3583 82.0363 1 26 5
2  45.0 45.0 0.00
9 3.5472 88.8413 8 28 6
2  45.0 45.0 0.00
10 14.9469 86.3146 7 29 9
2  45.0 45.0 0.00
11 5.8965 114.9058 3 28 5
2  45.0 45.0 0.00
12 29.5725 114.0949 1 18 9
2  45.0 45.0 0.00
13 11.3815 109.1537 9 20 8
2  45.0 45.0 0.00
14 4.2203 114.8697 5 19 6
2  45.0 45.0 0.00
15 18.7132 90.2690 9 28 8
2  45.0 45.0 0.00
16 32.6442 94.9575 9 19 5
2  45.0 45.0 0.00
17 14.9638 74.1813 7 18 6
2  45.0 45.0 0.00
18 34.0423 77.5453 3 27 9
2  45.0 45.0 0.00
19 30.1125 126.6033 6 26 5
2  45.0 45.0 0.00
20 23.4192 124.9349 7 16 9
2  45.0 45.0 0.00
21 30.0555 127.0137 7 24 9
2  45.0 45.0 0.00
22 41.5057 121.0118 9 17 6
2  45.0 45.0 0.00
23 11.2746 94.4088 5 16 6
2  45.0 45.0 0.00
24 10.3971 95.3546 7 16 7
2  45.0 45.0 0.00
25 50.4326 123.2671 9 21 9
2  45.0 45.0 0.00
26 24.0438 102.9051 4 25 5
2  45.0 45.0 0.00
27 39.3651 88.6465 5 21 7
2  45.0 45.0 0.00
28 19.9524 95.5729 2 18 6
2  45.0 45.0 0.00
29 44.0324 126.4811 5 23 7
2  45.0 45.0 0.00
30 12.2719 119.6801 4 21 7
2  45.0 45.0 0.00
31 4.7903 117.9712 5 23 5
2  45.0 45.0 0.00
32 38.1663 100.1802 7 27 8
2  45.0 45.0 0.00
33 16.5848 77.2699 5 16 9
2  45.0 45.0 0.00
34 48.2359 126.8508 8 23 6
2  45.0 45.0 0.00
35 41.5863 79.9619 3 25 5
2  45.0 45.0 0.00
36 5.8651 88.9745 1 15 7
2  45.0 45.0 0.00
37 35.1437 75.0128 2 17 8
2  45.0 45.0 0.00
38 51.8891 115.0379 4 21 9
2  45.0 45.0 0.00
39 47.3022 106.5449 5 24 9
2  45.0 45.0 0.00
40 40.4742 121.5621 2 25 8
2  45.0 45.0 0.00
41 17.3962 84.2316 5 18 6
2  45.0 45.0 0.00
42 48.9887 74.1625 8 22 9
2  45.0 45.0 0.00
43 24.8542 97.8382 7 20 7
2  45.0 45.0 0.00
44 14.9075 126.6621 9 21 7
2  45.0 45.0 0.00
45 13.2042 100.4916 8 26 8
2  45.0 45.0 0.00
46 13.6323 102.8734 4 27 9
2  45.0 45.0 0.00
47 15.3966 107.9664 3 20 5
2  45.0 45.0 0.00
48 25.7840 119.5559 9 28 9
2  45.0 45.0 0.00
49 50.9203 86.1684 5 21 6
2  45.0 45.0 0.00
50 26.6037 85.5992 10 16 5
2  45.0 45.0 0.00
51 45.7557 94.3063 10 17 9
2  45.0 45.0 0.00
52 44.4865 100.1419 3 21 9
2  45.0 45.0 0.00
53 24.0942 84.9736 5 23 8
2  45.0 45.0 0.00
54 45.7155 75.6501 4 20 8
2  45.0 45.0 0.00
55 26.1109 132.5135 4 22 5
2  45.0 45.0 0.00
56 52.2306 73.6406 9 22 9
2  45.0 45.0 0.00
57 3.1329 95.1136 10 26 9
2  45.0 45.0 0.00
58 47.6414 98.3654 5 21 8
2  45.0 45.0 0.00
59 3.1657 91.6979 1 15 7
2  45.0 45.0 0.00
60 40.9423 110.3761 1 26 9
2  45.0 45.0 0.00
61 24.3953 125.5208 2 22 8
2  45.0 45.0 0.00
62 46.1611 122.5352 5 16 5
2  45.0 45.0 0.00
63 43.9526 130.7330 3 24 9
2  45.0 45.0 0.00
64 5.6662 100.4418 5 25 6
2  45.0 45.0 0.00
65 24.5777 107.9451 5 23 7
2  45.0 45.0 0.00
66 10.5293 131.3117 4 16 5
2  45.0 45.0 0.00
67 21.0839 89.5763 1 24 8
2  45.0 45.0 0.00
68 9.3656 124.9821 5 15 7
2  45.0 45.0 0.00
69 6.3621 93.4807 6 20 7
2  45.0 45.0 0.00
70 5.0549 112.8270 3 15 9
2  45.0 45.0 0.00
71 18.0742 130.2882 10 21 7
2  45.0 45.0 0.00
72 45.2744 91.3395 7 28 6
2  45.0 45.0 0.00
73 47.5680 116.8292 4 15 5
2  45.0 45.0 0.00
74 30.1391 94.2029 10 29 7
2  45.0 45.0 0.00
75 12.3478 97.9452 4 18 8
2  45.0 45.0 0.00
76 7.5104 86.5568 5 16 6
2  45.0 45.0 0.00
77 27.3401 127.8689 4 17 5
2  45.0 45.0 0.00
78 23.3437 122.8839 8 17 5
2  45.0 45.0 0.00
79 44.0827 130.5625 7 25 5
2  45.0 45.0 0.00
80 19.8377 91.9346 7 19 7
2  45.0 45.0 0.00
81 37.3858 115.5901 7 23 7
2  45.0 45.0 0.00
82 47.2865 116.2652 8 25 5
2  45.0 45.0 0.00
83 33.9770 87.1623 7 22 9
2  45.0 45.0 0.00
84 51.8439 107.9281 9 29 6
2  45.0 45.0 0.00
85 38.5692 82.3194 5 29 9
2  45.0 45.0 0.00
86 14.3790 115.0608 6 17 5
2  45.0 45.0 0.00
87 41.7315 128.8495 1 22 8
2  45.0 45.0 0.00
88 41.8483 92.6716 7 23 6
2  45.0 45.0 0.00
89 37.2894 79.9421 9 17 7
2  45.0 45.0 0.00
90 32.2808 99.0815 1 25 6
2  45.0 45.0 0.00
91 40.7310 95.5487 7 29 5
2  45.0 45.0 0.00
92 29.6196 118.5274 10 26 5
2  45.0 45.0 0.00
93 12.2358 107.7023 6 24 9
2  45.0 45.0 0.00
94 37.4358 118.7963 9 27 6
2  45.0 45.0 0.00
95 35.4509 74.2105 1 24 7
2  45.0 45.0 0.00
96 32.7840 130.8848 9 23 8
2  45.0 45.0 0.00
97 42.6444 131.8316 10 28 6
2  45.0 45.0 0.00
98 22.9409 130.2767 4 20 8
2  45.0 45.0 0.00
99 3.9088 106.9354 2 22 8
2  45.0 45.0 0.00
100 8.3708 100.6114 7 18 7
2  45.0 45.0 0.00
101 44.1172 110.3327 4 20 5
2  45.0 45.0 0.00
102 39.7223 117.3621 1 22 6
2  45.0 45.0 0.00
103 31.3823 85.5914 4 29 5
2  45.0 45.0 0.00
104 13.2095 113.2032 8 19 8
2  45.0 45.0 0.00
105 39.7053 96.4615 5 15 6
2  45.0 45.0 0.00
106 7.1714 103.3540 1 28 8
2  45.0 45.0 0.00
107 9.7745 115.9066 8 29 7
2  45.0 45.0 0.00
108 11.5338 109.5633 2 26 6
2  45.0 45.0 0.00
109 35.9725 99.4356 6 16 6
2  45.0 45.0 0.00
110 43.4160 109.0486 6 21 9
2  45.0 45.0 0.00
111 24.8681 83.3646 5 24 5
2  45.0 45.0 0.00
112 24.5660 106.7925 7 17 5
2  45.0 45.0 0.00
113 14.4273 124.0684 10 25 7
2  45.0 45.0 0.00
114 45.6268 87.2124 3 22 9
2  45.0 45.0 0.00
115 32.7400 127.9893 6 29 5
2  45.0 45.0 0.00
116 17.6756 91.5246 8 25 8
2  45.0 45.0 0.00
117 27.1309 78.1733 3 28 6
2  45.0 45.0 0.00
118 51.1374 78.6695 3 27 9
2  45.0 45.0 0.00
119 33.3734 101.5056 7 24 6
2  45.0 45.0 0.00
120 43.4155 116.0065 4 22 5
2  45.0 45.0 0.00
121 31.5723 78.7223 7 21 6
2  45.0 45.0 0.00
122 29.0437 85.6159 9 23 6
2  45.0 45.0 0.00
123 9.1288 126.6785 4 21 9
2  45.0 45.0 0.00
124 10.1162 129.9349 5 21 6
2  45.0 45.0 0.00
125 40.9022 97.7500 3 24 6
2  45.0 45.0 0.00
126 8.9854 88.3729 10 23 8
2  45.0 45.0 0.00
127 31.8369 121.7977 10 22 9
2  45.0 45.0 0.00
128 22.3624 110.8238 7 22 7
2  45.0 45.0 0.00
129 40.6242 104.5250 8 21 7
2  45.0 45.0 0.00
130 38.6413 74.9665 6 27 9
2  45.0 45.0 0.00
131 45.9697 91.9210 3 17 9
2  45.0 45.0 0.00
132 10.9473 99.7140 10 17 7
2  45.0 45.0 0.00
133 16.2329 109.7849 8 27 7
2  45.0 45.0 0.00
134 18.4640 96.3376 8 21 5
2  45.0 45.0 0.00
135 28.5964 99.4690 1 29 7
2  45.0 45.0 0.00
136 14.6314 131.1307 6 16 8
2  45.0 45.0 0.00
137 7.3467 99.1653 3 25 7
2  45.0 45.0 0.00
138 16.0694 111.3344 2 24 5
2  45.0 45.0 0.00
139 50.1007 99.3398 6 16 8
2  45.0 45.0 0.00
140 9.9701 112.5372 5 15 9
2  45.0 45.0 0.00
141 19.1933 108.4065 3 24 8
2  45.0 45.0 0.00
142 23.9123 94.7987 7 23 6
2  45.0 45.0 0.00
143 12.5051 93.3919 8 22 5
2  45.0 45.0 0.00
144 44.4285 127.2487 7 20 6
2  45.0 45.0 0.00
145 36.5187 119.8814 5 20 8
2  45.0 45.0 0.00
146 6.6466 93.6265 2 18 5
2  45.0 45.0 0.00
147 31.6837 129.7793 4 19 7
2  45.0 45.0 0.00
148 27.8412 119.4647 10 28 9
2  45.0 45.0 0.00
149 47.9038 75.4407 7 18 6
2  45.0 45.0 0.00
150 33.1075 129.1102 4 29 5
2  45.0 45.0 0.00
151 14.7628 90.3096 7 25 6
2  45.0 45.0 0.00
152 30.1255 85.7686 6 15 8
2  45.0 45.0 0.00
153 6.7235 79.4418 7 22 5
2  45.0 45.0 0.00
154 15.1890 75.7284 2 16 5
2  45.0 45.0 0.00
155 5.7079 132.6190 2 23 8
2  45.0 45.0 0.00
156 34.4848 106.5707 6 15 6
2  45.0 45.0 0.00
157 9.8881 96.1326 6 18 7
2  45.0 45.0 0.00
158 17.2590 87.6847 2 29 9
2  45.0 45.0 0.00
159 17.2007 117.9061 5 18 5
2  45.0 45.0 0.00
160 42.5357 105.3021 7 18 6
2  45.0 45.0 0.00
161 30.8338 124.0809 1 26 9
2  45.0 45.0 0.00
162 15.0803 116.1617 6 15 8
2  45.0 45.0 0.00
163 52.1499 84.9534 10 25 5
2  45.0 45.0 0.00
164 37.4463 125.8683 5 15 9
2  45.0 45.0 0.00
165 52.9517 78.3795 9 18 8
2  45.0 45.0 0.00
166 18.2862 117.0283 9 20 5
2  45.0 45.0 0.00
167 7.5663 94.0302 8 26 6
2  45.0 45.0 0.00
168 17.3207 110.1445 10 20 9
2  45.0 45.0 0.00
169 31.2909 83.9302 9 17 9
2  45.0 45.0 0.00
170 7.2395 74.5305 5 17 8
2  45.0 45.0 0.00
171 48.4788 101.8186 10 20 6
2  45.0 45.0 0.00
172 26.3509 108.4199 1 29 9
2  45.0 45.0 0.00
173 28.3901 92.7885 3 15 9
2  45.0 45.0 0.00
174 34.6247 98.2820 9 22 5
2  45.0 45.0 0.00
175 6.4926 103.9058 2 18 9
2  45.0 45.0 0.00
176 43.8433 126.8852 3 21 6
2  45.0 45.0 0.00
177 17.0108 107.7384 9 25 5
2  45.0 45.0 0.00
178 33.5508 74.0003 9 20 5
2  45.0 45.0 0.00
179 37.8041 111.3698 6 20 7
2  45.0 45.0 0.00
180 14.8005 82.0674 4 18 9
2  45.0 45.0 0.00
181 36.1712 104.0057 8 15 7
2  45.0 45.0 0.00
182 22.7240 89.1393 9 20 5
2  45.0 45.0 0.00
183 31.4466 84.0771 3 24 5
2  45.0 45.0 0.00
184 49.4414 111.1509 1 28 5
2  45.0 45.0 0.00
185 33.7911 75.1863 3 20 7
2  45.0 45.0 0.00
186 24.5177 80.4228 6 24 7
2  45.0 45.0 0.00
187 36.2871 114.2289 1 21 7
2  45.0 45.0 0.00
188 41.1727 105.4115 2 17 6
2  45.0 45.0 0.00
189 20.1014 112.7173 5 19 9
2  45.0 45.0 0.00
190 28.5732 74.4962 10 18 7
2  45.0 45.0 0.00
191 33.0081 86.9837 5 16 8
2  45.0 45.0 0.00
192 34.3493 80.9416 2 21 9
2  45.0 45.0 0.00
193 16.5383 109.7569 5 26 5
2  45.0 45.0 0.00
194 47.0892 118.4822 7 15 5
2  45.0 45.0 0.00
195 22.4318 99.3946 3 24 8
2  45.0 45.0 0.00
196 50.6934 119.0472 10 22 8
2  45.0 45.0 0.00
197 23.2709 127.3751 10 16 5
2  45.0 45.0 0.00
198 24.6340 107.9680 5 25 7
2  45.0 45.0 0.00
199 34.5547 78.7310 6 17 9
2  45.0 45.0 0.00
