s1
0
 2013 04 20 15 22 37.322     2013 04 20 15 25 36.747     179.4
1
 2013 04 20 03 46 30.633     2013 04 20 03 49 50.535     199.9
 2013 04 20 10 22  6.600     2013 04 20 10 25  4.791     178.2
2
 2013 04 20 13 14 46.088     2013 04 20 13 17 45.169     179.1
 2013 04 20 14 52  8.763     2013 04 20 14 52 19.053      10.3
 2013 04 20 18 09  1.646     2013 04 20 18 09 27.892      26.2
 2013 04 20 19 47 19.703     2013 04 20 19 50 30.403     190.7
3
 2013 04 20 08 11 39.920     2013 04 20 08 14 19.862     159.9
4
 2013 04 20 00 41 18.643     2013 04 20 00 44 25.323     186.7
 2013 04 20 05 36 19.809     2013 04 20 05 38 56.141     156.3
5
 2013 04 20 10 52 27.866     2013 04 20 10 55 15.375     167.5
 2013 04 20 17 26  5.239     2013 04 20 17 28 39.775     154.5
6
 2013 04 20 10 44 28.148     2013 04 20 10 44 32.478       4.3
7
 2013 04 20 06 25 39.274     2013 04 20 06 28 35.123     175.8
 2013 04 20 23 28 46.885     2013 04 20 23 31 28.931     162.0
8
 2013 04 20 17 43 39.779     2013 04 20 17 46 50.151     190.4
9
 2013 04 20 08 29 19.069     2013 04 20 08 32 29.258     190.2
 2013 04 20 15 04 50.818     2013 04 20 15 05 23.362      32.5
10
 2013 04 20 05 40  5.963     2013 04 20 05 43 53.895     227.9
 2013 04 20 21 04  4.301     2013 04 20 21 07  6.402     182.1
11
12
 2013 04 20 00 59 24.793     2013 04 20 01 02 21.971     177.2
 2013 04 20 16 18  5.518     2013 04 20 16 21 34.331     208.8
13
 2013 04 20 02 32 19.486     2013 04 20 02 35 31.845     192.4
 2013 04 20 17 53  2.933     2013 04 20 17 55 41.122     158.2
14
 2013 04 20 01 00 37.485     2013 04 20 01 03 39.793     182.3
15
 2013 04 20 14 03 27.794     2013 04 20 14 06  8.623     160.8
 2013 04 20 18 58 14.706     2013 04 20 19 01 11.633     176.9
16
 2013 04 20 20 51 58.515     2013 04 20 20 55 33.524     215.0
17
 2013 04 20 19 07 27.014     2013 04 20 19 10 16.285     169.3
18
 2013 04 20 12 02 46.261     2013 04 20 12 05 20.832     154.6
19
 2013 04 20 01 04 50.960     2013 04 20 01 07 37.820     166.9
 2013 04 20 14 38 57.685     2013 04 20 14 39 11.655      14.0
20
 2013 04 20 00 39 20.896     2013 04 20 00 42 38.078     197.2
 2013 04 20 07 13  5.564     2013 04 20 07 16 37.188     211.6
21
 2013 04 20 07 41 42.639     2013 04 20 07 45  7.252     204.6
 2013 04 20 14 15 44.844     2013 04 20 14 15 56.243      11.4
22
 2013 04 20 04 53 38.752     2013 04 20 04 57 17.570     218.8
 2013 04 20 20 16 52.884     2013 04 20 20 19 28.789     155.9
23
24
 2013 04 20 07 20 48.986     2013 04 20 07 24 20.317     211.3
 2013 04 20 20 58 44.255     2013 04 20 21 01 23.615     159.4
25
 2013 04 20 05 04  8.309     2013 04 20 05 07 13.493     185.2
26
 2013 04 20 01 46 49.055     2013 04 20 01 49 25.614     156.6
 2013 04 20 17 05 40.194     2013 04 20 17 09 15.545     215.4
27
 2013 04 20 19 12 45.014     2013 04 20 19 15 27.944     162.9
28
 2013 04 20 09 10 47.846     2013 04 20 09 14  5.523     197.7
 2013 04 20 19 07 35.385     2013 04 20 19 11  3.243     207.9
29
 2013 04 20 04 58 10.248     2013 04 20 05 01 21.772     191.5
 2013 04 20 18 37 10.586     2013 04 20 18 40  8.168     177.6
30
 2013 04 20 08 25 15.780     2013 04 20 08 27 47.762     152.0
31
 2013 04 20 11 36 38.240     2013 04 20 11 39 48.888     190.6
 2013 04 20 19 52 11.703     2013 04 20 19 55 22.314     190.6
32
 2013 04 20 17 44  3.977     2013 04 20 17 46 39.769     155.8
33
 2013 04 20 06 47 28.482     2013 04 20 06 49 59.170     150.7
 2013 04 20 16 47 59.973     2013 04 20 16 50 37.732     157.8
34
 2013 04 20 13 02 11.980     2013 04 20 13 04 44.706     152.7
35
 2013 04 20 08 58 10.953     2013 04 20 09 00 48.176     157.2
36
 2013 04 20 13 12 37.635     2013 04 20 13 16  2.008     204.4
 2013 04 20 19 46 36.650     2013 04 20 19 50  4.542     207.9
37
 2013 04 20 18 25  6.734     2013 04 20 18 27 40.025     153.3
38
39
 2013 04 20 19 05 48.031     2013 04 20 19 06 52.953      64.9
40
 2013 04 20 00 30 35.292     2013 04 20 00 33  9.361     154.1
 2013 04 20 10 29 46.726     2013 04 20 10 32 45.899     179.2
41
 2013 04 20 03 15 37.167     2013 04 20 03 18 19.272     162.1
 2013 04 20 20 19 11.898     2013 04 20 20 22 23.250     191.4
42
43
 2013 04 20 08 25 13.765     2013 04 20 08 28 42.962     209.2
44
 2013 04 20 11 13  3.401     2013 04 20 11 13 59.543      56.1
45
 2013 04 20 04 32 34.790     2013 04 20 04 35 40.968     186.2
 2013 04 20 12 44 48.926     2013 04 20 12 44 50.961       2.0
46
47
 2013 04 20 13 06  5.092     2013 04 20 13 07  5.655      60.6
 2013 04 20 23 05 48.030     2013 04 20 23 05 55.877       7.8
48
 2013 04 20 06 28 26.346     2013 04 20 06 31  1.190     154.8
 2013 04 20 21 50 16.827     2013 04 20 21 53  5.231     168.4
49
 2013 04 20 09 06 23.785     2013 04 20 09 09 45.542     201.8
50
 2013 04 20 02 38 58.219     2013 04 20 02 41 55.577     177.4
 2013 04 20 16 12 56.775     2013 04 20 16 15 56.193     179.4
51
 2013 04 20 03 48  7.545     2013 04 20 03 51 38.337     210.8
 2013 04 20 10 22 13.131     2013 04 20 10 25 39.264     206.1
52
53
 2013 04 20 11 36 49.539     2013 04 20 11 40  8.910     199.4
 2013 04 20 19 52  3.866     2013 04 20 19 55 37.479     213.6
54
 2013 04 20 04 52 42.661     2013 04 20 04 55 16.048     153.4
55
 2013 04 20 09 01 22.814     2013 04 20 09 04 12.263     169.4
 2013 04 20 20 51 48.009     2013 04 20 20 54 41.578     173.6
56
 2013 04 20 10 04  6.075     2013 04 20 10 07 29.722     203.6
 2013 04 20 16 37 59.719     2013 04 20 16 40 56.988     177.3
57
 2013 04 20 20 01  2.454     2013 04 20 20 03 39.473     157.0
58
 2013 04 20 08 13 34.923     2013 04 20 08 17   .775     205.9
 2013 04 20 20 05 11.420     2013 04 20 20 08  4.937     173.5
59
 2013 04 20 05 48 21.800     2013 04 20 05 52  1.069     219.3
 2013 04 20 19 20 42.235     2013 04 20 19 24 22.522     220.3
60
 2013 04 20 22 33 21.313     2013 04 20 22 36 27.112     185.8
61
 2013 04 20 01 23 55.173     2013 04 20 01 27 10.150     195.0
62
 2013 04 20 05 43 28.654     2013 04 20 05 46  5.320     156.7
63
 2013 04 20 00 24  9.447     2013 04 20 00 27 18.863     189.4
 2013 04 20 12 09 38.362     2013 04 20 12 12 33.137     174.8
64
65
66
67
 2013 04 20 08 52 47.669     2013 04 20 08 56 15.809     208.1
68
 2013 04 20 04 06 41.734     2013 04 20 04 09 18.250     156.5
 2013 04 20 19 28 32.669     2013 04 20 19 31 19.298     166.6
69
 2013 04 20 17 38 35.798     2013 04 20 17 41 26.798     171.0
70
 2013 04 20 10 41 51.443     2013 04 20 10 44 24.901     153.5
71
 2013 04 20 00 39 29.761     2013 04 20 00 42 18.914     169.2
 2013 04 20 02 16 47.628     2013 04 20 02 16 47.000       -.6
 2013 04 20 05 33 49.418     2013 04 20 05 37 22.442     213.0
 2013 04 20 07 11 33.805     2013 04 20 07 15 14.720     220.9
72
 2013 04 20 04 17 52.981     2013 04 20 04 21 17.367     204.4
 2013 04 20 16 08 54.777     2013 04 20 16 11 29.129     154.4
73
 2013 04 20 03 22 38.798     2013 04 20 03 25 28.703     169.9
74
 2013 04 20 00 18 11.528     2013 04 20 00 21 42.623     211.1
75
 2013 04 20 02 53 13.638     2013 04 20 02 56 24.998     191.4
76
 2013 04 20 06 39 22.265     2013 04 20 06 42 20.710     178.4
 2013 04 20 18 32 23.689     2013 04 20 18 32 32.544       8.9
77
 2013 04 20 01 16  5.360     2013 04 20 01 18 57.110     171.8
 2013 04 20 11 18  7.181     2013 04 20 11 20 53.875     166.7
78
 2013 04 20 13 02 51.017     2013 04 20 13 05 37.336     166.3
79
 2013 04 20 13 14 39.685     2013 04 20 13 18 16.598     216.9
 2013 04 20 19 49 11.816     2013 04 20 19 52 20.268     188.5
80
 2013 04 20 10 03 22.496     2013 04 20 10 06 13.543     171.0
81
 2013 04 20 01 40 24.630     2013 04 20 01 43 44.805     200.2
 2013 04 20 18 43  9.378     2013 04 20 18 46 43.489     214.1
82
 2013 04 20 20 40 46.522     2013 04 20 20 41 13.739      27.2
83
 2013 04 20 00 53 36.356     2013 04 20 00 56 53.553     197.2
 2013 04 20 17 57 58.984     2013 04 20 18 01 12.823     193.8
 2013 04 20 19 35 33.965     2013 04 20 19 39 22.652     228.7
 2013 04 20 22 52 15.266     2013 04 20 22 53 13.221      58.0
84
85
 2013 04 20 16 50 30.071     2013 04 20 16 53 58.978     208.9
86
 2013 04 20 23 10  8.922     2013 04 20 23 13  1.018     172.1
87
 2013 04 20 08 48  6.747     2013 04 20 08 51 51.263     224.5
88
 2013 04 20 06 52 42.909     2013 04 20 06 55 16.474     153.6
 2013 04 20 15 08 13.641     2013 04 20 15 10 49.580     155.9
89
 2013 04 20 03 31  4.404     2013 04 20 03 33 34.324     149.9
 2013 04 20 15 20 32.323     2013 04 20 15 23 37.035     184.7
90
 2013 04 20 06 10 27.421     2013 04 20 06 11 32.905      65.5
 2013 04 20 11 06 27.845     2013 04 20 11 10  5.494     217.6
91
 2013 04 20 00 39 20.339     2013 04 20 00 40  9.589      49.3
 2013 04 20 07 13 40.236     2013 04 20 07 14 15.437      35.2
92
 2013 04 20 13 00 31.585     2013 04 20 13 03 34.643     183.1
93
 2013 04 20 23 15 15.287     2013 04 20 23 17 51.104     155.8
94
 2013 04 20 13 06 42.969     2013 04 20 13 09 31.787     168.8
 2013 04 20 23 04 26.273     2013 04 20 23 07 34.835     188.6
95
 2013 04 20 02 28   .748     2013 04 20 02 30 41.641     160.9
 2013 04 20 19 31 35.192     2013 04 20 19 35 14.285     219.1
 2013 04 20 21 09 22.801     2013 04 20 21 13  6.152     223.4
96
 2013 04 20 10 46 59.227     2013 04 20 10 49 34.371     155.1
97
98
 2013 04 20 02 03 24.602     2013 04 20 02 06 10.308     165.7
 2013 04 20 12 05 15.025     2013 04 20 12 08  3.323     168.3
99
 2013 04 20 07 41 24.335     2013 04 20 07 44 27.581     183.2
 2013 04 20 15 53 54.752     2013 04 20 15 54 37.429      42.7
100
 2013 04 20 00 29 47.206     2013 04 20 00 33 18.064     210.9
 2013 04 20 10 28 48.499     2013 04 20 10 31 23.515     155.0
101
 2013 04 20 10 45 45.218     2013 04 20 10 46 41.939      56.7
 2013 04 20 20 42 36.417     2013 04 20 20 45 54.859     198.4
102
 2013 04 20 00 52  3.586     2013 04 20 00 55 38.198     214.6
 2013 04 20 19 33 28.027     2013 04 20 19 36 41.565     193.5
103
 2013 04 20 06 37 44.824     2013 04 20 06 40 26.333     161.5
104
 2013 04 20 21 32 36.858     2013 04 20 21 33 17.960      41.1
105
 2013 04 20 13 47 22.457     2013 04 20 13 47 36.380      13.9
106
 2013 04 20 14 51 37.517     2013 04 20 14 51 51.651      14.1
 2013 04 20 16 25 51.633     2013 04 20 16 29 17.807     206.2
 2013 04 20 21 21 13.431     2013 04 20 21 23 49.210     155.8
107
 2013 04 20 08 31 10.524     2013 04 20 08 34 32.958     202.4
 2013 04 20 15 05 43.292     2013 04 20 15 08 38.999     175.7
108
109
 2013 04 20 09 56 15.543     2013 04 20 09 59 41.936     206.4
 2013 04 20 19 55 43.309     2013 04 20 19 58 27.095     163.8
110
 2013 04 20 09 50 53.222     2013 04 20 09 54 24.183     211.0
111
 2013 04 20 07 42 55.794     2013 04 20 07 45 37.921     162.1
 2013 04 20 14 17 41.249     2013 04 20 14 20 38.793     177.5
112
 2013 04 20 16 22 16.952     2013 04 20 16 25 17.107     180.2
 2013 04 20 22 56 12.472     2013 04 20 22 59  4.959     172.5
113
 2013 04 20 03 20   .310     2013 04 20 03 23 35.018     214.7
 2013 04 20 18 39 54.991     2013 04 20 18 42 31.726     156.7
114
 2013 04 20 04 05 45.109     2013 04 20 04 08 36.951     171.8
 2013 04 20 19 28 38.171     2013 04 20 19 32 19.819     221.6
115
 2013 04 20 13 03 19.857     2013 04 20 13 06  8.450     168.6
116
 2013 04 20 14 43 46.430     2013 04 20 14 47  5.899     199.5
 2013 04 20 23 01 34.856     2013 04 20 23 04 41.615     186.8
117
 2013 04 20 11 19 10.269     2013 04 20 11 21  9.624     119.4
118
 2013 04 20 13 15 56.984     2013 04 20 13 19 31.691     214.7
 2013 04 20 18 11 40.354     2013 04 20 18 14 51.428     191.1
119
 2013 04 20 05 10 48.126     2013 04 20 05 13 44.676     176.5
120
 2013 04 20 06 33 19.619     2013 04 20 06 37   .877     221.3
 2013 04 20 20 11 44.235     2013 04 20 20 14 22.323     158.1
121
122
 2013 04 20 12 16 56.230     2013 04 20 12 20 27.855     211.6
 2013 04 20 22 19 46.435     2013 04 20 22 21  4.621      78.2
123
 2013 04 20 13 57 15.444     2013 04 20 13 59 50.219     154.8
 2013 04 20 22 13 26.693     2013 04 20 22 16 22.375     175.7
124
 2013 04 20 10 39 17.728     2013 04 20 10 39 25.405       7.7
125
 2013 04 20 19 07 48.334     2013 04 20 19 10 33.535     165.2
126
 2013 04 20 02 55  7.688     2013 04 20 02 57 42.364     154.7
127
 2013 04 20 12 18 42.643     2013 04 20 12 21 47.227     184.6
 2013 04 20 22 17 35.514     2013 04 20 22 20  8.508     153.0
128
 2013 04 20 06 50 51.836     2013 04 20 06 53 40.411     168.6
129
 2013 04 20 01 03 24.781     2013 04 20 01 06 43.630     198.8
 2013 04 20 14 40 29.046     2013 04 20 14 43 21.423     172.4
130
 2013 04 20 10 40 58.745     2013 04 20 10 44 11.383     192.6
131
 2013 04 20 09 17 16.650     2013 04 20 09 20 52.103     215.5
 2013 04 20 15 53  4.196     2013 04 20 15 55 48.511     164.3
132
 2013 04 20 19 15 12.435     2013 04 20 19 15 41.946      29.5
133
 2013 04 20 11 23 42.481     2013 04 20 11 27 13.070     210.6
 2013 04 20 23 13 39.342     2013 04 20 23 16 21.013     161.7
134
 2013 04 20 14 48 51.327     2013 04 20 14 49  7.823      16.5
 2013 04 20 22 59  3.043     2013 04 20 23 01 45.916     162.9
135
 2013 04 20 00 54 32.191     2013 04 20 00 57 18.666     166.5
 2013 04 20 17 57  2.664     2013 04 20 17 59 36.638     154.0
136
 2013 04 20 06 37 42.380     2013 04 20 06 40 27.994     165.6
137
 2013 04 20 12 29 27.447     2013 04 20 12 32 16.761     169.3
 2013 04 20 17 24 20.959     2013 04 20 17 26 59.287     158.3
138
 2013 04 20 09 41   .422     2013 04 20 09 43 50.852     170.4
 2013 04 20 23 23 37.053     2013 04 20 23 24  6.056      29.0
139
140
 2013 04 20 03 48 53.238     2013 04 20 03 51 27.833     154.6
 2013 04 20 08 43 22.828     2013 04 20 08 46 47.549     204.7
 2013 04 20 10 20 46.314     2013 04 20 10 20 58.569      12.3
141
 2013 04 20 01 59 54.449     2013 04 20 02 01  9.090      74.6
142
 2013 04 20 08 03 30.491     2013 04 20 08 06 42.854     192.4
 2013 04 20 23 23 35.251     2013 04 20 23 26 11.570     156.3
143
144
 2013 04 20 15 24 55.646     2013 04 20 15 27 45.913     170.3
145
 2013 04 20 11 14 33.978     2013 04 20 11 17  6.787     152.8
146
147
 2013 04 20 13 58 16.012     2013 04 20 14 00 51.068     155.1
 2013 04 20 22 13 25.464     2013 04 20 22 16  3.796     158.3
148
 2013 04 20 08 21  6.312     2013 04 20 08 23 46.667     160.4
 2013 04 20 18 21 55.602     2013 04 20 18 25 26.736     211.1
149
150
 2013 04 20 16 24   .778     2013 04 20 16 27 24.620     203.8
 2013 04 20 22 57 47.931     2013 04 20 23 01 24.039     216.1
151
 2013 04 20 13 01 33.675     2013 04 20 13 04 19.524     165.8
152
 2013 04 20 00 32 23.789     2013 04 20 00 35 10.971     167.2
153
 2013 04 20 03 47 52.284     2013 04 20 03 50 26.614     154.3
 2013 04 20 10 21 27.541     2013 04 20 10 24 13.178     165.6
154
155
 2013 04 20 05 45 21.061     2013 04 20 05 48 41.679     200.6
 2013 04 20 19 24 30.465     2013 04 20 19 27 21.091     170.6
156
 2013 04 20 00 27 16.528     2013 04 20 00 29 56.567     160.0
157
 2013 04 20 17 43 23.422     2013 04 20 17 46 41.848     198.4
158
159
 2013 04 20 03 31  9.823     2013 04 20 03 33 40.442     150.6
 2013 04 20 15 20 37.081     2013 04 20 15 23 34.026     176.9
160
 2013 04 20 09 41 49.562     2013 04 20 09 42 55.023      65.5
 2013 04 20 23 20 56.144     2013 04 20 23 23 30.200     154.1
161
 2013 04 20 14 45 14.367     2013 04 20 14 48 39.616     205.2
 2013 04 20 23 01 26.336     2013 04 20 23 04 24.656     178.3
162
163
 2013 04 20 09 51  5.520     2013 04 20 09 54  8.162     182.6
164
 2013 04 20 13 14 24.278     2013 04 20 13 17 12.724     168.4
 2013 04 20 19 47 40.440     2013 04 20 19 50 23.226     162.8
165
 2013 04 20 04 27 52.774     2013 04 20 04 27 55.795       3.0
166
167
 2013 04 20 02 12 51.131     2013 04 20 02 16 28.202     217.1
 2013 04 20 08 48  6.458     2013 04 20 08 50 45.734     159.3
168
169
 2013 04 20 01 16 48.950     2013 04 20 01 19 23.811     154.9
 2013 04 20 11 17 16.166     2013 04 20 11 19 53.175     157.0
170
 2013 04 20 21 28 13.447     2013 04 20 21 31 38.412     205.0
171
 2013 04 20 00 24 27.674     2013 04 20 00 24 51.820      24.1
172
 2013 04 20 05 20 17.688     2013 04 20 05 22 58.023     160.3
173
 2013 04 20 07 30 59.409     2013 04 20 07 34 43.141     223.7
174
175
 2013 04 20 01 48 10.344     2013 04 20 01 51 22.953     192.6
176
 2013 04 20 08 16 18.593     2013 04 20 08 18 51.458     152.9
 2013 04 20 20 03  9.760     2013 04 20 20 06 15.851     186.1
177
 2013 04 20 03 36 50.046     2013 04 20 03 39 42.254     172.2
 2013 04 20 13 42 21.591     2013 04 20 13 43 34.943      73.4
178
 2013 04 20 13 40 16.579     2013 04 20 13 43 46.991     210.4
179
 2013 04 20 09 46 35.870     2013 04 20 09 47 21.509      45.6
 2013 04 20 23 17 37.297     2013 04 20 23 20 16.679     159.4
180
 2013 04 20 14 23 13.430     2013 04 20 14 26 28.436     195.0
181
 2013 04 20 10 44  3.820     2013 04 20 10 47 45.410     221.6
 2013 04 20 20 44 31.813     2013 04 20 20 47 59.118     207.3
182
 2013 04 20 12 23 24.999     2013 04 20 12 26 22.265     177.3
 2013 04 20 20 39 38.119     2013 04 20 20 42 13.743     155.6
183
 2013 04 20 09 08 16.063     2013 04 20 09 11   .480     164.4
 2013 04 20 19 10 16.393     2013 04 20 19 13 18.843     182.5
184
 2013 04 20 06 56 48.396     2013 04 20 06 59 49.093     180.7
 2013 04 20 08 34 11.432     2013 04 20 08 34 19.995       8.6
 2013 04 20 11 54 46.538     2013 04 20 11 55  7.915      21.4
 2013 04 20 13 29 28.592     2013 04 20 13 32 33.515     184.9
185
 2013 04 20 04 02 25.405     2013 04 20 04 05 23.946     178.5
 2013 04 20 21 05 15.626     2013 04 20 21 08 36.408     200.8
186
 2013 04 20 01 58 40.580     2013 04 20 02 01 12.695     152.1
 2013 04 20 13 45  3.004     2013 04 20 13 48 22.575     199.6
187
 2013 04 20 11 27  9.841     2013 04 20 11 29 44.663     154.8
188
189
190
 2013 04 20 09 40 55.038     2013 04 20 09 43 49.197     174.2
191
 2013 04 20 01 02 26.334     2013 04 20 01 02 58.328      32.0
 2013 04 20 16 17 23.783     2013 04 20 16 20 42.750     199.0
192
 2013 04 20 09 41  2.137     2013 04 20 09 43 35.036     152.9
193
 2013 04 20 01 00  8.156     2013 04 20 01 03 47.137     219.0
194
 2013 04 20 13 42 17.769     2013 04 20 13 45  1.960     164.2
195
 2013 04 20 03 19  1.252     2013 04 20 03 22  4.220     183.0
 2013 04 20 18 41 54.497     2013 04 20 18 44 50.742     176.2
196
 2013 04 20 09 35 24.645     2013 04 20 09 39   .623     216.0
197
 2013 04 20 12 01 31.744     2013 04 20 12 05  4.533     212.8
198
199
 2013 04 20 19 25 46.695     2013 04 20 19 29 15.470     208.8
200
 2013 04 20 00 26 19.704     2013 04 20 00 29 52.231     212.5
201
 2013 04 20 00 57 23.301     2013 04 20 01 00   .487     157.2
 2013 04 20 16 19 31.004     2013 04 20 16 22 40.901     189.9
202
 2013 04 20 05 57 55.675     2013 04 20 05 58   .174       4.5
203
 2013 04 20 14 33 59.571     2013 04 20 14 34 33.257      33.7
204
 2013 04 20 09 01 47.019     2013 04 20 09 04 36.388     169.4
 2013 04 20 20 50 25.781     2013 04 20 20 53 35.789     190.0
205
 2013 04 20 13 58 18.401     2013 04 20 14 01 59.586     221.2
 2013 04 20 22 14  3.129     2013 04 20 22 17 32.666     209.5
206
 2013 04 20 04 33 35.487     2013 04 20 04 34 23.928      48.4
 2013 04 20 11 09 51.570     2013 04 20 11 12 41.643     170.1
207
 2013 04 20 05 18 16.159     2013 04 20 05 20 59.932     163.8
 2013 04 20 13 34 20.713     2013 04 20 13 36 55.754     155.0
208
 2013 04 20 05 19 27.273     2013 04 20 05 23  6.111     218.8
 2013 04 20 13 31 42.836     2013 04 20 13 32 37.497      54.7
209
 2013 04 20 07 20 52.144     2013 04 20 07 23 53.356     181.2
 2013 04 20 20 58 31.788     2013 04 20 21 01  3.085     151.3
210
 2013 04 20 03 44 51.461     2013 04 20 03 47 32.549     161.1
 2013 04 20 11 59 11.227     2013 04 20 12 02 39.245     208.0
211
212
 2013 04 20 00 27 34.876     2013 04 20 00 30 14.371     159.5
213
 2013 04 20 10 37 27.536     2013 04 20 10 40  3.421     155.9
 2013 04 20 22 25 20.992     2013 04 20 22 27 58.781     157.8
214
 2013 04 20 02 59 34.873     2013 04 20 03 02 19.777     164.9
 2013 04 20 09 34 23.903     2013 04 20 09 37 17.547     173.6
215
 2013 04 20 04 53 19.322     2013 04 20 04 55 52.765     153.4
 2013 04 20 20 15 25.354     2013 04 20 20 19  3.253     217.9
216
 2013 04 20 00 06 59.148     2013 04 20 00 09 37.126     158.0
 2013 04 20 17 09 50.746     2013 04 20 17 12 39.859     169.1
 2013 04 20 23 43 47.596     2013 04 20 23 46 29.813     162.2
217
 2013 04 20 05 14 53.841     2013 04 20 05 17 25.746     151.9
 2013 04 20 15 12  1.811     2013 04 20 15 13 11.048      69.2
218
 2013 04 20 06 46 34.244     2013 04 20 06 50  9.809     215.6
 2013 04 20 16 49 18.923     2013 04 20 16 51 52.991     154.1
219
 2013 04 20 16 15 16.587     2013 04 20 16 16  4.586      48.0
220
 2013 04 20 23 12 44.441     2013 04 20 23 14  7.033      82.6
221
 2013 04 20 15 53 11.012     2013 04 20 15 56 35.113     204.1
222
 2013 04 20 02 11 27.347     2013 04 20 02 14 45.314     198.0
 2013 04 20 08 45 26.775     2013 04 20 08 48 52.442     205.7
223
 2013 04 20 07 36 13.667     2013 04 20 07 39 56.771     223.1
224
 2013 04 20 14 01 29.886     2013 04 20 14 04 38.699     188.8
 2013 04 20 20 36 18.184     2013 04 20 20 38 54.025     155.8
225
 2013 04 20 22 28  1.593     2013 04 20 22 30 55.526     173.9
226
 2013 04 20 13 56 46.957     2013 04 20 14 00 23.225     216.3
 2013 04 20 22 14 40.545     2013 04 20 22 17 22.476     161.9
227
 2013 04 20 05 59 59.368     2013 04 20 06 02 48.709     169.3
 2013 04 20 16 00 13.142     2013 04 20 16 03  2.519     169.4
228
229
 2013 04 20 04 22 13.888     2013 04 20 04 25 52.601     218.7
230
 2013 04 20 09 54 37.739     2013 04 20 09 57 37.878     180.1
231
 2013 04 20 07 33  8.166     2013 04 20 07 36 40.497     212.3
232
 2013 04 20 06 54 32.802     2013 04 20 06 57 17.559     164.8
233
 2013 04 20 00 28 16.268     2013 04 20 00 31 14.867     178.6
 2013 04 20 10 33 17.334     2013 04 20 10 33 19.033       1.7
234
 2013 04 20 12 18 52.758     2013 04 20 12 22  9.645     196.9
 2013 04 20 22 18 39.630     2013 04 20 22 22  8.412     208.8
235
 2013 04 20 14 50 50.343     2013 04 20 14 53 40.812     170.5
 2013 04 20 19 45 49.565     2013 04 20 19 48 40.152     170.6
236
237
 2013 04 20 03 32 56.187     2013 04 20 03 35 28.544     152.4
 2013 04 20 15 19 44.171     2013 04 20 15 22 50.825     186.7
238
 2013 04 20 01 20 20.933     2013 04 20 01 21 13.415      52.5
 2013 04 20 11 15 39.447     2013 04 20 11 18 12.104     152.7
239
240
 2013 04 20 15 56 45.687     2013 04 20 15 59 55.458     189.8
241
242
 2013 04 20 11 26 32.584     2013 04 20 11 29  5.030     152.4
243
 2013 04 20 15 58 44.477     2013 04 20 16 01 46.081     181.6
244
245
246
 2013 04 20 21 00 34.216     2013 04 20 21 03  7.027     152.8
247
 2013 04 20 02 02  2.674     2013 04 20 02 05 20.530     197.9
248
 2013 04 20 19 02 32.399     2013 04 20 19 05  7.830     155.4
249
 2013 04 20 05 06 41.363     2013 04 20 05 09 11.973     150.6
 2013 04 20 16 54 44.616     2013 04 20 16 57 19.404     154.8
250
 2013 04 20 04 59 45.663     2013 04 20 05 03 11.442     205.8
 2013 04 20 18 36 30.934     2013 04 20 18 39 43.046     192.1
251
 2013 04 20 09 03 26.085     2013 04 20 09 06 54.468     208.4
 2013 04 20 20 50 29.559     2013 04 20 20 50 30.450        .9
252
253
 2013 04 20 09 48 56.661     2013 04 20 09 51 30.810     154.1
 2013 04 20 21 37 58.431     2013 04 20 21 41 13.445     195.0
254
 2013 04 20 02 13 21.106     2013 04 20 02 13 46.733      25.6
 2013 04 20 10 23  5.744     2013 04 20 10 26 10.827     185.1
255
 2013 04 20 02 57 10.608     2013 04 20 02 59 58.741     168.1
 2013 04 20 11 12 25.653     2013 04 20 11 15 21.459     175.8
256
 2013 04 20 14 03 11.117     2013 04 20 14 06 51.769     220.7
 2013 04 20 18 58 59.712     2013 04 20 19 02 10.188     190.5
257
 2013 04 20 00 16  2.594     2013 04 20 00 18 57.453     174.9
 2013 04 20 13 51 56.597     2013 04 20 13 54 36.645     160.0
258
 2013 04 20 06 42 45.663     2013 04 20 06 46  8.860     203.2
259
 2013 04 20 21 44 21.346     2013 04 20 21 44 28.886       7.5
260
 2013 04 20 05 16 54.071     2013 04 20 05 19 30.977     156.9
 2013 04 20 13 36 48.905     2013 04 20 13 37 11.792      22.9
261
 2013 04 20 07 45 32.163     2013 04 20 07 48 11.825     159.7
 2013 04 20 12 40 17.230     2013 04 20 12 43 17.294     180.1
262
 2013 04 20 11 29 38.091     2013 04 20 11 32 25.346     167.3
 2013 04 20 21 34 16.318     2013 04 20 21 34 40.413      24.1
263
264
 2013 04 20 00 10 32.043     2013 04 20 00 14 12.630     220.6
 2013 04 20 15 31   .097     2013 04 20 15 33 38.975     158.9
265
 2013 04 20 22 22  3.798     2013 04 20 22 24 51.048     167.2
266
 2013 04 20 09 03 53.993     2013 04 20 09 06 33.535     159.5
 2013 04 20 20 50  2.488     2013 04 20 20 53 39.217     216.7
267
 2013 04 20 13 41 45.672     2013 04 20 13 44 38.560     172.9
268
 2013 04 20 14 28 55.194     2013 04 20 14 31 39.006     163.8
269
 2013 04 20 00 34  1.914     2013 04 20 00 36 34.186     152.3
 2013 04 20 08 50 20.166     2013 04 20 08 53 36.480     196.3
270
 2013 04 20 03 43 56.002     2013 04 20 03 44 32.598      36.6
 2013 04 20 12 00 18.244     2013 04 20 12 03 38.250     200.0
271
 2013 04 20 00 21 25.540     2013 04 20 00 24 38.395     192.9
272
 2013 04 20 19 25 34.910     2013 04 20 19 28 11.938     157.0
273
 2013 04 20 04 16 41.579     2013 04 20 04 19 41.817     180.2
274
275
276
 2013 04 20 12 20 51.867     2013 04 20 12 23 41.933     170.1
277
 2013 04 20 03 21 30.640     2013 04 20 03 22  9.138      38.5
 2013 04 20 18 42 42.533     2013 04 20 18 43 18.447      35.9
278
 2013 04 20 12 53 25.293     2013 04 20 12 56 27.643     182.4
279
 2013 04 20 10 42 35.790     2013 04 20 10 46 17.564     221.8
 2013 04 20 20 45 35.026     2013 04 20 20 48  7.401     152.4
280
 2013 04 20 16 20 56.783     2013 04 20 16 21  9.987      13.2
281
 2013 04 20 01 45 26.956     2013 04 20 01 48 58.194     211.2
 2013 04 20 17 05 31.511     2013 04 20 17 08  6.555     155.0
282
 2013 04 20 12 48 30.307     2013 04 20 12 51 33.223     182.9
283
284
 2013 04 20 15 33 45.996     2013 04 20 15 37 15.238     209.2
285
286
 2013 04 20 00 10 34.105     2013 04 20 00 13 12.166     158.1
 2013 04 20 15 32 32.968     2013 04 20 15 35 19.236     166.3
287
 2013 04 20 18 33 41.806     2013 04 20 18 36 19.172     157.4
288
 2013 04 20 11 30 34.344     2013 04 20 11 33 56.981     202.6
 2013 04 20 21 30 14.425     2013 04 20 21 33  5.494     171.1
289
 2013 04 20 05 57   .777     2013 04 20 05 57 11.064      10.3
 2013 04 20 17 40 19.759     2013 04 20 17 43 14.517     174.8
290
 2013 04 20 12 25 50.187     2013 04 20 12 29  6.266     196.1
 2013 04 20 19 01 26.039     2013 04 20 19 04 44.420     198.4
291
 2013 04 20 05 52 13.018     2013 04 20 05 55 44.125     211.1
 2013 04 20 17 43 28.772     2013 04 20 17 46  3.882     155.1
292
293
 2013 04 20 05 18 32.737     2013 04 20 05 21  7.196     154.5
 2013 04 20 13 33 39.632     2013 04 20 13 36 15.749     156.1
294
 2013 04 20 01 24 53.813     2013 04 20 01 27 56.778     183.0
 2013 04 20 07 58 49.953     2013 04 20 08 01 39.201     169.2
295
 2013 04 20 09 44 23.135     2013 04 20 09 47 11.199     168.1
 2013 04 20 23 17 52.497     2013 04 20 23 21 13.457     201.0
296
297
 2013 04 20 03 46 22.317     2013 04 20 03 49 14.159     171.8
 2013 04 20 10 20 25.427     2013 04 20 10 23 36.148     190.7
298
 2013 04 20 12 54 20.770     2013 04 20 12 55 24.649      63.9
299
 2013 04 20 17 08  9.527     2013 04 20 17 11 30.913     201.4
300
 2013 04 20 14 18 49.009     2013 04 20 14 22 23.596     214.6
301
 2013 04 20 12 15 53.593     2013 04 20 12 18 54.959     181.4
302
 2013 04 20 18 18 12.026     2013 04 20 18 21 51.089     219.1
303
 2013 04 20 04 10 34.613     2013 04 20 04 13  9.996     155.4
304
305
 2013 04 20 04 27 44.194     2013 04 20 04 30 19.953     155.8
 2013 04 20 14 24 42.139     2013 04 20 14 25 19.081      36.9
306
 2013 04 20 02 12 13.664     2013 04 20 02 14 55.152     161.5
 2013 04 20 08 46 18.961     2013 04 20 08 49 15.127     176.2
307
308
309
 2013 04 20 19 25 29.918     2013 04 20 19 28  1.555     151.6
310
 2013 04 20 01 24 22.845     2013 04 20 01 27  2.405     159.6
 2013 04 20 08 02 26.824     2013 04 20 08 03  8.043      41.2
311
 2013 04 20 19 55  4.581     2013 04 20 19 57 54.470     169.9
312
 2013 04 20 10 37 28.153     2013 04 20 10 40 12.691     164.5
 2013 04 20 22 24 43.760     2013 04 20 22 27 14.288     150.5
313
 2013 04 20 08 18 32.991     2013 04 20 08 21  3.335     150.3
314
315
 2013 04 20 09 45 47.194     2013 04 20 09 49  7.962     200.8
316
 2013 04 20 23 22 17.962     2013 04 20 23 24 52.328     154.4
317
 2013 04 20 22 16 28.116     2013 04 20 22 19  8.752     160.6
318
 2013 04 20 04 05 42.837     2013 04 20 04 08 38.869     176.0
 2013 04 20 19 31  4.290     2013 04 20 19 31 19.442      15.2
319
 2013 04 20 05 05 31.898     2013 04 20 05 08 40.644     188.7
 2013 04 20 16 53 49.680     2013 04 20 16 57 11.085     201.4
320
 2013 04 20 06 03 13.434     2013 04 20 06 06  6.386     173.0
321
 2013 04 20 02 45 19.349     2013 04 20 02 48 42.232     202.9
 2013 04 20 14 31 37.150     2013 04 20 14 34 10.224     153.1
322
 2013 04 20 04 51 51.866     2013 04 20 04 55  4.667     192.8
 2013 04 20 21 54 11.675     2013 04 20 21 57 47.416     215.7
323
 2013 04 20 03 40 58.735     2013 04 20 03 43 35.223     156.5
324
 2013 04 20 05 58 44.914     2013 04 20 06 01 37.261     172.3
 2013 04 20 16 01 25.367     2013 04 20 16 05   .983     215.6
325
 2013 04 20 12 14  1.616     2013 04 20 12 16 52.326     170.7
326
 2013 04 20 14 48   .969     2013 04 20 14 50 54.747     173.8
 2013 04 20 21 23  3.751     2013 04 20 21 25 57.545     173.8
327
 2013 04 20 17 32 40.591     2013 04 20 17 36  6.854     206.3
328
 2013 04 20 01 53  3.355     2013 04 20 01 55 40.420     157.1
329
330
 2013 04 20 01 23 51.824     2013 04 20 01 24 19.801      28.0
 2013 04 20 09 39 28.700     2013 04 20 09 39 50.778      22.1
331
 2013 04 20 06 02 28.708     2013 04 20 06 05 16.073     167.4
332
 2013 04 20 00 13 15.912     2013 04 20 00 16  4.117     168.2
333
 2013 04 20 05 59 15.012     2013 04 20 06 02 48.648     213.6
 2013 04 20 15 59 26.281     2013 04 20 16 02 59.394     213.1
334
335
 2013 04 20 06 58 48.866     2013 04 20 07 01 50.743     181.9
 2013 04 20 11 53 55.856     2013 04 20 11 56 34.945     159.1
336
 2013 04 20 08 48 10.436     2013 04 20 08 51 24.692     194.3
337
 2013 04 20 02 55 55.114     2013 04 20 02 58 38.780     163.7
 2013 04 20 11 12 36.352     2013 04 20 11 15 27.780     171.4
338
339
 2013 04 20 01 26 48.345     2013 04 20 01 30 10.893     202.5
 2013 04 20 08 00 16.291     2013 04 20 08 01 31.297      75.0
340
341
 2013 04 20 14 35 46.192     2013 04 20 14 38 34.340     168.1
342
 2013 04 20 14 43 55.288     2013 04 20 14 44 27.885      32.6
 2013 04 20 23 02  8.973     2013 04 20 23 04 47.016     158.0
343
 2013 04 20 13 15  7.069     2013 04 20 13 17 59.280     172.2
 2013 04 20 19 48 32.532     2013 04 20 19 51 53.459     200.9
344
 2013 04 20 06 39 54.295     2013 04 20 06 42 32.650     158.4
 2013 04 20 18 28 53.341     2013 04 20 18 32 18.327     205.0
345
 2013 04 20 08 33 22.135     2013 04 20 08 36 25.526     183.4
 2013 04 20 13 28 28.648     2013 04 20 13 31  5.892     157.2
346
 2013 04 20 17 36 15.816     2013 04 20 17 36 57.187      41.4
347
 2013 04 20 12 27 59.326     2013 04 20 12 30 35.684     156.4
 2013 04 20 19 00 51.983     2013 04 20 19 04 11.697     199.7
348
349
350
 2013 04 20 09 06 14.955     2013 04 20 09 09 31.343     196.4
351
 2013 04 20 05 16 34.428     2013 04 20 05 19 57.333     202.9
 2013 04 20 13 34 38.906     2013 04 20 13 38 15.761     216.9
352
 2013 04 20 09 12 59.749     2013 04 20 09 16 46.541     226.8
 2013 04 20 17 28 29.630     2013 04 20 17 32  4.156     214.5
353
 2013 04 20 07 17  3.287     2013 04 20 07 20 27.060     203.8
 2013 04 20 22 35 39.406     2013 04 20 22 39  1.939     202.5
354
 2013 04 20 00 58 36.667     2013 04 20 01 02 23.215     226.5
 2013 04 20 16 17 53.613     2013 04 20 16 20 44.409     170.8
355
 2013 04 20 00 38 22.841     2013 04 20 00 40 59.313     156.5
 2013 04 20 07 12 40.368     2013 04 20 07 15 16.769     156.4
356
357
 2013 04 20 10 47 44.092     2013 04 20 10 48 25.518      41.4
 2013 04 20 19 06  1.712     2013 04 20 19 08 38.277     156.6
358
 2013 04 20 01 05 10.038     2013 04 20 01 08 41.783     211.7
 2013 04 20 14 37 11.944     2013 04 20 14 37 52.174      40.2
359
 2013 04 20 04 28 53.504     2013 04 20 04 29  7.986      14.5
 2013 04 20 12 47 56.159     2013 04 20 12 51 30.141     214.0
360
361
 2013 04 20 01 56 59.839     2013 04 20 01 59 59.080     179.2
 2013 04 20 13 46 40.108     2013 04 20 13 49 13.426     153.3
362
 2013 04 20 06 45 14.717     2013 04 20 06 46 34.529      79.8
 2013 04 20 16 49 27.097     2013 04 20 16 52 59.646     212.5
363
 2013 04 20 11 39 33.773     2013 04 20 11 42 23.899     170.1
 2013 04 20 18 13 11.414     2013 04 20 18 15 47.034     155.6
364
 2013 04 20 01 04   .530     2013 04 20 01 06 59.631     179.1
 2013 04 20 14 38 50.896     2013 04 20 14 41 27.245     156.3
365
 2013 04 20 04 01 49.116     2013 04 20 04 04 51.349     182.2
 2013 04 20 22 42 44.087     2013 04 20 22 46 28.093     224.0
366
 2013 04 20 04 33 42.404     2013 04 20 04 36 30.875     168.5
 2013 04 20 11 08 42.373     2013 04 20 11 11 59.261     196.9
367
 2013 04 20 09 16 24.908     2013 04 20 09 19 17.436     172.5
368
369
 2013 04 20 04 30 33.393     2013 04 20 04 34  1.820     208.4
 2013 04 20 12 45 36.865     2013 04 20 12 48 15.879     159.0
370
371
 2013 04 20 05 53 27.706     2013 04 20 05 56 49.234     201.5
 2013 04 20 17 42 41.830     2013 04 20 17 45 29.792     168.0
372
 2013 04 20 04 21 56.925     2013 04 20 04 24 31.570     154.6
373
 2013 04 20 01 01  7.291     2013 04 20 01 04 43.620     216.3
 2013 04 20 14 41 12.991     2013 04 20 14 44 45.600     212.6
374
 2013 04 20 21 24 26.345     2013 04 20 21 27 15.039     168.7
375
 2013 04 20 09 16 52.922     2013 04 20 09 20 12.346     199.4
 2013 04 20 15 50 49.971     2013 04 20 15 53 50.033     180.1
376
 2013 04 20 06 07 51.527     2013 04 20 06 10 38.253     166.7
 2013 04 20 12 42 51.111     2013 04 20 12 46 37.575     226.5
377
 2013 04 20 14 28 40.736     2013 04 20 14 31 38.088     177.4
378
 2013 04 20 15 34 24.264     2013 04 20 15 35  1.185      36.9
 2013 04 20 22 10 50.015     2013 04 20 22 14 11.227     201.2
379
 2013 04 20 10 05  4.275     2013 04 20 10 05 26.760      22.5
 2013 04 20 16 40 41.391     2013 04 20 16 43 23.016     161.6
380
 2013 04 20 09 42   .231     2013 04 20 09 44 53.487     173.3
 2013 04 20 23 18 42.740     2013 04 20 23 22 10.754     208.0
381
 2013 04 20 21 28   .642     2013 04 20 21 31 40.833     220.2
382
383
 2013 04 20 05 55 28.218     2013 04 20 05 55 56.199      28.0
384
 2013 04 20 02 10  2.113     2013 04 20 02 12 42.927     160.8
 2013 04 20 10 24 18.719     2013 04 20 10 27 10.858     172.1
385
 2013 04 20 00 27  7.661     2013 04 20 00 30 32.019     204.4
386
 2013 04 20 09 01 46.821     2013 04 20 09 05 14.072     207.3
 2013 04 20 20 49 48.069     2013 04 20 20 52 57.889     189.8
387
 2013 04 20 03 28 57.619     2013 04 20 03 30  6.231      68.6
 2013 04 20 16 59 14.562     2013 04 20 17 02 28.919     194.4
388
 2013 04 20 08 57 11.499     2013 04 20 08 58 13.872      62.4
389
390
 2013 04 20 00 56 15.451     2013 04 20 00 58 55.521     160.1
391
 2013 04 20 00 04  4.188     2013 04 20 00 07 18.822     194.6
 2013 04 20 18 46 20.839     2013 04 20 18 48 57.152     156.3
 2013 04 20 23 40 50.975     2013 04 20 23 44 12.322     201.3
392
 2013 04 20 18 26  1.334     2013 04 20 18 29  2.659     181.3
393
 2013 04 20 00 16 57.077     2013 04 20 00 19 32.781     155.7
 2013 04 20 13 52 24.572     2013 04 20 13 55 24.382     179.8
394
 2013 04 20 04 33 57.758     2013 04 20 04 36 33.326     155.6
 2013 04 20 11 08 22.541     2013 04 20 11 11 23.423     180.9
395
 2013 04 20 06 47 42.434     2013 04 20 06 50 56.589     194.2
 2013 04 20 16 46 53.411     2013 04 20 16 49 28.241     154.8
396
 2013 04 20 05 40  6.482     2013 04 20 05 43 11.577     185.1
 2013 04 20 21 05 31.601     2013 04 20 21 05 40.292       8.7
397
 2013 04 20 19 19 54.395     2013 04 20 19 22 41.164     166.8
398
 2013 04 20 00 38 20.907     2013 04 20 00 40 54.800     153.9
 2013 04 20 07 12 26.812     2013 04 20 07 15  3.642     156.8
399
 2013 04 20 11 10 29.849     2013 04 20 11 13 31.856     182.0
400
 2013 04 20 07 45 17.023     2013 04 20 07 46   .054      43.0
 2013 04 20 09 19 51.908     2013 04 20 09 20 57.957      66.0
 2013 04 20 14 15 54.689     2013 04 20 14 18 56.106     181.4
401
 2013 04 20 04 51 17.317     2013 04 20 04 53 52.779     155.5
 2013 04 20 21 53 29.009     2013 04 20 21 56 11.868     162.9
402
 2013 04 20 09 02 50.338     2013 04 20 09 06 11.325     201.0
 2013 04 20 20 51 11.658     2013 04 20 20 54 25.039     193.4
403
 2013 04 20 05 53 59.864     2013 04 20 05 54 16.668      16.8
404
 2013 04 20 04 57  6.263     2013 04 20 05 00 46.612     220.3
405
 2013 04 20 13 12  2.389     2013 04 20 13 14 57.582     175.2
406
 2013 04 20 00 36  4.324     2013 04 20 00 39  6.894     182.6
 2013 04 20 08 48 57.822     2013 04 20 08 52 36.185     218.4
407
 2013 04 20 08 28 10.547     2013 04 20 08 30 47.361     156.8
 2013 04 20 16 42 34.820     2013 04 20 16 45 51.459     196.6
408
 2013 04 20 03 15 40.460     2013 04 20 03 18 14.622     154.2
 2013 04 20 20 18 50.305     2013 04 20 20 21 59.155     188.8
409
 2013 04 20 21 00 23.185     2013 04 20 21 03 53.266     210.1
410
 2013 04 20 08 03 24.508     2013 04 20 08 06 46.153     201.6
 2013 04 20 23 25 23.141     2013 04 20 23 28 12.206     169.1
411
 2013 04 20 06 43  8.041     2013 04 20 06 43 23.348      15.3
 2013 04 20 18 31  5.591     2013 04 20 18 31 33.956      28.4
412
 2013 04 20 09 06 37.738     2013 04 20 09 09 53.526     195.8
413
 2013 04 20 03 23 55.075     2013 04 20 03 27 36.254     221.2
 2013 04 20 17 00  9.253     2013 04 20 17 03 45.024     215.8
414
 2013 04 20 05 37 32.430     2013 04 20 05 40  8.367     155.9
 2013 04 20 22 40 36.367     2013 04 20 22 43 28.478     172.1
415
 2013 04 20 20 59 15.081     2013 04 20 21 00  2.247      47.2
416
 2013 04 20 02 06 58.681     2013 04 20 02 09 30.331     151.7
417
 2013 04 20 04 27 11.486     2013 04 20 04 30 35.128     203.6
418
419
 2013 04 20 00 56 58.115     2013 04 20 00 59 41.399     163.3
 2013 04 20 16 19 32.853     2013 04 20 16 23 10.528     217.7
420
 2013 04 20 05 01 55.269     2013 04 20 05 04 38.089     162.8
421
 2013 04 20 01 41 10.262     2013 04 20 01 43 57.868     167.6
 2013 04 20 18 44 53.503     2013 04 20 18 48  1.029     187.5
422
 2013 04 20 09 47 35.251     2013 04 20 09 47 58.021      22.8
 2013 04 20 21 40  5.143     2013 04 20 21 42 56.680     171.5
423
 2013 04 20 07 43   .593     2013 04 20 07 45 38.324     157.7
 2013 04 20 14 17 12.921     2013 04 20 14 20  3.683     170.8
424
 2013 04 20 08 12 37.163     2013 04 20 08 15 16.113     158.9
425
 2013 04 20 07 39 34.887     2013 04 20 07 42 52.842     198.0
 2013 04 20 15 56 35.558     2013 04 20 15 59  7.963     152.4
426
 2013 04 20 11 37 47.161     2013 04 20 11 38 29.493      42.3
 2013 04 20 19 49 59.535     2013 04 20 19 53 41.163     221.6
427
 2013 04 20 12 17 40.847     2013 04 20 12 20 22.896     162.0
 2013 04 20 22 18 14.486     2013 04 20 22 21 12.971     178.5
428
 2013 04 20 08 52 22.001     2013 04 20 08 53 17.613      55.6
429
 2013 04 20 09 54  3.639     2013 04 20 09 57 15.784     192.1
430
 2013 04 20 02 29 34.630     2013 04 20 02 32 28.278     173.6
 2013 04 20 19 31 17.799     2013 04 20 19 34  9.609     171.8
431
 2013 04 20 02 35 30.487     2013 04 20 02 38 30.015     179.5
432
 2013 04 20 04 33 37.324     2013 04 20 04 34  7.669      30.3
 2013 04 20 06 11 31.285     2013 04 20 06 15 16.535     225.3
 2013 04 20 11 07 18.123     2013 04 20 11 09 55.230     157.1
433
 2013 04 20 06 48 39.533     2013 04 20 06 51 21.675     162.1
 2013 04 20 16 47 31.925     2013 04 20 16 50 56.514     204.6
434
 2013 04 20 05 15 24.966     2013 04 20 05 18 41.076     196.1
435
 2013 04 20 12 49 53.966     2013 04 20 12 52 30.415     156.4
436
 2013 04 20 06 41  9.807     2013 04 20 06 43 43.345     153.5
 2013 04 20 18 29 17.934     2013 04 20 18 31 55.034     157.1
437
 2013 04 20 08 48 13.314     2013 04 20 08 51 23.201     189.9
438
 2013 04 20 01 14 29.526     2013 04 20 01 15 39.877      70.4
 2013 04 20 11 18 53.549     2013 04 20 11 22 27.779     214.2
439
 2013 04 20 02 26  8.422     2013 04 20 02 26 20.957      12.5
 2013 04 20 04 03 56.435     2013 04 20 04 04 20.666      24.2
 2013 04 20 21 07 39.837     2013 04 20 21 10 49.320     189.5
440
 2013 04 20 10 48 17.583     2013 04 20 10 51 27.242     189.7
 2013 04 20 19 05 26.490     2013 04 20 19 08  2.777     156.3
441
 2013 04 20 20 04 10.099     2013 04 20 20 04 17.155       7.1
442
 2013 04 20 11 36 55.890     2013 04 20 11 39 59.771     183.9
 2013 04 20 19 50 32.452     2013 04 20 19 53 38.616     186.2
443
444
 2013 04 20 05 06 44.903     2013 04 20 05 09 26.069     161.2
 2013 04 20 16 54 53.930     2013 04 20 16 57 38.498     164.6
445
 2013 04 20 10 52  8.976     2013 04 20 10 54 56.405     167.4
 2013 04 20 17 26  1.511     2013 04 20 17 28 38.776     157.3
446
 2013 04 20 00 14 13.039     2013 04 20 00 16 49.765     156.7
447
 2013 04 20 05 57 25.845     2013 04 20 06 00  4.922     159.1
448
 2013 04 20 06 34  8.644     2013 04 20 06 37  1.747     173.1
 2013 04 20 20 09 47.006     2013 04 20 20 12 21.674     154.7
449
 2013 04 20 16 48 31.089     2013 04 20 16 49   .886      29.8
450
 2013 04 20 03 33 38.235     2013 04 20 03 36 54.865     196.6
 2013 04 20 15 17 53.956     2013 04 20 15 21 23.445     209.5
451
452
 2013 04 20 09 46 10.494     2013 04 20 09 49 45.060     214.6
453
 2013 04 20 02 40 55.886     2013 04 20 02 43 57.310     181.4
454
455
 2013 04 20 16 22 53.180     2013 04 20 16 26 30.096     216.9
 2013 04 20 22 58 18.257     2013 04 20 23 00 54.203     155.9
456
457
 2013 04 20 05 42 18.433     2013 04 20 05 45 18.732     180.3
 2013 04 20 21 01 50.302     2013 04 20 21 04 42.721     172.4
458
 2013 04 20 03 37 10.708     2013 04 20 03 40 26.244     195.5
 2013 04 20 13 41 54.035     2013 04 20 13 41 58.768       4.7
459
 2013 04 20 19 58 59.344     2013 04 20 20 01 47.301     168.0
460
 2013 04 20 13 09  9.381     2013 04 20 13 12 37.805     208.4
 2013 04 20 21 27 11.804     2013 04 20 21 30 22.662     190.9
461
 2013 04 20 22 34 32.858     2013 04 20 22 37 40.955     188.1
462
 2013 04 20 19 29 41.563     2013 04 20 19 33 15.821     214.3
463
 2013 04 20 01 25 13.002     2013 04 20 01 28 10.216     177.2
 2013 04 20 08 00 15.797     2013 04 20 08 02 59.905     164.1
464
 2013 04 20 09 50 40.528     2013 04 20 09 50 49.125       8.6
465
 2013 04 20 12 24  1.820     2013 04 20 12 26 45.779     164.0
 2013 04 20 20 38 22.948     2013 04 20 20 41 11.082     168.1
466
 2013 04 20 01 16 37.324     2013 04 20 01 19 11.243     153.9
 2013 04 20 11 17 23.102     2013 04 20 11 20  6.082     163.0
467
 2013 04 20 06 51  5.093     2013 04 20 06 53 40.453     155.4
468
 2013 04 20 21 33 24.176     2013 04 20 21 36 11.037     166.9
469
470
 2013 04 20 14 47 46.627     2013 04 20 14 50 20.249     153.6
 2013 04 20 21 22 13.495     2013 04 20 21 25 31.107     197.6
471
 2013 04 20 01 46 31.430     2013 04 20 01 46 53.367      21.9
472
 2013 04 20 08 59 26.186     2013 04 20 09 02 59.281     213.1
473
 2013 04 20 06 05 43.503     2013 04 20 06 08 56.218     192.7
 2013 04 20 14 20 11.230     2013 04 20 14 22 47.912     156.7
474
475
476
477
478
 2013 04 20 01 11 47.612     2013 04 20 01 14 27.637     160.0
 2013 04 20 12 57  4.511     2013 04 20 13 00 26.216     201.7
479
480
 2013 04 20 12 00 59.082     2013 04 20 12 04 46.520     227.4
481
482
 2013 04 20 00 34 56.734     2013 04 20 00 37 46.040     169.3
 2013 04 20 08 51   .737     2013 04 20 08 53 37.810     157.1
483
 2013 04 20 01 22 18.514     2013 04 20 01 25 26.911     188.4
 2013 04 20 09 36 51.962     2013 04 20 09 39 27.412     155.5
484
 2013 04 20 03 48   .983     2013 04 20 03 50 57.801     176.8
 2013 04 20 05 25 21.731     2013 04 20 05 25 23.421       1.7
 2013 04 20 08 42 16.545     2013 04 20 08 42 47.012      30.5
 2013 04 20 10 20 33.317     2013 04 20 10 23 45.660     192.3
485
 2013 04 20 18 19  5.449     2013 04 20 18 22 18.728     193.3
486
 2013 04 20 01 01 47.057     2013 04 20 01 05  3.497     196.4
487
 2013 04 20 15 33 37.541     2013 04 20 15 36 51.787     194.2
488
 2013 04 20 15 15 23.589     2013 04 20 15 16 26.730      63.1
489
 2013 04 20 00 14 52.875     2013 04 20 00 15  8.093      15.2
 2013 04 20 13 54 16.921     2013 04 20 13 56 51.030     154.1
490
 2013 04 20 03 41 10.164     2013 04 20 03 44 47.393     217.2
491
 2013 04 20 05 05 40.062     2013 04 20 05 09 17.161     217.1
 2013 04 20 16 55 56.592     2013 04 20 16 58 35.591     159.0
492
 2013 04 20 04 07 20.246     2013 04 20 04 10 19.101     178.9
 2013 04 20 19 27 39.423     2013 04 20 19 30 12.585     153.2
493
 2013 04 20 03 49 23.788     2013 04 20 03 51 58.338     154.5
 2013 04 20 08 43 55.336     2013 04 20 08 46 47.901     172.6
494
 2013 04 20 08 52   .517     2013 04 20 08 55 13.025     192.5
495
496
497
 2013 04 20 22 20 35.905     2013 04 20 22 24  8.353     212.4
498
499
 2013 04 20 04 16  4.147     2013 04 20 04 19 14.765     190.6
500
 2013 04 20 05 37 27.950     2013 04 20 05 40  5.802     157.9
 2013 04 20 22 40 26.996     2013 04 20 22 43 21.734     174.7
501
 2013 04 20 17 44 19.031     2013 04 20 17 46 52.621     153.6
502
 2013 04 20 07 45 29.028     2013 04 20 07 49  6.883     217.9
 2013 04 20 12 41 15.253     2013 04 20 12 44 15.362     180.1
503
 2013 04 20 06 44  4.073     2013 04 20 06 46 34.032     150.0
504
 2013 04 20 00 31 39.818     2013 04 20 00 34 11.712     151.9
505
 2013 04 20 10 42 44.328     2013 04 20 10 45 18.081     153.8
 2013 04 20 20 44  5.635     2013 04 20 20 47 31.271     205.6
506
 2013 04 20 12 08  2.865     2013 04 20 12 11 47.466     224.6
507
 2013 04 20 03 27 10.324     2013 04 20 03 30 11.730     181.4
508
 2013 04 20 12 55 25.358     2013 04 20 12 58 58.582     213.2
509
 2013 04 20 09 57  9.120     2013 04 20 09 59 44.979     155.9
 2013 04 20 19 56 48.414     2013 04 20 19 59 37.418     169.0
510
 2013 04 20 06 09 44.079     2013 04 20 06 09 47.197       3.1
 2013 04 20 14 19 24.553     2013 04 20 14 22 10.458     165.9
511
 2013 04 20 13 36 45.315     2013 04 20 13 37 23.865      38.6
512
 2013 04 20 16 58 23.583     2013 04 20 17 01 31.773     188.2
513
 2013 04 20 03 40 24.310     2013 04 20 03 43 11.977     167.7
514
 2013 04 20 07 38 57.602     2013 04 20 07 41 32.357     154.8
 2013 04 20 15 55 20.596     2013 04 20 15 58 50.050     209.5
515
 2013 04 20 02 11 55.063     2013 04 20 02 15  4.882     189.8
 2013 04 20 08 45 50.234     2013 04 20 08 48 47.099     176.9
516
 2013 04 20 08 20 16.011     2013 04 20 08 23 38.531     202.5
517
518
 2013 04 20 13 15 50.434     2013 04 20 13 18 30.751     160.3
 2013 04 20 18 10 37.021     2013 04 20 18 14   .785     203.8
519
 2013 04 20 14 48 17.668     2013 04 20 14 50 51.499     153.8
 2013 04 20 21 22 34.494     2013 04 20 21 25 18.821     164.3
520
 2013 04 20 16 58 16.477     2013 04 20 17 01 26.157     189.7
521
 2013 04 20 04 52 16.515     2013 04 20 04 55 26.691     190.2
522
 2013 04 20 13 00  9.964     2013 04 20 13 00 27.054      17.1
523
 2013 04 20 08 24 29.756     2013 04 20 08 27 36.577     186.8
524
525
526
 2013 04 20 20 41  1.835     2013 04 20 20 43 51.411     169.6
527
 2013 04 20 00 14 28.070     2013 04 20 00 17 35.053     187.0
 2013 04 20 13 53 39.537     2013 04 20 13 57  1.515     202.0
528
 2013 04 20 13 59 48.682     2013 04 20 14 00 41.352      52.7
 2013 04 20 22 11 58.108     2013 04 20 22 15   .423     182.3
529
 2013 04 20 18 39 11.529     2013 04 20 18 42 42.547     211.0
530
 2013 04 20 04 21 30.558     2013 04 20 04 22  8.844      38.3
531
 2013 04 20 03 35 53.041     2013 04 20 03 38 25.366     152.3
532
 2013 04 20 20 46 42.350     2013 04 20 20 49 22.002     159.7
533
 2013 04 20 09 42 23.928     2013 04 20 09 45 30.654     186.7
 2013 04 20 23 18 33.622     2013 04 20 23 21 32.935     179.3
534
 2013 04 20 08 15 40.206     2013 04 20 08 18 40.694     180.5
 2013 04 20 20 03 54.527     2013 04 20 20 06 55.732     181.2
535
 2013 04 20 08 33  9.860     2013 04 20 08 35 51.955     162.1
 2013 04 20 13 27 56.083     2013 04 20 13 30 38.177     162.1
536
 2013 04 20 08 31 33.302     2013 04 20 08 34 29.860     176.6
 2013 04 20 10 08 55.714     2013 04 20 10 09 13.675      18.0
 2013 04 20 13 25 50.695     2013 04 20 13 29 36.066     225.4
 2013 04 20 15 03 53.041     2013 04 20 15 07 16.659     203.6
537
 2013 04 20 04 26 23.000     2013 04 20 04 29 32.119     189.1
 2013 04 20 14 25 11.432     2013 04 20 14 27 44.575     153.1
538
 2013 04 20 02 33  1.879     2013 04 20 02 35 46.816     164.9
 2013 04 20 17 53 24.964     2013 04 20 17 55 59.948     155.0
539
 2013 04 20 05 21 28.032     2013 04 20 05 24 14.244     166.2
 2013 04 20 11 55 19.589     2013 04 20 11 57 59.154     159.6
540
 2013 04 20 09 03 20.624     2013 04 20 09 06 33.624     193.0
 2013 04 20 20 49 31.181     2013 04 20 20 52  8.186     157.0
541
 2013 04 20 10 27 14.298     2013 04 20 10 29 59.148     164.8
542
 2013 04 20 02 56  7.903     2013 04 20 02 58 48.168     160.3
 2013 04 20 11 12 33.249     2013 04 20 11 15 16.065     162.8
543
 2013 04 20 00 58 55.629     2013 04 20 00 59 43.263      47.6
544
 2013 04 20 17 37 24.819     2013 04 20 17 40 50.477     205.7
545
546
 2013 04 20 02 41   .249     2013 04 20 02 43 34.758     154.5
547
 2013 04 20 13 10 15.148     2013 04 20 13 12 48.698     153.6
 2013 04 20 21 26  3.846     2013 04 20 21 28 49.819     166.0
548
 2013 04 20 06 58 44.261     2013 04 20 07 01 41.922     177.7
 2013 04 20 11 53 48.440     2013 04 20 11 56 29.776     161.3
549
 2013 04 20 04 50 19.902     2013 04 20 04 52 54.151     154.2
 2013 04 20 21 53 23.417     2013 04 20 21 56 18.833     175.4
550
 2013 04 20 12 28  3.741     2013 04 20 12 28 21.375      17.6
 2013 04 20 20 36 43.498     2013 04 20 20 40 24.950     221.5
551
 2013 04 20 10 39 58.137     2013 04 20 10 43 34.294     216.2
552
 2013 04 20 14 03 39.178     2013 04 20 14 06 50.639     191.5
 2013 04 20 18 58 59.772     2013 04 20 19 01 47.187     167.4
553
 2013 04 20 13 53 40.049     2013 04 20 13 57  3.113     203.1
554
555
 2013 04 20 17 59 39.885     2013 04 20 18 02 24.018     164.1
 2013 04 20 22 54 31.953     2013 04 20 22 57 27.603     175.6
556
 2013 04 20 08 32 40.218     2013 04 20 08 35 23.988     163.8
 2013 04 20 13 27 32.407     2013 04 20 13 30 40.429     188.0
557
 2013 04 20 23 15 47.452     2013 04 20 23 19 24.676     217.2
558
 2013 04 20 13 40 29.614     2013 04 20 13 43 59.867     210.3
559
 2013 04 20 04 09  7.755     2013 04 20 04 11 54.292     166.5
560
561
 2013 04 20 13 12 15.147     2013 04 20 13 12 18.635       3.5
 2013 04 20 19 46 13.317     2013 04 20 19 49 47.870     214.6
562
 2013 04 20 08 59 51.330     2013 04 20 09 03 33.954     222.6
563
 2013 04 20 10 35 55.832     2013 04 20 10 38 42.389     166.6
 2013 04 20 22 26 11.903     2013 04 20 22 29  4.002     172.1
564
 2013 04 20 09 51 54.189     2013 04 20 09 54 31.982     157.8
565
 2013 04 20 17 51 34.905     2013 04 20 17 54 30.222     175.3
566
 2013 04 20 03 49  4.689     2013 04 20 03 51 39.626     154.9
 2013 04 20 08 43 34.178     2013 04 20 08 46 43.333     189.2
567
 2013 04 20 06 37  7.654     2013 04 20 06 39 50.875     163.2
568
 2013 04 20 05 12 18.817     2013 04 20 05 14 53.887     155.1
 2013 04 20 15 13 53.663     2013 04 20 15 16 54.374     180.7
569
 2013 04 20 15 18 29.008     2013 04 20 15 22  9.702     220.7
570
 2013 04 20 16 10 40.844     2013 04 20 16 14 15.947     215.1
571
 2013 04 20 02 57  6.744     2013 04 20 03 00 31.983     205.2
 2013 04 20 11 10 52.928     2013 04 20 11 13 47.217     174.3
572
 2013 04 20 01 38 36.041     2013 04 20 01 41 51.140     195.1
 2013 04 20 20 20 50.315     2013 04 20 20 23 26.230     155.9
573
 2013 04 20 12 17 53.946     2013 04 20 12 21 40.545     226.6
 2013 04 20 22 17 14.646     2013 04 20 22 19 55.636     161.0
574
 2013 04 20 10 04 55.652     2013 04 20 10 08 30.642     215.0
 2013 04 20 11 42 41.202     2013 04 20 11 46 25.308     224.1
 2013 04 20 16 38  7.858     2013 04 20 16 40 48.205     160.3
575
 2013 04 20 01 22 54.137     2013 04 20 01 25 30.089     156.0
 2013 04 20 09 37 33.835     2013 04 20 09 40 31.207     177.4
576
 2013 04 20 08 13   .653     2013 04 20 08 13 13.357      12.7
 2013 04 20 21 42 53.853     2013 04 20 21 45 40.572     166.7
577
 2013 04 20 00 06 59.177     2013 04 20 00 07 35.586      36.4
 2013 04 20 17 08 58.957     2013 04 20 17 11 37.049     158.1
 2013 04 20 23 47 29.543     2013 04 20 23 47 47.054      17.5
578
579
 2013 04 20 06 29 58.795     2013 04 20 06 33  4.367     185.6
 2013 04 20 21 48 36.792     2013 04 20 21 52  3.234     206.4
580
 2013 04 20 00 15 28.806     2013 04 20 00 18  1.061     152.3
 2013 04 20 13 52 33.500     2013 04 20 13 55 37.878     184.4
581
 2013 04 20 01 37 49.524     2013 04 20 01 41 24.306     214.8
 2013 04 20 03 15 34.492     2013 04 20 03 19 16.272     221.8
 2013 04 20 20 20 15.714     2013 04 20 20 23  4.404     168.7
582
583
 2013 04 20 05 58   .804     2013 04 20 06 00 38.743     157.9
584
 2013 04 20 04 05 14.010     2013 04 20 04 08 45.955     211.9
585
 2013 04 20 02 04 42.714     2013 04 20 02 07 40.317     177.6
 2013 04 20 12 03 35.027     2013 04 20 12 06 10.978     156.0
586
587
 2013 04 20 12 27 33.481     2013 04 20 12 31   .162     206.7
 2013 04 20 19 01 51.936     2013 04 20 19 05  1.044     189.1
588
 2013 04 20 10 32 45.869     2013 04 20 10 36 28.354     222.5
589
 2013 04 20 13 42  1.608     2013 04 20 13 45 42.977     221.4
590
 2013 04 20 22 15 51.626     2013 04 20 22 18 30.628     159.0
591
 2013 04 20 06 02 15.364     2013 04 20 06 03 40.601      85.2
592
593
 2013 04 20 01 18 18.225     2013 04 20 01 20 57.802     159.6
 2013 04 20 11 16 10.718     2013 04 20 11 19 23.942     193.2
594
 2013 04 20 19 07 34.688     2013 04 20 19 10 12.092     157.4
595
 2013 04 20 23 08 15.267     2013 04 20 23 10 49.742     154.5
596
 2013 04 20 14 30  7.209     2013 04 20 14 32 37.336     150.1
597
598
 2013 04 20 20 17 20.596     2013 04 20 20 20 17.427     176.8
599
 2013 04 20 02 37 21.140     2013 04 20 02 40 14.485     173.3
 2013 04 20 16 13 44.894     2013 04 20 16 16 37.786     172.9
600
601
 2013 04 20 18 42 55.594     2013 04 20 18 45 37.390     161.8
602
603
 2013 04 20 08 24 53.710     2013 04 20 08 27 47.386     173.7
604
605
606
 2013 04 20 16 15 21.464     2013 04 20 16 18 41.501     200.0
607
 2013 04 20 07 27  7.000     2013 04 20 07 30 10.669     183.7
 2013 04 20 19 15 40.432     2013 04 20 19 19  5.355     204.9
608
 2013 04 20 10 00 15.230     2013 04 20 10 03 21.060     185.8
 2013 04 20 18 17 53.095     2013 04 20 18 21 21.100     208.0
609
 2013 04 20 22 33 32.480     2013 04 20 22 33 33.075        .6
610
 2013 04 20 04 30 56.085     2013 04 20 04 33 37.605     161.5
 2013 04 20 12 47  4.346     2013 04 20 12 49 37.354     153.0
611
 2013 04 20 01 03 10.269     2013 04 20 01 06 25.421     195.2
 2013 04 20 14 40 39.814     2013 04 20 14 43 18.869     159.1
612
 2013 04 20 04 10 12.315     2013 04 20 04 12 57.939     165.6
613
 2013 04 20 08 59 28.612     2013 04 20 08 59 53.251      24.6
 2013 04 20 20 52 52.307     2013 04 20 20 53 29.180      36.9
614
615
 2013 04 20 16 50 56.069     2013 04 20 16 54 20.061     204.0
616
 2013 04 20 23 10 34.656     2013 04 20 23 13 15.567     160.9
617
 2013 04 20 05 40 12.554     2013 04 20 05 43 44.780     212.2
 2013 04 20 21 01 23.173     2013 04 20 21 05  4.139     221.0
618
 2013 04 20 02 38  9.466     2013 04 20 02 41 16.005     186.5
 2013 04 20 16 13 22.045     2013 04 20 16 15 52.842     150.8
619
 2013 04 20 14 43 39.986     2013 04 20 14 46 12.304     152.3
 2013 04 20 23 04   .687     2013 04 20 23 04 15.499      14.8
620
 2013 04 20 21 34 58.282     2013 04 20 21 37 31.628     153.3
621
 2013 04 20 02 59 43.331     2013 04 20 03 03   .078     196.7
 2013 04 20 09 35  4.197     2013 04 20 09 37 41.810     157.6
622
 2013 04 20 09 41 55.547     2013 04 20 09 45  4.498     189.0
 2013 04 20 23 20 31.733     2013 04 20 23 23 14.202     162.5
623
 2013 04 20 10 54 54.333     2013 04 20 10 58  4.053     189.7
 2013 04 20 15 50 10.923     2013 04 20 15 52 51.227     160.3
624
 2013 04 20 07 27 28.829     2013 04 20 07 30  7.588     158.8
 2013 04 20 19 16 15.334     2013 04 20 19 19 12.101     176.8
625
 2013 04 20 05 41 19.147     2013 04 20 05 45  5.932     226.8
 2013 04 20 21 01 34.534     2013 04 20 21 04  6.858     152.3
626
 2013 04 20 02 33 13.357     2013 04 20 02 36 32.483     199.1
 2013 04 20 17 52 41.070     2013 04 20 17 55 30.737     169.7
627
 2013 04 20 02 11 27.285     2013 04 20 02 11 56.222      28.9
 2013 04 20 10 23 16.528     2013 04 20 10 26 40.204     203.7
628
 2013 04 20 10 50 10.268     2013 04 20 10 52 51.103     160.8
 2013 04 20 19 03 32.424     2013 04 20 19 07  3.618     211.2
629
 2013 04 20 17 59 26.125     2013 04 20 18 02 38.621     192.5
 2013 04 20 22 54 48.961     2013 04 20 22 57 58.061     189.1
630
 2013 04 20 03 40 38.493     2013 04 20 03 43 52.453     194.0
631
 2013 04 20 05 51 59.157     2013 04 20 05 55  2.929     183.8
632
 2013 04 20 00 50 26.656     2013 04 20 00 54  7.191     220.5
 2013 04 20 02 28 18.355     2013 04 20 02 31 55.092     216.7
 2013 04 20 19 32 55.380     2013 04 20 19 35 44.410     169.0
633
634
 2013 04 20 03 40 32.945     2013 04 20 03 41 21.182      48.2
 2013 04 20 13 37 25.789     2013 04 20 13 41  2.578     216.8
635
 2013 04 20 12 54 55.342     2013 04 20 12 57 25.578     150.2
636
 2013 04 20 02 29 26.903     2013 04 20 02 32  9.917     163.0
 2013 04 20 19 32 19.944     2013 04 20 19 34 57.622     157.7
637
 2013 04 20 01 13 10.141     2013 04 20 01 13 44.932      34.8
 2013 04 20 12 57  1.582     2013 04 20 12 59 52.054     170.5
638
639
 2013 04 20 04 54 14.061     2013 04 20 04 56 46.705     152.6
 2013 04 20 20 15 39.516     2013 04 20 20 18 19.422     159.9
640
 2013 04 20 09 13 40.461     2013 04 20 09 17 28.684     228.2
 2013 04 20 17 31 24.766     2013 04 20 17 33 57.021     152.3
641
 2013 04 20 21 41 38.981     2013 04 20 21 44 40.430     181.4
642
 2013 04 20 09 58 13.624     2013 04 20 09 58 43.750      30.1
643
 2013 04 20 00 06 20.876     2013 04 20 00 08 59.276     158.4
 2013 04 20 17 09 22.138     2013 04 20 17 12 58.267     216.1
 2013 04 20 18 46 59.315     2013 04 20 18 47 10.313      11.0
 2013 04 20 23 43  9.499     2013 04 20 23 45 51.839     162.3
644
 2013 04 20 00 23 57.432     2013 04 20 00 25  3.053      65.6
645
 2013 04 20 00 09 17.775     2013 04 20 00 12 17.022     179.2
 2013 04 20 15 36 11.013     2013 04 20 15 36 35.197      24.2
646
 2013 04 20 14 43   .611     2013 04 20 14 46 31.599     211.0
647
 2013 04 20 13 12  7.449     2013 04 20 13 14 50.463     163.0
648
 2013 04 20 06 51 10.968     2013 04 20 06 54 31.987     201.0
 2013 04 20 15 09  9.606     2013 04 20 15 12 35.564     206.0
649
 2013 04 20 09 39 58.252     2013 04 20 09 42 30.074     151.8
650
 2013 04 20 01 00 51.005     2013 04 20 01 04 30.885     219.9
651
 2013 04 20 05 39 26.049     2013 04 20 05 42 47.912     201.9
652
 2013 04 20 09 19 25.673     2013 04 20 09 22 19.430     173.8
 2013 04 20 14 14 25.852     2013 04 20 14 18 13.906     228.1
 2013 04 20 15 52  7.701     2013 04 20 15 52 31.511      23.8
653
 2013 04 20 02 32 29.083     2013 04 20 02 35 53.599     204.5
 2013 04 20 17 54 52.998     2013 04 20 17 57 30.256     157.3
654
 2013 04 20 02 51  7.072     2013 04 20 02 54 13.351     186.3
 2013 04 20 12 52 38.364     2013 04 20 12 55  9.995     151.6
655
 2013 04 20 00 05   .511     2013 04 20 00 08  5.824     185.3
 2013 04 20 18 46 39.145     2013 04 20 18 49 36.910     177.8
 2013 04 20 23 41 47.140     2013 04 20 23 44 59.629     192.5
656
 2013 04 20 00 18 16.005     2013 04 20 00 20 48.663     152.7
657
 2013 04 20 03 47 38.669     2013 04 20 03 50 30.775     172.1
 2013 04 20 10 20 47.653     2013 04 20 10 23 33.679     166.0
658
 2013 04 20 00 59 17.919     2013 04 20 01 02 40.106     202.2
 2013 04 20 16 17 43.518     2013 04 20 16 21 14.485     211.0
659
 2013 04 20 10 26 46.427     2013 04 20 10 29 44.999     178.6
660
 2013 04 20 01 17 43.616     2013 04 20 01 20 23.023     159.4
 2013 04 20 11 17 10.327     2013 04 20 11 20  4.929     174.6
661
 2013 04 20 11 57 25.130     2013 04 20 12 00  2.094     157.0
662
663
 2013 04 20 09 56 40.527     2013 04 20 09 59 30.676     170.1
 2013 04 20 19 56 12.329     2013 04 20 19 58 47.180     154.9
664
 2013 04 20 20 00 58.162     2013 04 20 20 03 47.882     169.7
665
 2013 04 20 16 05 31.902     2013 04 20 16 08  4.238     152.3
666
667
 2013 04 20 13 01 52.985     2013 04 20 13 05 21.260     208.3
668
 2013 04 20 14 37 16.683     2013 04 20 14 39 52.284     155.6
669
 2013 04 20 19 53 11.445     2013 04 20 19 54 26.459      75.0
670
671
 2013 04 20 16 50  3.510     2013 04 20 16 52 37.792     154.3
672
 2013 04 20 05 22  1.185     2013 04 20 05 24 37.207     156.0
 2013 04 20 11 55 41.302     2013 04 20 11 58 18.454     157.2
673
 2013 04 20 08 30 43.447     2013 04 20 08 33 29.548     166.1
 2013 04 20 15 05 16.717     2013 04 20 15 07 52.414     155.7
674
 2013 04 20 11 37 53.292     2013 04 20 11 41 35.799     222.5
 2013 04 20 18 11 51.977     2013 04 20 18 15 28.271     216.3
675
676
 2013 04 20 18 19 40.988     2013 04 20 18 22 15.242     154.3
677
 2013 04 20 02 55 33.346     2013 04 20 02 58 36.116     182.8
 2013 04 20 11 12 54.278     2013 04 20 11 15 54.444     180.2
678
 2013 04 20 12 23 36.809     2013 04 20 12 26 56.003     199.2
 2013 04 20 20 37 56.245     2013 04 20 20 40 34.965     158.7
679
680
681
682
 2013 04 20 08 08 25.689     2013 04 20 08 11 45.221     199.5
 2013 04 20 21 43 52.871     2013 04 20 21 46 29.843     157.0
683
 2013 04 20 08 11 32.271     2013 04 20 08 11 31.643       -.6
684
 2013 04 20 20 16 20.070     2013 04 20 20 16 36.647      16.6
685
 2013 04 20 04 13  6.399     2013 04 20 04 13 27.879      21.5
686
 2013 04 20 05 11  8.703     2013 04 20 05 13 46.274     157.6
687
688
 2013 04 20 14 00 29.759     2013 04 20 14 03  5.555     155.8
 2013 04 20 20 34 53.916     2013 04 20 20 38 14.215     200.3
689
 2013 04 20 05 03 48.913     2013 04 20 05 07 15.554     206.6
690
 2013 04 20 02 02 23.283     2013 04 20 02 05 20.332     177.0
 2013 04 20 12 05 20.139     2013 04 20 12 09  5.498     225.4
691
 2013 04 20 05 43 22.305     2013 04 20 05 46 21.593     179.3
692
 2013 04 20 05 54 11.179     2013 04 20 05 57  2.159     171.0
 2013 04 20 17 41 58.850     2013 04 20 17 44 58.332     179.5
693
 2013 04 20 13 11 14.384     2013 04 20 13 14 13.098     178.7
 2013 04 20 21 26 29.261     2013 04 20 21 29 40.378     191.1
694
 2013 04 20 01 56 28.363     2013 04 20 02 00  1.564     213.2
 2013 04 20 13 44 32.448     2013 04 20 13 48   .399     208.0
695
 2013 04 20 13 31  5.474     2013 04 20 13 34 52.470     227.0
696
 2013 04 20 01 47 59.239     2013 04 20 01 51 42.540     223.3
697
 2013 04 20 18 34  8.907     2013 04 20 18 36 42.257     153.4
698
699
 2013 04 20 04 32 17.271     2013 04 20 04 35 41.689     204.4
 2013 04 20 12 44 45.599     2013 04 20 12 45 59.880      74.3
700
701
702
 2013 04 20 01 14  1.231     2013 04 20 01 14 12.263      11.0
 2013 04 20 11 22 16.603     2013 04 20 11 22 56.084      39.5
703
 2013 04 20 19 02 21.443     2013 04 20 19 05  8.644     167.2
704
705
 2013 04 20 19 29 45.050     2013 04 20 19 33 18.796     213.7
706
 2013 04 20 07 44 43.934     2013 04 20 07 47 20.285     156.4
 2013 04 20 12 39 16.020     2013 04 20 12 39 23.616       7.6
 2013 04 20 14 17 22.629     2013 04 20 14 20 54.806     212.2
707
 2013 04 20 02 36 48.361     2013 04 20 02 37 24.384      36.0
 2013 04 20 17 51 53.472     2013 04 20 17 55 10.797     197.3
708
 2013 04 20 06 40 10.771     2013 04 20 06 42 40.515     149.7
 2013 04 20 18 29 23.509     2013 04 20 18 32 20.457     176.9
709
 2013 04 20 23 02  7.477     2013 04 20 23 04 59.308     171.8
710
 2013 04 20 04 03 25.728     2013 04 20 04 07 14.198     228.5
 2013 04 20 21 05  7.216     2013 04 20 21 07 54.136     166.9
711
 2013 04 20 09 08 12.503     2013 04 20 09 10 46.121     153.6
 2013 04 20 19 09 42.696     2013 04 20 19 13 10.577     207.9
712
713
 2013 04 20 01 56 26.375     2013 04 20 01 57 31.970      65.6
714
 2013 04 20 12 23 26.138     2013 04 20 12 23 49.732      23.6
 2013 04 20 20 39 58.561     2013 04 20 20 43 15.691     197.1
715
 2013 04 20 15 10 30.612     2013 04 20 15 14 11.937     221.3
716
 2013 04 20 01 45 59.315     2013 04 20 01 48 31.735     152.4
 2013 04 20 17 06 36.046     2013 04 20 17 09 17.975     161.9
717
 2013 04 20 06 58  1.217     2013 04 20 07 01  1.778     180.6
 2013 04 20 11 53 11.734     2013 04 20 11 56 33.741     202.0
718
719
 2013 04 20 05 46 46.357     2013 04 20 05 50  9.974     203.6
 2013 04 20 19 22  9.364     2013 04 20 19 24 41.660     152.3
720
 2013 04 20 05 05 26.207     2013 04 20 05 07 57.001     150.8
 2013 04 20 16 55  6.008     2013 04 20 16 58 13.605     187.6
721
722
 2013 04 20 10 22 31.455     2013 04 20 10 26 12.657     221.2
723
 2013 04 20 05 19 28.960     2013 04 20 05 22  1.900     152.9
 2013 04 20 13 33 13.428     2013 04 20 13 36 43.041     209.6
724
 2013 04 20 14 01 24.683     2013 04 20 14 04 27.375     182.7
 2013 04 20 20 34 45.404     2013 04 20 20 37 23.237     157.8
725
 2013 04 20 00 26 39.198     2013 04 20 00 29 11.600     152.4
726
 2013 04 20 09 57 42.529     2013 04 20 10 00 40.595     178.1
 2013 04 20 19 55 24.135     2013 04 20 19 58 28.324     184.2
727
728
 2013 04 20 03 26  2.489     2013 04 20 03 26 38.749      36.3
729
 2013 04 20 05 02 37.881     2013 04 20 05 05  8.385     150.5
730
 2013 04 20 08 08 34.695     2013 04 20 08 11 40.072     185.4
 2013 04 20 21 45 31.189     2013 04 20 21 48 19.978     168.8
731
 2013 04 20 06 02 48.987     2013 04 20 06 05 40.621     171.6
732
 2013 04 20 06 38 55.998     2013 04 20 06 42 15.175     199.2
733
 2013 04 20 14 24 19.848     2013 04 20 14 27 13.725     173.9
734
 2013 04 20 13 07 28.144     2013 04 20 13 08 14.333      46.2
735
 2013 04 20 12 07 24.144     2013 04 20 12 10 26.843     182.7
736
 2013 04 20 17 07 54.062     2013 04 20 17 11 15.488     201.4
737
 2013 04 20 01 22 38.308     2013 04 20 01 26  5.129     206.8
 2013 04 20 09 38 14.832     2013 04 20 09 41 36.473     201.6
738
 2013 04 20 07 21  1.190     2013 04 20 07 23 45.960     164.8
 2013 04 20 20 58 15.500     2013 04 20 21 00 46.575     151.1
739
 2013 04 20 02 36 32.816     2013 04 20 02 39 18.817     166.0
 2013 04 20 16 14 56.692     2013 04 20 16 18 12.688     196.0
740
741
 2013 04 20 19 18  1.827     2013 04 20 19 19 12.864      71.0
742
 2013 04 20 03 47 29.678     2013 04 20 03 48 23.156      53.5
 2013 04 20 11 57 27.629     2013 04 20 12 00 48.494     200.9
743
 2013 04 20 08 01 39.385     2013 04 20 08 04 12.987     153.6
744
745
 2013 04 20 19 58 51.386     2013 04 20 19 59 27.457      36.1
746
 2013 04 20 07 21 59.651     2013 04 20 07 25 20.100     200.4
 2013 04 20 20 57 37.287     2013 04 20 20 59 12.326      95.0
747
 2013 04 20 19 20 16.544     2013 04 20 19 22 47.595     151.1
748
 2013 04 20 10 49  4.560     2013 04 20 10 52 49.926     225.4
 2013 04 20 19 03  7.564     2013 04 20 19 05 49.909     162.3
749
 2013 04 20 19 12 42.839     2013 04 20 19 15 15.124     152.3
750
 2013 04 20 01 25 19.152     2013 04 20 01 28 42.506     203.4
 2013 04 20 08 00 43.155     2013 04 20 08 03 18.198     155.0
751
 2013 04 20 02 00 11.586     2013 04 20 02 03 28.772     197.2
752
 2013 04 20 11 39 52.335     2013 04 20 11 40 41.372      49.0
 2013 04 20 19 49 48.670     2013 04 20 19 53  6.629     198.0
753
 2013 04 20 08 26 42.561     2013 04 20 08 29 22.249     159.7
 2013 04 20 16 43 11.538     2013 04 20 16 45 57.452     165.9
754
 2013 04 20 01 25 32.171     2013 04 20 01 28 17.626     165.5
 2013 04 20 07 59 19.100     2013 04 20 08 01 53.582     154.5
755
 2013 04 20 12 15 31.237     2013 04 20 12 18 26.765     175.5
756
 2013 04 20 09 00 24.276     2013 04 20 09 02 58.815     154.5
757
 2013 04 20 01 39 10.948     2013 04 20 01 41 54.371     163.4
 2013 04 20 20 21 25.024     2013 04 20 20 24  1.080     156.1
758
 2013 04 20 06 00 10.331     2013 04 20 06 02 52.862     162.5
 2013 04 20 16 00 22.507     2013 04 20 16 03  3.194     160.7
759
 2013 04 20 12 55  3.690     2013 04 20 12 58 16.991     193.3
760
 2013 04 20 07 16 42.969     2013 04 20 07 19 17.755     154.8
 2013 04 20 22 37  8.668     2013 04 20 22 39 54.708     166.0
761
 2013 04 20 01 52 56.408     2013 04 20 01 55 27.610     151.2
762
 2013 04 20 13 49 54.169     2013 04 20 13 52 29.411     155.2
763
 2013 04 20 04 09 19.680     2013 04 20 04 12 11.922     172.2
764
 2013 04 20 06 35  9.416     2013 04 20 06 38 46.251     216.8
 2013 04 20 20 08 25.086     2013 04 20 20 11 32.506     187.4
765
 2013 04 20 07 44 42.543     2013 04 20 07 44 57.117      14.6
 2013 04 20 15 53 20.129     2013 04 20 15 56 59.947     219.8
766
 2013 04 20 07 26 30.483     2013 04 20 07 27  5.237      34.8
 2013 04 20 19 18 14.355     2013 04 20 19 20 44.644     150.3
767
 2013 04 20 16 04 34.294     2013 04 20 16 07 54.332     200.0
768
 2013 04 20 01 08   .418     2013 04 20 01 08  6.888       6.5
 2013 04 20 14 37 49.532     2013 04 20 14 40 29.474     159.9
769
 2013 04 20 14 47 40.558     2013 04 20 14 51  1.166     200.6
 2013 04 20 21 21 30.890     2013 04 20 21 24 19.796     168.9
770
 2013 04 20 01 12 57.214     2013 04 20 01 16 18.960     201.7
771
 2013 04 20 11 15 26.991     2013 04 20 11 19  7.399     220.4
772
773
 2013 04 20 04 59 28.294     2013 04 20 05 02 29.474     181.2
 2013 04 20 18 35 13.770     2013 04 20 18 37 52.611     158.8
774
 2013 04 20 07 17 44.355     2013 04 20 07 20 53.106     188.8
775
776
777
 2013 04 20 02 05 25.078     2013 04 20 02 08 28.392     183.3
 2013 04 20 12 02 56.514     2013 04 20 12 06  3.955     187.4
778
779
780
781
 2013 04 20 07 35 34.443     2013 04 20 07 36 41.410      67.0
782
783
 2013 04 20 04 35  7.051     2013 04 20 04 37 49.967     162.9
 2013 04 20 11 08 15.982     2013 04 20 11 11  5.482     169.5
784
 2013 04 20 07 45 26.579     2013 04 20 07 48  2.571     156.0
 2013 04 20 12 40  1.106     2013 04 20 12 43  1.403     180.3
785
786
 2013 04 20 10 55 20.739     2013 04 20 10 58 34.392     193.7
 2013 04 20 15 50 29.133     2013 04 20 15 53  4.122     155.0
787
 2013 04 20 00 17  6.774     2013 04 20 00 20 19.694     192.9
 2013 04 20 13 52 19.692     2013 04 20 13 53 13.176      53.5
788
789
 2013 04 20 21 33 46.769     2013 04 20 21 37  1.999     195.2
790
 2013 04 20 08 20 19.207     2013 04 20 08 22 55.416     156.2
791
 2013 04 20 01 56 38.697     2013 04 20 01 59 56.713     198.0
 2013 04 20 13 44 45.748     2013 04 20 13 48  3.345     197.6
792
 2013 04 20 21 24  1.268     2013 04 20 21 24 10.844       9.6
793
 2013 04 20 00 27 18.515     2013 04 20 00 30  4.210     165.7
794
 2013 04 20 11 31 58.826     2013 04 20 11 34 41.543     162.7
 2013 04 20 21 31   .368     2013 04 20 21 34 20.078     199.7
795
 2013 04 20 02 02 39.267     2013 04 20 02 05 10.196     150.9
796
 2013 04 20 03 44 52.820     2013 04 20 03 44 57.863       5.0
797
 2013 04 20 05 55 43.816     2013 04 20 05 58 26.490     162.7
 2013 04 20 17 39 47.585     2013 04 20 17 40  3.287      15.7
798
 2013 04 20 14 49 17.203     2013 04 20 14 51 59.469     162.3
 2013 04 20 21 22 58.649     2013 04 20 21 25 53.662     175.0
799
 2013 04 20 00 55 10.793     2013 04 20 00 57 57.666     166.9
 2013 04 20 17 57 54.561     2013 04 20 18 00 40.907     166.3
800
 2013 04 20 19 12 24.972     2013 04 20 19 15 22.506     177.5
801
 2013 04 20 02 28 17.967     2013 04 20 02 30 54.769     156.8
 2013 04 20 19 31 24.218     2013 04 20 19 34 36.794     192.6
802
 2013 04 20 13 54 29.046     2013 04 20 13 58 15.928     226.9
803
 2013 04 20 00 23 32.067     2013 04 20 00 23 32.789        .7
 2013 04 20 12 09 36.224     2013 04 20 12 12 11.255     155.0
804
 2013 04 20 01 05 33.481     2013 04 20 01 08 20.579     167.1
805
 2013 04 20 11 41 28.317     2013 04 20 11 44 44.209     195.9
 2013 04 20 16 36 54.453     2013 04 20 16 40 10.029     195.6
806
 2013 04 20 23 02 57.042     2013 04 20 23 06 10.146     193.1
807
 2013 04 20 08 24 34.530     2013 04 20 08 27 13.912     159.4
808
 2013 04 20 21 40 20.826     2013 04 20 21 43  1.907     161.1
809
 2013 04 20 02 02 14.378     2013 04 20 02 04 51.333     157.0
810
 2013 04 20 11 29 33.242     2013 04 20 11 32  9.945     156.7
 2013 04 20 21 34 52.743     2013 04 20 21 35   .443       7.7
811
 2013 04 20 15 17 35.443     2013 04 20 15 20 31.156     175.7
812
 2013 04 20 10 40 43.315     2013 04 20 10 43 37.166     173.9
813
 2013 04 20 10 40  9.137     2013 04 20 10 42 43.330     154.2
814
 2013 04 20 15 36 53.050     2013 04 20 15 39 39.527     166.5
 2013 04 20 20 31 13.216     2013 04 20 20 34 57.151     223.9
 2013 04 20 22 09 10.606     2013 04 20 22 12 40.735     210.1
815
 2013 04 20 13 16 13.609     2013 04 20 13 18 49.980     156.4
 2013 04 20 18 10 53.276     2013 04 20 18 13 48.137     174.9
816
 2013 04 20 07 22 43.517     2013 04 20 07 25 26.713     163.2
 2013 04 20 20 56 16.332     2013 04 20 20 59 41.216     204.9
817
 2013 04 20 14 01 32.775     2013 04 20 14 04 25.949     173.2
 2013 04 20 20 36  4.224     2013 04 20 20 38 39.171     154.9
818
 2013 04 20 05 02  3.232     2013 04 20 05 04 52.945     169.7
819
 2013 04 20 10 45  6.131     2013 04 20 10 47 40.278     154.1
 2013 04 20 20 43 11.793     2013 04 20 20 46 31.243     199.5
820
 2013 04 20 10 37 53.969     2013 04 20 10 40 29.399     155.4
 2013 04 20 22 24 40.582     2013 04 20 22 27 24.996     164.4
821
 2013 04 20 00 19 19.689     2013 04 20 00 22 11.307     171.6
822
 2013 04 20 02 11 10.658     2013 04 20 02 11 18.477       7.8
 2013 04 20 08 47 42.844     2013 04 20 08 51 24.194     221.3
823
 2013 04 20 06 33 34.698     2013 04 20 06 36 41.861     187.2
 2013 04 20 20 11 24.639     2013 04 20 20 13 58.948     154.3
824
 2013 04 20 02 55 50.789     2013 04 20 02 58 46.058     175.3
 2013 04 20 11 12 51.190     2013 04 20 11 15 38.852     167.7
825
 2013 04 20 05 07 10.944     2013 04 20 05 09 41.499     150.6
 2013 04 20 16 54 21.781     2013 04 20 16 57 12.448     170.7
826
 2013 04 20 13 09 22.821     2013 04 20 13 11 56.809     154.0
 2013 04 20 21 25 37.690     2013 04 20 21 26  6.800      29.1
827
828
 2013 04 20 05 14 12.467     2013 04 20 05 17 26.257     193.8
 2013 04 20 15 11 49.788     2013 04 20 15 14 49.838     180.1
829
 2013 04 20 06 27 36.405     2013 04 20 06 30 28.193     171.8
 2013 04 20 21 49  4.720     2013 04 20 21 49 25.677      21.0
830
 2013 04 20 10 31 16.150     2013 04 20 10 32 17.955      61.8
831
 2013 04 20 12 06 24.847     2013 04 20 12 09  7.875     163.0
832
 2013 04 20 21 04 51.824     2013 04 20 21 07 25.442     153.6
833
 2013 04 20 04 30 22.689     2013 04 20 04 33 10.646     168.0
 2013 04 20 12 46  5.513     2013 04 20 12 49  5.934     180.4
834
835
 2013 04 20 03 39  8.121     2013 04 20 03 41 43.084     155.0
 2013 04 20 13 38 34.612     2013 04 20 13 41  9.993     155.4
836
 2013 04 20 05 38 53.073     2013 04 20 05 42  8.473     195.4
 2013 04 20 22 39 35.522     2013 04 20 22 43 14.104     218.6
837
 2013 04 20 09 53 40.331     2013 04 20 09 57 17.389     217.1
838
 2013 04 20 10 48 27.361     2013 04 20 10 51 28.638     181.3
 2013 04 20 19 05 19.427     2013 04 20 19 07 54.005     154.6
839
840
 2013 04 20 12 51 28.103     2013 04 20 12 52 30.459      62.4
841
 2013 04 20 18 31 10.389     2013 04 20 18 34 46.348     216.0
842
843
 2013 04 20 07 17 17.742     2013 04 20 07 20 10.571     172.8
 2013 04 20 22 36  1.654     2013 04 20 22 39 30.268     208.6
844
845
 2013 04 20 01 26 43.996     2013 04 20 01 29 19.814     155.8
 2013 04 20 06 25 19.845     2013 04 20 06 25 20.648        .8
 2013 04 20 07 59 30.016     2013 04 20 08 02 50.699     200.7
846
847
 2013 04 20 07 43 31.408     2013 04 20 07 46 11.757     160.3
 2013 04 20 14 17 19.665     2013 04 20 14 19 53.789     154.1
848
 2013 04 20 00 10  3.011     2013 04 20 00 13 30.482     207.5
 2013 04 20 15 33 20.615     2013 04 20 15 36  5.234     164.6
849
 2013 04 20 18 23  7.870     2013 04 20 18 26 38.265     210.4
850
 2013 04 20 22 28 28.442     2013 04 20 22 30 30.892     122.4
851
852
 2013 04 20 02 05 59.634     2013 04 20 02 08 50.082     170.4
853
 2013 04 20 06 55 40.371     2013 04 20 06 57  5.409      85.0
 2013 04 20 13 31 36.076     2013 04 20 13 34 13.856     157.8
854
 2013 04 20 05 44 24.480     2013 04 20 05 44 38.098      13.6
 2013 04 20 21 01 14.542     2013 04 20 21 04 14.727     180.2
855
856
 2013 04 20 06 39  4.393     2013 04 20 06 42  5.996     181.6
857
 2013 04 20 02 29 22.122     2013 04 20 02 31 57.815     155.7
 2013 04 20 19 32   .329     2013 04 20 19 34 35.573     155.2
858
 2013 04 20 16 48 25.165     2013 04 20 16 49 24.672      59.5
859
 2013 04 20 21 28 19.833     2013 04 20 21 31   .244     160.4
860
 2013 04 20 04 26  9.542     2013 04 20 04 28 49.928     160.4
 2013 04 20 14 25 52.065     2013 04 20 14 28 23.138     151.1
861
 2013 04 20 11 25 47.728     2013 04 20 11 26 32.677      44.9
 2013 04 20 23 15  9.380     2013 04 20 23 15 12.275       2.9
862
 2013 04 20 11 22 45.525     2013 04 20 11 25 51.110     185.6
 2013 04 20 23 13 49.689     2013 04 20 23 16 46.850     177.2
863
 2013 04 20 08 05  1.897     2013 04 20 08 07 53.637     171.7
864
 2013 04 20 08 30 42.828     2013 04 20 08 33 17.386     154.6
 2013 04 20 15 04 54.087     2013 04 20 15 07 30.481     156.4
865
 2013 04 20 08 08 38.012     2013 04 20 08 11 27.807     169.8
 2013 04 20 21 44 18.205     2013 04 20 21 46 52.618     154.4
866
 2013 04 20 08 13 53.713     2013 04 20 08 16 24.021     150.3
 2013 04 20 20 03 55.546     2013 04 20 20 07 38.903     223.4
867
 2013 04 20 09 51 40.904     2013 04 20 09 54 11.120     150.2
 2013 04 20 21 36 28.522     2013 04 20 21 37 23.042      54.5
868
 2013 04 20 01 18 33.235     2013 04 20 01 19  5.747      32.5
 2013 04 20 11 14 38.896     2013 04 20 11 18 22.254     223.4
869
 2013 04 20 01 38 23.961     2013 04 20 01 41 30.998     187.0
 2013 04 20 20 20 45.846     2013 04 20 20 23 27.313     161.5
870
871
 2013 04 20 00 31 47.720     2013 04 20 00 34 20.064     152.3
872
873
874
 2013 04 20 01 09  6.120     2013 04 20 01 11 51.871     165.8
 2013 04 20 12 59 23.091     2013 04 20 13 02 17.901     174.8
875
 2013 04 20 19 06 20.033     2013 04 20 19 09  9.346     169.3
876
 2013 04 20 00 33 16.673     2013 04 20 00 35 51.732     155.1
877
 2013 04 20 02 29 42.046     2013 04 20 02 32 46.891     184.8
 2013 04 20 19 32 36.813     2013 04 20 19 35 32.746     175.9
878
 2013 04 20 01 52 13.700     2013 04 20 01 54 44.647     150.9
 2013 04 20 15 25 56.865     2013 04 20 15 27 36.846     100.0
879
 2013 04 20 10 45 59.552     2013 04 20 10 49 11.924     192.4
880
 2013 04 20 08 29   .464     2013 04 20 08 32 26.916     206.5
881
 2013 04 20 22 20 37.341     2013 04 20 22 24   .237     202.9
882
 2013 04 20 11 28 47.806     2013 04 20 11 31 25.998     158.2
883
 2013 04 20 02 39 53.656     2013 04 20 02 42 37.701     164.0
884
 2013 04 20 10 25 34.635     2013 04 20 10 26 18.236      43.6
885
 2013 04 20 21 48 21.634     2013 04 20 21 51  7.084     165.4
886
 2013 04 20 03 16 17.123     2013 04 20 03 19 14.151     177.0
 2013 04 20 20 19 51.926     2013 04 20 20 22 28.096     156.2
887
 2013 04 20 18 34 12.961     2013 04 20 18 37 40.405     207.4
888
 2013 04 20 05 45 33.166     2013 04 20 05 48 13.979     160.8
 2013 04 20 19 22 50.090     2013 04 20 19 23 16.147      26.1
889
 2013 04 20 15 15 40.332     2013 04 20 15 18 59.678     199.3
890
891
 2013 04 20 22 28 32.646     2013 04 20 22 31  3.334     150.7
892
 2013 04 20 11 30 38.490     2013 04 20 11 33 35.469     177.0
 2013 04 20 21 30 36.847     2013 04 20 21 33 27.608     170.8
893
 2013 04 20 17 31  5.427     2013 04 20 17 32 38.873      93.4
894
 2013 04 20 12 23 16.892     2013 04 20 12 26 22.917     186.0
 2013 04 20 20 38 13.686     2013 04 20 20 40 47.058     153.4
895
 2013 04 20 05 17 42.303     2013 04 20 05 21  9.081     206.8
 2013 04 20 13 34 59.465     2013 04 20 13 37 34.119     154.7
896
 2013 04 20 19 24 49.617     2013 04 20 19 25 59.343      69.7
897
 2013 04 20 17 37 48.970     2013 04 20 17 40 25.550     156.6
898
 2013 04 20 07 39 40.057     2013 04 20 07 42 42.314     182.3
 2013 04 20 15 54 53.349     2013 04 20 15 57 31.562     158.2
899
 2013 04 20 01 24 53.591     2013 04 20 01 28 22.165     208.6
 2013 04 20 07 58 37.871     2013 04 20 08 01 16.440     158.6
