0 6.6022 40.9069 3 20 9
2  45.0 45.0 0.00
1 -44.1507 71.4509 10 22 9
2  45.0 45.0 0.00
2 -52.1413 -72.6536 1 15 6
2  45.0 45.0 0.00
3 10.9808 -44.9838 5 27 5
2  45.0 45.0 0.00
4 -52.5517 135.0547 5 28 8
2  45.0 45.0 0.00
5 49.6597 140.9739 4 23 8
2  45.0 45.0 0.00
6 23.6370 126.2998 10 18 7
2  45.0 45.0 0.00
7 48.6787 -45.3694 3 18 9
2  45.0 45.0 0.00
8 -4.3592 -175.3829 3 16 8
2  45.0 45.0 0.00
9 -42.7668 -3.1696 3 15 7
2  45.0 45.0 0.00
10 -44.1775 156.2258 6 29 5
2  45.0 45.0 0.00
11 19.8361 80.8939 3 25 8
2  45.0 45.0 0.00
12 -32.6596 -132.4713 10 27 9
2  45.0 45.0 0.00
13 -36.3296 -160.9449 4 24 5
2  45.0 45.0 0.00
14 -28.6604 -129.6735 5 28 9
2  45.0 45.0 0.00
15 52.0888 104.7830 1 18 7
2  45.0 45.0 0.00
16 -2.4071 136.9057 3 15 5
2  45.0 45.0 0.00
17 30.6371 140.2133 9 17 5
2  45.0 45.0 0.00
18 -28.1401 66.3999 6 24 9
2  45.0 45.0 0.00
19 -18.3537 -117.3444 1 17 6
2  45.0 45.0 0.00
20 -48.3775 126.3482 1 29 5
2  45.0 45.0 0.00
21 47.0041 -178.8432 4 29 5
2  45.0 45.0 0.00
22 41.9833 -10.1404 3 17 6
2  45.0 45.0 0.00
23 -19.9708 -132.8631 5 25 5
2  45.0 45.0 0.00
24 -24.6146 146.0553 6 22 7
2  45.0 45.0 0.00
25 4.7885 4.3997 3 15 9
2  45.0 45.0 0.00
26 33.6402 36.7175 7 29 7
2  45.0 45.0 0.00
27 13.3904 150.0405 2 28 8
2  45.0 45.0 0.00
28 30.2965 142.9578 10 15 9
2  45.0 45.0 0.00
29 27.8457 -0.9631 7 18 7
2  45.0 45.0 0.00
30 -32.2329 -18.6413 7 17 8
2  45.0 45.0 0.00
31 -38.3826 -56.2831 8 21 9
2  45.0 45.0 0.00
32 -7.2914 -178.9232 8 15 6
2  45.0 45.0 0.00
33 -21.8280 -2.1283 5 25 6
2  45.0 45.0 0.00
34 -11.1494 -102.8904 9 29 5
2  45.0 45.0 0.00
35 -13.7077 122.2617 8 25 9
2  45.0 45.0 0.00
36 -47.9279 -81.5742 5 23 6
2  45.0 45.0 0.00
37 -13.8710 -20.4340 5 19 8
2  45.0 45.0 0.00
38 -23.0373 -12.0779 1 16 9
2  45.0 45.0 0.00
39 29.9795 131.3946 5 25 6
2  45.0 45.0 0.00
40 -24.5277 96.4032 4 15 7
2  45.0 45.0 0.00
41 51.0626 -3.4700 4 15 9
2  45.0 45.0 0.00
42 -21.3819 61.0888 5 23 6
2  45.0 45.0 0.00
43 -36.2723 -21.5737 8 26 9
2  45.0 45.0 0.00
44 37.1887 -100.9514 2 15 5
2  45.0 45.0 0.00
45 45.4069 -131.2895 6 29 8
2  45.0 45.0 0.00
46 0.6038 -120.7447 1 19 7
2  45.0 45.0 0.00
47 -23.3133 -90.7059 3 29 9
2  45.0 45.0 0.00
48 40.1507 -38.3269 6 20 6
2  45.0 45.0 0.00
49 11.9754 140.6792 8 25 6
2  45.0 45.0 0.00
50 -16.6683 -145.4402 4 26 6
2  45.0 45.0 0.00
51 -47.8031 78.7633 5 27 9
2  45.0 45.0 0.00
52 36.7200 0.2360 4 21 9
2  45.0 45.0 0.00
53 -38.8293 -55.1340 10 15 5
2  45.0 45.0 0.00
54 43.4355 -18.8775 5 27 6
2  45.0 45.0 0.00
55 -4.5261 130.4025 3 26 7
2  45.0 45.0 0.00
56 -49.0153 -32.2261 10 26 6
2  45.0 45.0 0.00
57 -9.5721 -40.8531 7 16 5
2  45.0 45.0 0.00
58 6.4953 -36.4623 2 15 7
2  45.0 45.0 0.00
59 -12.9187 166.6204 7 21 6
2  45.0 45.0 0.00
60 -24.7907 124.3079 7 23 8
2  45.0 45.0 0.00
61 41.8901 -76.3764 5 20 5
2  45.0 45.0 0.00
62 -33.1993 159.8273 1 21 5
2  45.0 45.0 0.00
63 -6.7911 81.7693 4 17 6
2  45.0 45.0 0.00
64 26.1997 -85.6586 5 15 9
2  45.0 45.0 0.00
65 1.1717 -21.1570 10 18 8
2  45.0 45.0 0.00
66 -0.5866 -29.2373 9 21 9
2  45.0 45.0 0.00
67 -32.6171 116.8322 8 15 9
2  45.0 45.0 0.00
68 -40.0835 177.4674 8 16 5
2  45.0 45.0 0.00
69 12.4350 175.0717 10 29 6
2  45.0 45.0 0.00
70 16.0048 114.8000 3 17 9
2  45.0 45.0 0.00
71 -52.5690 121.1056 9 24 9
2  45.0 45.0 0.00
72 -4.8803 -156.0318 10 25 5
2  45.0 45.0 0.00
73 28.4094 15.3561 6 23 6
2  45.0 45.0 0.00
74 11.8083 71.2452 2 19 7
2  45.0 45.0 0.00
75 26.9454 -114.8307 4 15 9
2  45.0 45.0 0.00
76 2.6228 -18.0639 3 29 7
2  45.0 45.0 0.00
77 18.6112 -97.6507 3 22 9
2  45.0 45.0 0.00
78 -15.2759 -103.9318 8 17 9
2  45.0 45.0 0.00
79 -47.1408 -65.5429 4 29 7
2  45.0 45.0 0.00
80 -45.0865 -34.0615 3 25 5
2  45.0 45.0 0.00
81 48.0270 14.1213 7 25 7
2  45.0 45.0 0.00
82 34.2423 117.9978 2 24 7
2  45.0 45.0 0.00
83 -52.5615 -145.4911 4 17 9
2  45.0 45.0 0.00
84 4.1621 -171.3989 9 24 8
2  45.0 45.0 0.00
85 -10.5896 0.8387 8 19 5
2  45.0 45.0 0.00
86 -6.7559 -90.8715 4 23 8
2  45.0 45.0 0.00
87 -40.3480 96.5554 3 27 9
2  45.0 45.0 0.00
88 -38.5467 9.6505 3 15 9
2  45.0 45.0 0.00
89 2.9803 32.9119 9 24 7
2  45.0 45.0 0.00
90 48.6982 -132.7077 4 29 7
2  45.0 45.0 0.00
91 -47.6190 107.1602 7 16 6
2  45.0 45.0 0.00
92 -5.2200 -103.5274 3 22 5
2  45.0 45.0 0.00
93 7.9989 -80.0820 7 27 6
2  45.0 45.0 0.00
94 -27.9917 -96.6141 3 19 8
2  45.0 45.0 0.00
95 -51.6794 -173.3186 8 26 8
2  45.0 45.0 0.00
96 32.7197 124.9569 3 26 9
2  45.0 45.0 0.00
97 -20.6808 -87.6460 4 29 5
2  45.0 45.0 0.00
98 -18.9008 70.3184 2 23 8
2  45.0 45.0 0.00
99 44.9363 -179.4202 9 27 6
2  45.0 45.0 0.00
100 -26.4400 91.2784 4 20 6
2  45.0 45.0 0.00
101 24.1457 113.2526 1 19 9
2  45.0 45.0 0.00
102 -49.5863 -158.7284 7 20 5
2  45.0 45.0 0.00
103 10.9872 -17.3501 5 24 9
2  45.0 45.0 0.00
104 -19.1943 -64.9924 4 25 5
2  45.0 45.0 0.00
105 4.3034 66.8590 10 24 9
2  45.0 45.0 0.00
106 -51.8501 -103.3849 9 23 7
2  45.0 45.0 0.00
107 -47.1568 4.8830 1 21 8
2  45.0 45.0 0.00
108 -1.0274 164.0913 7 16 7
2  45.0 45.0 0.00
109 -25.1641 -52.8631 2 22 6
2  45.0 45.0 0.00
110 -2.9550 -55.4601 2 29 9
2  45.0 45.0 0.00
111 45.6966 -170.7819 10 17 6
2  45.0 45.0 0.00
112 -48.5405 -126.3470 6 21 5
2  45.0 45.0 0.00
113 33.8548 7.8631 7 28 5
2  45.0 45.0 0.00
114 -43.4506 176.4179 4 27 6
2  45.0 45.0 0.00
115 -14.5100 -99.5054 9 19 5
2  45.0 45.0 0.00
116 -33.1314 -108.6906 7 21 8
2  45.0 45.0 0.00
117 17.4798 -89.1893 4 25 7
2  45.0 45.0 0.00
118 -49.8710 -59.8247 1 16 6
2  45.0 45.0 0.00
119 -16.8253 15.8576 6 15 9
2  45.0 45.0 0.00
120 25.5207 -21.9113 4 21 9
2  45.0 45.0 0.00
121 -1.9003 -4.1329 2 26 9
2  45.0 45.0 0.00
122 21.9954 89.2665 7 17 8
2  45.0 45.0 0.00
123 36.4628 80.9318 4 25 8
2  45.0 45.0 0.00
124 7.1161 116.2883 10 22 9
2  45.0 45.0 0.00
125 27.1645 137.3504 4 23 8
2  45.0 45.0 0.00
126 33.8208 -113.7793 6 22 8
2  45.0 45.0 0.00
127 26.3203 93.3221 10 23 7
2  45.0 45.0 0.00
128 -34.3033 3.6807 9 25 9
2  45.0 45.0 0.00
129 -23.1550 -118.0144 4 21 9
2  45.0 45.0 0.00
130 12.3448 116.4850 8 19 9
2  45.0 45.0 0.00
131 44.2803 169.0635 8 22 7
2  45.0 45.0 0.00
132 10.6577 143.5130 4 16 7
2  45.0 45.0 0.00
133 2.4971 -82.1356 9 21 8
2  45.0 45.0 0.00
134 -44.0154 -112.6277 6 17 9
2  45.0 45.0 0.00
135 -46.9677 -147.5887 9 24 7
2  45.0 45.0 0.00
136 8.9131 -20.4420 1 24 9
2  45.0 45.0 0.00
137 52.5224 131.9920 10 24 9
2  45.0 45.0 0.00
138 29.5405 -75.3217 1 29 6
2  45.0 45.0 0.00
139 -23.5599 -35.2167 3 19 5
2  45.0 45.0 0.00
140 -51.9707 76.4445 9 25 6
2  45.0 45.0 0.00
141 -7.4926 67.2377 7 21 5
2  45.0 45.0 0.00
142 34.7369 -63.3284 7 28 7
2  45.0 45.0 0.00
143 -36.3233 -96.0923 8 18 7
2  45.0 45.0 0.00
144 16.6328 40.8180 9 22 8
2  45.0 45.0 0.00
145 31.1627 -104.1153 9 28 8
2  45.0 45.0 0.00
146 16.4017 104.9540 6 24 8
2  45.0 45.0 0.00
147 39.4045 83.8255 1 20 6
2  45.0 45.0 0.00
148 -20.2753 -28.8393 5 24 6
2  45.0 45.0 0.00
149 -4.8128 -28.1395 2 21 7
2  45.0 45.0 0.00
150 -48.2661 -112.4874 1 26 6
2  45.0 45.0 0.00
151 -10.9893 -106.1497 2 15 7
2  45.0 45.0 0.00
152 -29.8364 101.6365 9 27 7
2  45.0 45.0 0.00
153 -49.1662 72.3865 1 16 7
2  45.0 45.0 0.00
154 -8.0052 142.8706 9 29 5
2  45.0 45.0 0.00
155 -27.8756 167.4316 5 18 7
2  45.0 45.0 0.00
156 -13.5518 90.7393 4 21 7
2  45.0 45.0 0.00
157 -3.4770 -175.4361 5 21 7
2  45.0 45.0 0.00
158 17.6597 81.3235 7 27 6
2  45.0 45.0 0.00
159 2.7984 33.2747 3 17 6
2  45.0 45.0 0.00
160 26.8734 -70.1680 2 29 7
2  45.0 45.0 0.00
161 -37.3335 -104.2236 7 26 8
2  45.0 45.0 0.00
162 -7.2886 164.9884 10 22 5
2  45.0 45.0 0.00
163 -3.5541 -56.5267 5 19 9
2  45.0 45.0 0.00
164 -50.5100 -73.9404 6 23 9
2  45.0 45.0 0.00
165 21.0495 -153.4525 3 24 8
2  45.0 45.0 0.00
166 15.3268 106.9948 10 15 6
2  45.0 45.0 0.00
167 -45.8912 99.7027 7 28 9
2  45.0 45.0 0.00
168 -25.7890 -83.5581 4 25 8
2  45.0 45.0 0.00
169 22.0798 -98.8028 3 25 9
2  45.0 45.0 0.00
170 -33.5577 -75.4801 9 17 8
2  45.0 45.0 0.00
171 -4.3553 90.0451 2 16 6
2  45.0 45.0 0.00
172 -45.1503 39.3179 10 29 8
2  45.0 45.0 0.00
173 14.2073 156.3480 4 17 7
2  45.0 45.0 0.00
174 20.0890 -9.6335 5 21 8
2  45.0 45.0 0.00
175 27.0932 38.6828 4 29 8
2  45.0 45.0 0.00
176 -2.8586 -35.2612 6 25 9
2  45.0 45.0 0.00
177 -15.4485 44.8748 8 20 6
2  45.0 45.0 0.00
178 -19.4045 53.2191 2 22 9
2  45.0 45.0 0.00
179 15.6341 -75.5420 3 29 6
2  45.0 45.0 0.00
180 29.0440 -154.3879 6 16 7
2  45.0 45.0 0.00
181 22.2788 123.8945 2 22 6
2  45.0 45.0 0.00
182 37.2548 109.2800 4 22 9
2  45.0 45.0 0.00
183 18.2322 141.8557 5 15 9
2  45.0 45.0 0.00
184 -52.0058 22.6097 10 29 6
2  45.0 45.0 0.00
185 -48.5811 159.9108 2 23 6
2  45.0 45.0 0.00
186 -3.6639 60.7519 7 24 5
2  45.0 45.0 0.00
187 -10.3999 -81.4869 8 18 9
2  45.0 45.0 0.00
188 1.0715 -140.3544 1 15 9
2  45.0 45.0 0.00
189 1.4186 -123.0211 3 25 6
2  45.0 45.0 0.00
190 26.8655 -79.5889 6 29 6
2  45.0 45.0 0.00
191 -30.6133 -134.8096 6 26 6
2  45.0 45.0 0.00
192 28.1940 -78.1144 1 16 8
2  45.0 45.0 0.00
193 -33.6333 -123.6296 10 21 5
2  45.0 45.0 0.00
194 -10.7744 51.2511 1 17 9
2  45.0 45.0 0.00
195 42.3208 10.8686 5 16 5
2  45.0 45.0 0.00
196 40.6418 -95.3113 6 17 9
2  45.0 45.0 0.00
197 -33.2294 68.7931 10 19 7
2  45.0 45.0 0.00
198 -23.7060 14.1474 6 28 8
2  45.0 45.0 0.00
199 -28.9282 176.5408 4 20 9
2  45.0 45.0 0.00
200 -15.1793 84.9241 2 24 6
2  45.0 45.0 0.00
201 -41.2251 -135.6726 2 16 9
2  45.0 45.0 0.00
202 19.1865 -177.4311 7 24 8
2  45.0 45.0 0.00
203 3.2579 -140.7282 2 19 8
2  45.0 45.0 0.00
204 -0.8890 127.6834 8 28 7
2  45.0 45.0 0.00
205 38.0600 89.4634 9 20 7
2  45.0 45.0 0.00
206 43.3393 -118.6829 3 18 9
2  45.0 45.0 0.00
207 -37.3637 35.9226 3 28 8
2  45.0 45.0 0.00
208 -46.2813 34.9965 9 21 9
2  45.0 45.0 0.00
209 -24.4624 144.4445 9 16 8
2  45.0 45.0 0.00
210 -40.4915 62.7149 8 23 5
2  45.0 45.0 0.00
211 0.2250 114.3730 7 16 7
2  45.0 45.0 0.00
212 -14.5671 91.2402 4 22 8
2  45.0 45.0 0.00
213 1.1320 107.9411 8 24 7
2  45.0 45.0 0.00
214 45.6806 -98.4889 1 25 9
2  45.0 45.0 0.00
215 41.8065 -16.7749 7 16 8
2  45.0 45.0 0.00
216 48.5291 43.2699 6 26 8
2  45.0 45.0 0.00
217 -28.1267 25.3883 1 15 6
2  45.0 45.0 0.00
218 -18.0402 0.8651 8 21 6
2  45.0 45.0 0.00
219 -20.1465 -152.6945 5 25 5
2  45.0 45.0 0.00
220 -3.2450 -92.0187 4 23 7
2  45.0 45.0 0.00
221 41.5080 168.7297 9 24 7
2  45.0 45.0 0.00
222 -47.8357 86.3753 8 21 9
2  45.0 45.0 0.00
223 25.6923 174.2120 4 25 7
2  45.0 45.0 0.00
224 46.6565 98.6463 6 19 8
2  45.0 45.0 0.00
225 -7.5741 113.5509 8 21 7
2  45.0 45.0 0.00
226 33.7665 84.7550 4 29 6
2  45.0 45.0 0.00
227 22.6235 -172.1046 1 18 9
2  45.0 45.0 0.00
228 -24.8082 154.5058 3 22 8
2  45.0 45.0 0.00
229 9.5271 -148.0697 7 22 9
2  45.0 45.0 0.00
230 -18.4422 -55.2722 7 17 7
2  45.0 45.0 0.00
231 20.7091 160.3149 5 27 9
2  45.0 45.0 0.00
232 -44.9265 14.4074 5 16 5
2  45.0 45.0 0.00
233 -19.7913 89.1705 10 16 9
2  45.0 45.0 0.00
234 23.3675 99.4093 7 26 6
2  45.0 45.0 0.00
235 -51.8369 -85.1582 3 25 5
2  45.0 45.0 0.00
236 -16.9758 -62.7414 2 22 9
2  45.0 45.0 0.00
237 -2.9589 36.5139 1 21 9
2  45.0 45.0 0.00
238 28.4196 -100.6708 4 20 7
2  45.0 45.0 0.00
239 23.9496 110.6197 2 20 8
2  45.0 45.0 0.00
240 36.2714 -174.6232 4 24 6
2  45.0 45.0 0.00
241 5.2873 21.4131 10 26 6
2  45.0 45.0 0.00
242 -7.2165 -81.0129 4 25 8
2  45.0 45.0 0.00
243 26.5474 -175.6140 1 19 5
2  45.0 45.0 0.00
244 22.4573 -64.5262 5 17 7
2  45.0 45.0 0.00
245 0.0095 -28.2695 9 18 6
2  45.0 45.0 0.00
246 -31.4082 148.2629 6 29 8
2  45.0 45.0 0.00
247 -18.5589 63.4807 3 19 9
2  45.0 45.0 0.00
248 43.7361 123.7136 5 16 7
2  45.0 45.0 0.00
249 -0.7266 11.0994 10 24 7
2  45.0 45.0 0.00
250 22.6582 2.9369 4 18 6
2  45.0 45.0 0.00
251 2.2708 135.9194 7 17 6
2  45.0 45.0 0.00
252 -39.3889 -74.2125 5 22 8
2  45.0 45.0 0.00
253 2.1283 -63.7818 2 29 7
2  45.0 45.0 0.00
254 -45.1441 80.1380 8 21 8
2  45.0 45.0 0.00
255 39.0306 -106.2540 6 23 7
2  45.0 45.0 0.00
256 49.7413 108.4301 5 27 9
2  45.0 45.0 0.00
257 20.7270 68.0110 9 25 5
2  45.0 45.0 0.00
258 -5.5796 -6.6032 8 29 6
2  45.0 45.0 0.00
259 12.5876 -61.0151 4 19 6
2  45.0 45.0 0.00
260 -34.9464 29.5184 5 17 8
2  45.0 45.0 0.00
261 52.0620 -159.9743 4 23 8
2  45.0 45.0 0.00
262 -19.4434 -77.7768 8 25 9
2  45.0 45.0 0.00
263 -18.3156 -11.3760 6 24 9
2  45.0 45.0 0.00
264 35.1028 54.1797 5 28 8
2  45.0 45.0 0.00
265 9.8002 99.6551 4 16 6
2  45.0 45.0 0.00
266 3.9961 133.7864 10 18 5
2  45.0 45.0 0.00
267 -11.9502 49.9485 3 17 7
2  45.0 45.0 0.00
268 14.8306 -138.8557 9 28 6
2  45.0 45.0 0.00
269 -35.6787 103.6773 5 15 9
2  45.0 45.0 0.00
270 -37.0628 65.1199 1 20 9
2  45.0 45.0 0.00
271 2.1007 77.1689 7 21 6
2  45.0 45.0 0.00
272 -30.2809 170.4867 8 19 9
2  45.0 45.0 0.00
273 -5.8360 -163.7162 3 24 8
2  45.0 45.0 0.00
274 19.9774 -62.3351 2 16 5
2  45.0 45.0 0.00
275 22.9881 83.5805 9 23 6
2  45.0 45.0 0.00
276 32.2730 98.4618 2 18 6
2  45.0 45.0 0.00
277 37.8219 2.3463 8 20 7
2  45.0 45.0 0.00
278 18.3278 -115.5620 8 26 9
2  45.0 45.0 0.00
279 17.6317 120.9471 7 16 5
2  45.0 45.0 0.00
280 -40.4734 -121.7790 10 19 8
2  45.0 45.0 0.00
281 34.2914 31.5912 4 18 5
2  45.0 45.0 0.00
282 30.4909 -130.8097 9 17 6
2  45.0 45.0 0.00
283 -6.2724 91.8533 10 15 5
2  45.0 45.0 0.00
284 46.4731 60.4906 4 17 5
2  45.0 45.0 0.00
285 1.0040 21.7030 5 18 7
2  45.0 45.0 0.00
286 40.3759 57.8802 2 23 6
2  45.0 45.0 0.00
287 15.1301 -6.6033 1 22 9
2  45.0 45.0 0.00
288 -24.4799 -77.0086 10 20 7
2  45.0 45.0 0.00
289 3.8440 174.0170 10 23 9
2  45.0 45.0 0.00
290 43.5860 118.4999 2 29 8
2  45.0 45.0 0.00
291 -5.2845 -179.8560 1 19 6
2  45.0 45.0 0.00
292 -25.0989 -58.8455 9 25 9
2  45.0 45.0 0.00
293 -39.5516 34.2935 1 28 6
2  45.0 45.0 0.00
294 48.6719 -78.9268 3 16 5
2  45.0 45.0 0.00
295 16.1479 -72.3992 2 23 5
2  45.0 45.0 0.00
296 2.7656 -171.6417 10 19 6
2  45.0 45.0 0.00
297 -47.5157 64.6645 3 28 6
2  45.0 45.0 0.00
298 15.0877 -111.5669 6 17 5
2  45.0 45.0 0.00
299 45.8468 36.4467 7 23 7
2  45.0 45.0 0.00
300 46.7465 -159.0166 8 20 8
2  45.0 45.0 0.00
301 13.8256 92.7311 3 27 7
2  45.0 45.0 0.00
302 -36.9669 -29.3651 5 18 6
2  45.0 45.0 0.00
303 -27.5599 -173.8277 4 19 7
2  45.0 45.0 0.00
304 -5.5917 69.6415 10 25 8
2  45.0 45.0 0.00
305 28.5221 -142.6601 7 29 7
2  45.0 45.0 0.00
306 -47.5836 90.2530 2 15 6
2  45.0 45.0 0.00
307 -3.4128 67.7939 10 24 5
2  45.0 45.0 0.00
308 -21.8199 127.9808 7 20 9
2  45.0 45.0 0.00
309 -29.2659 171.0982 5 26 9
2  45.0 45.0 0.00
310 44.0294 -77.8653 5 15 8
2  45.0 45.0 0.00
311 -26.7590 -54.5316 4 25 5
2  45.0 45.0 0.00
312 2.8311 105.9786 5 20 6
2  45.0 45.0 0.00
313 -10.5414 -31.9915 4 29 7
2  45.0 45.0 0.00
314 5.4785 -49.6081 9 17 9
2  45.0 45.0 0.00
315 9.7251 -70.7420 7 28 5
2  45.0 45.0 0.00
316 31.1432 -67.0982 5 17 5
2  45.0 45.0 0.00
317 28.3434 89.1140 3 20 9
2  45.0 45.0 0.00
318 -40.3563 172.2259 8 24 8
2  45.0 45.0 0.00
319 -0.0247 6.6349 2 16 7
2  45.0 45.0 0.00
320 33.1538 -165.4067 1 20 9
2  45.0 45.0 0.00
321 5.6362 -135.2214 9 16 9
2  45.0 45.0 0.00
322 47.0706 -17.5549 8 22 8
2  45.0 45.0 0.00
323 -30.4122 49.9731 7 19 5
2  45.0 45.0 0.00
324 16.2195 -170.7948 6 15 8
2  45.0 45.0 0.00
325 7.7676 88.8022 8 21 8
2  45.0 45.0 0.00
326 -45.2285 -97.1273 2 21 5
2  45.0 45.0 0.00
327 26.8463 158.7694 6 17 5
2  45.0 45.0 0.00
328 15.1586 51.8051 8 21 5
2  45.0 45.0 0.00
329 17.8127 -11.6779 8 29 5
2  45.0 45.0 0.00
330 38.2610 -94.1673 10 15 9
2  45.0 45.0 0.00
331 30.4434 -166.8713 4 25 6
2  45.0 45.0 0.00
332 32.4889 65.9691 4 19 9
2  45.0 45.0 0.00
333 22.6692 -174.7181 7 20 5
2  45.0 45.0 0.00
334 -24.1610 -15.1453 9 16 6
2  45.0 45.0 0.00
335 -52.0343 37.0603 10 27 9
2  45.0 45.0 0.00
336 -41.7939 96.9985 1 20 9
2  45.0 45.0 0.00
337 35.4985 -110.2509 3 23 9
2  45.0 45.0 0.00
338 22.9806 -84.9269 9 28 9
2  45.0 45.0 0.00
339 48.7343 -64.4372 10 24 7
2  45.0 45.0 0.00
340 16.2574 -133.0506 1 28 5
2  45.0 45.0 0.00
341 -10.2796 -130.6134 7 25 9
2  45.0 45.0 0.00
342 -33.4688 -106.0562 4 26 6
2  45.0 45.0 0.00
343 -49.0718 -66.9336 2 21 7
2  45.0 45.0 0.00
344 2.1319 -16.3925 9 23 6
2  45.0 45.0 0.00
345 -52.1547 13.7044 2 18 6
2  45.0 45.0 0.00
346 19.9389 174.3253 10 20 9
2  45.0 45.0 0.00
347 50.3821 123.1739 4 17 6
2  45.0 45.0 0.00
348 20.9569 -11.7072 9 24 7
2  45.0 45.0 0.00
349 1.2083 1.8059 7 25 8
2  45.0 45.0 0.00
350 15.4426 134.3367 9 16 8
2  45.0 45.0 0.00
351 -31.9159 34.0597 6 25 5
2  45.0 45.0 0.00
352 38.6853 147.4893 7 20 9
2  45.0 45.0 0.00
353 -31.7979 130.6712 7 28 9
2  45.0 45.0 0.00
354 -32.3396 -135.3934 3 18 8
2  45.0 45.0 0.00
355 -47.4210 118.5328 2 16 8
2  45.0 45.0 0.00
356 0.3135 120.0990 7 23 7
2  45.0 45.0 0.00
357 33.3842 133.6944 4 25 6
2  45.0 45.0 0.00
358 -12.6466 -121.0856 2 17 8
2  45.0 45.0 0.00
359 30.5295 -132.7510 1 25 8
2  45.0 45.0 0.00
360 15.7328 35.9503 5 28 7
2  45.0 45.0 0.00
361 2.3084 60.0201 7 22 7
2  45.0 45.0 0.00
362 -13.8172 -1.1155 5 15 6
2  45.0 45.0 0.00
363 -49.6772 -51.6081 2 27 8
2  45.0 45.0 0.00
364 -18.1635 -122.4953 9 23 8
2  45.0 45.0 0.00
365 -49.6866 157.1733 9 23 7
2  45.0 45.0 0.00
366 44.6668 -123.3188 4 20 6
2  45.0 45.0 0.00
367 42.7281 162.8292 1 16 9
2  45.0 45.0 0.00
368 -37.2884 -47.0494 9 18 9
2  45.0 45.0 0.00
369 40.6818 -137.8620 9 27 7
2  45.0 45.0 0.00
370 -7.2748 -71.2957 10 15 9
2  45.0 45.0 0.00
371 -1.1991 -178.2709 1 18 8
2  45.0 45.0 0.00
372 9.0296 -152.6231 7 28 5
2  45.0 45.0 0.00
373 -30.5067 -121.6276 6 27 6
2  45.0 45.0 0.00
374 -44.6214 -88.5455 3 15 9
2  45.0 45.0 0.00
375 48.6900 159.8123 8 26 9
2  45.0 45.0 0.00
376 43.9061 -148.5464 10 16 7
2  45.0 45.0 0.00
377 12.6594 -142.8773 10 21 5
2  45.0 45.0 0.00
378 42.2190 72.2923 6 22 5
2  45.0 45.0 0.00
379 -45.3494 -18.7398 3 16 6
2  45.0 45.0 0.00
380 23.4944 -77.2298 7 22 6
2  45.0 45.0 0.00
381 -34.2031 -75.0875 10 18 5
2  45.0 45.0 0.00
382 4.7451 -97.6870 2 21 8
2  45.0 45.0 0.00
383 -0.2317 172.2361 8 20 5
2  45.0 45.0 0.00
384 -41.4373 82.8524 10 25 8
2  45.0 45.0 0.00
385 -12.9074 93.0864 4 27 7
2  45.0 45.0 0.00
386 1.2078 126.6470 7 22 5
2  45.0 45.0 0.00
387 13.6460 21.5667 3 27 8
2  45.0 45.0 0.00
388 -18.2315 126.7672 8 18 9
2  45.0 45.0 0.00
389 17.9824 -88.0409 10 27 7
2  45.0 45.0 0.00
390 -43.0633 -140.9250 8 28 6
2  45.0 45.0 0.00
391 52.0990 29.0490 6 26 9
2  45.0 45.0 0.00
392 -8.6118 -20.6198 6 25 7
2  45.0 45.0 0.00
393 20.4545 72.5714 7 18 7
2  45.0 45.0 0.00
394 46.4181 -124.4593 2 25 7
2  45.0 45.0 0.00
395 -25.7632 -3.9865 7 25 9
2  45.0 45.0 0.00
396 -39.9843 147.8614 7 21 9
2  45.0 45.0 0.00
397 -10.2976 162.3552 6 18 8
2  45.0 45.0 0.00
398 -47.9074 117.5597 3 28 5
2  45.0 45.0 0.00
399 40.8399 -116.8091 4 25 6
2  45.0 45.0 0.00
400 49.6142 -178.3072 3 21 6
2  45.0 45.0 0.00
401 46.5830 -24.6979 8 21 8
2  45.0 45.0 0.00
402 0.2728 134.5745 3 28 6
2  45.0 45.0 0.00
403 0.8512 -175.2709 5 27 5
2  45.0 45.0 0.00
404 25.6499 -9.6321 3 23 5
2  45.0 45.0 0.00
405 -41.1967 -78.3806 1 23 5
2  45.0 45.0 0.00
406 -44.3694 107.5280 8 19 7
2  45.0 45.0 0.00
407 -40.4827 -9.8540 7 16 5
2  45.0 45.0 0.00
408 49.9745 -4.8783 7 23 7
2  45.0 45.0 0.00
409 -34.5321 145.5945 8 23 8
2  45.0 45.0 0.00
410 39.4475 -56.8168 9 25 5
2  45.0 45.0 0.00
411 -0.5497 -19.3737 6 19 6
2  45.0 45.0 0.00
412 16.6617 135.0123 7 20 9
2  45.0 45.0 0.00
413 21.6117 17.0487 2 21 8
2  45.0 45.0 0.00
414 -49.2474 139.9257 4 26 6
2  45.0 45.0 0.00
415 -25.9137 151.6480 3 16 7
2  45.0 45.0 0.00
416 -31.0662 75.8730 9 27 6
2  45.0 45.0 0.00
417 25.3600 -139.1844 9 17 9
2  45.0 45.0 0.00
418 18.2217 -108.7536 2 28 6
2  45.0 45.0 0.00
419 -42.7791 -136.1165 10 24 6
2  45.0 45.0 0.00
420 13.4480 1.3017 1 29 7
2  45.0 45.0 0.00
421 51.2471 21.1797 8 19 9
2  45.0 45.0 0.00
422 7.7984 -59.6051 3 27 6
2  45.0 45.0 0.00
423 47.3213 -172.5194 5 16 5
2  45.0 45.0 0.00
424 9.5938 -40.7995 5 21 7
2  45.0 45.0 0.00
425 35.7745 -178.7680 7 21 7
2  45.0 45.0 0.00
426 -38.8349 -68.9412 2 27 6
2  45.0 45.0 0.00
427 21.5505 92.2032 3 21 7
2  45.0 45.0 0.00
428 -33.8762 117.5021 9 18 8
2  45.0 45.0 0.00
429 -17.2279 -56.6049 7 23 9
2  45.0 45.0 0.00
430 -44.9817 -169.5314 1 23 9
2  45.0 45.0 0.00
431 -27.5388 -152.5755 5 22 8
2  45.0 45.0 0.00
432 50.8844 -128.2975 10 27 8
2  45.0 45.0 0.00
433 -24.9023 1.9455 2 22 5
2  45.0 45.0 0.00
434 -32.8274 24.4934 8 24 5
2  45.0 45.0 0.00
435 27.9960 -126.5165 3 26 9
2  45.0 45.0 0.00
436 -0.5585 -12.3685 3 22 7
2  45.0 45.0 0.00
437 -41.9174 97.2201 1 29 9
2  45.0 45.0 0.00
438 13.4755 -97.3551 1 25 7
2  45.0 45.0 0.00
439 -49.0997 175.8006 10 21 7
2  45.0 45.0 0.00
440 35.1993 132.2233 4 21 5
2  45.0 45.0 0.00
441 0.8063 -30.5503 9 20 8
2  45.0 45.0 0.00
442 -43.2867 -61.3021 7 25 7
2  45.0 45.0 0.00
443 1.5262 43.7658 5 20 8
2  45.0 45.0 0.00
444 -0.5282 12.3537 1 23 5
2  45.0 45.0 0.00
445 48.8383 139.7224 2 16 6
2  45.0 45.0 0.00
446 29.2325 67.0637 3 18 7
2  45.0 45.0 0.00
447 13.5091 -176.2197 5 21 8
2  45.0 45.0 0.00
448 20.0780 -27.2017 6 20 6
2  45.0 45.0 0.00
449 -21.4744 5.7179 10 17 5
2  45.0 45.0 0.00
450 -8.9863 34.6379 4 26 7
2  45.0 45.0 0.00
451 -21.4382 -64.0554 9 20 9
2  45.0 45.0 0.00
452 12.6658 -63.1021 9 15 7
2  45.0 45.0 0.00
453 -10.0332 -142.0358 10 18 5
2  45.0 45.0 0.00
454 0.4131 -100.4257 9 26 5
2  45.0 45.0 0.00
455 -45.5188 -116.3565 4 19 5
2  45.0 45.0 0.00
456 -5.8453 68.3295 9 15 9
2  45.0 45.0 0.00
457 -33.9665 154.3388 8 26 8
2  45.0 45.0 0.00
458 -20.6301 40.8064 2 21 8
2  45.0 45.0 0.00
459 -14.3419 -46.7251 10 29 6
2  45.0 45.0 0.00
460 -32.6528 -84.6317 6 17 6
2  45.0 45.0 0.00
461 -32.4165 121.4519 9 24 5
2  45.0 45.0 0.00
462 -40.1776 -172.1463 8 19 5
2  45.0 45.0 0.00
463 45.5466 -73.0123 5 17 8
2  45.0 45.0 0.00
464 -2.4774 -54.2948 8 24 9
2  45.0 45.0 0.00
465 41.3979 107.0984 6 29 5
2  45.0 45.0 0.00
466 21.2392 -98.9149 1 29 7
2  45.0 45.0 0.00
467 -33.9260 5.0214 7 26 5
2  45.0 45.0 0.00
468 -16.7273 -67.5548 6 24 9
2  45.0 45.0 0.00
469 -22.9426 -57.1735 1 19 6
2  45.0 45.0 0.00
470 -45.8439 -100.6856 1 20 8
2  45.0 45.0 0.00
471 36.3340 43.7484 1 19 8
2  45.0 45.0 0.00
472 -10.9511 129.5461 10 21 5
2  45.0 45.0 0.00
473 41.9473 -159.4751 1 25 7
2  45.0 45.0 0.00
474 -8.9319 -0.2265 3 16 5
2  45.0 45.0 0.00
475 -35.5863 70.5919 4 27 9
2  45.0 45.0 0.00
476 5.2323 1.3767 3 24 5
2  45.0 45.0 0.00
477 -2.1145 139.4294 10 20 7
2  45.0 45.0 0.00
478 6.1926 -108.3042 9 16 5
2  45.0 45.0 0.00
479 -1.8714 141.5349 3 23 8
2  45.0 45.0 0.00
480 -28.9860 59.8820 2 27 5
2  45.0 45.0 0.00
481 7.2228 -147.0154 6 19 6
2  45.0 45.0 0.00
482 -37.4514 108.4183 9 22 7
2  45.0 45.0 0.00
483 41.6436 -87.6278 5 18 5
2  45.0 45.0 0.00
484 -52.1069 71.1749 7 16 8
2  45.0 45.0 0.00
485 -30.0424 -34.7546 7 16 9
2  45.0 45.0 0.00
486 -24.2605 -127.4130 10 16 8
2  45.0 45.0 0.00
487 40.6004 66.5516 1 21 7
2  45.0 45.0 0.00
488 -11.8267 23.3331 4 17 8
2  45.0 45.0 0.00
489 27.2694 73.7982 7 24 7
2  45.0 45.0 0.00
490 -29.0699 56.4464 4 20 5
2  45.0 45.0 0.00
491 3.0569 13.6007 2 17 7
2  45.0 45.0 0.00
492 -35.5439 176.9499 4 22 6
2  45.0 45.0 0.00
493 -52.9353 79.0711 7 27 7
2  45.0 45.0 0.00
494 -30.9522 108.1616 6 24 9
2  45.0 45.0 0.00
495 -5.9772 20.2106 3 22 9
2  45.0 45.0 0.00
496 1.2281 95.4749 10 22 7
2  45.0 45.0 0.00
497 12.1192 95.9568 7 29 7
2  45.0 45.0 0.00
498 -16.4043 10.1637 5 29 6
2  45.0 45.0 0.00
499 -10.9286 -159.7393 2 27 5
2  45.0 45.0 0.00
500 -49.0127 139.2365 7 17 5
2  45.0 45.0 0.00
501 -7.9175 -178.3165 2 23 9
2  45.0 45.0 0.00
502 50.1060 -155.2490 7 17 7
2  45.0 45.0 0.00
503 -10.6559 -8.3555 9 15 8
2  45.0 45.0 0.00
504 -28.1893 98.2185 1 19 9
2  45.0 45.0 0.00
505 19.0552 116.1769 3 21 8
2  45.0 45.0 0.00
506 -11.9429 81.6833 9 21 6
2  45.0 45.0 0.00
507 13.2307 24.0907 9 22 7
2  45.0 45.0 0.00
508 11.6235 -110.5019 3 15 9
2  45.0 45.0 0.00
509 -23.6921 -47.4392 6 21 6
2  45.0 45.0 0.00
510 44.5317 -160.8923 9 17 5
2  45.0 45.0 0.00
511 -24.9326 38.9516 5 18 9
2  45.0 45.0 0.00
512 10.8749 19.7192 5 29 5
2  45.0 45.0 0.00
513 -26.9452 51.7074 4 27 8
2  45.0 45.0 0.00
514 35.2507 175.3910 3 23 6
2  45.0 45.0 0.00
515 -48.6526 88.2060 4 21 7
2  45.0 45.0 0.00
516 -19.9766 -31.7060 10 16 9
2  45.0 45.0 0.00
517 -17.5690 10.9160 9 20 9
2  45.0 45.0 0.00
518 -51.2383 -64.8967 7 25 9
2  45.0 45.0 0.00
519 -47.1827 -98.7078 7 28 7
2  45.0 45.0 0.00
520 14.0830 14.3098 3 25 5
2  45.0 45.0 0.00
521 45.8888 -16.3509 10 27 8
2  45.0 45.0 0.00
522 2.0957 -116.4155 4 27 9
2  45.0 45.0 0.00
523 -32.7895 -22.8026 2 17 6
2  45.0 45.0 0.00
524 22.8407 -85.9961 10 28 5
2  45.0 45.0 0.00
525 1.3592 -69.2007 3 24 8
2  45.0 45.0 0.00
526 33.4114 114.2633 4 28 5
2  45.0 45.0 0.00
527 28.8099 69.9304 4 15 9
2  45.0 45.0 0.00
528 40.2454 76.3425 10 25 7
2  45.0 45.0 0.00
529 36.0395 2.6948 1 27 9
2  45.0 45.0 0.00
530 12.5314 -156.7694 5 25 7
2  45.0 45.0 0.00
531 -13.5960 40.2410 6 24 9
2  45.0 45.0 0.00
532 13.2645 122.3753 5 16 6
2  45.0 45.0 0.00
533 21.4515 -76.7843 6 24 7
2  45.0 45.0 0.00
534 -0.3801 -34.3034 4 19 6
2  45.0 45.0 0.00
535 -52.6380 10.6507 1 21 9
2  45.0 45.0 0.00
536 -52.4343 0.0156 4 26 6
2  45.0 45.0 0.00
537 26.5712 -147.1404 8 19 8
2  45.0 45.0 0.00
538 -36.0388 -158.1728 10 17 6
2  45.0 45.0 0.00
539 -48.7873 43.3300 4 21 9
2  45.0 45.0 0.00
540 5.6483 129.5352 4 18 7
2  45.0 45.0 0.00
541 -30.3682 86.9243 10 22 7
2  45.0 45.0 0.00
542 36.2680 -110.0512 6 24 7
2  45.0 45.0 0.00
543 -39.7401 -144.0681 5 27 7
2  45.0 45.0 0.00
544 11.7762 168.2572 9 15 8
2  45.0 45.0 0.00
545 -6.8070 -97.2216 2 29 9
2  45.0 45.0 0.00
546 -12.3962 -139.5852 1 22 8
2  45.0 45.0 0.00
547 -37.5752 -86.9850 9 18 6
2  45.0 45.0 0.00
548 -52.0232 36.3128 6 27 5
2  45.0 45.0 0.00
549 49.3652 -28.1574 1 25 9
2  45.0 45.0 0.00
550 46.6327 105.8852 3 27 5
2  45.0 45.0 0.00
551 9.1059 115.8667 8 24 6
2  45.0 45.0 0.00
552 51.2582 108.6001 6 23 7
2  45.0 45.0 0.00
553 24.3681 76.5007 2 15 8
2  45.0 45.0 0.00
554 38.8722 142.8094 4 22 5
2  45.0 45.0 0.00
555 -51.9159 -134.1964 9 29 7
2  45.0 45.0 0.00
556 -51.5162 8.4028 3 15 8
2  45.0 45.0 0.00
557 9.4264 -75.3774 2 20 9
2  45.0 45.0 0.00
558 -18.6915 53.5977 3 27 8
2  45.0 45.0 0.00
559 -30.9998 -178.0098 6 21 9
2  45.0 45.0 0.00
560 -26.1600 -39.3107 4 16 8
2  45.0 45.0 0.00
561 -48.4167 -83.2761 4 25 6
2  45.0 45.0 0.00
562 -4.3808 123.1613 8 16 5
2  45.0 45.0 0.00
563 -4.2160 106.4060 6 28 6
2  45.0 45.0 0.00
564 -6.4375 -56.7941 6 17 6
2  45.0 45.0 0.00
565 -29.9093 -160.8975 10 26 7
2  45.0 45.0 0.00
566 -52.5019 77.2568 7 16 5
2  45.0 45.0 0.00
567 13.0586 -18.2877 10 20 6
2  45.0 45.0 0.00
568 -19.0534 21.4635 1 16 5
2  45.0 45.0 0.00
569 -1.9557 28.7379 8 25 6
2  45.0 45.0 0.00
570 -9.3305 -147.7071 1 16 6
2  45.0 45.0 0.00
571 43.5627 -110.9257 10 25 8
2  45.0 45.0 0.00
572 51.9587 5.4439 2 17 8
2  45.0 45.0 0.00
573 25.8714 90.7901 8 28 5
2  45.0 45.0 0.00
574 -51.8312 -29.1236 9 23 6
2  45.0 45.0 0.00
575 40.2427 -83.3088 3 16 7
2  45.0 45.0 0.00
576 14.6289 -51.4390 5 22 7
2  45.0 45.0 0.00
577 43.9896 42.3938 2 26 6
2  45.0 45.0 0.00
578 -7.2799 92.7753 1 25 5
2  45.0 45.0 0.00
579 32.3437 -36.7887 1 20 6
2  45.0 45.0 0.00
580 24.3117 68.1694 1 22 6
2  45.0 45.0 0.00
581 52.2448 1.6406 1 27 5
2  45.0 45.0 0.00
582 15.0925 -158.6139 1 16 5
2  45.0 45.0 0.00
583 14.1046 -173.3177 5 24 7
2  45.0 45.0 0.00
584 -39.6112 170.1388 9 24 5
2  45.0 45.0 0.00
585 -26.1484 69.0648 5 20 5
2  45.0 45.0 0.00
586 -1.9250 138.3010 5 27 7
2  45.0 45.0 0.00
587 47.5568 126.0896 8 16 7
2  45.0 45.0 0.00
588 -9.4935 96.5577 3 25 6
2  45.0 45.0 0.00
589 -13.5769 56.7820 5 23 8
2  45.0 45.0 0.00
590 30.3762 87.8212 5 28 7
2  45.0 45.0 0.00
591 27.2153 -160.2368 10 20 9
2  45.0 45.0 0.00
592 -21.0909 -137.1257 8 25 7
2  45.0 45.0 0.00
593 27.3705 -96.2948 6 23 6
2  45.0 45.0 0.00
594 29.9782 139.4261 6 17 6
2  45.0 45.0 0.00
595 -15.0421 -92.1164 5 21 8
2  45.0 45.0 0.00
596 10.1324 -138.6170 1 25 8
2  45.0 45.0 0.00
597 25.2165 177.6912 7 20 8
2  45.0 45.0 0.00
598 41.7377 -5.4586 1 18 8
2  45.0 45.0 0.00
599 -22.1176 -148.4451 10 16 8
2  45.0 45.0 0.00
600 -38.2235 -143.2121 7 17 5
2  45.0 45.0 0.00
601 42.3229 17.2182 7 23 5
2  45.0 45.0 0.00
602 1.3384 48.0634 6 24 9
2  45.0 45.0 0.00
603 -33.2759 -21.4819 3 29 9
2  45.0 45.0 0.00
604 28.0504 131.5104 9 28 6
2  45.0 45.0 0.00
605 -21.4145 57.9382 7 23 6
2  45.0 45.0 0.00
606 -24.3333 -139.4528 2 26 5
2  45.0 45.0 0.00
607 -0.6995 150.8107 10 22 5
2  45.0 45.0 0.00
608 -32.8533 -38.0472 8 20 5
2  45.0 45.0 0.00
609 -25.4144 128.0273 6 21 7
2  45.0 45.0 0.00
610 37.2077 -132.9060 8 18 9
2  45.0 45.0 0.00
611 -23.9460 -118.6803 9 27 7
2  45.0 45.0 0.00
612 -27.7367 -175.4792 4 18 9
2  45.0 45.0 0.00
613 -10.6005 131.0765 3 23 9
2  45.0 45.0 0.00
614 -24.6813 152.6098 8 28 5
2  45.0 45.0 0.00
615 -13.7468 8.0388 7 28 9
2  45.0 45.0 0.00
616 -6.1115 -89.6291 4 16 8
2  45.0 45.0 0.00
617 -38.1998 147.8165 3 29 6
2  45.0 45.0 0.00
618 -18.7548 -147.2430 7 15 8
2  45.0 45.0 0.00
619 -34.1844 -113.4526 6 21 8
2  45.0 45.0 0.00
620 -11.0091 -66.3852 2 23 8
2  45.0 45.0 0.00
621 45.2726 -95.3034 5 15 5
2  45.0 45.0 0.00
622 26.6870 -72.1820 6 29 5
2  45.0 45.0 0.00
623 51.6541 157.2600 10 23 7
2  45.0 45.0 0.00
624 -1.1242 152.4497 2 19 5
2  45.0 45.0 0.00
625 -34.3264 150.9379 4 17 8
2  45.0 45.0 0.00
626 -33.3414 -158.5890 5 16 8
2  45.0 45.0 0.00
627 -39.5647 75.0610 10 19 6
2  45.0 45.0 0.00
628 42.8617 133.1168 4 26 8
2  45.0 45.0 0.00
629 -50.5012 -132.8235 10 28 8
2  45.0 45.0 0.00
630 -27.4887 53.9240 6 28 8
2  45.0 45.0 0.00
631 -2.8971 173.6364 7 20 6
2  45.0 45.0 0.00
632 -52.1703 -166.8444 3 21 8
2  45.0 45.0 0.00
633 20.3827 -108.9180 4 17 5
2  45.0 45.0 0.00
634 -23.4472 40.5906 8 19 6
2  45.0 45.0 0.00
635 12.6803 -115.7469 3 24 6
2  45.0 45.0 0.00
636 -48.2172 -167.0221 4 21 5
2  45.0 45.0 0.00
637 3.7810 -113.8867 3 22 5
2  45.0 45.0 0.00
638 -37.6910 -50.9806 6 29 9
2  45.0 45.0 0.00
639 38.9881 -14.3269 4 15 6
2  45.0 45.0 0.00
640 34.5691 158.0222 3 26 9
2  45.0 45.0 0.00
641 13.5596 -57.2919 3 24 6
2  45.0 45.0 0.00
642 -21.8160 -56.2623 10 16 5
2  45.0 45.0 0.00
643 50.0085 40.5080 3 19 7
2  45.0 45.0 0.00
644 0.9160 76.1756 8 15 8
2  45.0 45.0 0.00
645 44.5638 55.9723 7 20 9
2  45.0 45.0 0.00
646 -36.1012 -117.5411 4 19 5
2  45.0 45.0 0.00
647 -41.7460 -79.1841 6 21 9
2  45.0 45.0 0.00
648 -32.3497 10.3880 6 16 5
2  45.0 45.0 0.00
649 31.8751 -80.1078 3 29 8
2  45.0 45.0 0.00
650 -25.9392 -129.8602 4 22 7
2  45.0 45.0 0.00
651 -40.8604 145.4292 8 17 6
2  45.0 45.0 0.00
652 50.0788 174.9455 4 26 9
2  45.0 45.0 0.00
653 -40.2067 -153.6707 9 15 7
2  45.0 45.0 0.00
654 20.3238 -119.5799 2 22 9
2  45.0 45.0 0.00
655 50.8573 33.7310 6 28 6
2  45.0 45.0 0.00
656 15.1511 73.3509 9 24 7
2  45.0 45.0 0.00
657 -50.8646 69.6809 2 25 6
2  45.0 45.0 0.00
658 -31.5668 -133.3009 5 16 7
2  45.0 45.0 0.00
659 -30.8614 85.2953 7 16 6
2  45.0 45.0 0.00
660 24.1226 -95.4505 2 22 8
2  45.0 45.0 0.00
661 -43.7296 51.5395 7 23 9
2  45.0 45.0 0.00
662 2.2077 -167.4024 8 26 7
2  45.0 45.0 0.00
663 -24.5189 -51.0752 8 19 9
2  45.0 45.0 0.00
664 -7.7239 -43.3372 9 25 5
2  45.0 45.0 0.00
665 6.5735 -161.4488 10 15 6
2  45.0 45.0 0.00
666 -27.2574 -13.2073 4 23 6
2  45.0 45.0 0.00
667 -9.7441 -99.9232 2 15 8
2  45.0 45.0 0.00
668 -13.0401 -125.4153 1 25 7
2  45.0 45.0 0.00
669 -35.2761 -51.2177 9 24 8
2  45.0 45.0 0.00
670 37.1774 -28.2648 4 19 7
2  45.0 45.0 0.00
671 -16.1170 2.9728 7 21 8
2  45.0 45.0 0.00
672 -49.1919 46.2431 2 18 7
2  45.0 45.0 0.00
673 -46.9035 0.1197 5 22 6
2  45.0 45.0 0.00
674 -48.0971 -58.8438 3 23 9
2  45.0 45.0 0.00
675 -23.7960 60.1233 5 17 5
2  45.0 45.0 0.00
676 -31.3457 -31.1844 8 18 9
2  45.0 45.0 0.00
677 34.0650 -109.6900 6 15 7
2  45.0 45.0 0.00
678 42.3806 104.7293 8 20 8
2  45.0 45.0 0.00
679 26.3438 155.9146 1 16 5
2  45.0 45.0 0.00
680 17.6887 128.6693 9 19 7
2  45.0 45.0 0.00
681 1.5036 139.6322 3 21 5
2  45.0 45.0 0.00
682 19.1800 -52.1338 5 19 9
2  45.0 45.0 0.00
683 12.9902 -37.9215 10 18 5
2  45.0 45.0 0.00
684 38.3941 -4.1602 7 28 7
2  45.0 45.0 0.00
685 -25.9341 -179.0585 4 28 9
2  45.0 45.0 0.00
686 -16.7042 17.2831 7 16 6
2  45.0 45.0 0.00
687 -16.2317 -132.9463 1 26 8
2  45.0 45.0 0.00
688 45.9511 90.7165 1 28 5
2  45.0 45.0 0.00
689 4.7311 3.3854 1 20 8
2  45.0 45.0 0.00
690 -15.4904 69.1434 4 15 6
2  45.0 45.0 0.00
691 -34.0864 161.7321 10 25 5
2  45.0 45.0 0.00
692 1.2264 -178.7642 1 24 7
2  45.0 45.0 0.00
693 -38.9089 -80.6386 1 29 9
2  45.0 45.0 0.00
694 -0.8645 53.7801 6 23 5
2  45.0 45.0 0.00
695 -41.3168 23.3155 8 25 7
2  45.0 45.0 0.00
696 26.0691 37.7770 9 17 7
2  45.0 45.0 0.00
697 15.9369 -5.0226 4 25 6
2  45.0 45.0 0.00
698 -10.8528 -25.6314 10 24 8
2  45.0 45.0 0.00
699 45.5872 -132.6207 6 22 5
2  45.0 45.0 0.00
700 -24.5253 12.8273 10 23 5
2  45.0 45.0 0.00
701 21.6744 -133.6050 9 15 8
2  45.0 45.0 0.00
702 12.0485 -97.4742 9 18 6
2  45.0 45.0 0.00
703 43.1032 122.3383 3 17 5
2  45.0 45.0 0.00
704 15.5700 33.2828 5 24 9
2  45.0 45.0 0.00
705 -46.3175 -179.9831 2 28 7
2  45.0 45.0 0.00
706 50.7326 -164.4266 9 23 7
2  45.0 45.0 0.00
707 -30.7078 -158.7663 6 15 7
2  45.0 45.0 0.00
708 2.2762 -14.8518 7 15 7
2  45.0 45.0 0.00
709 -35.1521 -102.9965 3 21 6
2  45.0 45.0 0.00
710 -43.4347 163.7828 7 21 8
2  45.0 45.0 0.00
711 18.6748 140.2325 4 24 9
2  45.0 45.0 0.00
712 21.6694 -108.2846 9 22 9
2  45.0 45.0 0.00
713 7.4630 48.8745 9 25 8
2  45.0 45.0 0.00
714 36.8510 113.6053 1 24 7
2  45.0 45.0 0.00
715 -33.0569 21.5149 9 17 8
2  45.0 45.0 0.00
716 37.0093 35.5255 1 23 9
2  45.0 45.0 0.00
717 -50.4924 33.0319 8 28 6
2  45.0 45.0 0.00
718 -18.9985 -14.8827 10 16 8
2  45.0 45.0 0.00
719 -18.8400 163.9023 10 17 7
2  45.0 45.0 0.00
720 3.4571 9.0580 8 25 6
2  45.0 45.0 0.00
721 -23.8851 -59.5244 8 15 9
2  45.0 45.0 0.00
722 -40.6602 72.4571 2 29 9
2  45.0 45.0 0.00
723 -41.7909 37.6872 10 23 5
2  45.0 45.0 0.00
724 50.7369 92.7277 9 22 8
2  45.0 45.0 0.00
725 -11.7669 88.8439 8 28 7
2  45.0 45.0 0.00
726 -28.3171 -49.2335 6 24 9
2  45.0 45.0 0.00
727 -18.6578 131.7495 5 20 5
2  45.0 45.0 0.00
728 20.0343 29.7200 5 15 5
2  45.0 45.0 0.00
729 12.6669 4.1530 8 16 8
2  45.0 45.0 0.00
730 23.0632 -46.2649 9 16 8
2  45.0 45.0 0.00
731 29.1539 -162.4889 8 29 7
2  45.0 45.0 0.00
732 2.9553 -19.2987 4 22 6
2  45.0 45.0 0.00
733 26.8363 -151.3434 9 15 7
2  45.0 45.0 0.00
734 -27.5838 -87.3978 7 21 8
2  45.0 45.0 0.00
735 -11.0140 73.7650 2 20 9
2  45.0 45.0 0.00
736 40.0103 42.4767 2 16 8
2  45.0 45.0 0.00
737 38.3054 -79.7674 9 28 5
2  45.0 45.0 0.00
738 -23.8138 143.5560 8 28 8
2  45.0 45.0 0.00
739 -27.2833 -146.7390 10 26 5
2  45.0 45.0 0.00
740 4.2291 -1.5883 1 25 5
2  45.0 45.0 0.00
741 -4.2030 162.2958 6 21 7
2  45.0 45.0 0.00
742 -45.5658 57.0731 4 29 6
2  45.0 45.0 0.00
743 43.4483 -66.6044 5 26 7
2  45.0 45.0 0.00
744 -2.6766 -123.4971 1 27 8
2  45.0 45.0 0.00
745 -16.8531 -39.7709 4 24 8
2  45.0 45.0 0.00
746 -20.8075 147.6812 10 17 9
2  45.0 45.0 0.00
747 -12.5220 160.6673 7 15 5
2  45.0 45.0 0.00
748 43.5183 127.9889 4 21 9
2  45.0 45.0 0.00
749 12.3813 147.7210 7 23 6
2  45.0 45.0 0.00
750 45.3280 -70.6533 1 20 5
2  45.0 45.0 0.00
751 -12.4078 60.2786 6 28 8
2  45.0 45.0 0.00
752 -45.4927 -62.7290 3 25 7
2  45.0 45.0 0.00
753 -36.0497 -13.7171 1 15 8
2  45.0 45.0 0.00
754 49.1407 -75.8721 2 24 5
2  45.0 45.0 0.00
755 12.6378 91.7091 2 29 5
2  45.0 45.0 0.00
756 -7.3487 127.3562 8 19 8
2  45.0 45.0 0.00
757 52.9960 8.4988 1 15 6
2  45.0 45.0 0.00
758 22.7293 -171.4073 3 19 9
2  45.0 45.0 0.00
759 8.9885 -117.8519 4 27 8
2  45.0 45.0 0.00
760 -36.5798 132.1628 5 27 5
2  45.0 45.0 0.00
761 14.6681 49.9880 1 20 5
2  45.0 45.0 0.00
762 13.5890 64.7327 10 27 9
2  45.0 45.0 0.00
763 -29.9921 -177.7686 9 29 7
2  45.0 45.0 0.00
764 14.4479 -26.2268 1 24 7
2  45.0 45.0 0.00
765 46.6106 177.5905 4 26 8
2  45.0 45.0 0.00
766 -5.6613 157.3276 6 17 8
2  45.0 45.0 0.00
767 6.7367 -164.8650 7 16 8
2  45.0 45.0 0.00
768 -14.7227 -124.0345 4 29 7
2  45.0 45.0 0.00
769 -49.3309 -103.3219 6 19 5
2  45.0 45.0 0.00
770 8.3315 -101.6166 2 18 8
2  45.0 45.0 0.00
771 24.1425 -104.2904 9 19 9
2  45.0 45.0 0.00
772 15.3776 129.9591 2 25 7
2  45.0 45.0 0.00
773 20.2647 -3.9140 5 17 6
2  45.0 45.0 0.00
774 -34.4485 138.2199 3 19 6
2  45.0 45.0 0.00
775 -2.0308 -24.0252 7 18 9
2  45.0 45.0 0.00
776 24.0332 60.5254 4 25 7
2  45.0 45.0 0.00
777 -28.7409 70.3553 10 21 8
2  45.0 45.0 0.00
778 -15.5556 82.5771 9 19 7
2  45.0 45.0 0.00
779 0.0115 -4.6741 8 22 9
2  45.0 45.0 0.00
780 4.8216 -167.0843 10 29 9
2  45.0 45.0 0.00
781 20.6334 159.2607 10 15 5
2  45.0 45.0 0.00
782 -21.7834 -179.8898 4 21 7
2  45.0 45.0 0.00
783 50.5562 -120.9240 4 16 7
2  45.0 45.0 0.00
784 52.5490 -161.3633 3 20 7
2  45.0 45.0 0.00
785 -5.7628 23.4731 9 25 7
2  45.0 45.0 0.00
786 52.3454 159.8452 2 18 9
2  45.0 45.0 0.00
787 20.2302 75.4412 9 27 8
2  45.0 45.0 0.00
788 -22.6343 57.6049 3 20 7
2  45.0 45.0 0.00
789 -15.5880 -65.1545 6 28 5
2  45.0 45.0 0.00
790 -17.3831 -30.0358 8 29 8
2  45.0 45.0 0.00
791 -0.6659 54.3662 10 22 9
2  45.0 45.0 0.00
792 -39.2781 -94.3537 5 23 9
2  45.0 45.0 0.00
793 -15.8489 87.8864 4 21 8
2  45.0 45.0 0.00
794 -24.6570 -69.9655 7 20 6
2  45.0 45.0 0.00
795 -17.4124 66.6815 10 29 9
2  45.0 45.0 0.00
796 -39.5785 68.6889 6 22 8
2  45.0 45.0 0.00
797 8.1893 -179.3623 9 23 5
2  45.0 45.0 0.00
798 -48.7776 -93.1599 4 28 5
2  45.0 45.0 0.00
799 -47.8524 -141.8850 2 22 5
2  45.0 45.0 0.00
800 11.5343 145.9265 3 18 7
2  45.0 45.0 0.00
801 -49.7821 -173.7297 5 24 8
2  45.0 45.0 0.00
802 32.7001 71.1929 6 23 7
2  45.0 45.0 0.00
803 -6.5032 80.0286 4 27 5
2  45.0 45.0 0.00
804 -16.0367 -116.0507 8 19 6
2  45.0 45.0 0.00
805 -50.2266 -37.3001 7 18 5
2  45.0 45.0 0.00
806 -28.6352 -105.4442 10 28 8
2  45.0 45.0 0.00
807 -29.5457 -19.0600 10 15 6
2  45.0 45.0 0.00
808 6.3430 -56.3188 9 27 7
2  45.0 45.0 0.00
809 -16.7400 65.2430 6 22 9
2  45.0 45.0 0.00
810 -18.4164 -77.3753 7 21 6
2  45.0 45.0 0.00
811 -7.2952 28.2747 9 28 9
2  45.0 45.0 0.00
812 14.2007 111.0619 5 22 8
2  45.0 45.0 0.00
813 10.7475 111.3361 4 28 7
2  45.0 45.0 0.00
814 52.1089 73.6023 2 23 6
2  45.0 45.0 0.00
815 -52.4539 -63.6611 3 27 8
2  45.0 45.0 0.00
816 -16.4370 143.9972 4 20 7
2  45.0 45.0 0.00
817 47.1475 97.5587 7 24 8
2  45.0 45.0 0.00
818 15.1290 5.0378 5 17 8
2  45.0 45.0 0.00
819 26.6415 120.9073 2 16 5
2  45.0 45.0 0.00
820 3.4777 107.3442 10 15 8
2  45.0 45.0 0.00
821 12.9118 78.1320 8 18 5
2  45.0 45.0 0.00
822 -41.5505 95.2082 9 17 7
2  45.0 45.0 0.00
823 24.8015 -23.2607 2 15 5
2  45.0 45.0 0.00
824 35.0219 -109.4510 4 16 9
2  45.0 45.0 0.00
825 -2.3744 11.9023 5 26 5
2  45.0 45.0 0.00
826 -35.0544 -89.4226 5 24 9
2  45.0 45.0 0.00
827 4.9560 140.0247 8 25 8
2  45.0 45.0 0.00
828 -28.8580 21.9174 10 23 9
2  45.0 45.0 0.00
829 40.0955 -43.1497 4 24 8
2  45.0 45.0 0.00
830 -19.5095 102.1614 5 28 8
2  45.0 45.0 0.00
831 -17.2950 75.3742 1 15 6
2  45.0 45.0 0.00
832 -43.5927 161.0541 3 17 7
2  45.0 45.0 0.00
833 37.7795 -137.2067 8 18 8
2  45.0 45.0 0.00
834 36.5720 95.3591 6 19 5
2  45.0 45.0 0.00
835 -24.4315 46.1269 2 17 8
2  45.0 45.0 0.00
836 -42.6692 143.6107 7 16 7
2  45.0 45.0 0.00
837 -12.1353 -50.3589 2 28 9
2  45.0 45.0 0.00
838 35.7625 132.1046 5 21 7
2  45.0 45.0 0.00
839 -23.2795 -37.9118 9 15 6
2  45.0 45.0 0.00
840 27.4952 -131.2533 6 28 5
2  45.0 45.0 0.00
841 5.4125 -5.7374 7 25 7
2  45.0 45.0 0.00
842 22.1231 13.4179 9 21 7
2  45.0 45.0 0.00
843 -32.8781 131.9842 2 23 7
2  45.0 45.0 0.00
844 -0.3926 -92.7800 4 21 6
2  45.0 45.0 0.00
845 50.6745 -69.6408 8 26 6
2  45.0 45.0 0.00
846 39.7314 45.8460 9 29 5
2  45.0 45.0 0.00
847 48.9776 -170.7793 9 29 9
2  45.0 45.0 0.00
848 42.5541 60.3577 7 19 9
2  45.0 45.0 0.00
849 -21.1883 -19.5561 8 27 6
2  45.0 45.0 0.00
850 -9.1415 116.7588 8 23 9
2  45.0 45.0 0.00
851 1.8138 72.0386 1 23 7
2  45.0 45.0 0.00
852 -27.0821 75.9658 7 20 8
2  45.0 45.0 0.00
853 -44.3760 26.5074 10 20 8
2  45.0 45.0 0.00
854 -35.5931 148.3473 2 23 8
2  45.0 45.0 0.00
855 34.8354 166.6701 5 21 7
2  45.0 45.0 0.00
856 3.4327 -18.6492 5 20 8
2  45.0 45.0 0.00
857 -47.6476 -168.7767 5 16 5
2  45.0 45.0 0.00
858 -25.2338 -9.5122 4 23 6
2  45.0 45.0 0.00
859 -32.8136 -78.4957 4 23 5
2  45.0 45.0 0.00
860 24.0067 -146.4424 7 16 6
2  45.0 45.0 0.00
861 0.1784 -91.1765 6 27 7
2  45.0 45.0 0.00
862 5.7387 -84.9375 3 29 9
2  45.0 45.0 0.00
863 31.4090 -58.8883 1 26 6
2  45.0 45.0 0.00
864 -47.6806 -1.5390 9 19 7
2  45.0 45.0 0.00
865 20.2078 -50.9738 10 18 7
2  45.0 45.0 0.00
866 4.9480 -39.7374 3 20 9
2  45.0 45.0 0.00
867 -6.4482 -58.6749 7 17 5
2  45.0 45.0 0.00
868 32.1988 -97.8417 10 24 9
2  45.0 45.0 0.00
869 52.7756 4.3024 8 23 6
2  45.0 45.0 0.00
870 37.5257 0.1963 6 20 5
2  45.0 45.0 0.00
871 -28.5401 98.6271 6 25 6
2  45.0 45.0 0.00
872 -37.8126 -166.7208 9 20 6
2  45.0 45.0 0.00
873 -35.5609 141.0916 7 15 6
2  45.0 45.0 0.00
874 -4.3145 -110.1199 7 25 6
2  45.0 45.0 0.00
875 34.1284 137.6203 1 22 8
2  45.0 45.0 0.00
876 -34.0591 100.9433 10 29 9
2  45.0 45.0 0.00
877 -48.1098 -163.9299 4 17 6
2  45.0 45.0 0.00
878 17.5116 49.4334 5 27 6
2  45.0 45.0 0.00
879 28.2888 126.5732 9 20 5
2  45.0 45.0 0.00
880 -41.7680 -3.1557 7 19 8
2  45.0 45.0 0.00
881 16.9499 102.6672 2 16 5
2  45.0 45.0 0.00
882 -16.0617 -78.8576 8 16 7
2  45.0 45.0 0.00
883 -14.5348 -143.2195 7 22 9
2  45.0 45.0 0.00
884 -40.2926 71.5773 7 25 9
2  45.0 45.0 0.00
885 34.1301 -43.2492 10 22 7
2  45.0 45.0 0.00
886 49.8596 0.8843 4 19 5
2  45.0 45.0 0.00
887 19.8701 -7.4466 9 19 8
2  45.0 45.0 0.00
888 -25.3396 162.7711 8 16 7
2  45.0 45.0 0.00
889 -12.2692 24.3168 2 20 7
2  45.0 45.0 0.00
890 17.4590 -60.9372 5 22 7
2  45.0 45.0 0.00
891 -9.8436 112.3592 5 22 8
2  45.0 45.0 0.00
892 -23.3156 -76.2194 3 25 8
2  45.0 45.0 0.00
893 36.6780 163.3984 9 15 8
2  45.0 45.0 0.00
894 40.6578 104.0830 10 26 5
2  45.0 45.0 0.00
895 -35.2196 37.3254 4 16 8
2  45.0 45.0 0.00
896 -26.0298 175.4417 7 29 9
2  45.0 45.0 0.00
897 14.8022 172.5980 7 26 7
2  45.0 45.0 0.00
898 39.7866 175.3826 4 25 7
2  45.0 45.0 0.00
899 50.1028 -79.3760 5 19 8
2  45.0 45.0 0.00
