0 30.2430 -57.4604 4 15 9
2  45.0 45.0 0.00
1 -46.7680 -124.8251 9 28 7
2  45.0 45.0 0.00
2 31.9061 147.5893 1 22 6
2  45.0 45.0 0.00
3 -42.3426 98.9508 1 17 8
2  45.0 45.0 0.00
4 -27.0154 2.3417 4 18 5
2  45.0 45.0 0.00
5 -41.8671 -113.1324 10 17 5
2  45.0 45.0 0.00
6 36.3402 -27.2507 7 15 8
2  45.0 45.0 0.00
7 12.0358 -43.6843 10 22 6
2  45.0 45.0 0.00
8 -3.0410 -2.7237 5 24 9
2  45.0 45.0 0.00
9 48.3678 79.5554 10 20 6
2  45.0 45.0 0.00
10 28.8695 -122.9424 10 29 5
2  45.0 45.0 0.00
11 -23.4465 -133.8929 2 27 9
2  45.0 45.0 0.00
12 39.5432 -176.6506 8 26 8
2  45.0 45.0 0.00
13 -13.0701 142.4334 2 27 6
2  45.0 45.0 0.00
14 23.5200 -71.4244 5 28 6
2  45.0 45.0 0.00
15 26.7865 132.5292 9 18 5
2  45.0 45.0 0.00
16 -12.2917 106.9709 1 28 5
2  45.0 45.0 0.00
17 19.5399 -15.5931 9 27 7
2  45.0 45.0 0.00
18 -1.5402 7.5875 7 24 7
2  45.0 45.0 0.00
19 -4.0272 71.0037 7 27 9
2  45.0 45.0 0.00
20 -46.5709 140.4232 6 15 9
2  45.0 45.0 0.00
21 -3.1000 -98.7937 3 25 6
2  45.0 45.0 0.00
22 -9.4690 145.9904 4 24 9
2  45.0 45.0 0.00
23 -44.9538 -138.0827 5 24 9
2  45.0 45.0 0.00
24 44.5212 -165.1077 5 18 8
2  45.0 45.0 0.00
25 -31.7141 63.9885 10 22 8
2  45.0 45.0 0.00
26 -47.1201 -176.5471 5 20 7
2  45.0 45.0 0.00
27 -0.6386 89.0872 10 16 9
2  45.0 45.0 0.00
28 -4.3708 81.1643 4 23 6
2  45.0 45.0 0.00
29 8.4738 127.6806 3 26 5
2  45.0 45.0 0.00
30 -16.3695 -146.2866 6 28 6
2  45.0 45.0 0.00
31 -50.9559 56.2906 7 20 9
2  45.0 45.0 0.00
32 31.0589 77.0909 1 16 9
2  45.0 45.0 0.00
33 -10.4857 5.1928 3 16 9
2  45.0 45.0 0.00
34 -18.1850 -170.1661 10 24 7
2  45.0 45.0 0.00
35 -32.3772 -11.6588 1 29 7
2  45.0 45.0 0.00
36 -16.3089 138.5047 4 22 5
2  45.0 45.0 0.00
37 48.9532 -152.1714 1 15 9
2  45.0 45.0 0.00
38 35.7870 -38.6920 10 18 9
2  45.0 45.0 0.00
39 25.9302 45.0540 6 25 9
2  45.0 45.0 0.00
40 -46.0552 101.2491 9 28 5
2  45.0 45.0 0.00
41 -19.2650 -14.2087 3 20 6
2  45.0 45.0 0.00
42 5.4770 60.3643 5 28 7
2  45.0 45.0 0.00
43 43.2770 -100.1310 7 29 8
2  45.0 45.0 0.00
44 -18.6796 -6.9200 4 17 9
2  45.0 45.0 0.00
45 46.2077 100.8239 1 25 9
2  45.0 45.0 0.00
46 7.3569 92.4783 3 15 8
2  45.0 45.0 0.00
47 6.8789 167.2740 4 20 9
2  45.0 45.0 0.00
48 0.1369 67.8436 8 25 7
2  45.0 45.0 0.00
49 -34.9869 -0.4343 4 26 6
2  45.0 45.0 0.00
50 2.4132 45.4358 7 28 8
2  45.0 45.0 0.00
51 8.9823 44.1514 6 29 5
2  45.0 45.0 0.00
52 4.0479 99.9147 3 21 5
2  45.0 45.0 0.00
53 31.2472 45.8204 10 18 5
2  45.0 45.0 0.00
54 47.0241 122.5297 2 16 5
2  45.0 45.0 0.00
55 14.3442 104.1731 9 25 7
2  45.0 45.0 0.00
56 -6.6644 177.3909 10 21 6
2  45.0 45.0 0.00
57 46.9786 121.4072 8 21 5
2  45.0 45.0 0.00
58 46.8787 172.3882 8 20 8
2  45.0 45.0 0.00
59 23.7175 -88.8316 3 24 7
2  45.0 45.0 0.00
60 4.5215 -95.8187 6 24 5
2  45.0 45.0 0.00
61 19.3350 9.9088 8 28 8
2  45.0 45.0 0.00
62 31.3091 142.2854 9 21 5
2  45.0 45.0 0.00
63 4.8162 -46.6275 9 17 6
2  45.0 45.0 0.00
64 48.4996 -107.9086 10 17 7
2  45.0 45.0 0.00
65 49.2653 -0.3973 2 21 9
2  45.0 45.0 0.00
66 -12.4998 -118.9417 2 18 9
2  45.0 45.0 0.00
67 -31.4512 -54.3759 4 18 7
2  45.0 45.0 0.00
68 -8.9390 163.8031 1 24 6
2  45.0 45.0 0.00
69 -48.0164 14.5406 10 18 9
2  45.0 45.0 0.00
70 -15.5533 -147.5482 7 19 7
2  45.0 45.0 0.00
71 -16.7054 -147.9645 7 18 9
2  45.0 45.0 0.00
72 -33.5480 -156.9961 8 15 8
2  45.0 45.0 0.00
73 13.3309 66.5347 5 22 8
2  45.0 45.0 0.00
74 -32.1732 -133.1844 7 24 6
2  45.0 45.0 0.00
75 -52.7313 19.0744 6 28 7
2  45.0 45.0 0.00
76 -8.0161 -73.2058 2 24 5
2  45.0 45.0 0.00
77 -22.0551 134.5174 8 24 6
2  45.0 45.0 0.00
78 -40.8838 -137.8807 1 18 8
2  45.0 45.0 0.00
79 -15.7124 142.0888 9 29 8
2  45.0 45.0 0.00
80 -14.6072 -159.4532 4 21 5
2  45.0 45.0 0.00
81 -29.3379 -13.9528 5 15 9
2  45.0 45.0 0.00
82 30.6782 -111.2750 7 26 9
2  45.0 45.0 0.00
83 41.0071 -33.3819 4 28 9
2  45.0 45.0 0.00
84 26.7229 -172.6672 2 17 8
2  45.0 45.0 0.00
85 -44.5750 140.1056 6 28 6
2  45.0 45.0 0.00
86 -41.5686 27.2165 3 17 5
2  45.0 45.0 0.00
87 -14.0660 135.1663 8 22 8
2  45.0 45.0 0.00
88 35.0532 120.9984 6 25 8
2  45.0 45.0 0.00
89 44.8805 -50.1951 3 20 7
2  45.0 45.0 0.00
90 47.1168 175.0440 10 15 7
2  45.0 45.0 0.00
91 -16.7663 141.9383 6 24 8
2  45.0 45.0 0.00
92 -17.5912 33.6241 4 24 8
2  45.0 45.0 0.00
93 -30.3355 -162.6057 6 23 5
2  45.0 45.0 0.00
94 -51.7919 155.8332 10 18 6
2  45.0 45.0 0.00
95 44.0956 -55.2456 4 22 7
2  45.0 45.0 0.00
96 23.2047 10.0296 6 21 6
2  45.0 45.0 0.00
97 -40.1093 4.1424 3 23 8
2  45.0 45.0 0.00
98 -2.8589 -100.9544 5 27 6
2  45.0 45.0 0.00
99 -27.8472 -116.9872 2 28 5
2  45.0 45.0 0.00
100 39.7589 96.8838 1 18 7
2  45.0 45.0 0.00
101 -51.7675 92.1812 10 25 5
2  45.0 45.0 0.00
102 52.5005 -28.8413 7 16 5
2  45.0 45.0 0.00
103 32.4557 -130.3723 7 19 7
2  45.0 45.0 0.00
104 21.4448 -13.7161 5 29 8
2  45.0 45.0 0.00
105 30.9336 -133.1198 6 29 5
2  45.0 45.0 0.00
106 25.5419 -14.4884 2 19 7
2  45.0 45.0 0.00
107 47.6778 -76.2350 8 15 6
2  45.0 45.0 0.00
108 -14.2516 117.8391 3 20 9
2  45.0 45.0 0.00
109 -47.3667 -143.0508 5 25 8
2  45.0 45.0 0.00
110 -42.4598 142.3412 4 20 8
2  45.0 45.0 0.00
111 -9.2025 102.3163 4 23 9
2  45.0 45.0 0.00
112 40.4289 111.6258 2 22 5
2  45.0 45.0 0.00
113 3.7665 -140.5245 10 23 6
2  45.0 45.0 0.00
114 1.9026 -139.2680 8 28 6
2  45.0 45.0 0.00
115 39.7477 -157.3169 1 15 6
2  45.0 45.0 0.00
116 20.0541 -31.5855 5 20 8
2  45.0 45.0 0.00
117 36.6303 -143.6645 1 23 6
2  45.0 45.0 0.00
118 -35.4486 91.5475 3 16 6
2  45.0 45.0 0.00
119 5.8808 -63.4506 4 20 5
2  45.0 45.0 0.00
120 47.0099 4.3675 9 20 9
2  45.0 45.0 0.00
121 51.5469 -175.1327 9 16 8
2  45.0 45.0 0.00
122 -15.8814 94.8212 5 18 7
2  45.0 45.0 0.00
123 -3.2709 -9.6879 6 25 5
2  45.0 45.0 0.00
124 -6.9323 21.9357 1 20 5
2  45.0 45.0 0.00
125 27.9470 -176.0985 6 25 9
2  45.0 45.0 0.00
126 5.4304 79.3056 5 29 6
2  45.0 45.0 0.00
127 -34.2319 -155.8785 6 21 9
2  45.0 45.0 0.00
128 35.1971 -171.8568 1 27 8
2  45.0 45.0 0.00
129 -10.3682 1.9158 10 24 8
2  45.0 45.0 0.00
130 -44.2666 38.7434 9 19 5
2  45.0 45.0 0.00
131 -12.4489 -130.3776 5 19 6
2  45.0 45.0 0.00
132 50.3981 -58.4680 2 17 6
2  45.0 45.0 0.00
133 13.7675 109.8636 9 27 9
2  45.0 45.0 0.00
134 -10.3734 -172.9012 4 27 9
2  45.0 45.0 0.00
135 -9.3300 85.1847 3 23 5
2  45.0 45.0 0.00
136 -25.6171 -44.7675 2 29 5
2  45.0 45.0 0.00
137 47.0226 -35.3379 4 29 9
2  45.0 45.0 0.00
138 -48.8430 106.4329 2 16 9
2  45.0 45.0 0.00
139 -0.5873 129.1576 1 23 9
2  45.0 45.0 0.00
140 10.2831 56.2009 4 25 6
2  45.0 45.0 0.00
141 -46.3568 109.3525 5 20 8
2  45.0 45.0 0.00
142 15.4689 16.0281 1 17 5
2  45.0 45.0 0.00
143 10.5796 -48.6153 9 17 9
2  45.0 45.0 0.00
144 -28.8275 127.3129 10 28 9
2  45.0 45.0 0.00
145 11.2881 140.4528 3 15 9
2  45.0 45.0 0.00
146 5.6402 -124.1593 8 25 9
2  45.0 45.0 0.00
147 10.8348 70.4778 6 23 7
2  45.0 45.0 0.00
148 -38.1756 -157.6716 4 17 9
2  45.0 45.0 0.00
149 -0.5623 53.8432 5 29 9
2  45.0 45.0 0.00
150 -39.2728 76.4925 5 26 9
2  45.0 45.0 0.00
151 25.7965 92.1899 1 27 5
2  45.0 45.0 0.00
152 -34.7124 108.2225 9 21 5
2  45.0 45.0 0.00
153 -0.9731 125.3413 5 20 8
2  45.0 45.0 0.00
154 42.8278 97.2150 3 24 7
2  45.0 45.0 0.00
155 -35.4020 66.5764 9 29 6
2  45.0 45.0 0.00
156 48.4342 153.6284 8 15 7
2  45.0 45.0 0.00
157 36.1174 -29.8176 6 26 8
2  45.0 45.0 0.00
158 36.6900 123.1107 9 22 8
2  45.0 45.0 0.00
159 -17.0411 47.0433 2 16 7
2  45.0 45.0 0.00
160 15.5316 -68.3954 10 20 8
2  45.0 45.0 0.00
161 -14.8972 -147.9682 6 18 5
2  45.0 45.0 0.00
162 -46.8066 95.9831 10 22 6
2  45.0 45.0 0.00
163 -26.9474 88.1979 10 29 7
2  45.0 45.0 0.00
164 -45.1934 -140.9817 7 24 8
2  45.0 45.0 0.00
165 -46.4215 -84.0686 5 29 6
2  45.0 45.0 0.00
166 3.7464 25.0665 5 23 6
2  45.0 45.0 0.00
167 15.5729 24.8034 2 20 9
2  45.0 45.0 0.00
168 26.6859 -112.9501 3 23 8
2  45.0 45.0 0.00
169 -44.5717 -60.8592 8 18 8
2  45.0 45.0 0.00
170 9.9895 49.4764 10 24 8
2  45.0 45.0 0.00
171 4.0429 67.0648 10 23 6
2  45.0 45.0 0.00
172 -43.1437 -144.0042 6 28 8
2  45.0 45.0 0.00
173 -1.1873 -107.1635 4 17 5
2  45.0 45.0 0.00
174 18.7494 -41.0795 3 16 6
2  45.0 45.0 0.00
175 41.0641 8.8623 9 27 5
2  45.0 45.0 0.00
176 24.4982 -157.4679 4 19 7
2  45.0 45.0 0.00
177 42.1783 146.8165 9 26 7
2  45.0 45.0 0.00
178 48.8260 179.7662 7 16 6
2  45.0 45.0 0.00
179 16.0871 -72.6075 2 28 7
2  45.0 45.0 0.00
180 39.9820 -118.7274 3 15 7
2  45.0 45.0 0.00
181 -30.9149 5.7505 3 21 9
2  45.0 45.0 0.00
182 -51.5665 127.3380 1 23 9
2  45.0 45.0 0.00
183 -49.7781 113.0988 8 21 9
2  45.0 45.0 0.00
184 8.5834 -29.3312 5 25 7
2  45.0 45.0 0.00
185 18.8182 -65.3601 4 26 5
2  45.0 45.0 0.00
186 9.4430 48.8009 3 21 8
2  45.0 45.0 0.00
187 6.4568 -175.2356 5 28 5
2  45.0 45.0 0.00
188 -12.5149 -14.7347 7 28 6
2  45.0 45.0 0.00
189 -41.6679 -14.6606 6 16 7
2  45.0 45.0 0.00
190 35.7858 120.6401 2 15 9
2  45.0 45.0 0.00
191 -4.3815 -21.2762 7 22 5
2  45.0 45.0 0.00
192 41.3300 94.3305 6 20 8
2  45.0 45.0 0.00
193 -12.9357 -27.7374 5 26 7
2  45.0 45.0 0.00
194 -51.1810 160.9438 3 19 5
2  45.0 45.0 0.00
195 -40.0781 8.0302 2 19 9
2  45.0 45.0 0.00
196 -29.8651 -101.7699 3 17 9
2  45.0 45.0 0.00
197 26.9212 26.6883 5 22 5
2  45.0 45.0 0.00
198 -40.2785 4.1064 10 26 8
2  45.0 45.0 0.00
199 12.7101 -152.6737 8 18 9
2  45.0 45.0 0.00
200 19.4992 64.3131 3 23 6
2  45.0 45.0 0.00
201 41.3968 19.8996 1 28 9
2  45.0 45.0 0.00
202 46.2540 -139.8251 6 23 9
2  45.0 45.0 0.00
203 18.2956 36.8825 4 21 6
2  45.0 45.0 0.00
204 32.2061 144.9237 7 25 7
2  45.0 45.0 0.00
205 0.6100 -117.0417 1 24 7
2  45.0 45.0 0.00
206 -48.1241 -81.8937 5 20 8
2  45.0 45.0 0.00
207 4.1983 48.3533 6 26 9
2  45.0 45.0 0.00
208 -31.9382 65.3844 6 25 7
2  45.0 45.0 0.00
209 -52.1078 166.9043 1 28 6
2  45.0 45.0 0.00
210 -51.1498 50.8551 1 15 6
2  45.0 45.0 0.00
211 29.8272 168.6289 5 15 6
2  45.0 45.0 0.00
212 22.8590 142.1885 6 22 6
2  45.0 45.0 0.00
213 17.3672 86.3771 6 27 6
2  45.0 45.0 0.00
214 -48.9418 117.0019 9 23 8
2  45.0 45.0 0.00
215 -40.0460 -114.0965 5 18 7
2  45.0 45.0 0.00
216 4.4659 -78.9441 1 20 6
2  45.0 45.0 0.00
217 -10.0981 -84.3808 5 16 6
2  45.0 45.0 0.00
218 7.5464 28.7910 8 22 6
2  45.0 45.0 0.00
219 -20.8048 -111.8844 8 21 9
2  45.0 45.0 0.00
220 -24.5411 -124.4280 4 23 7
2  45.0 45.0 0.00
221 -32.6004 -160.1149 1 19 8
2  45.0 45.0 0.00
222 10.4223 94.1140 3 23 6
2  45.0 45.0 0.00
223 -6.8963 3.0962 1 17 9
2  45.0 45.0 0.00
224 -10.7874 49.5119 2 22 7
2  45.0 45.0 0.00
225 -4.4191 -58.5112 3 19 9
2  45.0 45.0 0.00
226 45.8978 98.9501 2 18 5
2  45.0 45.0 0.00
227 -11.8970 83.3739 9 28 6
2  45.0 45.0 0.00
228 -15.9532 175.8841 3 19 5
2  45.0 45.0 0.00
229 32.8351 -179.5865 2 19 6
2  45.0 45.0 0.00
230 31.2836 -179.7562 4 23 9
2  45.0 45.0 0.00
231 13.8804 61.9026 10 29 6
2  45.0 45.0 0.00
232 37.6279 80.5213 6 20 7
2  45.0 45.0 0.00
233 34.2870 13.1551 4 22 6
2  45.0 45.0 0.00
234 21.5547 32.4703 7 29 7
2  45.0 45.0 0.00
235 -9.5755 -66.7085 8 21 7
2  45.0 45.0 0.00
236 -4.5409 -159.8264 5 16 7
2  45.0 45.0 0.00
237 45.8260 -105.9045 4 20 5
2  45.0 45.0 0.00
238 22.8761 99.3494 2 25 8
2  45.0 45.0 0.00
239 13.3378 51.8504 5 25 8
2  45.0 45.0 0.00
240 -24.0383 3.0744 4 28 7
2  45.0 45.0 0.00
241 -31.2771 -159.0861 7 15 5
2  45.0 45.0 0.00
242 -19.4776 -98.3160 6 22 9
2  45.0 45.0 0.00
243 31.6879 34.0360 2 26 6
2  45.0 45.0 0.00
244 12.4700 -116.1567 5 20 6
2  45.0 45.0 0.00
245 45.3018 145.7876 10 19 5
2  45.0 45.0 0.00
246 28.1575 30.7704 2 26 5
2  45.0 45.0 0.00
247 47.5539 -120.4602 2 23 9
2  45.0 45.0 0.00
248 39.6680 -109.3466 2 18 7
2  45.0 45.0 0.00
249 -1.1753 -86.1839 9 28 7
2  45.0 45.0 0.00
250 -49.6840 133.0460 7 22 6
2  45.0 45.0 0.00
251 -42.8367 -140.0094 8 25 7
2  45.0 45.0 0.00
252 -21.2035 94.2620 8 28 9
2  45.0 45.0 0.00
253 24.4622 -13.4169 9 21 8
2  45.0 45.0 0.00
254 14.1568 -178.7033 2 27 5
2  45.0 45.0 0.00
255 -8.3335 150.0893 6 28 6
2  45.0 45.0 0.00
256 17.6782 -169.9593 5 26 7
2  45.0 45.0 0.00
257 41.9828 -158.7508 2 22 6
2  45.0 45.0 0.00
258 35.7789 -6.7883 1 15 5
2  45.0 45.0 0.00
259 -41.0869 -64.2694 9 19 8
2  45.0 45.0 0.00
260 -50.2247 128.0543 2 18 6
2  45.0 45.0 0.00
261 -50.0658 -177.7962 10 22 8
2  45.0 45.0 0.00
262 -34.0296 -98.1415 3 20 5
2  45.0 45.0 0.00
263 -24.1599 169.0026 1 20 9
2  45.0 45.0 0.00
264 18.2055 163.9023 10 15 8
2  45.0 45.0 0.00
265 -36.8445 -179.1368 4 25 5
2  45.0 45.0 0.00
266 -42.4097 41.1017 5 17 6
2  45.0 45.0 0.00
267 32.9733 110.5821 5 22 7
2  45.0 45.0 0.00
268 41.3339 17.8041 1 27 5
2  45.0 45.0 0.00
269 11.6761 -131.3364 9 28 5
2  45.0 45.0 0.00
270 -37.8488 164.0532 7 21 8
2  45.0 45.0 0.00
271 -45.4848 125.6948 5 24 9
2  45.0 45.0 0.00
272 -50.3199 -64.0883 9 20 6
2  45.0 45.0 0.00
273 6.8682 -164.9963 2 17 8
2  45.0 45.0 0.00
274 -3.7202 -4.6463 3 27 8
2  45.0 45.0 0.00
275 -40.0368 -124.3343 1 28 8
2  45.0 45.0 0.00
276 -51.1732 -132.6958 8 23 7
2  45.0 45.0 0.00
277 -37.7143 -122.6488 3 21 8
2  45.0 45.0 0.00
278 48.9632 -112.7184 4 22 8
2  45.0 45.0 0.00
279 7.2043 -118.5004 1 22 9
2  45.0 45.0 0.00
280 7.2583 176.4486 4 17 9
2  45.0 45.0 0.00
281 16.5193 -141.5729 2 25 8
2  45.0 45.0 0.00
282 44.1247 162.0665 4 28 6
2  45.0 45.0 0.00
283 41.7516 90.7967 9 27 9
2  45.0 45.0 0.00
284 -10.0185 48.3349 1 21 6
2  45.0 45.0 0.00
285 -23.5309 165.0466 3 17 8
2  45.0 45.0 0.00
286 47.8550 44.3564 5 29 7
2  45.0 45.0 0.00
287 -50.1275 164.6137 2 25 6
2  45.0 45.0 0.00
288 -49.0289 -10.7263 7 24 6
2  45.0 45.0 0.00
289 -51.7564 -75.5634 5 19 9
2  45.0 45.0 0.00
290 33.4698 -68.6525 2 23 9
2  45.0 45.0 0.00
291 46.0264 28.9501 10 27 7
2  45.0 45.0 0.00
292 20.9222 156.5257 9 29 6
2  45.0 45.0 0.00
293 -21.9358 168.4648 4 22 5
2  45.0 45.0 0.00
294 46.2821 -164.5290 8 22 6
2  45.0 45.0 0.00
295 46.1398 171.1399 1 15 9
2  45.0 45.0 0.00
296 51.7183 49.4670 3 19 7
2  45.0 45.0 0.00
297 15.0693 -156.0852 7 16 7
2  45.0 45.0 0.00
298 -5.6517 -137.6912 3 17 7
2  45.0 45.0 0.00
299 -42.1170 -3.5925 10 20 5
2  45.0 45.0 0.00
300 -48.3599 109.6702 2 19 5
2  45.0 45.0 0.00
301 28.9144 113.7251 3 18 9
2  45.0 45.0 0.00
302 48.6352 22.5773 10 29 6
2  45.0 45.0 0.00
303 -46.6430 42.2269 9 21 8
2  45.0 45.0 0.00
304 -28.9774 128.0992 8 29 8
2  45.0 45.0 0.00
305 33.8244 144.8365 4 29 6
2  45.0 45.0 0.00
306 -5.8024 37.1743 10 15 8
2  45.0 45.0 0.00
307 -33.5735 -55.3482 3 18 6
2  45.0 45.0 0.00
308 34.5836 124.3845 9 18 7
2  45.0 45.0 0.00
309 40.7006 -120.2355 3 27 8
2  45.0 45.0 0.00
310 -1.5505 -159.9113 9 25 6
2  45.0 45.0 0.00
311 -33.0780 116.5805 10 22 8
2  45.0 45.0 0.00
312 39.2681 115.0932 5 27 9
2  45.0 45.0 0.00
313 -15.3106 16.2658 6 18 5
2  45.0 45.0 0.00
314 22.6539 -50.8355 7 16 8
2  45.0 45.0 0.00
315 -12.6017 37.6655 10 21 7
2  45.0 45.0 0.00
316 16.2271 -161.9811 5 20 7
2  45.0 45.0 0.00
317 -11.7174 133.8645 5 26 9
2  45.0 45.0 0.00
318 -14.8999 122.9539 1 23 9
2  45.0 45.0 0.00
319 -52.3049 -173.1344 1 19 5
2  45.0 45.0 0.00
320 -17.0888 161.8565 10 27 9
2  45.0 45.0 0.00
321 -39.5823 158.8378 2 29 6
2  45.0 45.0 0.00
322 8.8316 -44.5336 6 15 6
2  45.0 45.0 0.00
323 33.9625 -22.4402 8 19 7
2  45.0 45.0 0.00
324 -1.7262 100.1301 2 21 5
2  45.0 45.0 0.00
325 39.4509 111.7774 4 18 8
2  45.0 45.0 0.00
326 -14.6232 -69.1791 10 21 7
2  45.0 45.0 0.00
327 21.5694 -90.0976 2 22 6
2  45.0 45.0 0.00
328 -5.4864 146.8367 3 21 6
2  45.0 45.0 0.00
329 51.2127 121.9022 5 19 5
2  45.0 45.0 0.00
330 7.3025 74.0482 2 26 9
2  45.0 45.0 0.00
331 6.4284 15.0471 5 26 7
2  45.0 45.0 0.00
332 -19.4945 86.0509 3 17 7
2  45.0 45.0 0.00
333 -23.7990 156.9208 2 21 5
2  45.0 45.0 0.00
334 7.4913 169.2098 1 29 6
2  45.0 45.0 0.00
335 8.0385 -58.2617 7 17 7
2  45.0 45.0 0.00
336 -49.4426 2.7332 4 15 7
2  45.0 45.0 0.00
337 16.5737 15.9562 4 23 5
2  45.0 45.0 0.00
338 -35.8612 -16.9692 6 28 5
2  45.0 45.0 0.00
339 22.1764 75.0807 10 15 5
2  45.0 45.0 0.00
340 -47.9917 -32.9724 2 17 5
2  45.0 45.0 0.00
341 10.4796 85.5599 7 22 5
2  45.0 45.0 0.00
342 -29.4167 -36.9998 9 18 6
2  45.0 45.0 0.00
343 32.7007 70.2349 3 24 5
2  45.0 45.0 0.00
344 24.5028 -48.2590 6 19 7
2  45.0 45.0 0.00
345 -40.5123 -152.4752 9 28 6
2  45.0 45.0 0.00
346 38.9314 -68.9808 10 15 6
2  45.0 45.0 0.00
347 13.2660 -63.3381 4 29 9
2  45.0 45.0 0.00
348 44.3810 -172.9679 8 20 6
2  45.0 45.0 0.00
349 28.0332 -110.0580 4 25 8
2  45.0 45.0 0.00
350 -51.5038 -147.0694 2 29 7
2  45.0 45.0 0.00
351 19.2179 -142.0017 5 24 6
2  45.0 45.0 0.00
352 2.3750 115.0127 5 18 6
2  45.0 45.0 0.00
353 43.8943 -60.2840 1 28 9
2  45.0 45.0 0.00
354 -1.6498 93.1511 7 24 6
2  45.0 45.0 0.00
355 22.4322 172.0919 7 15 6
2  45.0 45.0 0.00
356 44.8937 -36.0838 2 16 5
2  45.0 45.0 0.00
357 29.2352 -57.2976 10 22 9
2  45.0 45.0 0.00
358 2.0776 70.0259 7 25 7
2  45.0 45.0 0.00
359 -42.4838 91.8014 3 17 6
2  45.0 45.0 0.00
360 -7.2165 -77.6534 5 26 5
2  45.0 45.0 0.00
361 -25.9317 -19.8373 7 24 9
2  45.0 45.0 0.00
362 21.5464 -158.2170 8 21 5
2  45.0 45.0 0.00
363 -40.0003 68.1004 6 17 6
2  45.0 45.0 0.00
364 7.7652 115.4827 3 15 6
2  45.0 45.0 0.00
365 30.7315 -165.2316 2 17 5
2  45.0 45.0 0.00
366 48.4018 105.4542 6 26 8
2  45.0 45.0 0.00
367 14.7583 46.8048 7 29 7
2  45.0 45.0 0.00
368 -17.9239 67.1084 8 23 5
2  45.0 45.0 0.00
369 -4.3363 -80.6182 10 24 9
2  45.0 45.0 0.00
370 -9.5356 29.0758 2 29 5
2  45.0 45.0 0.00
371 11.7803 -84.8274 9 22 5
2  45.0 45.0 0.00
372 -30.2802 -81.0356 9 23 7
2  45.0 45.0 0.00
373 43.4960 -82.4298 8 24 7
2  45.0 45.0 0.00
374 -0.7817 75.5710 10 26 7
2  45.0 45.0 0.00
375 41.0055 -88.6835 9 28 6
2  45.0 45.0 0.00
376 1.4691 -29.7373 7 18 9
2  45.0 45.0 0.00
377 -13.1594 124.3903 1 26 9
2  45.0 45.0 0.00
378 -13.2647 -130.1205 1 29 7
2  45.0 45.0 0.00
379 -47.0634 -137.3762 5 16 6
2  45.0 45.0 0.00
380 -33.0653 50.3610 1 18 9
2  45.0 45.0 0.00
381 21.2130 112.0638 7 21 5
2  45.0 45.0 0.00
382 -15.1074 -40.4674 10 17 6
2  45.0 45.0 0.00
383 31.4758 -176.0077 4 23 6
2  45.0 45.0 0.00
384 -46.1301 3.8379 5 25 6
2  45.0 45.0 0.00
385 -15.4685 95.2282 6 18 5
2  45.0 45.0 0.00
386 28.4552 -136.0510 9 22 6
2  45.0 45.0 0.00
387 39.6405 -109.6990 5 19 6
2  45.0 45.0 0.00
388 6.8440 -26.6075 4 24 9
2  45.0 45.0 0.00
389 51.6507 -179.9941 8 23 5
2  45.0 45.0 0.00
390 -48.2389 11.7853 7 26 9
2  45.0 45.0 0.00
391 18.8046 154.9675 10 28 7
2  45.0 45.0 0.00
392 46.1735 18.3451 3 20 6
2  45.0 45.0 0.00
393 -28.0479 130.9225 3 27 9
2  45.0 45.0 0.00
394 10.7761 80.0258 6 18 9
2  45.0 45.0 0.00
395 14.7043 138.1903 9 26 7
2  45.0 45.0 0.00
396 -15.4702 -109.8510 6 16 6
2  45.0 45.0 0.00
397 -28.0149 -62.2733 8 23 6
2  45.0 45.0 0.00
398 47.0112 -74.4411 8 28 5
2  45.0 45.0 0.00
399 -51.5576 -165.8849 5 19 8
2  45.0 45.0 0.00
400 -39.8987 -108.2287 5 24 8
2  45.0 45.0 0.00
401 -18.8020 -65.5253 1 27 5
2  45.0 45.0 0.00
402 31.1153 -115.5307 4 19 9
2  45.0 45.0 0.00
403 25.5186 -29.5113 10 15 7
2  45.0 45.0 0.00
404 43.2881 -79.8542 10 21 5
2  45.0 45.0 0.00
405 -20.3051 126.7942 6 16 7
2  45.0 45.0 0.00
406 10.5482 18.3942 9 29 5
2  45.0 45.0 0.00
407 -36.6028 11.1127 5 22 6
2  45.0 45.0 0.00
408 44.2786 -10.9598 5 22 5
2  45.0 45.0 0.00
409 28.0286 175.4039 10 15 6
2  45.0 45.0 0.00
410 10.1318 175.1111 8 27 8
2  45.0 45.0 0.00
411 36.6139 103.0953 6 23 5
2  45.0 45.0 0.00
412 -3.1359 -101.9609 8 20 6
2  45.0 45.0 0.00
413 -27.3008 -113.2252 8 17 7
2  45.0 45.0 0.00
414 -30.7535 145.6916 8 27 5
2  45.0 45.0 0.00
415 -6.4848 101.2497 1 20 5
2  45.0 45.0 0.00
416 -18.9518 119.4442 8 28 8
2  45.0 45.0 0.00
417 11.9878 78.3858 3 18 7
2  45.0 45.0 0.00
418 -13.9587 172.7636 7 21 7
2  45.0 45.0 0.00
419 21.3004 -148.9042 1 18 6
2  45.0 45.0 0.00
420 8.3671 103.9466 8 24 7
2  45.0 45.0 0.00
421 20.2338 -118.4681 6 27 8
2  45.0 45.0 0.00
422 -46.1985 -18.1635 2 21 6
2  45.0 45.0 0.00
423 14.6944 -62.7140 5 24 5
2  45.0 45.0 0.00
424 2.6189 174.6473 1 25 9
2  45.0 45.0 0.00
425 -28.6228 -19.1883 4 20 5
2  45.0 45.0 0.00
426 -15.6408 13.1803 4 29 6
2  45.0 45.0 0.00
427 3.4417 -102.3826 3 21 6
2  45.0 45.0 0.00
428 -6.1300 148.2458 6 21 6
2  45.0 45.0 0.00
429 44.3894 15.4205 6 18 9
2  45.0 45.0 0.00
430 -13.2338 -16.2334 4 18 6
2  45.0 45.0 0.00
431 9.9432 -137.6862 3 27 5
2  45.0 45.0 0.00
432 -27.1164 109.5678 3 26 7
2  45.0 45.0 0.00
433 2.9206 -8.3222 8 16 5
2  45.0 45.0 0.00
434 -8.1596 142.7107 10 20 7
2  45.0 45.0 0.00
435 11.9688 11.2303 7 19 6
2  45.0 45.0 0.00
436 19.8367 -92.1014 5 20 8
2  45.0 45.0 0.00
437 42.1390 -70.7066 10 25 5
2  45.0 45.0 0.00
438 -9.0174 -34.6955 7 20 9
2  45.0 45.0 0.00
439 14.6084 -132.5958 4 15 7
2  45.0 45.0 0.00
440 -6.1601 -13.3175 1 17 5
2  45.0 45.0 0.00
441 -2.2541 -157.5204 10 26 8
2  45.0 45.0 0.00
442 -46.3635 119.6088 7 23 8
2  45.0 45.0 0.00
443 -52.9976 -28.9555 6 16 7
2  45.0 45.0 0.00
444 -29.2602 97.0153 9 29 7
2  45.0 45.0 0.00
445 -50.9437 17.4020 6 21 5
2  45.0 45.0 0.00
446 -1.9891 -7.9916 1 25 6
2  45.0 45.0 0.00
447 -29.2420 -152.5820 1 20 8
2  45.0 45.0 0.00
448 35.5200 11.6636 5 16 7
2  45.0 45.0 0.00
449 8.7645 129.5958 6 25 6
2  45.0 45.0 0.00
450 -29.8658 -174.8030 4 24 8
2  45.0 45.0 0.00
451 18.2742 3.0430 8 26 7
2  45.0 45.0 0.00
452 45.6219 45.4527 10 24 7
2  45.0 45.0 0.00
453 8.9896 -128.1854 2 19 8
2  45.0 45.0 0.00
454 44.9293 -150.5236 4 20 9
2  45.0 45.0 0.00
455 20.3055 61.4263 1 21 9
2  45.0 45.0 0.00
456 -36.1025 115.2054 10 16 9
2  45.0 45.0 0.00
457 -3.5193 127.5216 9 29 7
2  45.0 45.0 0.00
458 22.8620 -66.3945 4 27 9
2  45.0 45.0 0.00
459 -30.8632 150.2719 6 22 6
2  45.0 45.0 0.00
460 -6.4921 27.5005 10 16 9
2  45.0 45.0 0.00
461 -38.5450 43.2480 4 25 8
2  45.0 45.0 0.00
462 -52.8124 -158.3555 1 28 7
2  45.0 45.0 0.00
463 -41.2996 18.2734 8 26 8
2  45.0 45.0 0.00
464 24.4416 -121.9716 7 27 6
2  45.0 45.0 0.00
465 11.4788 -82.2473 7 23 6
2  45.0 45.0 0.00
466 29.0588 -121.8987 9 16 9
2  45.0 45.0 0.00
467 8.8002 69.0448 5 16 7
2  45.0 45.0 0.00
468 36.7465 -119.3460 7 20 6
2  45.0 45.0 0.00
469 16.4889 -36.7647 4 18 5
2  45.0 45.0 0.00
470 16.7563 -124.8923 5 25 8
2  45.0 45.0 0.00
471 -23.5782 96.6537 3 28 6
2  45.0 45.0 0.00
472 38.6723 -169.8350 8 19 9
2  45.0 45.0 0.00
473 36.0800 172.8737 4 15 5
2  45.0 45.0 0.00
474 -8.6295 -12.7832 2 19 5
2  45.0 45.0 0.00
475 6.5823 117.9813 9 21 9
2  45.0 45.0 0.00
476 -30.6960 -161.4710 1 23 9
2  45.0 45.0 0.00
477 12.8326 -21.1999 2 20 8
2  45.0 45.0 0.00
478 33.3410 113.9080 3 26 8
2  45.0 45.0 0.00
479 33.7535 129.2326 8 22 5
2  45.0 45.0 0.00
480 18.5872 -56.3874 6 16 9
2  45.0 45.0 0.00
481 -32.4798 128.7504 1 23 9
2  45.0 45.0 0.00
482 -5.3171 -56.3472 7 29 6
2  45.0 45.0 0.00
483 33.2165 -8.0566 6 20 8
2  45.0 45.0 0.00
484 -10.6778 35.1649 7 21 9
2  45.0 45.0 0.00
485 10.8309 76.2026 4 23 6
2  45.0 45.0 0.00
486 21.5305 -73.4142 1 20 7
2  45.0 45.0 0.00
487 38.9069 152.4120 4 25 9
2  45.0 45.0 0.00
488 27.9228 124.3748 10 22 9
2  45.0 45.0 0.00
489 -3.0678 125.4195 8 21 5
2  45.0 45.0 0.00
490 -16.8743 -9.1790 10 28 6
2  45.0 45.0 0.00
491 -44.7669 145.0512 2 18 7
2  45.0 45.0 0.00
492 -1.9172 -87.2359 5 19 9
2  45.0 45.0 0.00
493 -36.7007 173.7850 10 23 5
2  45.0 45.0 0.00
494 41.3397 104.4661 7 22 8
2  45.0 45.0 0.00
495 5.7007 -148.2478 10 22 5
2  45.0 45.0 0.00
496 26.9018 -74.8497 9 22 6
2  45.0 45.0 0.00
497 -28.7668 -44.3374 7 29 6
2  45.0 45.0 0.00
498 49.1974 59.9319 3 17 7
2  45.0 45.0 0.00
499 0.6089 27.0173 6 24 9
2  45.0 45.0 0.00
500 -1.2379 -78.2600 7 21 7
2  45.0 45.0 0.00
501 5.3662 173.6753 1 19 7
2  45.0 45.0 0.00
502 51.8838 -39.7795 6 17 8
2  45.0 45.0 0.00
503 -32.8782 104.4620 7 28 6
2  45.0 45.0 0.00
504 29.3542 175.9204 8 19 8
2  45.0 45.0 0.00
505 -29.3070 36.8497 8 15 5
2  45.0 45.0 0.00
506 50.7456 -19.4960 5 23 7
2  45.0 45.0 0.00
507 -3.0550 137.1059 5 15 6
2  45.0 45.0 0.00
508 -26.9045 -153.2764 2 23 8
2  45.0 45.0 0.00
509 7.9103 3.5606 3 23 8
2  45.0 45.0 0.00
510 22.8506 51.7303 4 21 5
2  45.0 45.0 0.00
511 -0.0367 -175.2342 9 24 8
2  45.0 45.0 0.00
512 47.5160 162.8357 9 17 5
2  45.0 45.0 0.00
513 4.6243 114.9119 6 25 6
2  45.0 45.0 0.00
514 -20.2482 93.2945 3 25 5
2  45.0 45.0 0.00
515 21.4856 -26.2391 6 22 7
2  45.0 45.0 0.00
516 22.6446 -172.2082 2 18 8
2  45.0 45.0 0.00
517 -17.4861 -178.0203 8 20 8
2  45.0 45.0 0.00
518 -4.4582 -96.9234 10 19 6
2  45.0 45.0 0.00
519 -21.8506 134.7692 2 23 5
2  45.0 45.0 0.00
520 27.0751 121.1262 8 20 7
2  45.0 45.0 0.00
521 48.3806 163.9153 1 20 8
2  45.0 45.0 0.00
522 -45.3107 -4.2461 2 17 7
2  45.0 45.0 0.00
523 45.2218 74.7069 2 21 6
2  45.0 45.0 0.00
524 4.0414 -22.7817 3 15 6
2  45.0 45.0 0.00
525 -44.7097 -24.2031 8 19 9
2  45.0 45.0 0.00
526 34.8035 133.0765 3 20 8
2  45.0 45.0 0.00
527 39.9797 51.7857 5 24 8
2  45.0 45.0 0.00
528 -12.7500 54.9639 8 25 7
2  45.0 45.0 0.00
529 49.7920 -149.7213 9 26 6
2  45.0 45.0 0.00
530 9.1524 -16.8616 3 18 9
2  45.0 45.0 0.00
531 -19.2170 110.1502 2 16 9
2  45.0 45.0 0.00
532 2.5071 49.4410 10 21 7
2  45.0 45.0 0.00
533 -31.4943 -131.6949 4 20 5
2  45.0 45.0 0.00
534 -23.0262 -164.6813 3 24 7
2  45.0 45.0 0.00
535 40.8576 83.8589 9 22 7
2  45.0 45.0 0.00
536 52.3749 55.3701 8 16 8
2  45.0 45.0 0.00
537 -13.2317 37.2433 7 21 8
2  45.0 45.0 0.00
538 -45.4534 23.2004 1 27 9
2  45.0 45.0 0.00
539 25.6923 -100.3838 3 18 5
2  45.0 45.0 0.00
540 35.5688 81.6340 7 24 9
2  45.0 45.0 0.00
541 4.6419 106.4024 10 25 5
2  45.0 45.0 0.00
542 9.0912 -78.8759 3 24 5
2  45.0 45.0 0.00
543 39.2037 11.0820 10 26 9
2  45.0 45.0 0.00
544 10.5396 76.6336 10 26 5
2  45.0 45.0 0.00
545 23.1426 -104.4406 3 27 6
2  45.0 45.0 0.00
546 17.4150 -2.6570 2 19 9
2  45.0 45.0 0.00
547 -24.6618 -172.6322 10 17 8
2  45.0 45.0 0.00
548 8.4387 133.9486 1 20 6
2  45.0 45.0 0.00
549 30.7711 162.5196 5 26 9
2  45.0 45.0 0.00
550 -30.5707 -10.3202 4 21 6
2  45.0 45.0 0.00
551 -39.9955 173.7894 1 23 8
2  45.0 45.0 0.00
552 -17.6062 167.2882 3 21 9
2  45.0 45.0 0.00
553 -43.1264 162.7400 7 26 5
2  45.0 45.0 0.00
554 37.0343 -52.6066 7 15 8
2  45.0 45.0 0.00
555 24.0992 -48.3486 4 21 7
2  45.0 45.0 0.00
556 28.2896 -24.5776 5 29 9
2  45.0 45.0 0.00
557 -32.5462 -148.7363 10 15 9
2  45.0 45.0 0.00
558 -22.8331 -18.1215 9 21 7
2  45.0 45.0 0.00
559 12.1817 -20.6054 8 20 8
2  45.0 45.0 0.00
560 35.8533 -116.7351 5 24 6
2  45.0 45.0 0.00
561 37.9190 -19.3044 6 24 9
2  45.0 45.0 0.00
562 27.2405 22.1536 4 15 6
2  45.0 45.0 0.00
563 42.6305 -173.5999 5 22 5
2  45.0 45.0 0.00
564 -52.3319 138.7523 5 29 6
2  45.0 45.0 0.00
565 -10.6300 142.5597 4 23 9
2  45.0 45.0 0.00
566 -22.8337 171.5276 8 25 5
2  45.0 45.0 0.00
567 9.6616 95.7011 6 26 7
2  45.0 45.0 0.00
568 26.1379 -25.0213 1 17 7
2  45.0 45.0 0.00
569 23.6439 -20.1330 1 17 5
2  45.0 45.0 0.00
570 10.2972 162.9279 9 20 6
2  45.0 45.0 0.00
571 47.9984 -105.2473 4 20 9
2  45.0 45.0 0.00
572 48.9431 146.8020 2 24 5
2  45.0 45.0 0.00
573 29.7352 121.2806 1 27 8
2  45.0 45.0 0.00
574 -38.5481 -79.4147 9 15 5
2  45.0 45.0 0.00
575 8.0355 81.5752 7 21 6
2  45.0 45.0 0.00
576 48.2981 85.2716 7 22 5
2  45.0 45.0 0.00
577 -17.8069 50.6065 2 21 8
2  45.0 45.0 0.00
578 -12.3489 -38.6450 7 28 6
2  45.0 45.0 0.00
579 35.9128 98.0511 1 29 7
2  45.0 45.0 0.00
580 40.9335 35.8304 3 21 5
2  45.0 45.0 0.00
581 -19.3196 139.6716 8 19 7
2  45.0 45.0 0.00
582 -29.0210 88.1458 9 17 5
2  45.0 45.0 0.00
583 -29.1646 -41.7848 2 22 5
2  45.0 45.0 0.00
584 -38.1656 -44.8098 7 16 5
2  45.0 45.0 0.00
585 25.8307 -50.8553 5 26 9
2  45.0 45.0 0.00
586 32.1649 84.9949 9 29 9
2  45.0 45.0 0.00
587 -15.2520 -74.0148 8 20 7
2  45.0 45.0 0.00
588 -5.9324 -67.9864 9 28 9
2  45.0 45.0 0.00
589 14.6970 -90.1413 5 26 5
2  45.0 45.0 0.00
590 -4.7839 -85.1729 9 29 9
2  45.0 45.0 0.00
591 1.1275 6.5355 2 20 8
2  45.0 45.0 0.00
592 48.6545 -131.3527 10 21 8
2  45.0 45.0 0.00
593 -1.0472 97.0584 1 17 6
2  45.0 45.0 0.00
594 45.6286 177.9641 9 16 6
2  45.0 45.0 0.00
595 34.8526 -3.3279 3 17 8
2  45.0 45.0 0.00
596 -0.6277 31.6793 9 23 5
2  45.0 45.0 0.00
597 4.2436 97.7687 4 17 9
2  45.0 45.0 0.00
598 35.8237 158.1703 3 26 7
2  45.0 45.0 0.00
599 -20.2564 145.0966 9 17 9
2  45.0 45.0 0.00
600 39.1187 -160.3261 10 21 6
2  45.0 45.0 0.00
601 -4.1844 -111.2655 10 26 7
2  45.0 45.0 0.00
602 -50.8926 -43.9608 4 25 8
2  45.0 45.0 0.00
603 -13.6733 12.9077 5 20 6
2  45.0 45.0 0.00
604 23.1653 34.6284 5 20 5
2  45.0 45.0 0.00
605 52.0562 -92.8620 10 24 6
2  45.0 45.0 0.00
606 45.1297 -59.5158 10 18 8
2  45.0 45.0 0.00
607 -6.4206 -113.1908 10 18 5
2  45.0 45.0 0.00
608 -15.9949 -176.9593 10 24 7
2  45.0 45.0 0.00
609 -4.2323 -83.2650 3 29 9
2  45.0 45.0 0.00
610 28.9430 20.1533 5 27 7
2  45.0 45.0 0.00
611 -24.0774 59.6434 2 19 6
2  45.0 45.0 0.00
612 -29.8417 30.9282 10 21 8
2  45.0 45.0 0.00
613 19.6315 -122.3623 4 28 8
2  45.0 45.0 0.00
614 -33.3449 -76.2940 1 18 7
2  45.0 45.0 0.00
615 22.2700 173.8461 2 28 9
2  45.0 45.0 0.00
616 23.5731 -83.2595 6 24 9
2  45.0 45.0 0.00
617 -13.8044 5.1371 2 26 7
2  45.0 45.0 0.00
618 29.0177 136.9841 8 27 5
2  45.0 45.0 0.00
619 27.8985 29.1965 8 29 5
2  45.0 45.0 0.00
620 -21.2034 -46.9694 6 17 9
2  45.0 45.0 0.00
621 -1.5926 -57.5535 4 21 6
2  45.0 45.0 0.00
622 -22.2654 96.9769 5 21 9
2  45.0 45.0 0.00
623 47.6736 170.4309 3 23 7
2  45.0 45.0 0.00
624 -34.8811 -40.9605 1 19 5
2  45.0 45.0 0.00
625 -20.6791 -26.0388 3 15 8
2  45.0 45.0 0.00
626 -39.3268 178.9062 4 26 6
2  45.0 45.0 0.00
627 -15.5970 -149.3686 3 24 7
2  45.0 45.0 0.00
628 -49.8581 -145.0694 7 21 5
2  45.0 45.0 0.00
629 -52.5366 -28.1894 5 29 9
2  45.0 45.0 0.00
630 30.7160 178.1840 8 22 5
2  45.0 45.0 0.00
631 43.8572 -162.9168 4 16 8
2  45.0 45.0 0.00
632 -46.9256 -65.9662 1 25 9
2  45.0 45.0 0.00
633 -21.9434 172.1550 4 17 8
2  45.0 45.0 0.00
634 38.6544 -65.5404 9 15 8
2  45.0 45.0 0.00
635 -45.1662 153.6308 10 18 8
2  45.0 45.0 0.00
636 40.6211 -17.7820 3 15 9
2  45.0 45.0 0.00
637 -38.7920 -7.6991 6 25 9
2  45.0 45.0 0.00
638 -20.6270 170.8979 3 29 7
2  45.0 45.0 0.00
639 22.5653 -47.1852 7 22 8
2  45.0 45.0 0.00
640 -50.2266 -92.4317 2 19 5
2  45.0 45.0 0.00
641 -2.9860 158.7044 9 25 5
2  45.0 45.0 0.00
642 51.6215 114.5530 4 21 7
2  45.0 45.0 0.00
643 11.3102 -82.9675 2 27 6
2  45.0 45.0 0.00
644 33.3236 -81.2245 3 19 6
2  45.0 45.0 0.00
645 41.3344 -51.2178 6 22 5
2  45.0 45.0 0.00
646 21.7272 -30.4530 3 22 7
2  45.0 45.0 0.00
647 14.8371 -124.9902 3 29 5
2  45.0 45.0 0.00
648 -32.5217 91.1131 2 24 7
2  45.0 45.0 0.00
649 -1.3565 4.0088 4 22 7
2  45.0 45.0 0.00
650 -6.0054 23.6506 1 17 7
2  45.0 45.0 0.00
651 26.6895 162.0726 4 28 7
2  45.0 45.0 0.00
652 -40.9052 -30.7721 1 23 9
2  45.0 45.0 0.00
653 7.5882 -62.4627 7 29 6
2  45.0 45.0 0.00
654 -4.8871 -59.4110 5 26 6
2  45.0 45.0 0.00
655 -46.5042 61.1069 1 25 5
2  45.0 45.0 0.00
656 -12.8459 120.7403 1 16 5
2  45.0 45.0 0.00
657 -38.2366 -80.7574 9 29 5
2  45.0 45.0 0.00
658 20.1157 -92.1811 5 20 5
2  45.0 45.0 0.00
659 29.5390 -106.9441 10 26 9
2  45.0 45.0 0.00
660 -35.9647 21.9083 8 19 9
2  45.0 45.0 0.00
661 -41.5121 103.5777 6 28 7
2  45.0 45.0 0.00
662 -44.3031 -100.2556 3 27 7
2  45.0 45.0 0.00
663 -23.4565 -73.8170 7 20 9
2  45.0 45.0 0.00
664 -21.6333 -53.6129 5 26 8
2  45.0 45.0 0.00
665 -30.7449 163.7956 8 26 6
2  45.0 45.0 0.00
666 37.9849 140.0548 3 26 6
2  45.0 45.0 0.00
667 33.7033 7.0948 10 17 8
2  45.0 45.0 0.00
668 -15.7345 -34.9692 8 22 9
2  45.0 45.0 0.00
669 -3.3646 -28.5542 4 28 6
2  45.0 45.0 0.00
670 -1.7260 114.2543 8 26 7
2  45.0 45.0 0.00
671 32.8213 109.7148 5 23 5
2  45.0 45.0 0.00
672 -36.7408 -170.8831 4 23 6
2  45.0 45.0 0.00
673 -32.5415 -21.2052 4 22 7
2  45.0 45.0 0.00
674 27.4545 -143.6116 9 26 6
2  45.0 45.0 0.00
675 41.6632 131.0024 2 27 6
2  45.0 45.0 0.00
676 30.6627 -158.8625 4 20 7
2  45.0 45.0 0.00
677 -48.6566 -143.8710 8 19 9
2  45.0 45.0 0.00
678 -51.6016 155.2497 2 15 6
2  45.0 45.0 0.00
679 -18.4189 110.3015 6 18 7
2  45.0 45.0 0.00
680 -50.1209 162.4622 3 19 7
2  45.0 45.0 0.00
681 -12.4403 -165.7644 10 22 6
2  45.0 45.0 0.00
682 47.2484 174.6081 6 18 9
2  45.0 45.0 0.00
683 -42.9646 53.1615 6 15 7
2  45.0 45.0 0.00
684 -43.1795 -132.4249 4 23 7
2  45.0 45.0 0.00
685 34.7421 -165.0198 8 22 8
2  45.0 45.0 0.00
686 -43.8144 41.6040 8 19 5
2  45.0 45.0 0.00
687 35.8266 84.9558 3 27 8
2  45.0 45.0 0.00
688 -52.8482 28.8549 4 29 6
2  45.0 45.0 0.00
689 -50.0140 62.1459 2 18 8
2  45.0 45.0 0.00
690 18.9280 98.7815 5 26 5
2  45.0 45.0 0.00
691 41.8709 -36.0317 2 27 8
2  45.0 45.0 0.00
692 -16.8512 8.1101 2 27 7
2  45.0 45.0 0.00
693 -18.0017 72.7736 5 16 7
2  45.0 45.0 0.00
694 -14.9794 123.0688 8 21 5
2  45.0 45.0 0.00
695 1.3244 -119.0015 4 17 6
2  45.0 45.0 0.00
696 -36.5564 105.6674 8 27 6
2  45.0 45.0 0.00
697 -19.9001 122.5514 2 16 5
2  45.0 45.0 0.00
698 -6.5641 139.0597 5 15 7
2  45.0 45.0 0.00
699 -2.2362 92.9775 1 21 9
2  45.0 45.0 0.00
700 -18.4418 14.2060 9 25 9
2  45.0 45.0 0.00
701 35.6911 -52.5611 2 25 9
2  45.0 45.0 0.00
702 23.9102 -99.4380 6 22 5
2  45.0 45.0 0.00
703 5.0356 75.1259 10 23 7
2  45.0 45.0 0.00
704 -1.0863 35.1477 2 16 5
2  45.0 45.0 0.00
705 -2.9247 110.9451 3 29 5
2  45.0 45.0 0.00
706 26.9477 91.4238 9 18 7
2  45.0 45.0 0.00
707 12.2607 -158.0626 5 27 5
2  45.0 45.0 0.00
708 48.5762 -124.0467 3 19 7
2  45.0 45.0 0.00
709 -30.2851 -52.2754 7 15 7
2  45.0 45.0 0.00
710 28.6434 -122.6755 5 29 8
2  45.0 45.0 0.00
711 24.2092 -28.7948 4 24 8
2  45.0 45.0 0.00
712 -49.9761 -28.7659 7 24 9
2  45.0 45.0 0.00
713 49.9910 168.0377 9 15 7
2  45.0 45.0 0.00
714 -1.4237 136.2060 4 22 5
2  45.0 45.0 0.00
715 -17.5614 -66.8179 2 25 7
2  45.0 45.0 0.00
716 -40.5326 99.0382 1 21 7
2  45.0 45.0 0.00
717 10.0688 95.4933 2 22 5
2  45.0 45.0 0.00
718 -32.2608 -20.5194 8 16 7
2  45.0 45.0 0.00
719 4.0462 6.6884 3 20 7
2  45.0 45.0 0.00
720 -26.7629 -65.9118 8 22 5
2  45.0 45.0 0.00
721 41.5383 59.8500 1 27 7
2  45.0 45.0 0.00
722 -9.1167 77.4167 1 17 8
2  45.0 45.0 0.00
723 -26.1373 -179.0265 6 16 9
2  45.0 45.0 0.00
724 -31.1265 -5.3956 3 28 9
2  45.0 45.0 0.00
725 -48.3819 89.9808 2 15 9
2  45.0 45.0 0.00
726 33.4692 170.7344 7 17 8
2  45.0 45.0 0.00
727 31.8748 -73.0367 9 18 7
2  45.0 45.0 0.00
728 45.4463 151.0643 3 28 5
2  45.0 45.0 0.00
729 -2.0558 -84.8081 4 22 9
2  45.0 45.0 0.00
730 3.7595 -23.2626 1 22 6
2  45.0 45.0 0.00
731 27.8258 -22.4013 5 24 5
2  45.0 45.0 0.00
732 -37.9560 48.5750 10 29 9
2  45.0 45.0 0.00
733 -6.3885 28.6340 2 21 9
2  45.0 45.0 0.00
734 48.3679 89.1036 8 23 8
2  45.0 45.0 0.00
735 -22.6065 33.4472 4 25 7
2  45.0 45.0 0.00
736 29.5894 -87.7747 7 16 9
2  45.0 45.0 0.00
737 -12.6812 -11.0587 2 27 6
2  45.0 45.0 0.00
738 -14.5293 56.5555 1 18 7
2  45.0 45.0 0.00
739 -21.8564 166.2642 1 29 9
2  45.0 45.0 0.00
740 42.5131 115.7469 9 25 6
2  45.0 45.0 0.00
741 30.5235 143.2458 1 28 9
2  45.0 45.0 0.00
742 -35.0225 78.0617 3 16 6
2  45.0 45.0 0.00
743 40.8887 13.8627 2 16 9
2  45.0 45.0 0.00
744 49.8677 94.8464 9 18 8
2  45.0 45.0 0.00
745 -21.2845 -1.4943 4 29 7
2  45.0 45.0 0.00
746 -18.5621 51.4928 1 26 8
2  45.0 45.0 0.00
747 48.5083 27.8220 8 28 9
2  45.0 45.0 0.00
748 -1.8592 30.0132 4 27 5
2  45.0 45.0 0.00
749 15.4859 18.6875 9 28 6
2  45.0 45.0 0.00
750 27.0618 140.4520 2 16 5
2  45.0 45.0 0.00
751 -38.4139 42.1088 9 28 9
2  45.0 45.0 0.00
752 -22.0366 159.0433 8 20 9
2  45.0 45.0 0.00
753 2.8157 168.9521 9 21 7
2  45.0 45.0 0.00
754 -20.3033 54.3306 3 18 7
2  45.0 45.0 0.00
755 -11.9695 160.3890 4 17 9
2  45.0 45.0 0.00
756 26.2131 25.0793 8 23 6
2  45.0 45.0 0.00
757 -6.9174 8.4364 3 23 8
2  45.0 45.0 0.00
758 -16.8904 56.1560 7 15 5
2  45.0 45.0 0.00
759 4.3114 -92.7468 1 27 5
2  45.0 45.0 0.00
760 18.7389 -137.4645 4 20 5
2  45.0 45.0 0.00
761 -41.9355 57.2550 9 24 9
2  45.0 45.0 0.00
762 -32.6395 -21.5361 6 15 5
2  45.0 45.0 0.00
763 23.5790 -42.5483 10 29 8
2  45.0 45.0 0.00
764 -52.6683 -39.3238 5 24 9
2  45.0 45.0 0.00
765 16.1619 39.2512 9 17 7
2  45.0 45.0 0.00
766 -37.6607 -144.6324 8 15 7
2  45.0 45.0 0.00
767 13.6887 -110.8922 1 20 7
2  45.0 45.0 0.00
768 29.2242 147.6375 2 25 6
2  45.0 45.0 0.00
769 42.4508 37.6682 5 28 5
2  45.0 45.0 0.00
770 -36.1605 -87.1682 4 17 8
2  45.0 45.0 0.00
771 -22.6824 -13.3625 4 22 6
2  45.0 45.0 0.00
772 -0.4928 8.0137 3 17 5
2  45.0 45.0 0.00
773 -43.0533 -34.0429 4 23 5
2  45.0 45.0 0.00
774 3.2306 176.5384 4 22 7
2  45.0 45.0 0.00
775 -43.1394 57.3265 7 20 7
2  45.0 45.0 0.00
776 -47.9293 70.4911 10 15 5
2  45.0 45.0 0.00
777 41.0055 161.7964 7 20 5
2  45.0 45.0 0.00
778 -35.3768 80.4127 8 16 6
2  45.0 45.0 0.00
779 -26.1354 97.6146 7 24 9
2  45.0 45.0 0.00
780 -0.5254 -157.6377 4 27 8
2  45.0 45.0 0.00
781 -35.1412 89.9649 8 24 5
2  45.0 45.0 0.00
782 13.4381 -151.1193 3 15 6
2  45.0 45.0 0.00
783 31.7515 -6.9061 2 29 7
2  45.0 45.0 0.00
784 -37.6934 -157.7594 5 20 6
2  45.0 45.0 0.00
785 32.5535 137.0069 3 18 9
2  45.0 45.0 0.00
786 -18.8814 177.6379 5 22 5
2  45.0 45.0 0.00
787 51.4862 133.5580 5 19 6
2  45.0 45.0 0.00
788 -38.4842 -60.7334 5 19 9
2  45.0 45.0 0.00
789 -43.8805 77.9638 2 27 5
2  45.0 45.0 0.00
790 28.8981 106.9660 9 18 7
2  45.0 45.0 0.00
791 -7.0740 61.3685 3 22 7
2  45.0 45.0 0.00
792 -22.4821 -3.2420 10 26 7
2  45.0 45.0 0.00
793 14.1337 39.2478 10 28 9
2  45.0 45.0 0.00
794 45.4261 -120.6485 2 23 9
2  45.0 45.0 0.00
795 33.1892 84.2182 4 22 6
2  45.0 45.0 0.00
796 -43.4025 -156.2664 2 17 9
2  45.0 45.0 0.00
797 2.6230 97.5362 7 15 9
2  45.0 45.0 0.00
798 -19.5834 -43.0746 1 26 7
2  45.0 45.0 0.00
799 15.4704 25.6961 2 26 9
2  45.0 45.0 0.00
800 -2.4368 114.5124 5 15 9
2  45.0 45.0 0.00
801 11.4224 -104.7385 10 18 5
2  45.0 45.0 0.00
802 21.1284 -120.6944 4 19 7
2  45.0 45.0 0.00
803 -29.4704 -71.4625 9 26 9
2  45.0 45.0 0.00
804 38.4147 26.9854 5 29 8
2  45.0 45.0 0.00
805 5.1091 -46.5052 9 17 9
2  45.0 45.0 0.00
806 -27.3768 -179.9678 7 23 8
2  45.0 45.0 0.00
807 -24.1200 -160.1894 7 19 5
2  45.0 45.0 0.00
808 -19.5373 13.5999 1 29 7
2  45.0 45.0 0.00
809 -37.0456 -145.2944 4 20 7
2  45.0 45.0 0.00
810 -16.4879 106.8376 10 26 7
2  45.0 45.0 0.00
811 42.6175 114.7943 7 18 9
2  45.0 45.0 0.00
812 -27.8844 -167.3696 4 21 7
2  45.0 45.0 0.00
813 21.1189 36.6673 2 23 8
2  45.0 45.0 0.00
814 -35.3035 175.4893 7 26 9
2  45.0 45.0 0.00
815 -18.5897 50.6389 2 22 6
2  45.0 45.0 0.00
816 -5.1097 173.2038 8 24 9
2  45.0 45.0 0.00
817 -5.8346 -104.0309 4 15 5
2  45.0 45.0 0.00
818 -4.9206 104.3045 8 19 8
2  45.0 45.0 0.00
819 -23.2563 -133.9471 9 22 6
2  45.0 45.0 0.00
820 5.1580 9.0119 7 24 9
2  45.0 45.0 0.00
821 -15.1597 -157.2788 8 28 7
2  45.0 45.0 0.00
822 -25.2929 -63.7367 4 28 6
2  45.0 45.0 0.00
823 -25.8833 -38.2031 10 22 5
2  45.0 45.0 0.00
824 -1.2498 22.8552 8 22 5
2  45.0 45.0 0.00
825 -13.0154 61.2893 2 16 5
2  45.0 45.0 0.00
826 -32.1498 -138.7052 9 17 8
2  45.0 45.0 0.00
827 45.2368 -52.1174 2 25 5
2  45.0 45.0 0.00
828 -12.5247 -62.8916 10 24 8
2  45.0 45.0 0.00
829 -39.1537 148.0391 5 15 8
2  45.0 45.0 0.00
830 40.9924 35.0314 6 21 8
2  45.0 45.0 0.00
831 51.4284 -167.5774 2 24 8
2  45.0 45.0 0.00
832 19.7940 170.7287 4 26 7
2  45.0 45.0 0.00
833 -37.4519 -116.6045 2 17 5
2  45.0 45.0 0.00
834 42.4623 63.5683 1 21 5
2  45.0 45.0 0.00
835 -35.7317 160.9180 4 25 7
2  45.0 45.0 0.00
836 -3.6047 43.7985 1 20 7
2  45.0 45.0 0.00
837 10.5354 54.0430 10 22 7
2  45.0 45.0 0.00
838 41.5790 91.6736 2 29 8
2  45.0 45.0 0.00
839 -9.7948 13.8277 4 15 8
2  45.0 45.0 0.00
840 48.1799 93.5626 4 29 8
2  45.0 45.0 0.00
841 -30.7249 -119.2273 7 20 6
2  45.0 45.0 0.00
842 -48.9530 -65.6191 1 15 8
2  45.0 45.0 0.00
843 -46.1022 30.8882 10 18 8
2  45.0 45.0 0.00
844 -0.3645 60.8511 6 23 9
2  45.0 45.0 0.00
845 -37.5305 82.0404 2 25 8
2  45.0 45.0 0.00
846 13.1968 154.9210 10 15 6
2  45.0 45.0 0.00
847 21.8463 58.3953 1 25 9
2  45.0 45.0 0.00
848 -7.3587 -87.5124 8 17 7
2  45.0 45.0 0.00
849 7.9002 72.8191 2 18 8
2  45.0 45.0 0.00
850 34.1103 -71.4011 3 20 5
2  45.0 45.0 0.00
851 -22.7374 -120.8213 9 15 7
2  45.0 45.0 0.00
852 -1.8813 -20.6887 6 24 6
2  45.0 45.0 0.00
853 -41.5686 -84.8578 4 27 8
2  45.0 45.0 0.00
854 -10.2964 136.8618 3 20 9
2  45.0 45.0 0.00
855 -27.5970 -9.2461 1 15 8
2  45.0 45.0 0.00
856 -5.9716 8.3344 6 29 7
2  45.0 45.0 0.00
857 -18.7795 28.1488 1 28 6
2  45.0 45.0 0.00
858 4.4215 35.1208 8 17 6
2  45.0 45.0 0.00
859 51.7330 47.4575 3 27 5
2  45.0 45.0 0.00
860 -20.1139 132.3663 1 22 7
2  45.0 45.0 0.00
861 46.8121 168.1057 9 21 5
2  45.0 45.0 0.00
862 32.9851 -138.1618 6 19 5
2  45.0 45.0 0.00
863 48.6647 -5.5608 1 16 6
2  45.0 45.0 0.00
864 3.1431 -49.2574 1 21 9
2  45.0 45.0 0.00
865 32.3625 83.5235 7 29 8
2  45.0 45.0 0.00
866 11.4294 61.9620 1 28 8
2  45.0 45.0 0.00
867 8.0538 177.2011 3 21 8
2  45.0 45.0 0.00
868 -15.2773 -120.4623 2 27 8
2  45.0 45.0 0.00
869 -7.8975 -82.2398 10 17 6
2  45.0 45.0 0.00
870 0.3703 13.2084 3 22 5
2  45.0 45.0 0.00
871 47.3897 -29.8758 6 24 9
2  45.0 45.0 0.00
872 -30.7809 -168.4303 1 25 9
2  45.0 45.0 0.00
873 -38.2593 -96.6885 10 24 8
2  45.0 45.0 0.00
874 49.4889 -155.8561 5 21 5
2  45.0 45.0 0.00
875 -14.3875 12.2264 8 24 9
2  45.0 45.0 0.00
876 3.5775 32.5783 3 23 7
2  45.0 45.0 0.00
877 -45.4597 -120.8201 6 26 5
2  45.0 45.0 0.00
878 -36.1494 -53.8299 3 23 8
2  45.0 45.0 0.00
879 -18.6839 -18.3655 10 27 9
2  45.0 45.0 0.00
880 -32.4281 48.9223 9 20 9
2  45.0 45.0 0.00
881 -6.7388 -130.9734 4 20 6
2  45.0 45.0 0.00
882 -9.2103 92.1765 2 25 7
2  45.0 45.0 0.00
883 12.6266 -22.0686 5 19 6
2  45.0 45.0 0.00
884 50.3155 -18.4107 10 21 7
2  45.0 45.0 0.00
885 12.3388 1.4291 4 26 5
2  45.0 45.0 0.00
886 44.0202 66.3345 4 27 5
2  45.0 45.0 0.00
887 42.1726 -102.5805 1 26 5
2  45.0 45.0 0.00
888 46.1047 106.0966 2 20 5
2  45.0 45.0 0.00
889 -10.2902 44.7959 9 29 5
2  45.0 45.0 0.00
890 40.8140 -127.7375 4 21 9
2  45.0 45.0 0.00
891 25.9928 -118.1095 9 28 7
2  45.0 45.0 0.00
892 45.8404 -35.8908 8 17 5
2  45.0 45.0 0.00
893 24.2579 143.4235 3 24 7
2  45.0 45.0 0.00
894 -10.1692 73.4841 6 18 6
2  45.0 45.0 0.00
895 -33.9240 -157.2226 10 21 7
2  45.0 45.0 0.00
896 52.1489 12.4768 10 23 9
2  45.0 45.0 0.00
897 28.6318 -98.9345 5 29 6
2  45.0 45.0 0.00
898 23.9493 -67.6132 4 17 6
2  45.0 45.0 0.00
899 3.6725 41.8623 3 20 8
2  45.0 45.0 0.00
900 0.4795 172.6957 2 21 7
2  45.0 45.0 0.00
901 -33.8229 157.3205 10 18 9
2  45.0 45.0 0.00
902 19.2861 81.0850 7 19 8
2  45.0 45.0 0.00
903 -10.8333 119.8030 8 19 7
2  45.0 45.0 0.00
904 0.3886 154.3742 5 21 6
2  45.0 45.0 0.00
905 -43.2608 1.7496 9 27 5
2  45.0 45.0 0.00
906 6.7498 69.5263 5 25 7
2  45.0 45.0 0.00
907 -51.7004 -146.6642 5 29 9
2  45.0 45.0 0.00
908 35.3096 -178.4683 4 15 7
2  45.0 45.0 0.00
909 -52.9257 -179.4607 7 23 8
2  45.0 45.0 0.00
910 21.3972 -71.4903 9 27 6
2  45.0 45.0 0.00
911 8.0249 20.3697 7 18 8
2  45.0 45.0 0.00
912 18.6619 -135.3874 9 18 7
2  45.0 45.0 0.00
913 51.8145 -159.5713 2 28 5
2  45.0 45.0 0.00
914 -20.6488 120.6827 7 20 6
2  45.0 45.0 0.00
915 -0.0624 132.1192 7 28 7
2  45.0 45.0 0.00
916 -43.4196 151.3015 9 16 5
2  45.0 45.0 0.00
917 -25.2003 123.1007 8 20 8
2  45.0 45.0 0.00
918 -4.6982 128.3324 9 19 5
2  45.0 45.0 0.00
919 22.1737 108.5299 7 23 7
2  45.0 45.0 0.00
920 47.0592 -132.6784 7 20 9
2  45.0 45.0 0.00
921 38.8628 153.5349 6 24 8
2  45.0 45.0 0.00
922 22.1231 63.1042 2 25 9
2  45.0 45.0 0.00
923 27.1120 179.0522 8 15 8
2  45.0 45.0 0.00
924 -37.4318 71.0841 9 16 6
2  45.0 45.0 0.00
925 -5.4356 12.6603 3 19 7
2  45.0 45.0 0.00
926 20.9815 -83.7779 10 21 9
2  45.0 45.0 0.00
927 48.6468 12.3422 10 17 8
2  45.0 45.0 0.00
928 -17.4078 -110.1053 9 25 8
2  45.0 45.0 0.00
929 29.7211 -112.7068 2 22 6
2  45.0 45.0 0.00
930 22.4527 106.0646 9 28 7
2  45.0 45.0 0.00
931 -26.8712 -160.5022 6 15 8
2  45.0 45.0 0.00
932 -17.8649 57.5103 1 16 8
2  45.0 45.0 0.00
933 -6.2090 -100.8903 5 26 9
2  45.0 45.0 0.00
934 -29.5221 129.9663 8 19 9
2  45.0 45.0 0.00
935 47.9881 -175.8666 6 21 6
2  45.0 45.0 0.00
936 -25.2497 -158.1000 5 28 8
2  45.0 45.0 0.00
937 42.7514 -41.0843 3 28 7
2  45.0 45.0 0.00
938 42.9058 2.3280 7 20 8
2  45.0 45.0 0.00
939 18.6586 -140.3177 6 29 5
2  45.0 45.0 0.00
940 6.4277 -23.9816 7 23 7
2  45.0 45.0 0.00
941 37.1849 -11.9876 7 15 5
2  45.0 45.0 0.00
942 -28.0882 43.6201 6 27 6
2  45.0 45.0 0.00
943 -24.3133 93.5455 9 21 7
2  45.0 45.0 0.00
944 -47.1119 -58.9893 6 20 6
2  45.0 45.0 0.00
945 22.7925 -9.2741 9 25 6
2  45.0 45.0 0.00
946 36.3039 -154.0347 9 18 7
2  45.0 45.0 0.00
947 34.8116 -5.6104 9 19 5
2  45.0 45.0 0.00
948 -6.7189 -55.5797 4 27 9
2  45.0 45.0 0.00
949 -22.9379 73.8504 5 16 9
2  45.0 45.0 0.00
950 44.1147 74.3163 3 21 8
2  45.0 45.0 0.00
951 -29.2032 -146.8188 7 20 8
2  45.0 45.0 0.00
952 -13.0844 89.7894 10 26 6
2  45.0 45.0 0.00
953 -35.7335 -42.5012 8 18 6
2  45.0 45.0 0.00
954 30.3387 -20.0345 10 20 5
2  45.0 45.0 0.00
955 22.2532 2.3112 2 22 8
2  45.0 45.0 0.00
956 -51.9524 -44.3583 6 28 5
2  45.0 45.0 0.00
957 -38.5782 59.2231 10 23 9
2  45.0 45.0 0.00
958 25.0415 -135.1437 7 24 5
2  45.0 45.0 0.00
959 19.8431 36.2825 10 24 5
2  45.0 45.0 0.00
960 42.5763 -21.5859 3 25 9
2  45.0 45.0 0.00
961 -2.9863 -64.6140 5 18 7
2  45.0 45.0 0.00
962 23.1163 40.4334 10 23 5
2  45.0 45.0 0.00
963 52.9766 121.0582 10 25 6
2  45.0 45.0 0.00
964 -0.1715 104.1377 6 20 8
2  45.0 45.0 0.00
965 17.1310 120.8134 3 19 5
2  45.0 45.0 0.00
966 -41.4300 139.8839 5 19 7
2  45.0 45.0 0.00
967 7.4035 60.8546 7 16 7
2  45.0 45.0 0.00
968 33.4471 -27.1614 5 15 9
2  45.0 45.0 0.00
969 -39.8639 12.6334 10 22 5
2  45.0 45.0 0.00
970 37.1982 135.4759 10 19 7
2  45.0 45.0 0.00
971 -41.0864 -152.4793 8 29 7
2  45.0 45.0 0.00
972 14.4409 -178.1113 9 15 5
2  45.0 45.0 0.00
973 34.9282 -77.2772 9 16 7
2  45.0 45.0 0.00
974 -17.9417 89.7092 4 17 9
2  45.0 45.0 0.00
975 -45.1739 83.7214 8 20 8
2  45.0 45.0 0.00
976 -39.5888 -57.7705 2 17 5
2  45.0 45.0 0.00
977 -28.3201 20.4252 6 26 8
2  45.0 45.0 0.00
978 -0.6998 63.3246 6 22 8
2  45.0 45.0 0.00
979 32.8910 -48.6942 9 29 5
2  45.0 45.0 0.00
980 35.8900 -24.3049 2 16 8
2  45.0 45.0 0.00
981 -42.2162 66.0108 7 22 9
2  45.0 45.0 0.00
982 -12.7377 68.2488 8 18 7
2  45.0 45.0 0.00
983 -21.5489 116.3801 8 28 7
2  45.0 45.0 0.00
984 -24.0859 13.9768 6 21 9
2  45.0 45.0 0.00
985 16.4128 -91.3204 9 22 5
2  45.0 45.0 0.00
986 22.1638 103.8265 10 18 8
2  45.0 45.0 0.00
987 20.5676 -85.0467 3 21 7
2  45.0 45.0 0.00
988 5.2434 -159.5105 5 28 9
2  45.0 45.0 0.00
989 32.2047 -21.4804 3 15 5
2  45.0 45.0 0.00
990 51.6235 -0.9607 6 21 7
2  45.0 45.0 0.00
991 -21.2254 -168.5668 9 18 9
2  45.0 45.0 0.00
992 37.6726 -109.9213 1 22 9
2  45.0 45.0 0.00
993 9.6911 -13.0283 1 24 5
2  45.0 45.0 0.00
994 -49.5074 -33.4402 1 19 5
2  45.0 45.0 0.00
995 -30.1189 41.7169 1 21 8
2  45.0 45.0 0.00
996 -30.2624 -104.4800 1 22 7
2  45.0 45.0 0.00
997 -30.5533 -41.6371 10 24 8
2  45.0 45.0 0.00
998 17.2011 -169.8149 10 22 7
2  45.0 45.0 0.00
999 -15.3909 25.6755 7 15 9
2  45.0 45.0 0.00
1000 -16.9592 120.5320 7 27 9
2  45.0 45.0 0.00
1001 8.4698 -120.4800 5 20 7
2  45.0 45.0 0.00
1002 19.4913 43.8185 7 23 9
2  45.0 45.0 0.00
1003 15.4362 75.4179 8 29 9
2  45.0 45.0 0.00
1004 -31.0491 113.8809 8 27 6
2  45.0 45.0 0.00
1005 -52.5063 137.7503 4 26 7
2  45.0 45.0 0.00
1006 15.3211 25.1697 7 21 5
2  45.0 45.0 0.00
1007 -12.7524 -50.3287 8 22 5
2  45.0 45.0 0.00
1008 -48.0787 -162.1351 4 16 5
2  45.0 45.0 0.00
1009 -48.7010 -24.1349 3 25 8
2  45.0 45.0 0.00
1010 15.4027 28.3972 10 16 5
2  45.0 45.0 0.00
1011 2.5092 -178.3469 5 24 8
2  45.0 45.0 0.00
1012 20.9100 -48.0299 5 28 9
2  45.0 45.0 0.00
1013 -40.9198 -107.9047 10 23 5
2  45.0 45.0 0.00
1014 -22.7448 -100.3805 5 29 7
2  45.0 45.0 0.00
1015 -36.3093 76.9758 8 25 9
2  45.0 45.0 0.00
1016 7.6001 -115.3512 4 15 7
2  45.0 45.0 0.00
1017 -46.0403 -21.1135 1 18 8
2  45.0 45.0 0.00
1018 -13.2392 78.4883 3 27 7
2  45.0 45.0 0.00
1019 19.0635 -119.1886 7 18 5
2  45.0 45.0 0.00
1020 36.0710 132.8470 2 24 6
2  45.0 45.0 0.00
1021 -8.0408 32.9303 7 23 7
2  45.0 45.0 0.00
1022 32.8441 -68.1167 3 25 6
2  45.0 45.0 0.00
1023 1.8745 -67.1663 10 20 9
2  45.0 45.0 0.00
1024 18.2970 171.7416 10 29 9
2  45.0 45.0 0.00
1025 7.1447 -41.3070 1 21 9
2  45.0 45.0 0.00
1026 51.7851 -8.0152 1 23 8
2  45.0 45.0 0.00
1027 21.4840 24.3553 5 25 9
2  45.0 45.0 0.00
1028 -2.7364 126.1841 7 26 6
2  45.0 45.0 0.00
1029 -46.1826 175.5225 4 22 8
2  45.0 45.0 0.00
1030 -14.1598 98.1061 2 21 6
2  45.0 45.0 0.00
1031 38.5026 156.5343 6 25 6
2  45.0 45.0 0.00
1032 -48.8782 -134.7727 2 26 6
2  45.0 45.0 0.00
1033 -17.7958 93.2574 3 15 9
2  45.0 45.0 0.00
1034 47.7032 35.2449 3 23 6
2  45.0 45.0 0.00
1035 34.1428 -105.0504 5 23 7
2  45.0 45.0 0.00
1036 8.4631 143.2488 10 27 8
2  45.0 45.0 0.00
1037 -30.1016 -153.0527 7 20 6
2  45.0 45.0 0.00
1038 28.3934 122.4916 7 21 8
2  45.0 45.0 0.00
1039 -16.0534 -138.6057 6 20 5
2  45.0 45.0 0.00
1040 -20.6417 175.3526 1 24 7
2  45.0 45.0 0.00
1041 28.4626 -116.5940 3 17 8
2  45.0 45.0 0.00
1042 16.4341 -40.9836 7 18 6
2  45.0 45.0 0.00
1043 -38.0570 -82.9478 6 15 8
2  45.0 45.0 0.00
1044 -25.7303 -28.5534 1 26 6
2  45.0 45.0 0.00
1045 -41.3638 -112.6256 5 28 8
2  45.0 45.0 0.00
1046 21.9544 118.6553 2 21 7
2  45.0 45.0 0.00
1047 9.8315 -73.5977 7 21 7
2  45.0 45.0 0.00
1048 -48.7712 142.5946 10 23 7
2  45.0 45.0 0.00
1049 -12.5392 36.2256 10 16 5
2  45.0 45.0 0.00
1050 -44.6298 -154.7852 5 25 5
2  45.0 45.0 0.00
1051 40.7657 -105.3022 9 19 9
2  45.0 45.0 0.00
1052 8.6246 -85.3665 2 22 8
2  45.0 45.0 0.00
1053 34.4968 168.2566 10 27 8
2  45.0 45.0 0.00
1054 36.6134 113.1338 10 23 8
2  45.0 45.0 0.00
1055 -14.7165 122.8287 10 18 6
2  45.0 45.0 0.00
1056 0.9698 -139.4533 1 26 6
2  45.0 45.0 0.00
1057 14.5301 -128.2950 1 19 8
2  45.0 45.0 0.00
1058 -12.1628 172.0326 8 22 6
2  45.0 45.0 0.00
1059 29.3645 -46.3437 4 28 7
2  45.0 45.0 0.00
1060 -9.0815 102.2866 2 21 6
2  45.0 45.0 0.00
1061 -24.9415 0.3545 6 28 5
2  45.0 45.0 0.00
1062 -48.4006 166.2340 5 29 9
2  45.0 45.0 0.00
1063 -3.3142 -1.5467 6 19 8
2  45.0 45.0 0.00
1064 19.2725 49.9862 4 18 9
2  45.0 45.0 0.00
1065 38.9594 -65.3690 6 17 7
2  45.0 45.0 0.00
1066 51.9291 149.2608 3 25 6
2  45.0 45.0 0.00
1067 23.8521 75.9821 7 23 8
2  45.0 45.0 0.00
1068 -38.5743 -100.3897 8 18 5
2  45.0 45.0 0.00
1069 -8.1095 179.8327 8 23 8
2  45.0 45.0 0.00
1070 -23.1801 -154.3881 9 19 6
2  45.0 45.0 0.00
1071 29.2004 30.0177 5 22 8
2  45.0 45.0 0.00
1072 47.3061 -70.9586 8 22 9
2  45.0 45.0 0.00
1073 -39.3496 -82.8007 5 26 6
2  45.0 45.0 0.00
1074 27.3133 154.9204 9 24 9
2  45.0 45.0 0.00
1075 -4.1683 -35.7017 3 15 5
2  45.0 45.0 0.00
1076 39.0086 80.1168 2 21 7
2  45.0 45.0 0.00
1077 44.3879 41.0266 10 22 8
2  45.0 45.0 0.00
1078 -37.9865 -106.6493 9 28 9
2  45.0 45.0 0.00
1079 35.3190 77.1738 9 20 8
2  45.0 45.0 0.00
1080 -36.7293 -93.3452 7 20 9
2  45.0 45.0 0.00
1081 -15.7955 -31.7117 2 21 5
2  45.0 45.0 0.00
1082 -13.2875 18.7816 10 20 7
2  45.0 45.0 0.00
1083 -29.2839 136.7971 9 29 9
2  45.0 45.0 0.00
1084 1.5704 104.1790 6 29 6
2  45.0 45.0 0.00
1085 5.7156 -177.2179 8 26 5
2  45.0 45.0 0.00
1086 26.1083 -168.9851 4 19 7
2  45.0 45.0 0.00
1087 13.4936 -42.6787 10 22 7
2  45.0 45.0 0.00
1088 0.7252 -116.2967 6 22 9
2  45.0 45.0 0.00
1089 9.4834 127.9432 5 21 5
2  45.0 45.0 0.00
1090 48.0399 87.9421 6 21 5
2  45.0 45.0 0.00
1091 -14.4042 -85.1955 1 29 5
2  45.0 45.0 0.00
1092 -16.6147 63.8275 6 20 8
2  45.0 45.0 0.00
1093 -16.5308 -95.6962 3 26 7
2  45.0 45.0 0.00
1094 36.2826 -49.8494 3 23 6
2  45.0 45.0 0.00
1095 -17.1867 -67.2487 1 17 9
2  45.0 45.0 0.00
1096 21.0434 33.2438 2 24 7
2  45.0 45.0 0.00
1097 -52.7858 31.2330 5 17 7
2  45.0 45.0 0.00
1098 -14.4210 -26.8543 7 20 9
2  45.0 45.0 0.00
1099 34.9315 103.5302 3 27 7
2  45.0 45.0 0.00
1100 -15.3394 -158.5896 2 28 9
2  45.0 45.0 0.00
1101 9.7178 -111.7756 8 16 5
2  45.0 45.0 0.00
1102 -47.6032 -147.5690 8 15 5
2  45.0 45.0 0.00
1103 26.5969 -173.1464 9 29 6
2  45.0 45.0 0.00
1104 27.2728 -146.9387 3 20 9
2  45.0 45.0 0.00
1105 -8.8103 -173.3802 9 25 5
2  45.0 45.0 0.00
1106 5.3294 -11.5541 3 24 8
2  45.0 45.0 0.00
1107 14.7393 72.7700 8 27 8
2  45.0 45.0 0.00
1108 33.1259 -7.5955 9 29 8
2  45.0 45.0 0.00
1109 -23.9702 -50.6362 6 19 9
2  45.0 45.0 0.00
1110 32.9135 127.2919 5 24 6
2  45.0 45.0 0.00
1111 -25.0741 80.7364 4 29 9
2  45.0 45.0 0.00
1112 7.7686 -6.2589 4 15 9
2  45.0 45.0 0.00
1113 8.7988 -3.6466 3 19 6
2  45.0 45.0 0.00
1114 -47.8299 -102.1821 3 18 6
2  45.0 45.0 0.00
1115 -23.4907 -146.0062 5 24 6
2  45.0 45.0 0.00
1116 -46.9007 75.9307 6 25 7
2  45.0 45.0 0.00
1117 20.8490 119.9469 4 18 6
2  45.0 45.0 0.00
1118 43.9669 78.9055 6 27 6
2  45.0 45.0 0.00
1119 -18.0311 -14.4459 3 15 7
2  45.0 45.0 0.00
1120 30.1036 -168.3926 10 15 8
2  45.0 45.0 0.00
1121 10.0005 44.9970 5 18 9
2  45.0 45.0 0.00
1122 -35.0834 -145.4644 2 24 7
2  45.0 45.0 0.00
1123 38.4112 91.6809 3 21 7
2  45.0 45.0 0.00
1124 26.4811 -95.8820 6 29 8
2  45.0 45.0 0.00
1125 -18.0631 -31.8051 4 27 5
2  45.0 45.0 0.00
1126 33.7628 -165.3234 1 16 6
2  45.0 45.0 0.00
1127 -50.3184 55.7130 8 29 5
2  45.0 45.0 0.00
1128 -45.4001 28.9421 8 19 6
2  45.0 45.0 0.00
1129 33.7981 -152.4766 4 20 5
2  45.0 45.0 0.00
1130 7.9739 -167.9646 4 22 9
2  45.0 45.0 0.00
1131 5.3355 -161.8672 3 19 7
2  45.0 45.0 0.00
1132 -33.6347 96.7324 2 16 9
2  45.0 45.0 0.00
1133 -39.4049 169.5219 3 19 8
2  45.0 45.0 0.00
1134 -30.9931 99.2907 3 19 8
2  45.0 45.0 0.00
1135 -35.0407 145.7745 5 26 6
2  45.0 45.0 0.00
1136 -26.1673 -171.9490 5 26 8
2  45.0 45.0 0.00
1137 30.2191 14.4667 6 16 5
2  45.0 45.0 0.00
1138 50.3424 -61.5610 3 23 5
2  45.0 45.0 0.00
1139 -20.8825 -16.4969 7 22 9
2  45.0 45.0 0.00
1140 36.8833 104.3800 3 26 9
2  45.0 45.0 0.00
1141 31.7383 90.7611 2 26 7
2  45.0 45.0 0.00
1142 15.4130 -72.5831 1 29 9
2  45.0 45.0 0.00
1143 -36.0052 -176.7004 9 20 6
2  45.0 45.0 0.00
1144 9.3355 123.2174 6 17 6
2  45.0 45.0 0.00
1145 40.1332 -96.8616 3 18 5
2  45.0 45.0 0.00
1146 22.8167 -29.8651 2 27 5
2  45.0 45.0 0.00
1147 -3.9014 -90.3090 7 28 7
2  45.0 45.0 0.00
1148 -49.5050 106.6849 8 23 5
2  45.0 45.0 0.00
1149 18.7142 -42.5701 7 24 5
2  45.0 45.0 0.00
1150 -21.8540 -157.8451 5 17 7
2  45.0 45.0 0.00
1151 -52.3974 45.1672 7 21 7
2  45.0 45.0 0.00
1152 7.2587 -0.7026 4 24 7
2  45.0 45.0 0.00
1153 -28.7934 -7.3977 4 26 6
2  45.0 45.0 0.00
1154 43.5858 -145.3927 5 27 8
2  45.0 45.0 0.00
1155 30.9227 -81.0450 5 16 8
2  45.0 45.0 0.00
1156 -0.3323 44.5782 6 16 8
2  45.0 45.0 0.00
1157 16.2933 -86.9079 9 20 7
2  45.0 45.0 0.00
1158 35.7994 123.5405 7 20 6
2  45.0 45.0 0.00
1159 3.7019 -109.5787 2 17 8
2  45.0 45.0 0.00
1160 -32.1076 32.1789 4 19 8
2  45.0 45.0 0.00
1161 -32.0439 -101.8370 6 23 9
2  45.0 45.0 0.00
1162 24.4658 6.5711 9 24 9
2  45.0 45.0 0.00
1163 47.1329 -33.6595 9 28 7
2  45.0 45.0 0.00
1164 49.7962 -150.5372 7 19 8
2  45.0 45.0 0.00
1165 -45.7901 91.5384 6 24 7
2  45.0 45.0 0.00
1166 10.1876 -130.8539 10 20 6
2  45.0 45.0 0.00
1167 43.1928 -69.7720 5 19 5
2  45.0 45.0 0.00
1168 -6.7213 78.3296 7 21 8
2  45.0 45.0 0.00
1169 -19.1354 -107.6290 10 20 7
2  45.0 45.0 0.00
1170 -39.3873 -77.5160 2 23 5
2  45.0 45.0 0.00
1171 -40.7828 -66.1152 5 25 5
2  45.0 45.0 0.00
1172 -5.9969 41.0937 5 16 9
2  45.0 45.0 0.00
1173 9.9950 -137.2319 3 18 7
2  45.0 45.0 0.00
1174 14.6769 -152.6633 10 26 9
2  45.0 45.0 0.00
1175 -26.2675 45.6419 3 23 8
2  45.0 45.0 0.00
1176 38.9007 -41.4665 3 17 6
2  45.0 45.0 0.00
1177 -19.9883 31.9807 9 20 9
2  45.0 45.0 0.00
1178 9.6601 48.7523 3 17 8
2  45.0 45.0 0.00
1179 34.1788 54.1832 2 21 7
2  45.0 45.0 0.00
1180 -31.7282 161.1650 4 26 7
2  45.0 45.0 0.00
1181 -47.4364 7.7083 6 23 8
2  45.0 45.0 0.00
1182 -1.2218 78.7669 2 29 9
2  45.0 45.0 0.00
1183 -46.7873 -20.6146 7 26 5
2  45.0 45.0 0.00
1184 -52.4215 83.2706 10 19 6
2  45.0 45.0 0.00
1185 -52.6780 159.3153 4 16 8
2  45.0 45.0 0.00
1186 10.7785 -118.6447 5 17 7
2  45.0 45.0 0.00
1187 44.4466 30.9883 1 24 8
2  45.0 45.0 0.00
1188 30.7421 176.8208 8 24 9
2  45.0 45.0 0.00
1189 39.4676 71.9073 8 17 5
2  45.0 45.0 0.00
1190 -12.7513 129.0623 2 19 7
2  45.0 45.0 0.00
1191 -3.2468 64.0244 4 22 6
2  45.0 45.0 0.00
1192 -41.3459 -24.5841 6 27 6
2  45.0 45.0 0.00
1193 -19.2876 17.6438 6 22 9
2  45.0 45.0 0.00
1194 -2.9117 108.1687 7 16 7
2  45.0 45.0 0.00
1195 -51.4854 -145.2360 2 21 7
2  45.0 45.0 0.00
1196 -20.8507 94.3173 5 15 8
2  45.0 45.0 0.00
1197 25.7768 143.0509 1 25 5
2  45.0 45.0 0.00
1198 -27.4051 -154.2091 6 21 5
2  45.0 45.0 0.00
1199 -15.0193 -127.3386 7 19 6
2  45.0 45.0 0.00
1200 -18.7275 -114.6057 5 19 6
2  45.0 45.0 0.00
1201 8.3990 101.2225 7 27 6
2  45.0 45.0 0.00
1202 -13.4829 -94.1597 3 15 8
2  45.0 45.0 0.00
1203 -16.1171 -32.9558 3 18 6
2  45.0 45.0 0.00
1204 -8.4081 133.4495 9 21 6
2  45.0 45.0 0.00
1205 -10.5056 -44.6181 5 28 8
2  45.0 45.0 0.00
1206 39.0087 100.0124 8 17 5
2  45.0 45.0 0.00
1207 -40.1057 -3.3725 2 24 9
2  45.0 45.0 0.00
1208 48.9724 -163.9286 5 19 9
2  45.0 45.0 0.00
1209 -52.6803 -164.3202 3 24 9
2  45.0 45.0 0.00
1210 47.6843 149.5972 4 15 7
2  45.0 45.0 0.00
1211 -5.0210 96.8797 1 29 9
2  45.0 45.0 0.00
1212 -31.4634 130.0129 3 16 7
2  45.0 45.0 0.00
1213 10.0690 -151.8897 5 15 8
2  45.0 45.0 0.00
1214 37.8759 94.9811 2 19 8
2  45.0 45.0 0.00
1215 -13.1402 13.5250 9 24 5
2  45.0 45.0 0.00
1216 -15.1225 83.0044 5 15 7
2  45.0 45.0 0.00
1217 47.9606 78.4739 9 25 9
2  45.0 45.0 0.00
1218 -15.6314 19.5037 7 25 8
2  45.0 45.0 0.00
1219 -42.3091 165.3400 3 26 6
2  45.0 45.0 0.00
1220 45.0428 -172.1115 7 29 8
2  45.0 45.0 0.00
1221 -33.2823 47.8344 5 19 8
2  45.0 45.0 0.00
1222 43.9966 -120.8266 7 27 7
2  45.0 45.0 0.00
1223 -2.9036 123.9690 10 24 8
2  45.0 45.0 0.00
1224 39.9628 -40.1242 5 16 5
2  45.0 45.0 0.00
1225 -20.8669 -161.4593 8 23 7
2  45.0 45.0 0.00
1226 -8.8237 94.2023 8 18 7
2  45.0 45.0 0.00
1227 -17.4452 89.4126 6 18 5
2  45.0 45.0 0.00
1228 -19.1239 -21.8685 7 15 6
2  45.0 45.0 0.00
1229 -33.0546 90.4130 8 18 8
2  45.0 45.0 0.00
1230 -25.8111 -58.9579 9 15 9
2  45.0 45.0 0.00
1231 3.8571 161.0950 8 29 9
2  45.0 45.0 0.00
1232 -38.7415 -168.1006 2 26 9
2  45.0 45.0 0.00
1233 -36.7407 157.5679 3 19 9
2  45.0 45.0 0.00
1234 23.7694 35.4185 6 24 5
2  45.0 45.0 0.00
1235 -6.5981 -63.5005 2 27 6
2  45.0 45.0 0.00
1236 5.5115 118.1230 6 27 8
2  45.0 45.0 0.00
1237 -44.4638 73.7604 5 19 8
2  45.0 45.0 0.00
1238 -11.8787 95.9303 10 18 9
2  45.0 45.0 0.00
1239 -22.6276 60.1111 6 17 9
2  45.0 45.0 0.00
1240 -26.4496 -8.9809 6 18 6
2  45.0 45.0 0.00
1241 16.7601 81.9982 1 29 8
2  45.0 45.0 0.00
1242 -30.4455 -130.6502 3 25 6
2  45.0 45.0 0.00
1243 -20.5222 -105.0406 6 16 6
2  45.0 45.0 0.00
1244 -5.4590 40.2409 2 22 9
2  45.0 45.0 0.00
1245 48.5232 -56.3986 2 26 7
2  45.0 45.0 0.00
1246 28.7025 -130.3471 9 27 8
2  45.0 45.0 0.00
1247 -44.8441 27.1032 4 24 8
2  45.0 45.0 0.00
1248 -15.6077 77.4436 9 23 7
2  45.0 45.0 0.00
1249 -26.4095 -166.6960 8 27 6
2  45.0 45.0 0.00
1250 -44.6990 35.6774 3 26 9
2  45.0 45.0 0.00
1251 14.7017 178.7084 2 18 5
2  45.0 45.0 0.00
1252 -19.6336 176.1603 2 21 9
2  45.0 45.0 0.00
1253 -45.0655 -63.2637 6 16 5
2  45.0 45.0 0.00
1254 24.4974 30.9339 6 21 7
2  45.0 45.0 0.00
1255 24.7381 -169.5792 9 29 6
2  45.0 45.0 0.00
1256 44.6059 -4.5033 10 21 6
2  45.0 45.0 0.00
1257 -34.8025 -56.6531 8 15 7
2  45.0 45.0 0.00
1258 -44.4638 -68.0433 8 24 7
2  45.0 45.0 0.00
1259 -14.4772 -81.0785 6 25 9
2  45.0 45.0 0.00
1260 45.2181 167.5005 7 26 8
2  45.0 45.0 0.00
1261 -0.8073 -123.1786 5 18 9
2  45.0 45.0 0.00
1262 11.6333 -171.5414 5 15 5
2  45.0 45.0 0.00
1263 34.6923 10.1987 2 16 5
2  45.0 45.0 0.00
1264 24.6157 -63.6712 4 23 6
2  45.0 45.0 0.00
1265 -8.4676 173.3992 5 29 5
2  45.0 45.0 0.00
1266 -4.3888 -65.5126 5 29 7
2  45.0 45.0 0.00
1267 48.2863 68.2545 1 25 9
2  45.0 45.0 0.00
1268 -51.5333 -141.4865 4 15 5
2  45.0 45.0 0.00
1269 -46.9544 -84.2413 1 22 6
2  45.0 45.0 0.00
1270 35.5199 -117.8344 7 24 8
2  45.0 45.0 0.00
1271 10.9658 -34.0538 10 21 6
2  45.0 45.0 0.00
1272 1.1363 -99.6706 1 17 7
2  45.0 45.0 0.00
1273 -22.0769 -167.2724 10 22 5
2  45.0 45.0 0.00
1274 -38.4048 118.4829 3 18 8
2  45.0 45.0 0.00
1275 13.2756 -71.8061 4 21 6
2  45.0 45.0 0.00
1276 -36.6632 -13.7608 4 24 6
2  45.0 45.0 0.00
1277 -22.6931 67.0128 7 20 7
2  45.0 45.0 0.00
1278 5.3133 -91.0450 5 20 8
2  45.0 45.0 0.00
1279 30.8142 149.4044 8 22 5
2  45.0 45.0 0.00
1280 -50.7019 88.5317 9 21 5
2  45.0 45.0 0.00
1281 -52.3667 154.3459 6 27 6
2  45.0 45.0 0.00
1282 -20.8913 160.0841 4 17 9
2  45.0 45.0 0.00
1283 -47.8119 34.4801 10 27 9
2  45.0 45.0 0.00
1284 11.1916 65.7760 7 29 8
2  45.0 45.0 0.00
1285 41.4029 -15.6267 7 21 9
2  45.0 45.0 0.00
1286 22.2843 103.2306 6 19 7
2  45.0 45.0 0.00
1287 -9.7309 -173.0913 4 23 9
2  45.0 45.0 0.00
1288 -15.1394 119.8270 7 15 6
2  45.0 45.0 0.00
1289 11.1774 -155.8123 2 21 9
2  45.0 45.0 0.00
1290 -32.3383 -151.9057 8 24 7
2  45.0 45.0 0.00
1291 -17.0693 103.8988 2 26 6
2  45.0 45.0 0.00
1292 5.2345 -6.1252 7 27 8
2  45.0 45.0 0.00
1293 1.7130 46.4517 7 25 7
2  45.0 45.0 0.00
1294 -49.8462 -168.4571 5 15 6
2  45.0 45.0 0.00
1295 28.9092 46.8459 4 25 7
2  45.0 45.0 0.00
1296 34.2809 -168.2375 1 23 6
2  45.0 45.0 0.00
1297 14.0121 -127.0285 4 27 6
2  45.0 45.0 0.00
1298 12.6767 -89.8949 1 17 5
2  45.0 45.0 0.00
1299 39.6642 168.6191 1 19 7
2  45.0 45.0 0.00
1300 50.5000 -54.4358 6 27 6
2  45.0 45.0 0.00
1301 -35.7370 -163.7735 8 20 5
2  45.0 45.0 0.00
1302 22.1372 -159.4301 5 17 6
2  45.0 45.0 0.00
1303 1.7711 154.6477 9 24 7
2  45.0 45.0 0.00
1304 -13.8841 104.5157 10 21 7
2  45.0 45.0 0.00
1305 29.6229 121.8328 9 28 5
2  45.0 45.0 0.00
1306 32.2602 -60.1690 5 16 9
2  45.0 45.0 0.00
1307 -2.6908 -107.6520 2 17 7
2  45.0 45.0 0.00
1308 9.2343 91.1002 2 25 9
2  45.0 45.0 0.00
1309 6.6200 -160.4264 4 28 6
2  45.0 45.0 0.00
1310 47.1290 -53.3020 6 28 8
2  45.0 45.0 0.00
1311 -33.2741 142.7048 3 18 7
2  45.0 45.0 0.00
1312 -18.6100 -123.9426 10 18 8
2  45.0 45.0 0.00
1313 -13.1464 152.9374 7 18 5
2  45.0 45.0 0.00
1314 -19.5314 97.5119 4 16 6
2  45.0 45.0 0.00
1315 12.2919 -137.6737 5 24 6
2  45.0 45.0 0.00
1316 23.8595 153.6253 4 23 8
2  45.0 45.0 0.00
1317 -5.0453 -21.2027 5 22 8
2  45.0 45.0 0.00
1318 8.2906 159.8558 10 24 8
2  45.0 45.0 0.00
1319 -7.2715 9.0773 9 29 6
2  45.0 45.0 0.00
1320 14.5884 124.8779 10 26 9
2  45.0 45.0 0.00
1321 -34.5828 -81.9162 3 25 5
2  45.0 45.0 0.00
1322 -45.7369 -76.5877 6 29 6
2  45.0 45.0 0.00
1323 -10.8441 26.2694 3 24 6
2  45.0 45.0 0.00
1324 46.0966 -37.0180 2 21 6
2  45.0 45.0 0.00
1325 -13.6001 -133.6325 8 22 6
2  45.0 45.0 0.00
1326 -43.3809 -117.3580 10 20 6
2  45.0 45.0 0.00
1327 40.0899 -113.2946 7 24 6
2  45.0 45.0 0.00
1328 -33.9255 96.4394 4 19 5
2  45.0 45.0 0.00
1329 -22.1586 163.1949 9 21 6
2  45.0 45.0 0.00
1330 37.9936 144.3787 5 25 5
2  45.0 45.0 0.00
1331 -27.5118 -31.5725 10 22 5
2  45.0 45.0 0.00
1332 -48.2355 107.4024 9 19 6
2  45.0 45.0 0.00
1333 41.8186 145.0524 6 24 7
2  45.0 45.0 0.00
1334 -30.4852 156.4064 4 19 9
2  45.0 45.0 0.00
1335 -35.2994 -155.9541 10 18 6
2  45.0 45.0 0.00
1336 -8.6519 67.5976 5 16 9
2  45.0 45.0 0.00
1337 -32.8924 -11.7180 2 19 6
2  45.0 45.0 0.00
1338 -3.6137 67.8516 5 22 7
2  45.0 45.0 0.00
1339 -12.5496 -17.7517 3 16 8
2  45.0 45.0 0.00
1340 -11.8684 -73.3742 10 28 5
2  45.0 45.0 0.00
1341 44.9406 48.1470 3 26 5
2  45.0 45.0 0.00
1342 -34.5920 -125.6217 9 16 8
2  45.0 45.0 0.00
1343 -15.1392 80.3125 5 21 5
2  45.0 45.0 0.00
1344 -7.7311 27.8558 4 19 5
2  45.0 45.0 0.00
1345 2.5363 -15.8310 9 26 8
2  45.0 45.0 0.00
1346 22.9275 164.7761 7 23 7
2  45.0 45.0 0.00
1347 -40.0473 97.1311 2 15 8
2  45.0 45.0 0.00
1348 5.9310 64.6146 2 18 7
2  45.0 45.0 0.00
1349 -19.6251 28.5095 3 27 5
2  45.0 45.0 0.00
1350 16.8029 -171.1143 10 15 6
2  45.0 45.0 0.00
1351 32.9296 170.9639 6 27 6
2  45.0 45.0 0.00
1352 -3.3980 125.3359 8 17 7
2  45.0 45.0 0.00
1353 -30.1094 19.5547 2 25 7
2  45.0 45.0 0.00
1354 9.2611 78.6267 4 26 9
2  45.0 45.0 0.00
1355 26.2435 -63.1653 8 27 9
2  45.0 45.0 0.00
1356 47.1418 52.0023 6 26 8
2  45.0 45.0 0.00
1357 20.3111 162.8540 10 18 9
2  45.0 45.0 0.00
1358 -37.3867 157.4603 3 26 9
2  45.0 45.0 0.00
1359 22.0265 13.1892 8 26 6
2  45.0 45.0 0.00
1360 27.6171 142.1502 1 18 8
2  45.0 45.0 0.00
1361 46.6517 -94.5213 4 16 7
2  45.0 45.0 0.00
1362 -1.4718 -122.8602 8 15 8
2  45.0 45.0 0.00
1363 34.2902 -148.4849 8 21 7
2  45.0 45.0 0.00
1364 -25.0609 -70.9285 5 26 6
2  45.0 45.0 0.00
1365 15.8977 151.8852 2 28 5
2  45.0 45.0 0.00
1366 -30.6400 14.3799 1 21 8
2  45.0 45.0 0.00
1367 -47.7135 -37.9565 8 16 6
2  45.0 45.0 0.00
1368 -4.8576 128.5900 1 25 5
2  45.0 45.0 0.00
1369 51.7889 153.5956 9 17 5
2  45.0 45.0 0.00
1370 12.7471 -135.8607 10 18 9
2  45.0 45.0 0.00
1371 -4.4984 -144.0119 8 29 7
2  45.0 45.0 0.00
1372 -51.0701 -50.2317 7 28 7
2  45.0 45.0 0.00
1373 47.2941 83.9506 6 18 9
2  45.0 45.0 0.00
1374 -7.5338 -173.7550 8 15 7
2  45.0 45.0 0.00
1375 -9.9235 48.1861 10 25 7
2  45.0 45.0 0.00
1376 23.6724 102.9766 2 26 6
2  45.0 45.0 0.00
1377 -43.6366 -80.0513 5 21 9
2  45.0 45.0 0.00
1378 47.6900 -31.7341 4 23 8
2  45.0 45.0 0.00
1379 -43.0671 160.7539 10 17 7
2  45.0 45.0 0.00
1380 -25.9299 68.2887 9 18 6
2  45.0 45.0 0.00
1381 10.9083 -140.9494 5 26 9
2  45.0 45.0 0.00
1382 34.3135 -33.6339 4 22 6
2  45.0 45.0 0.00
1383 -28.3910 39.5997 10 24 5
2  45.0 45.0 0.00
1384 17.8648 -80.8249 5 18 7
2  45.0 45.0 0.00
1385 -51.1898 -17.8878 8 19 7
2  45.0 45.0 0.00
1386 -4.2566 -3.0368 9 17 7
2  45.0 45.0 0.00
1387 -49.4349 8.5835 10 20 9
2  45.0 45.0 0.00
1388 50.8652 11.4381 9 21 8
2  45.0 45.0 0.00
1389 4.5933 139.6444 6 18 8
2  45.0 45.0 0.00
1390 -1.7271 -65.4275 8 15 5
2  45.0 45.0 0.00
1391 50.8685 -20.8207 2 25 8
2  45.0 45.0 0.00
1392 -36.8247 113.5014 5 18 5
2  45.0 45.0 0.00
1393 -17.7923 -94.4331 10 28 6
2  45.0 45.0 0.00
1394 22.0817 -89.2275 10 27 6
2  45.0 45.0 0.00
1395 -38.5031 114.0940 6 24 5
2  45.0 45.0 0.00
1396 -39.3073 -112.4100 3 22 8
2  45.0 45.0 0.00
1397 -37.9918 -21.2403 4 16 7
2  45.0 45.0 0.00
1398 9.6957 110.1113 10 26 6
2  45.0 45.0 0.00
1399 -35.5547 -66.7006 7 20 8
2  45.0 45.0 0.00
