s1
0
1
 2013 04 20 15 37 24.654     2013 04 20 15 40  5.214     160.6
 2013 04 20 20 32  9.333     2013 04 20 20 35 44.049     214.7
 2013 04 20 22 09 39.843     2013 04 20 22 09 48.032       8.2
2
 2013 04 20 10 40 37.111     2013 04 20 10 44 12.250     215.1
3
 2013 04 20 00 18  5.190     2013 04 20 00 21 24.151     199.0
4
 2013 04 20 20 48 58.988     2013 04 20 20 51 36.958     158.0
5
 2013 04 20 10 39  9.755     2013 04 20 10 41 42.893     153.1
6
 2013 04 20 20 41 10.639     2013 04 20 20 44 16.524     185.9
7
 2013 04 20 00 20 20.565     2013 04 20 00 22 50.514     149.9
8
 2013 04 20 10 44 17.480     2013 04 20 10 47 22.412     184.9
 2013 04 20 20 44 19.045     2013 04 20 20 47 26.183     187.1
9
 2013 04 20 14 03  1.645     2013 04 20 14 05 37.622     156.0
 2013 04 20 18 57 33.680     2013 04 20 19 00 51.410     197.7
10
 2013 04 20 12 25 13.850     2013 04 20 12 28  7.693     173.8
11
 2013 04 20 10 47 36.179     2013 04 20 10 49  2.053      85.9
 2013 04 20 19 05 54.600     2013 04 20 19 08 39.900     165.3
12
 2013 04 20 22 19 38.138     2013 04 20 22 23 14.470     216.3
13
 2013 04 20 19 06 12.847     2013 04 20 19 09 24.932     192.1
14
 2013 04 20 09 08  6.156     2013 04 20 09 08 54.411      48.3
15
16
 2013 04 20 10 47 42.884     2013 04 20 10 50 47.782     184.9
 2013 04 20 19 05 12.349     2013 04 20 19 08 23.078     190.7
17
 2013 04 20 10 50 33.997     2013 04 20 10 50 56.497      22.5
 2013 04 20 17 24 33.870     2013 04 20 17 28  8.875     215.0
18
 2013 04 20 20 48 22.171     2013 04 20 20 50 52.243     150.1
19
 2013 04 20 12 26 13.232     2013 04 20 12 29 22.052     188.8
 2013 04 20 19 00  4.608     2013 04 20 19 02 47.848     163.2
20
 2013 04 20 12 29 11.047     2013 04 20 12 31 56.081     165.0
 2013 04 20 17 24  3.037     2013 04 20 17 26 51.057     168.0
21
 2013 04 20 12 24 55.220     2013 04 20 12 27 37.809     162.6
 2013 04 20 20 37 40.871     2013 04 20 20 38 17.952      37.1
22
23
 2013 04 20 10 44  5.395     2013 04 20 10 47 33.937     208.5
 2013 04 20 20 44 31.276     2013 04 20 20 47 47.421     196.1
24
 2013 04 20 12 21  1.274     2013 04 20 12 23 37.118     155.8
25
26
 2013 04 20 12 19 34.406     2013 04 20 12 23 11.843     217.4
 2013 04 20 22 16 21.660     2013 04 20 22 19 42.377     200.7
27
 2013 04 20 12 23  5.773     2013 04 20 12 23 24.245      18.5
 2013 04 20 20 40 14.417     2013 04 20 20 43  8.422     174.0
28
29
 2013 04 20 15 37  4.466     2013 04 20 15 39 52.524     168.1
 2013 04 20 20 35 57.426     2013 04 20 20 36  3.112       5.7
 2013 04 20 22 10  3.254     2013 04 20 22 13 41.009     217.8
30
 2013 04 20 20 48  4.317     2013 04 20 20 51  7.562     183.2
31
 2013 04 20 10 46  8.987     2013 04 20 10 49  3.302     174.3
32
 2013 04 20 14 01 50.576     2013 04 20 14 05 23.284     212.7
 2013 04 20 20 36 27.733     2013 04 20 20 39 26.776     179.0
33
 2013 04 20 00 21  4.070     2013 04 20 00 23 58.340     174.3
 2013 04 20 12 12 20.361     2013 04 20 12 15 58.638     218.3
34
 2013 04 20 12 21 59.568     2013 04 20 12 22  7.729       8.2
 2013 04 20 20 37 24.383     2013 04 20 20 40 48.522     204.1
35
 2013 04 20 12 21 42.868     2013 04 20 12 25 29.174     226.3
 2013 04 20 20 40  9.302     2013 04 20 20 43 22.056     192.8
36
 2013 04 20 22 21  4.251     2013 04 20 22 23 34.626     150.4
37
 2013 04 20 13 58 28.432     2013 04 20 13 58 46.657      18.2
38
 2013 04 20 10 49  7.182     2013 04 20 10 52 19.758     192.6
 2013 04 20 19 03 35.182     2013 04 20 19 06 11.769     156.6
39
 2013 04 20 12 25 33.696     2013 04 20 12 28 19.045     165.3
 2013 04 20 19 04 13.915     2013 04 20 19 04 35.144      21.2
40
 2013 04 20 13 59 21.355     2013 04 20 14 01 57.421     156.1
 2013 04 20 22 12 26.392     2013 04 20 22 13 20.495      54.1
41
 2013 04 20 12 22 22.353     2013 04 20 12 24 57.356     155.0
 2013 04 20 20 38 51.419     2013 04 20 20 42 17.825     206.4
42
 2013 04 20 15 37 49.491     2013 04 20 15 41 31.489     222.0
 2013 04 20 20 33 39.206     2013 04 20 20 36 37.900     178.7
43
 2013 04 20 10 44 55.265     2013 04 20 10 47 59.206     183.9
 2013 04 20 20 43 38.875     2013 04 20 20 44 18.861      40.0
44
 2013 04 20 13 58 36.457     2013 04 20 14 01 20.187     163.7
 2013 04 20 22 12 46.907     2013 04 20 22 15 41.336     174.4
45
 2013 04 20 12 25 17.786     2013 04 20 12 28  2.254     164.5
46
 2013 04 20 12 27  4.874     2013 04 20 12 30  5.043     180.2
 2013 04 20 19 01 43.021     2013 04 20 19 04 18.726     155.7
47
 2013 04 20 09 03  3.464     2013 04 20 09 05 53.658     170.2
 2013 04 20 20 50  6.656     2013 04 20 20 52 37.594     150.9
48
 2013 04 20 10 40 53.211     2013 04 20 10 43 27.646     154.4
49
 2013 04 20 12 20 17.459     2013 04 20 12 23 25.806     188.3
50
 2013 04 20 14 03 41.501     2013 04 20 14 06 54.059     192.6
 2013 04 20 18 59  2.723     2013 04 20 19 01 48.301     165.6
51
 2013 04 20 12 21 53.401     2013 04 20 12 24 29.335     155.9
52
 2013 04 20 15 37 54.294     2013 04 20 15 41  4.166     189.9
 2013 04 20 20 33 14.549     2013 04 20 20 36 13.712     179.2
53
 2013 04 20 22 22 11.912     2013 04 20 22 25  2.668     170.8
54
 2013 04 20 10 45 48.890     2013 04 20 10 46 43.509      54.6
55
 2013 04 20 20 48 39.203     2013 04 20 20 51  9.238     150.0
56
 2013 04 20 10 44 20.219     2013 04 20 10 44 31.534      11.3
57
 2013 04 20 10 42 25.625     2013 04 20 10 45 28.058     182.4
 2013 04 20 20 45  5.240     2013 04 20 20 48  8.417     183.2
58
 2013 04 20 12 20 21.418     2013 04 20 12 22 56.136     154.7
59
 2013 04 20 09 03 40.070     2013 04 20 09 06 13.283     153.2
 2013 04 20 20 50  7.206     2013 04 20 20 53  7.888     180.7
60
61
 2013 04 20 20 51 44.653     2013 04 20 20 51 55.216      10.6
62
 2013 04 20 12 23 39.899     2013 04 20 12 26 15.131     155.2
 2013 04 20 20 38 54.739     2013 04 20 20 41 29.123     154.4
63
 2013 04 20 10 38 10.464     2013 04 20 10 41 22.599     192.1
 2013 04 20 22 23 41.424     2013 04 20 22 26 33.737     172.3
64
 2013 04 20 10 43 42.902     2013 04 20 10 46 58.686     195.8
 2013 04 20 20 44 50.756     2013 04 20 20 47 34.127     163.4
65
66
 2013 04 20 10 39 49.704     2013 04 20 10 41 38.448     108.7
67
 2013 04 20 13 56 59.710     2013 04 20 13 59 54.261     174.6
 2013 04 20 22 14  4.048     2013 04 20 22 16 58.604     174.6
68
 2013 04 20 20 44 59.385     2013 04 20 20 45 21.471      22.1
69
 2013 04 20 12 27 43.466     2013 04 20 12 30 23.287     159.8
 2013 04 20 19 00 35.425     2013 04 20 19 03 40.486     185.1
70
 2013 04 20 22 18 58.123     2013 04 20 22 19 44.291      46.2
71
72
 2013 04 20 12 17 11.539     2013 04 20 12 19 45.320     153.8
 2013 04 20 22 18 42.238     2013 04 20 22 22  4.460     202.2
73
 2013 04 20 00 21 28.841     2013 04 20 00 24 17.334     168.5
 2013 04 20 12 14 47.379     2013 04 20 12 14 53.161       5.8
74
 2013 04 20 14 01 47.227     2013 04 20 14 04 23.596     156.4
 2013 04 20 20 35 35.536     2013 04 20 20 38 14.500     159.0
75
 2013 04 20 12 24 44.562     2013 04 20 12 28 25.084     220.5
76
 2013 04 20 10 42 14.199     2013 04 20 10 42 59.991      45.8
 2013 04 20 20 45 49.208     2013 04 20 20 48 24.283     155.1
77
 2013 04 20 15 36 14.485     2013 04 20 15 39  2.508     168.0
 2013 04 20 22 10 25.318     2013 04 20 22 13  5.513     160.2
78
 2013 04 20 12 13 49.413     2013 04 20 12 16 53.444     184.0
79
 2013 04 20 10 38 27.927     2013 04 20 10 38 44.854      16.9
 2013 04 20 22 22 51.115     2013 04 20 22 26  4.007     192.9
80
 2013 04 20 15 36 17.893     2013 04 20 15 40  8.667     230.8
 2013 04 20 22 11  3.803     2013 04 20 22 14 11.105     187.3
81
 2013 04 20 20 47 54.783     2013 04 20 20 51 19.787     205.0
82
 2013 04 20 22 15 49.522     2013 04 20 22 19  7.083     197.6
83
 2013 04 20 12 20 29.875     2013 04 20 12 23 15.884     166.0
84
 2013 04 20 12 28 56.761     2013 04 20 12 31 33.836     157.1
 2013 04 20 17 23 36.289     2013 04 20 17 26 33.520     177.2
85
 2013 04 20 10 48  8.493     2013 04 20 10 50 51.741     163.2
 2013 04 20 19 04 53.465     2013 04 20 19 07 51.772     178.3
86
 2013 04 20 10 39 49.865     2013 04 20 10 43 15.938     206.1
87
 2013 04 20 20 47 25.792     2013 04 20 20 49 58.187     152.4
88
 2013 04 20 12 13 19.202     2013 04 20 12 15 52.385     153.2
89
 2013 04 20 12 24 36.535     2013 04 20 12 27 49.321     192.8
90
 2013 04 20 10 46 45.308     2013 04 20 10 50 28.958     223.7
91
 2013 04 20 12 27  5.139     2013 04 20 12 30  8.012     182.9
 2013 04 20 19 00 16.034     2013 04 20 19 02 58.772     162.7
92
93
 2013 04 20 12 28  4.379     2013 04 20 12 30 55.983     171.6
 2013 04 20 14 05 24.892     2013 04 20 14 05 44.976      20.1
 2013 04 20 17 22 25.723     2013 04 20 17 25 51.466     205.7
 2013 04 20 19 00  1.980     2013 04 20 19 03 48.575     226.6
94
 2013 04 20 13 57 33.726     2013 04 20 14 01  7.017     213.3
 2013 04 20 22 14 32.681     2013 04 20 22 17  9.968     157.3
95
 2013 04 20 20 36 37.349     2013 04 20 20 39 53.649     196.3
96
 2013 04 20 14 02 36.051     2013 04 20 14 05 11.875     155.8
 2013 04 20 18 57  5.307     2013 04 20 18 57 34.992      29.7
 2013 04 20 20 35  8.617     2013 04 20 20 38 41.848     213.2
97
 2013 04 20 12 17 52.568     2013 04 20 12 20 36.187     163.6
 2013 04 20 22 18 12.681     2013 04 20 22 21   .554     167.9
98
 2013 04 20 10 44 49.476     2013 04 20 10 46 18.921      89.4
99
 2013 04 20 13 56  3.283     2013 04 20 13 59 39.131     215.8
100
 2013 04 20 12 28  7.808     2013 04 20 12 30 58.658     170.9
 2013 04 20 17 27 10.002     2013 04 20 17 27 11.151       1.1
 2013 04 20 19 01 10.555     2013 04 20 19 04 48.632     218.1
101
102
 2013 04 20 10 46 34.842     2013 04 20 10 49  9.643     154.8
103
 2013 04 20 12 23 32.232     2013 04 20 12 27 12.591     220.4
 2013 04 20 20 39 50.361     2013 04 20 20 42 54.888     184.5
104
 2013 04 20 12 23 11.824     2013 04 20 12 26 13.851     182.0
 2013 04 20 20 39 45.759     2013 04 20 20 42 18.543     152.8
105
 2013 04 20 12 25  3.112     2013 04 20 12 28   .721     177.6
106
 2013 04 20 22 11 28.796     2013 04 20 22 14 57.079     208.3
107
 2013 04 20 09 04  8.318     2013 04 20 09 06 59.315     171.0
 2013 04 20 20 49  9.377     2013 04 20 20 52 28.863     199.5
108
 2013 04 20 19 02 47.686     2013 04 20 19 05 21.570     153.9
109
 2013 04 20 12 21 22.138     2013 04 20 12 24  1.218     159.1
110
111
 2013 04 20 12 17 22.365     2013 04 20 12 19 56.418     154.1
 2013 04 20 22 18 33.499     2013 04 20 22 21 47.339     193.8
112
 2013 04 20 12 24 18.496     2013 04 20 12 26 57.429     158.9
 2013 04 20 20 38 48.998     2013 04 20 20 42   .477     191.5
113
 2013 04 20 10 45 59.961     2013 04 20 10 48 35.771     155.8
114
 2013 04 20 12 23 54.409     2013 04 20 12 27  5.790     191.4
 2013 04 20 20 39 26.561     2013 04 20 20 42 36.124     189.6
115
 2013 04 20 14 00  2.026     2013 04 20 14 03 28.355     206.3
 2013 04 20 20 35 50.872     2013 04 20 20 39 27.007     216.1
116
 2013 04 20 10 41 44.122     2013 04 20 10 44 36.560     172.4
117
 2013 04 20 09 02 34.717     2013 04 20 09 05 55.390     200.7
 2013 04 20 20 49 48.525     2013 04 20 20 52 22.051     153.5
118
 2013 04 20 12 24 16.764     2013 04 20 12 26 51.923     155.2
 2013 04 20 20 38 39.389     2013 04 20 20 41 43.289     183.9
119
 2013 04 20 12 15 35.898     2013 04 20 12 18 57.056     201.2
120
 2013 04 20 13 58 57.581     2013 04 20 14 01 50.954     173.4
 2013 04 20 22 13 17.647     2013 04 20 22 17   .447     222.8
121
122
 2013 04 20 14 04 20.543     2013 04 20 14 04 42.106      21.6
 2013 04 20 15 38 41.750     2013 04 20 15 42  8.404     206.7
 2013 04 20 20 34  2.694     2013 04 20 20 36 37.521     154.8
123
124
 2013 04 20 12 23 43.729     2013 04 20 12 24 11.759      28.0
125
126
 2013 04 20 12 19 34.114     2013 04 20 12 22 16.125     162.0
 2013 04 20 22 17 52.335     2013 04 20 22 21 33.024     220.7
127
 2013 04 20 09 02 30.551     2013 04 20 09 02 39.541       9.0
 2013 04 20 20 49 26.341     2013 04 20 20 52   .324     154.0
128
 2013 04 20 12 25 10.284     2013 04 20 12 27 48.930     158.6
129
130
 2013 04 20 12 19 50.687     2013 04 20 12 23 20.176     209.5
131
 2013 04 20 12 18 26.243     2013 04 20 12 22  9.628     223.4
 2013 04 20 22 19  5.270     2013 04 20 22 22 27.329     202.1
132
 2013 04 20 13 56 49.061     2013 04 20 13 59 51.932     182.9
 2013 04 20 22 14 10.120     2013 04 20 22 17 10.082     180.0
133
 2013 04 20 20 41 41.721     2013 04 20 20 44 13.954     152.2
134
 2013 04 20 10 40 45.942     2013 04 20 10 42 58.769     132.8
135
 2013 04 20 15 37  1.394     2013 04 20 15 39 37.647     156.3
 2013 04 20 20 35 16.863     2013 04 20 20 35 36.722      19.9
 2013 04 20 22 09 43.598     2013 04 20 22 13 12.269     208.7
136
 2013 04 20 09 04 48.240     2013 04 20 09 08 13.469     205.2
137
 2013 04 20 15 38  7.687     2013 04 20 15 41  9.499     181.8
 2013 04 20 20 33 18.638     2013 04 20 20 36  6.397     167.8
138
 2013 04 20 12 21 37.828     2013 04 20 12 24 19.221     161.4
139
 2013 04 20 12 22 35.354     2013 04 20 12 25 52.681     197.3
 2013 04 20 20 39 59.910     2013 04 20 20 42 38.988     159.1
140
 2013 04 20 13 58 30.924     2013 04 20 14 01 49.634     198.7
 2013 04 20 22 12  8.792     2013 04 20 22 15  9.865     181.1
141
 2013 04 20 19 05 50.629     2013 04 20 19 06 20.741      30.1
142
143
 2013 04 20 12 22 37.686     2013 04 20 12 25 23.997     166.3
 2013 04 20 20 39 26.777     2013 04 20 20 42 21.279     174.5
144
145
 2013 04 20 13 57 48.905     2013 04 20 13 58 28.026      39.1
 2013 04 20 22 14 30.297     2013 04 20 22 17 37.342     187.0
146
147
 2013 04 20 00 20 35.980     2013 04 20 00 24 14.367     218.4
148
 2013 04 20 22 23 35.609     2013 04 20 22 24 26.940      51.3
149
 2013 04 20 12 19 46.091     2013 04 20 12 20  9.779      23.7
150
 2013 04 20 00 20 56.902     2013 04 20 00 23 27.256     150.4
151
 2013 04 20 09 05 42.997     2013 04 20 09 09 24.041     221.0
152
 2013 04 20 10 45  7.627     2013 04 20 10 48 52.038     224.4
153
 2013 04 20 19 06 17.233     2013 04 20 19 06 17.910        .7
154
 2013 04 20 12 20 27.528     2013 04 20 12 23 57.749     210.2
155
 2013 04 20 12 27  9.063     2013 04 20 12 30 37.859     208.8
 2013 04 20 14 04 54.429     2013 04 20 14 08 32.587     218.2
 2013 04 20 17 21 27.579     2013 04 20 17 22  5.838      38.3
 2013 04 20 18 59 49.827     2013 04 20 19 02 50.716     180.9
156
 2013 04 20 22 21   .332     2013 04 20 22 24 31.302     211.0
157
 2013 04 20 12 16 15.869     2013 04 20 12 18 51.225     155.4
158
 2013 04 20 00 20 49.901     2013 04 20 00 24 11.485     201.6
159
 2013 04 20 12 16 48.102     2013 04 20 12 20 14.711     206.6
 2013 04 20 22 19 55.072     2013 04 20 22 22 43.489     168.4
160
 2013 04 20 12 23   .070     2013 04 20 12 25 42.240     162.2
 2013 04 20 20 39 25.146     2013 04 20 20 42  3.966     158.8
161
162
 2013 04 20 22 15 29.678     2013 04 20 22 19  5.527     215.8
163
 2013 04 20 22 23 23.814     2013 04 20 22 26  4.517     160.7
164
165
 2013 04 20 22 16  1.375     2013 04 20 22 18 33.331     152.0
166
 2013 04 20 12 22 18.835     2013 04 20 12 25 53.039     214.2
 2013 04 20 20 40 10.968     2013 04 20 20 42 53.968     163.0
167
 2013 04 20 13 55 28.109     2013 04 20 13 58 18.231     170.1
168
 2013 04 20 00 14 49.445     2013 04 20 00 15 10.766      21.3
 2013 04 20 13 54 17.562     2013 04 20 13 56 51.784     154.2
169
 2013 04 20 20 37 13.212     2013 04 20 20 39 48.229     155.0
170
 2013 04 20 13 59  3.678     2013 04 20 14 01 41.537     157.9
 2013 04 20 22 12 37.114     2013 04 20 22 16  4.181     207.1
171
 2013 04 20 12 23 59.902     2013 04 20 12 26 59.120     179.2
 2013 04 20 20 39 18.054     2013 04 20 20 42 24.627     186.6
172
 2013 04 20 10 44 37.594     2013 04 20 10 45 42.632      65.0
173
 2013 04 20 12 27 45.733     2013 04 20 12 30 48.555     182.8
 2013 04 20 19 01 32.474     2013 04 20 19 04 45.055     192.6
174
175
 2013 04 20 22 19 33.024     2013 04 20 22 20 19.168      46.1
176
 2013 04 20 12 13 57.513     2013 04 20 12 16 34.892     157.4
177
 2013 04 20 20 45 21.175     2013 04 20 20 46  9.585      48.4
178
 2013 04 20 14 01 20.740     2013 04 20 14 04 29.182     188.4
 2013 04 20 20 34 40.613     2013 04 20 20 37 18.282     157.7
179
 2013 04 20 13 56 39.785     2013 04 20 14 00  2.139     202.4
 2013 04 20 22 14 26.750     2013 04 20 22 17 22.992     176.2
180
 2013 04 20 14 02 19.140     2013 04 20 14 04 57.865     158.7
 2013 04 20 20 35 32.057     2013 04 20 20 38 41.080     189.0
181
 2013 04 20 12 19  7.892     2013 04 20 12 20 42.269      94.4
182
 2013 04 20 10 43 58.628     2013 04 20 10 47 31.555     212.9
 2013 04 20 20 42 49.444     2013 04 20 20 45 20.824     151.4
183
 2013 04 20 20 46 53.627     2013 04 20 20 49 44.102     170.5
184
 2013 04 20 12 16 33.093     2013 04 20 12 19 24.377     171.3
 2013 04 20 22 19 14.603     2013 04 20 22 20 14.870      60.3
185
 2013 04 20 13 58 22.900     2013 04 20 13 59  2.454      39.6
 2013 04 20 22 13 59.829     2013 04 20 22 14 43.044      43.2
186
 2013 04 20 10 43 55.644     2013 04 20 10 44  6.460      10.8
187
 2013 04 20 13 56  2.125     2013 04 20 13 59 18.077     196.0
188
 2013 04 20 15 37  7.105     2013 04 20 15 40  7.576     180.5
 2013 04 20 20 35 56.062     2013 04 20 20 36 16.072      20.0
 2013 04 20 22 10 11.289     2013 04 20 22 11 49.987      98.7
189
 2013 04 20 20 46 43.004     2013 04 20 20 50 17.677     214.7
190
 2013 04 20 13 59 20.955     2013 04 20 14 01 56.377     155.4
 2013 04 20 22 12 36.489     2013 04 20 22 13 20.726      44.2
191
 2013 04 20 12 21 59.472     2013 04 20 12 25 42.644     223.2
 2013 04 20 20 40 13.195     2013 04 20 20 43  8.641     175.4
192
193
 2013 04 20 14 01 41.228     2013 04 20 14 04 27.241     166.0
 2013 04 20 20 35 55.666     2013 04 20 20 38 32.725     157.1
194
 2013 04 20 10 39 33.691     2013 04 20 10 42 20.409     166.7
195
 2013 04 20 22 22  2.310     2013 04 20 22 24 35.039     152.7
196
 2013 04 20 10 52 20.496     2013 04 20 10 52 24.907       4.4
 2013 04 20 19 03  1.298     2013 04 20 19 05 38.079     156.8
197
198
 2013 04 20 00 21  3.100     2013 04 20 00 23 33.541     150.4
199
 2013 04 20 12 21 21.237     2013 04 20 12 25  8.175     226.9
 2013 04 20 20 39 58.403     2013 04 20 20 43 41.835     223.4
200
 2013 04 20 14 00 42.564     2013 04 20 14 03 54.182     191.6
 2013 04 20 20 36  6.851     2013 04 20 20 38 58.150     171.3
201
 2013 04 20 10 40 43.445     2013 04 20 10 43 17.274     153.8
202
 2013 04 20 09 06 59.737     2013 04 20 09 07 54.709      55.0
 2013 04 20 20 48 17.819     2013 04 20 20 51 29.655     191.8
203
204
 2013 04 20 10 41  4.890     2013 04 20 10 44  2.389     177.5
205
 2013 04 20 00 21 42.273     2013 04 20 00 22 38.142      55.9
 2013 04 20 12 12 56.679     2013 04 20 12 15 29.860     153.2
206
 2013 04 20 20 41  9.267     2013 04 20 20 43 51.910     162.6
207
208
 2013 04 20 10 43  3.000     2013 04 20 10 45 37.779     154.8
 2013 04 20 20 44  2.911     2013 04 20 20 47  8.357     185.4
209
210
 2013 04 20 10 44 19.009     2013 04 20 10 47 30.190     191.2
 2013 04 20 20 44 17.871     2013 04 20 20 47 33.112     195.2
211
 2013 04 20 22 23   .043     2013 04 20 22 25 41.574     161.5
212
 2013 04 20 14 04 10.411     2013 04 20 14 07 27.818     197.4
 2013 04 20 18 59 25.618     2013 04 20 19 02   .173     154.6
213
 2013 04 20 10 44 53.330     2013 04 20 10 47 27.403     154.1
 2013 04 20 20 43 28.221     2013 04 20 20 46 35.308     187.1
214
215
216
 2013 04 20 10 50  5.309     2013 04 20 10 50 49.994      44.7
217
 2013 04 20 13 59 13.745     2013 04 20 14 01 57.921     164.2
 2013 04 20 22 12 57.106     2013 04 20 22 13 34.436      37.3
218
 2013 04 20 12 24 41.374     2013 04 20 12 25 48.413      67.0
219
 2013 04 20 10 48 29.703     2013 04 20 10 51 10.962     161.3
 2013 04 20 19 04 11.041     2013 04 20 19 06 57.913     166.9
220
221
 2013 04 20 10 46 55.811     2013 04 20 10 49 58.233     182.4
222
 2013 04 20 12 22 39.175     2013 04 20 12 23  4.772      25.6
 2013 04 20 22 16 29.333     2013 04 20 22 19 19.332     170.0
223
 2013 04 20 00 19 45.405     2013 04 20 00 23 19.838     214.4
224
 2013 04 20 22 21 23.170     2013 04 20 22 23 57.462     154.3
225
 2013 04 20 12 13 34.203     2013 04 20 12 16  9.125     154.9
226
 2013 04 20 12 21  4.414     2013 04 20 12 23 48.816     164.4
227
 2013 04 20 22 23  1.421     2013 04 20 22 25 37.787     156.4
228
 2013 04 20 12 29 19.143     2013 04 20 12 29 22.257       3.1
 2013 04 20 14 03 10.269     2013 04 20 14 07   .377     230.1
 2013 04 20 18 59  7.144     2013 04 20 19 02 16.371     189.2
229
 2013 04 20 13 55 31.881     2013 04 20 13 58  9.205     157.3
230
 2013 04 20 10 45 54.984     2013 04 20 10 48 52.720     177.7
231
 2013 04 20 12 27 32.058     2013 04 20 12 30 42.195     190.1
 2013 04 20 19 01 43.648     2013 04 20 19 04 42.984     179.3
232
233
234
 2013 04 20 12 22 41.695     2013 04 20 12 25 24.780     163.1
 2013 04 20 20 38 30.905     2013 04 20 20 41 33.582     182.7
235
 2013 04 20 12 21 50.942     2013 04 20 12 24 31.684     160.7
 2013 04 20 20 42 49.410     2013 04 20 20 42 58.946       9.5
236
 2013 04 20 10 38 17.950     2013 04 20 10 40 57.780     159.8
 2013 04 20 22 24 35.042     2013 04 20 22 28  7.246     212.2
237
 2013 04 20 13 59 15.632     2013 04 20 14 00  3.548      47.9
238
 2013 04 20 12 16   .944     2013 04 20 12 19 39.097     218.2
 2013 04 20 22 19 58.579     2013 04 20 22 23 28.742     210.2
239
240
 2013 04 20 20 46 12.058     2013 04 20 20 49 39.682     207.6
241
 2013 04 20 10 37 59.246     2013 04 20 10 41  6.777     187.5
 2013 04 20 22 23 55.870     2013 04 20 22 26 39.277     163.4
242
243
 2013 04 20 12 25  3.112     2013 04 20 12 27 40.620     157.5
244
245
 2013 04 20 00 17 22.010     2013 04 20 00 19 59.318     157.3
 2013 04 20 13 52   .905     2013 04 20 13 55 32.321     211.4
246
 2013 04 20 12 19  7.390     2013 04 20 12 21 57.856     170.5
 2013 04 20 22 17 34.566     2013 04 20 22 20 20.334     165.8
247
 2013 04 20 22 21 10.924     2013 04 20 22 23 41.597     150.7
248
 2013 04 20 10 41  3.014     2013 04 20 10 43 39.511     156.5
249
 2013 04 20 13 56 35.165     2013 04 20 13 59 53.806     198.6
 2013 04 20 22 14 21.388     2013 04 20 22 17 25.527     184.1
250
 2013 04 20 20 36 40.522     2013 04 20 20 40 20.596     220.1
251
 2013 04 20 10 40  5.347     2013 04 20 10 42 56.897     171.5
252
 2013 04 20 22 22 35.891     2013 04 20 22 26  9.479     213.6
253
 2013 04 20 09 05  3.781     2013 04 20 09 06 11.905      68.1
 2013 04 20 20 49 25.523     2013 04 20 20 52  5.514     160.0
254
 2013 04 20 10 43 45.018     2013 04 20 10 47  8.008     203.0
 2013 04 20 20 44 50.122     2013 04 20 20 47 39.965     169.8
255
 2013 04 20 10 40 22.494     2013 04 20 10 40 47.231      24.7
 2013 04 20 22 23 45.601     2013 04 20 22 26 27.145     161.5
256
 2013 04 20 22 22   .457     2013 04 20 22 24 38.158     157.7
257
 2013 04 20 20 48 54.765     2013 04 20 20 51 26.819     152.1
258
 2013 04 20 13 56  9.347     2013 04 20 13 58 45.634     156.3
259
 2013 04 20 12 25 46.371     2013 04 20 12 26 27.483      41.1
 2013 04 20 20 37 32.791     2013 04 20 20 40 22.248     169.5
260
 2013 04 20 12 23 53.115     2013 04 20 12 27 22.991     209.9
 2013 04 20 20 39 31.476     2013 04 20 20 42 54.846     203.4
261
 2013 04 20 12 26 28.397     2013 04 20 12 29 28.457     180.1
 2013 04 20 19 00 16.163     2013 04 20 19 02 53.692     157.5
262
 2013 04 20 13 56 42.428     2013 04 20 13 59 42.331     179.9
 2013 04 20 22 12 28.787     2013 04 20 22 16  1.292     212.5
263
 2013 04 20 10 49  3.543     2013 04 20 10 49 27.180      23.6
 2013 04 20 20 41 11.243     2013 04 20 20 42 28.218      77.0
264
 2013 04 20 22 22 39.353     2013 04 20 22 25  9.489     150.1
265
 2013 04 20 00 17 52.599     2013 04 20 00 19  2.389      69.8
266
 2013 04 20 12 21 25.348     2013 04 20 12 24 15.769     170.4
267
 2013 04 20 10 45 27.958     2013 04 20 10 48  2.772     154.8
 2013 04 20 20 42 53.864     2013 04 20 20 43 34.265      40.4
268
269
 2013 04 20 22 15 51.739     2013 04 20 22 18 37.236     165.5
270
 2013 04 20 22 25 55.909     2013 04 20 22 26 53.216      57.3
271
 2013 04 20 12 15 57.208     2013 04 20 12 18 57.952     180.7
272
 2013 04 20 12 24 44.409     2013 04 20 12 27 46.613     182.2
 2013 04 20 20 37 23.460     2013 04 20 20 38 43.092      79.6
273
 2013 04 20 00 19 38.000     2013 04 20 00 21 21.553     103.6
274
 2013 04 20 22 11 10.982     2013 04 20 22 14 20.236     189.3
275
276
 2013 04 20 00 19 59.636     2013 04 20 00 23 39.179     219.5
277
 2013 04 20 22 22  8.563     2013 04 20 22 25  3.819     175.3
278
 2013 04 20 12 14 59.091     2013 04 20 12 17 47.488     168.4
279
 2013 04 20 10 49 18.509     2013 04 20 10 52 24.716     186.2
 2013 04 20 19 03 36.254     2013 04 20 19 06 17.925     161.7
280
 2013 04 20 10 43 29.140     2013 04 20 10 46 18.277     169.1
 2013 04 20 20 43 37.045     2013 04 20 20 46 21.704     164.7
281
 2013 04 20 12 27 39.177     2013 04 20 12 30 44.385     185.2
 2013 04 20 14 05  8.592     2013 04 20 14 06 24.493      75.9
 2013 04 20 17 21 57.997     2013 04 20 17 25 40.261     222.3
 2013 04 20 18 59 59.456     2013 04 20 19 03 20.695     201.2
282
 2013 04 20 12 25 58.546     2013 04 20 12 28 37.828     159.3
 2013 04 20 19 00 14.836     2013 04 20 19 03 35.188     200.4
283
 2013 04 20 12 26  4.920     2013 04 20 12 26 20.513      15.6
 2013 04 20 19 02 23.123     2013 04 20 19 05  2.783     159.7
284
 2013 04 20 10 47 51.845     2013 04 20 10 51 33.496     221.7
 2013 04 20 19 03 11.978     2013 04 20 19 06 16.454     184.5
285
 2013 04 20 12 18 48.521     2013 04 20 12 22 10.108     201.6
 2013 04 20 22 17 15.744     2013 04 20 22 19 52.018     156.3
286
 2013 04 20 12 14  4.317     2013 04 20 12 16 40.567     156.2
287
 2013 04 20 20 45 23.151     2013 04 20 20 49  4.392     221.2
288
 2013 04 20 10 44 52.550     2013 04 20 10 45 29.697      37.1
289
 2013 04 20 10 43 45.058     2013 04 20 10 47 30.982     225.9
 2013 04 20 20 42 43.771     2013 04 20 20 45 16.388     152.6
290
 2013 04 20 15 37 18.045     2013 04 20 15 40   .153     162.1
 2013 04 20 20 32  3.864     2013 04 20 20 35 49.083     225.2
 2013 04 20 22 09 47.037     2013 04 20 22 10 34.601      47.6
291
 2013 04 20 12 20 22.181     2013 04 20 12 23  1.207     159.0
292
 2013 04 20 10 47 40.325     2013 04 20 10 50 26.540     166.2
 2013 04 20 19 03 41.263     2013 04 20 19 04 13.339      32.1
293
 2013 04 20 10 46 18.739     2013 04 20 10 49 47.454     208.7
294
 2013 04 20 12 25 39.066     2013 04 20 12 29 20.108     221.0
 2013 04 20 18 59 33.321     2013 04 20 19 02 30.008     176.7
295
 2013 04 20 10 39 41.246     2013 04 20 10 42 38.824     177.6
296
 2013 04 20 13 59 58.222     2013 04 20 14 00 17.554      19.3
 2013 04 20 20 36 28.175     2013 04 20 20 39 43.763     195.6
297
 2013 04 20 09 02 17.802     2013 04 20 09 02 20.454       2.7
 2013 04 20 20 49 28.695     2013 04 20 20 52  9.158     160.5
298
 2013 04 20 14 03  5.366     2013 04 20 14 03 29.860      24.5
 2013 04 20 15 37 15.740     2013 04 20 15 37 37.429      21.7
 2013 04 20 20 33 24.286     2013 04 20 20 36 58.294     214.0
299
 2013 04 20 22 16 14.598     2013 04 20 22 19 41.549     207.0
300
 2013 04 20 13 56 59.506     2013 04 20 13 59 41.524     162.0
 2013 04 20 22 12 55.740     2013 04 20 22 16 11.467     195.7
301
302
 2013 04 20 14 00 18.783     2013 04 20 14 02 59.614     160.8
 2013 04 20 20 34 33.997     2013 04 20 20 38  4.039     210.0
303
 2013 04 20 12 15 17.425     2013 04 20 12 18 42.196     204.8
304
 2013 04 20 10 48 19.843     2013 04 20 10 51 24.628     184.8
 2013 04 20 19 03 44.009     2013 04 20 19 06 33.405     169.4
305
 2013 04 20 20 39 47.725     2013 04 20 20 40 29.431      41.7
306
 2013 04 20 12 26 42.441     2013 04 20 12 29 37.486     175.0
 2013 04 20 19 01 34.744     2013 04 20 19 04 11.204     156.5
307
 2013 04 20 13 57 59.554     2013 04 20 14 01 34.392     214.8
 2013 04 20 22 14 17.702     2013 04 20 22 17 17.561     179.9
308
 2013 04 20 00 20 14.681     2013 04 20 00 22 48.104     153.4
309
 2013 04 20 22 15  3.006     2013 04 20 22 18 17.379     194.4
310
 2013 04 20 12 15 29.637     2013 04 20 12 18 21.002     171.4
311
 2013 04 20 13 59 14.182     2013 04 20 14 01 49.947     155.8
 2013 04 20 22 12 45.058     2013 04 20 22 14 39.435     114.4
312
 2013 04 20 14 01  2.179     2013 04 20 14 03 57.278     175.1
 2013 04 20 20 34 49.622     2013 04 20 20 37 26.071     156.4
313
314
 2013 04 20 10 38 17.917     2013 04 20 10 41  4.674     166.8
 2013 04 20 22 24 36.127     2013 04 20 22 26 11.853      95.7
315
 2013 04 20 12 22 30.108     2013 04 20 12 25  6.160     156.1
 2013 04 20 20 38 39.920     2013 04 20 20 41 58.404     198.5
316
317
 2013 04 20 12 23 51.410     2013 04 20 12 24 12.071      20.7
318
 2013 04 20 12 19 32.892     2013 04 20 12 19 40.370       7.5
319
 2013 04 20 13 58   .151     2013 04 20 14 01 39.190     219.0
 2013 04 20 22 12  8.902     2013 04 20 22 14 49.437     160.5
320
 2013 04 20 12 18 42.704     2013 04 20 12 19 15.793      33.1
321
 2013 04 20 12 22 17.959     2013 04 20 12 25 18.607     180.6
 2013 04 20 20 39 38.351     2013 04 20 20 42 43.723     185.4
322
323
 2013 04 20 12 28 48.143     2013 04 20 12 31 48.983     180.8
 2013 04 20 17 23 59.439     2013 04 20 17 27 10.843     191.4
324
 2013 04 20 12 24  3.859     2013 04 20 12 25 38.076      94.2
 2013 04 20 20 39 22.989     2013 04 20 20 39 47.078      24.1
325
 2013 04 20 10 45 14.441     2013 04 20 10 47 56.782     162.3
 2013 04 20 20 42 45.163     2013 04 20 20 46  8.242     203.1
326
 2013 04 20 20 41 34.561     2013 04 20 20 44 11.084     156.5
327
 2013 04 20 20 46 56.275     2013 04 20 20 50  5.037     188.8
328
 2013 04 20 20 49  1.703     2013 04 20 20 51 36.206     154.5
329
 2013 04 20 20 41 41.493     2013 04 20 20 44 58.891     197.4
330
 2013 04 20 12 26 20.652     2013 04 20 12 29   .733     160.1
 2013 04 20 19 01  1.839     2013 04 20 19 03 58.974     177.1
331
 2013 04 20 20 40 48.837     2013 04 20 20 43 21.098     152.3
332
 2013 04 20 12 26 21.629     2013 04 20 12 30  1.596     220.0
 2013 04 20 19 02  7.766     2013 04 20 19 04 45.144     157.4
333
 2013 04 20 13 55 39.725     2013 04 20 13 58 37.269     177.5
334
 2013 04 20 00 21 29.945     2013 04 20 00 25  8.280     218.3
 2013 04 20 12 12 56.768     2013 04 20 12 15 34.060     157.3
335
 2013 04 20 12 23 34.913     2013 04 20 12 24 48.112      73.2
 2013 04 20 20 37 30.378     2013 04 20 20 40 15.877     165.5
336
 2013 04 20 15 35 59.947     2013 04 20 15 39 45.129     225.2
 2013 04 20 22 11  8.286     2013 04 20 22 13 54.265     166.0
337
 2013 04 20 12 24 32.331     2013 04 20 12 27 20.466     168.1
 2013 04 20 20 37 53.395     2013 04 20 20 41 18.746     205.4
338
 2013 04 20 12 21 45.294     2013 04 20 12 24 31.143     165.8
 2013 04 20 20 43  6.577     2013 04 20 20 43  8.287       1.7
339
 2013 04 20 10 41 47.718     2013 04 20 10 42 57.929      70.2
 2013 04 20 20 45 46.694     2013 04 20 20 48 44.704     178.0
340
341
 2013 04 20 12 23  8.327     2013 04 20 12 26   .772     172.4
 2013 04 20 20 39 38.240     2013 04 20 20 42 11.130     152.9
342
 2013 04 20 09 03 48.467     2013 04 20 09 07   .274     191.8
 2013 04 20 20 49  8.179     2013 04 20 20 52  5.882     177.7
343
 2013 04 20 13 57 39.724     2013 04 20 14 00 55.282     195.6
 2013 04 20 22 12 34.066     2013 04 20 22 15  7.767     153.7
344
345
 2013 04 20 10 46  6.487     2013 04 20 10 48 40.945     154.5
346
347
 2013 04 20 13 57 27.918     2013 04 20 14 00  3.612     155.7
 2013 04 20 22 13 20.879     2013 04 20 22 16  6.071     165.2
348
 2013 04 20 12 14 13.665     2013 04 20 12 14 28.160      14.5
349
 2013 04 20 12 20 41.866     2013 04 20 12 24 27.320     225.5
350
 2013 04 20 22 23 44.091     2013 04 20 22 24 56.918      72.8
351
352
 2013 04 20 12 26 30.013     2013 04 20 12 30 20.949     230.9
 2013 04 20 19 02 18.000     2013 04 20 19 04 51.662     153.7
353
 2013 04 20 00 17 57.572     2013 04 20 00 21 30.827     213.3
354
 2013 04 20 20 40 46.286     2013 04 20 20 41 17.218      30.9
355
 2013 04 20 12 24 42.765     2013 04 20 12 27 50.087     187.3
 2013 04 20 20 37 18.876     2013 04 20 20 38 37.163      78.3
356
 2013 04 20 12 13 34.066     2013 04 20 12 16 50.623     196.6
357
358
 2013 04 20 12 18 27.283     2013 04 20 12 19 26.692      59.4
359
360
 2013 04 20 10 45   .093     2013 04 20 10 48 40.409     220.3
 2013 04 20 20 41 57.517     2013 04 20 20 45 11.101     193.6
361
362
 2013 04 20 12 13 48.644     2013 04 20 12 13 55.855       7.2
363
 2013 04 20 12 22 42.051     2013 04 20 12 25 18.287     156.2
 2013 04 20 20 39  6.674     2013 04 20 20 42  5.631     179.0
364
 2013 04 20 12 26 55.207     2013 04 20 12 29 34.812     159.6
 2013 04 20 19 00 44.779     2013 04 20 19 03 18.919     154.1
365
366
 2013 04 20 13 57 29.047     2013 04 20 14 00  4.830     155.8
 2013 04 20 22 13 20.754     2013 04 20 22 16  5.071     164.3
367
368
 2013 04 20 10 44 43.777     2013 04 20 10 47 44.559     180.8
 2013 04 20 20 42 51.336     2013 04 20 20 45 41.135     169.8
369
 2013 04 20 12 29 59.118     2013 04 20 12 30 22.302      23.2
 2013 04 20 14 04 23.532     2013 04 20 14 07 46.421     202.9
 2013 04 20 18 59 35.093     2013 04 20 19 02 12.048     157.0
370
 2013 04 20 10 49 32.562     2013 04 20 10 50 20.491      47.9
 2013 04 20 19 02 42.981     2013 04 20 19 05 56.221     193.2
371
 2013 04 20 12 25 59.793     2013 04 20 12 27  4.423      64.6
 2013 04 20 19 02 11.448     2013 04 20 19 04 58.609     167.2
372
 2013 04 20 10 49 38.952     2013 04 20 10 52 13.994     155.0
 2013 04 20 19 04 16.498     2013 04 20 19 07  9.099     172.6
373
 2013 04 20 15 37 29.913     2013 04 20 15 40 22.228     172.3
 2013 04 20 20 32 30.458     2013 04 20 20 36   .530     210.1
374
375
 2013 04 20 20 47 41.459     2013 04 20 20 50 11.663     150.2
376
 2013 04 20 13 58 53.189     2013 04 20 14 02 33.484     220.3
377
 2013 04 20 13 58 31.501     2013 04 20 14 01  7.555     156.1
 2013 04 20 22 13  7.242     2013 04 20 22 15 55.953     168.7
378
 2013 04 20 12 21 42.966     2013 04 20 12 25 28.740     225.8
 2013 04 20 20 40  8.856     2013 04 20 20 43 21.914     193.1
379
 2013 04 20 12 21 55.784     2013 04 20 12 22 23.756      28.0
 2013 04 20 22 16 55.401     2013 04 20 22 19 26.896     151.5
380
 2013 04 20 15 36 12.306     2013 04 20 15 36 44.329      32.0
 2013 04 20 22 11 11.471     2013 04 20 22 14 18.649     187.2
381
 2013 04 20 20 42  4.939     2013 04 20 20 45 38.111     213.2
382
 2013 04 20 12 25 57.003     2013 04 20 12 29 35.789     218.8
 2013 04 20 14 03 36.507     2013 04 20 14 03 57.870      21.4
 2013 04 20 18 59 44.131     2013 04 20 19 02 26.300     162.2
383
 2013 04 20 00 15 31.927     2013 04 20 00 16 20.536      48.6
 2013 04 20 13 53 51.402     2013 04 20 13 56 37.533     166.1
384
 2013 04 20 12 23  9.958     2013 04 20 12 26 35.718     205.8
 2013 04 20 20 37 58.420     2013 04 20 20 40 31.845     153.4
385
 2013 04 20 22 22 38.758     2013 04 20 22 25  9.794     151.0
386
 2013 04 20 12 26 37.073     2013 04 20 12 29 36.647     179.6
 2013 04 20 19 01 37.752     2013 04 20 19 04 15.842     158.1
387
 2013 04 20 10 47  4.722     2013 04 20 10 49 52.999     168.3
388
 2013 04 20 20 48 36.410     2013 04 20 20 51  6.565     150.2
389
 2013 04 20 14 02 48.512     2013 04 20 14 06 10.771     202.3
 2013 04 20 18 58 17.299     2013 04 20 19 02  2.857     225.6
390
 2013 04 20 13 54 15.533     2013 04 20 13 56 52.657     157.1
391
 2013 04 20 00 16 44.839     2013 04 20 00 17  1.824      17.0
392
 2013 04 20 12 27 26.297     2013 04 20 12 30 15.217     168.9
 2013 04 20 19 00 26.372     2013 04 20 19 03 19.496     173.1
393
 2013 04 20 00 19 26.780     2013 04 20 00 22  4.920     158.1
394
 2013 04 20 20 41 19.039     2013 04 20 20 44 46.310     207.3
395
 2013 04 20 12 26 23.717     2013 04 20 12 28 59.788     156.1
 2013 04 20 19 00 52.047     2013 04 20 19 03 46.566     174.5
396
 2013 04 20 10 45 50.252     2013 04 20 10 49 10.966     200.7
397
 2013 04 20 12 25 27.403     2013 04 20 12 28  3.947     156.5
398
 2013 04 20 13 55 45.408     2013 04 20 13 56 11.973      26.6
 2013 04 20 22 14 42.380     2013 04 20 22 18 13.790     211.4
399
400
 2013 04 20 14 00 41.850     2013 04 20 14 03 27.483     165.6
 2013 04 20 20 34 47.332     2013 04 20 20 37 42.981     175.6
401
 2013 04 20 12 24 12.224     2013 04 20 12 26 56.782     164.6
 2013 04 20 20 39   .022     2013 04 20 20 42  9.238     189.2
402
 2013 04 20 22 15  1.161     2013 04 20 22 17 46.300     165.1
403
 2013 04 20 22 22 13.158     2013 04 20 22 25 20.424     187.3
404
 2013 04 20 12 20 16.762     2013 04 20 12 23  8.479     171.7
405
406
 2013 04 20 12 22 49.777     2013 04 20 12 25 25.405     155.6
 2013 04 20 20 38 50.313     2013 04 20 20 41 44.861     174.5
407
 2013 04 20 12 15 20.993     2013 04 20 12 15 25.103       4.1
408
 2013 04 20 00 19 12.183     2013 04 20 00 22  4.919     172.7
409
410
 2013 04 20 14 00 25.027     2013 04 20 14 01 39.550      74.5
 2013 04 20 20 36 36.427     2013 04 20 20 39 26.729     170.3
411
 2013 04 20 13 53 41.199     2013 04 20 13 56 53.954     192.8
412
 2013 04 20 10 46 30.157     2013 04 20 10 50 12.279     222.1
413
 2013 04 20 12 14  9.893     2013 04 20 12 16 45.737     155.8
414
 2013 04 20 12 27 28.365     2013 04 20 12 30 13.385     165.0
 2013 04 20 19 00 31.545     2013 04 20 19 03 24.124     172.6
415
416
 2013 04 20 12 17  1.296     2013 04 20 12 19   .322     119.0
 2013 04 20 22 20  6.651     2013 04 20 22 22 38.357     151.7
417
 2013 04 20 00 18  9.221     2013 04 20 00 18  9.917        .7
418
 2013 04 20 00 18 27.642     2013 04 20 00 20 58.708     151.1
419
 2013 04 20 10 40 57.881     2013 04 20 10 44 14.642     196.8
420
 2013 04 20 10 38 46.431     2013 04 20 10 39 50.974      64.5
421
 2013 04 20 10 39 52.683     2013 04 20 10 40 49.647      57.0
 2013 04 20 22 23 50.002     2013 04 20 22 26 25.780     155.8
422
 2013 04 20 12 27  9.211     2013 04 20 12 27 32.784      23.6
 2013 04 20 19 02 19.853     2013 04 20 19 05 19.593     179.7
423
 2013 04 20 22 24  2.364     2013 04 20 22 24 56.792      54.4
424
 2013 04 20 14 02 28.269     2013 04 20 14 05 21.696     173.4
 2013 04 20 15 39 49.870     2013 04 20 15 40 15.009      25.1
 2013 04 20 18 56 49.024     2013 04 20 19 00 17.735     208.7
 2013 04 20 20 34 29.830     2013 04 20 20 38 11.758     221.9
425
 2013 04 20 12 28 15.207     2013 04 20 12 31 24.702     189.5
 2013 04 20 17 23 30.467     2013 04 20 17 23 53.058      22.6
 2013 04 20 19 01 17.880     2013 04 20 19 01 43.492      25.6
426
 2013 04 20 13 59 37.895     2013 04 20 14 02 30.662     172.8
427
 2013 04 20 22 15 19.534     2013 04 20 22 17 52.089     152.6
428
 2013 04 20 20 37 24.175     2013 04 20 20 40 14.758     170.6
429
430
 2013 04 20 15 36   .943     2013 04 20 15 39 14.231     193.3
 2013 04 20 22 10 49.166     2013 04 20 22 13 27.106     157.9
431
 2013 04 20 12 23 51.797     2013 04 20 12 24 29.463      37.7
432
 2013 04 20 20 47 36.269     2013 04 20 20 50 36.391     180.1
433
 2013 04 20 20 40 38.417     2013 04 20 20 43 32.570     174.2
434
 2013 04 20 12 26 15.593     2013 04 20 12 29   .301     164.7
 2013 04 20 19 00 21.455     2013 04 20 19 03 15.929     174.5
435
 2013 04 20 12 19 25.957     2013 04 20 12 22 57.355     211.4
 2013 04 20 22 16 35.843     2013 04 20 22 19 44.984     189.1
436
 2013 04 20 12 25 16.113     2013 04 20 12 27 51.979     155.9
437
 2013 04 20 20 36 38.873     2013 04 20 20 40 21.802     222.9
438
 2013 04 20 00 18 43.181     2013 04 20 00 21 15.017     151.8
439
 2013 04 20 15 36 39.878     2013 04 20 15 39 18.341     158.5
 2013 04 20 22 10  2.792     2013 04 20 22 13  3.090     180.3
440
 2013 04 20 12 22 23.901     2013 04 20 12 26  8.795     224.9
 2013 04 20 20 37 39.928     2013 04 20 20 40 38.268     178.3
441
 2013 04 20 00 18 42.802     2013 04 20 00 21 37.521     174.7
442
 2013 04 20 00 17 58.832     2013 04 20 00 18 57.318      58.5
443
 2013 04 20 13 54 20.637     2013 04 20 13 57 19.452     178.8
444
 2013 04 20 12 14 10.182     2013 04 20 12 17 16.607     186.4
445
 2013 04 20 12 26 54.859     2013 04 20 12 29 52.280     177.4
 2013 04 20 19 01 40.043     2013 04 20 19 04 13.827     153.8
446
 2013 04 20 10 46  7.928     2013 04 20 10 47   .558      52.6
447
 2013 04 20 10 43  2.258     2013 04 20 10 45 41.138     158.9
 2013 04 20 20 43 50.924     2013 04 20 20 47   .190     189.3
448
 2013 04 20 12 24 37.651     2013 04 20 12 27 59.144     201.5
449
 2013 04 20 09 07  1.310     2013 04 20 09 07 36.924      35.6
 2013 04 20 20 48 35.914     2013 04 20 20 51 26.208     170.3
450
 2013 04 20 14 01 34.892     2013 04 20 14 05  4.861     210.0
 2013 04 20 20 36 31.537     2013 04 20 20 39 14.815     163.3
451
 2013 04 20 13 55 26.116     2013 04 20 13 58 17.597     171.5
452
453
454
 2013 04 20 20 36 57.834     2013 04 20 20 40 17.354     199.5
455
 2013 04 20 12 19 59.570     2013 04 20 12 23 19.838     200.3
456
 2013 04 20 15 36 46.334     2013 04 20 15 39 22.900     156.6
 2013 04 20 22 09 53.751     2013 04 20 22 13  1.601     187.8
457
 2013 04 20 09 05 50.841     2013 04 20 09 06 39.603      48.8
 2013 04 20 20 49 15.219     2013 04 20 20 51 45.842     150.6
458
 2013 04 20 22 20 52.822     2013 04 20 22 24 13.214     200.4
459
 2013 04 20 13 56 14.265     2013 04 20 13 58 48.941     154.7
460
 2013 04 20 20 41 33.993     2013 04 20 20 44 39.341     185.3
461
 2013 04 20 22 16 42.830     2013 04 20 22 19 58.005     195.2
462
 2013 04 20 10 37 35.846     2013 04 20 10 41  6.401     210.6
 2013 04 20 22 23 52.000     2013 04 20 22 26 24.279     152.3
463
464
465
 2013 04 20 12 16 27.706     2013 04 20 12 18  9.564     101.9
 2013 04 20 22 20 11.815     2013 04 20 22 23  1.960     170.1
466
467
 2013 04 20 22 20 59.070     2013 04 20 22 23 42.169     163.1
468
 2013 04 20 13 58 48.395     2013 04 20 14 01 38.201     169.8
 2013 04 20 22 12 28.929     2013 04 20 22 15 38.943     190.0
469
 2013 04 20 12 24 16.932     2013 04 20 12 27 24.732     187.8
 2013 04 20 20 39  6.002     2013 04 20 20 42 43.933     217.9
470
 2013 04 20 10 49  3.270     2013 04 20 10 51 41.220     157.9
 2013 04 20 19 04 46.885     2013 04 20 19 07 20.134     153.2
471
 2013 04 20 12 18 12.439     2013 04 20 12 21  7.937     175.5
 2013 04 20 22 17 55.993     2013 04 20 22 20 31.337     155.3
472
 2013 04 20 20 50 52.635     2013 04 20 20 51 33.220      40.6
473
 2013 04 20 12 27  3.134     2013 04 20 12 30 17.599     194.5
 2013 04 20 19 01 54.425     2013 04 20 19 04 31.642     157.2
474
 2013 04 20 15 37  3.823     2013 04 20 15 39 54.721     170.9
 2013 04 20 20 36  5.517     2013 04 20 20 36  7.007       1.5
 2013 04 20 22 10  6.322     2013 04 20 22 13 44.629     218.3
475
476
 2013 04 20 12 21 52.783     2013 04 20 12 24 52.941     180.2
 2013 04 20 20 39 24.891     2013 04 20 20 43  5.878     221.0
477
478
 2013 04 20 20 36 30.355     2013 04 20 20 37 28.267      57.9
479
 2013 04 20 15 37 13.975     2013 04 20 15 39 50.635     156.7
 2013 04 20 20 31 41.811     2013 04 20 20 35 16.793     215.0
 2013 04 20 22 09 21.393     2013 04 20 22 10 43.053      81.7
480
 2013 04 20 13 59 37.689     2013 04 20 14 03 14.892     217.2
 2013 04 20 20 33 38.251     2013 04 20 20 37 17.645     219.4
481
 2013 04 20 12 22  1.403     2013 04 20 12 24 36.162     154.8
 2013 04 20 20 42  4.404     2013 04 20 20 42 37.026      32.6
482
483
 2013 04 20 12 20 36.479     2013 04 20 12 23 18.065     161.6
484
 2013 04 20 15 37 39.979     2013 04 20 15 40 21.254     161.3
 2013 04 20 20 32 27.481     2013 04 20 20 35 42.164     194.7
485
 2013 04 20 10 43 32.987     2013 04 20 10 46  9.754     156.8
 2013 04 20 20 43 57.664     2013 04 20 20 46 37.960     160.3
486
 2013 04 20 12 15 19.491     2013 04 20 12 17 54.634     155.1
487
 2013 04 20 00 16 27.113     2013 04 20 00 19 56.545     209.4
 2013 04 20 13 53  1.343     2013 04 20 13 56 23.580     202.2
488
 2013 04 20 12 26 13.253     2013 04 20 12 29 10.124     176.9
 2013 04 20 19 00 11.123     2013 04 20 19 03   .273     169.1
489
 2013 04 20 13 57  6.803     2013 04 20 14 00 47.774     221.0
 2013 04 20 22 12 14.396     2013 04 20 22 14 59.985     165.6
490
491
 2013 04 20 12 24 17.062     2013 04 20 12 27  2.850     165.8
 2013 04 20 20 38  9.542     2013 04 20 20 41 14.022     184.5
492
 2013 04 20 15 36 15.628     2013 04 20 15 39 30.916     195.3
 2013 04 20 22 10 47.228     2013 04 20 22 13 36.136     168.9
493
 2013 04 20 09 03  4.742     2013 04 20 09 06 20.002     195.3
 2013 04 20 20 49 39.856     2013 04 20 20 52 10.986     151.1
494
 2013 04 20 10 44 14.418     2013 04 20 10 47 39.640     205.2
 2013 04 20 20 42 48.273     2013 04 20 20 45 22.270     154.0
495
 2013 04 20 12 16  6.740     2013 04 20 12 19  2.763     176.0
496
 2013 04 20 10 41 43.383     2013 04 20 10 44 50.458     187.1
497
 2013 04 20 00 20 33.403     2013 04 20 00 23 45.351     191.9
498
 2013 04 20 20 37 10.738     2013 04 20 20 39 45.483     154.7
499
 2013 04 20 12 25 21.714     2013 04 20 12 28 11.176     169.5
 2013 04 20 19 03 34.160     2013 04 20 19 03 40.352       6.2
500
 2013 04 20 12 23 30.547     2013 04 20 12 23 44.984      14.4
 2013 04 20 20 37 28.336     2013 04 20 20 40 12.106     163.8
501
 2013 04 20 13 57 38.849     2013 04 20 14 01 19.457     220.6
 2013 04 20 22 12 15.164     2013 04 20 22 14 48.427     153.3
502
 2013 04 20 12 20 40.223     2013 04 20 12 23 27.011     166.8
503
 2013 04 20 10 40 52.494     2013 04 20 10 43 41.310     168.8
504
 2013 04 20 12 29  4.010     2013 04 20 12 31 41.356     157.3
 2013 04 20 17 23 43.600     2013 04 20 17 26 34.480     170.9
505
 2013 04 20 00 20 33.844     2013 04 20 00 23 55.063     201.2
506
 2013 04 20 13 57 15.809     2013 04 20 14 00  4.167     168.4
 2013 04 20 22 14   .369     2013 04 20 22 16 44.309     163.9
507
 2013 04 20 12 23 37.483     2013 04 20 12 26 59.617     202.1
 2013 04 20 20 37 53.250     2013 04 20 20 40 33.006     159.8
508
 2013 04 20 12 29 18.711     2013 04 20 12 29 29.610      10.9
 2013 04 20 14 03 19.935     2013 04 20 14 07  7.760     227.8
 2013 04 20 18 59 14.836     2013 04 20 19 02 13.952     179.1
509
 2013 04 20 10 42 25.707     2013 04 20 10 45 18.261     172.6
 2013 04 20 20 46 55.068     2013 04 20 20 47 20.922      25.9
510
 2013 04 20 22 20 36.744     2013 04 20 22 23 41.928     185.2
511
 2013 04 20 14 01 13.046     2013 04 20 14 03 48.661     155.6
 2013 04 20 20 35 24.128     2013 04 20 20 38  1.852     157.7
512
 2013 04 20 19 02 40.758     2013 04 20 19 06  3.320     202.6
513
 2013 04 20 10 43 36.983     2013 04 20 10 46 28.899     171.9
 2013 04 20 20 44 44.771     2013 04 20 20 47 16.020     151.2
514
 2013 04 20 12 23 43.432     2013 04 20 12 26 53.309     189.9
 2013 04 20 20 39 34.363     2013 04 20 20 42 30.082     175.7
515
516
517
 2013 04 20 12 15  1.058     2013 04 20 12 18 38.912     217.9
518
 2013 04 20 10 44 57.690     2013 04 20 10 47 42.018     164.3
 2013 04 20 20 43 34.541     2013 04 20 20 47  7.128     212.6
519
 2013 04 20 09 04  3.058     2013 04 20 09 07 24.239     201.2
 2013 04 20 20 48 44.489     2013 04 20 20 51 57.776     193.3
520
 2013 04 20 20 41 14.746     2013 04 20 20 43 59.482     164.7
521
 2013 04 20 13 55 46.681     2013 04 20 13 58 21.719     155.0
522
523
 2013 04 20 10 39 51.311     2013 04 20 10 42 41.027     169.7
524
 2013 04 20 22 22 11.318     2013 04 20 22 24 45.687     154.4
525
 2013 04 20 13 59 46.052     2013 04 20 14 02 57.678     191.6
 2013 04 20 20 33 49.653     2013 04 20 20 34 47.613      58.0
526
 2013 04 20 10 44  4.552     2013 04 20 10 46 44.576     160.0
 2013 04 20 20 43 42.921     2013 04 20 20 46 14.059     151.1
527
528
 2013 04 20 10 39 24.196     2013 04 20 10 43  3.248     219.1
529
 2013 04 20 10 40 36.843     2013 04 20 10 41 52.230      75.4
 2013 04 20 22 23 14.734     2013 04 20 22 26  1.472     166.7
530
 2013 04 20 12 18 37.465     2013 04 20 12 22 15.802     218.3
 2013 04 20 22 17  7.585     2013 04 20 22 19 40.905     153.3
531
 2013 04 20 12 13 37.568     2013 04 20 12 16 11.372     153.8
532
 2013 04 20 10 43 32.870     2013 04 20 10 47 17.755     224.9
 2013 04 20 20 45  1.820     2013 04 20 20 47 56.546     174.7
533
 2013 04 20 12 28 25.877     2013 04 20 12 31 39.746     193.9
 2013 04 20 17 23 47.652     2013 04 20 17 27 27.051     219.4
534
 2013 04 20 12 27  5.465     2013 04 20 12 27 33.559      28.1
 2013 04 20 20 37 21.377     2013 04 20 20 40  6.927     165.5
535
 2013 04 20 12 19 53.370     2013 04 20 12 23 23.230     209.9
 2013 04 20 22 16  8.613     2013 04 20 22 18 13.953     125.3
536
537
 2013 04 20 10 39 37.699     2013 04 20 10 43 19.213     221.5
538
 2013 04 20 22 18  7.888     2013 04 20 22 19 11.905      64.0
539
540
 2013 04 20 00 19  8.629     2013 04 20 00 21 49.699     161.1
541
 2013 04 20 14 04 10.906     2013 04 20 14 07 20.411     189.5
 2013 04 20 18 59 18.788     2013 04 20 19 01 53.383     154.6
542
 2013 04 20 12 24 11.763     2013 04 20 12 25   .016      48.3
543
544
 2013 04 20 20 46 17.557     2013 04 20 20 49  2.401     164.8
545
 2013 04 20 13 55 41.855     2013 04 20 13 58 47.118     185.3
546
547
 2013 04 20 10 43  1.241     2013 04 20 10 46 46.352     225.1
 2013 04 20 20 45 25.370     2013 04 20 20 47 58.817     153.4
548
 2013 04 20 10 45 13.819     2013 04 20 10 47 57.925     164.1
 2013 04 20 20 43 16.543     2013 04 20 20 44   .381      43.8
549
 2013 04 20 12 25 22.011     2013 04 20 12 28 45.483     203.5
 2013 04 20 19 04 22.957     2013 04 20 19 05  6.491      43.5
550
 2013 04 20 00 19 28.072     2013 04 20 00 22 24.089     176.0
551
 2013 04 20 10 43 40.388     2013 04 20 10 46 27.951     167.6
 2013 04 20 20 44 39.817     2013 04 20 20 47 10.958     151.1
552
 2013 04 20 12 26 41.306     2013 04 20 12 29 55.346     194.0
 2013 04 20 19 00  8.635     2013 04 20 19 02 43.662     155.0
553
 2013 04 20 20 46 48.645     2013 04 20 20 49 19.525     150.9
554
 2013 04 20 22 15 22.162     2013 04 20 22 18  1.416     159.3
555
 2013 04 20 10 44 11.248     2013 04 20 10 47 25.913     194.7
 2013 04 20 20 44 25.655     2013 04 20 20 47 35.204     189.5
556
 2013 04 20 12 27  1.098     2013 04 20 12 29 43.757     162.7
 2013 04 20 19 01 22.902     2013 04 20 19 03 56.810     153.9
557
 2013 04 20 12 17  1.902     2013 04 20 12 19 42.945     161.0
 2013 04 20 22 19  4.516     2013 04 20 22 22 23.063     198.5
558
 2013 04 20 13 55  8.503     2013 04 20 13 57 43.174     154.7
559
 2013 04 20 13 58 51.011     2013 04 20 14 01 26.948     155.9
 2013 04 20 22 13  6.892     2013 04 20 22 16 20.340     193.4
560
 2013 04 20 14 02 36.711     2013 04 20 14 05 16.699     160.0
 2013 04 20 19 01  3.797     2013 04 20 19 01 21.161      17.4
 2013 04 20 20 35 24.601     2013 04 20 20 38 58.792     214.2
561
 2013 04 20 13 59 58.050     2013 04 20 14 03 41.072     223.0
 2013 04 20 20 33 54.443     2013 04 20 20 37   .133     185.7
562
 2013 04 20 10 46 25.457     2013 04 20 10 49 20.577     175.1
563
 2013 04 20 10 40 39.186     2013 04 20 10 43 23.993     164.8
564
 2013 04 20 14 01 29.605     2013 04 20 14 04 29.354     179.7
 2013 04 20 20 36 10.578     2013 04 20 20 38 45.317     154.7
565
 2013 04 20 10 46 31.259     2013 04 20 10 49  5.817     154.6
566
 2013 04 20 12 14 38.979     2013 04 20 12 17 24.711     165.7
567
568
569
 2013 04 20 12 22 17.068     2013 04 20 12 24 52.485     155.4
 2013 04 20 20 38 35.277     2013 04 20 20 42 12.546     217.3
570
571
 2013 04 20 13 55 17.827     2013 04 20 13 58 16.757     178.9
572
 2013 04 20 00 21  6.522     2013 04 20 00 23 37.631     151.1
573
 2013 04 20 10 42 51.654     2013 04 20 10 46 31.142     219.5
 2013 04 20 20 45 28.486     2013 04 20 20 47 59.130     150.6
574
 2013 04 20 13 55 47.342     2013 04 20 13 58 34.876     167.5
575
 2013 04 20 10 48  2.804     2013 04 20 10 48 19.359      16.6
 2013 04 20 20 42 14.107     2013 04 20 20 44 50.747     156.6
576
577
 2013 04 20 14 00 11.574     2013 04 20 14 00 27.480      15.9
 2013 04 20 20 36 39.036     2013 04 20 20 39 37.366     178.3
578
 2013 04 20 22 19 46.249     2013 04 20 22 20 35.946      49.7
579
 2013 04 20 12 28 57.589     2013 04 20 12 31 56.019     178.4
 2013 04 20 17 24  6.468     2013 04 20 17 27  7.391     180.9
580
 2013 04 20 14 00  4.180     2013 04 20 14 02 40.670     156.5
 2013 04 20 20 37 49.215     2013 04 20 20 38 26.917      37.7
581
 2013 04 20 22 23 18.440     2013 04 20 22 26 30.079     191.6
582
 2013 04 20 12 25 56.106     2013 04 20 12 29 12.526     196.4
 2013 04 20 19 01 31.129     2013 04 20 19 04 41.295     190.2
583
 2013 04 20 13 57 29.297     2013 04 20 14 00  5.994     156.7
 2013 04 20 22 13 41.247     2013 04 20 22 16 22.359     161.1
584
 2013 04 20 14 00 38.511     2013 04 20 14 03 30.917     172.4
 2013 04 20 20 34 40.077     2013 04 20 20 37 34.603     174.5
585
 2013 04 20 20 50 24.663     2013 04 20 20 50 43.727      19.1
586
 2013 04 20 10 45 29.661     2013 04 20 10 48 57.324     207.7
 2013 04 20 20 41 38.144     2013 04 20 20 42 51.974      73.8
587
 2013 04 20 13 59 57.844     2013 04 20 14 03 11.135     193.3
 2013 04 20 20 35 32.573     2013 04 20 20 36  3.179      30.6
588
 2013 04 20 10 42 43.593     2013 04 20 10 45 19.676     156.1
 2013 04 20 20 43 53.793     2013 04 20 20 47 24.729     210.9
589
 2013 04 20 22 15 57.238     2013 04 20 22 18 29.708     152.5
590
 2013 04 20 12 25 47.232     2013 04 20 12 28 57.564     190.3
 2013 04 20 19 01 17.209     2013 04 20 19 04 43.265     206.1
591
 2013 04 20 22 16 17.839     2013 04 20 22 19  2.981     165.1
592
593
594
595
 2013 04 20 00 19 22.525     2013 04 20 00 19 31.970       9.4
596
 2013 04 20 12 24 31.608     2013 04 20 12 27 51.892     200.3
 2013 04 20 20 37 14.861     2013 04 20 20 40 55.447     220.6
597
 2013 04 20 12 25 40.431     2013 04 20 12 28 19.882     159.5
 2013 04 20 19 00 26.842     2013 04 20 19 00 39.715      12.9
598
 2013 04 20 20 41 38.377     2013 04 20 20 44 58.609     200.2
599
 2013 04 20 22 22 28.068     2013 04 20 22 25 41.880     193.8
