0 27.5037 83.7647 4 22 7
2  45.0 45.0 0.00
1 50.9899 78.3393 2 22 9
2  45.0 45.0 0.00
2 16.0831 109.8319 2 18 8
2  45.0 45.0 0.00
3 17.0127 77.5053 9 16 5
2  45.0 45.0 0.00
4 5.8672 126.3896 9 17 6
2  45.0 45.0 0.00
5 7.1882 110.0246 6 24 6
2  45.0 45.0 0.00
6 33.0773 115.7665 10 24 8
2  45.0 45.0 0.00
7 8.8264 77.5930 5 16 9
2  45.0 45.0 0.00
8 23.0163 122.3974 4 25 6
2  45.0 45.0 0.00
9 52.1076 101.3747 10 24 9
2  45.0 45.0 0.00
10 42.3851 114.6833 1 25 5
2  45.0 45.0 0.00
11 33.0124 132.8781 3 17 5
2  45.0 45.0 0.00
12 20.1361 101.5830 1 17 9
2  45.0 45.0 0.00
13 30.4443 132.8921 6 22 6
2  45.0 45.0 0.00
14 13.1851 131.2728 8 16 8
2  45.0 45.0 0.00
15 14.7027 82.6839 5 27 6
2  45.0 45.0 0.00
16 33.5426 130.3520 6 24 6
2  45.0 45.0 0.00
17 48.3413 132.6204 2 22 7
2  45.0 45.0 0.00
18 8.9280 126.4264 9 15 9
2  45.0 45.0 0.00
19 49.1972 113.6632 10 27 8
2  45.0 45.0 0.00
20 52.1975 130.1600 5 19 6
2  45.0 45.0 0.00
21 43.8244 109.9809 9 15 8
2  45.0 45.0 0.00
22 24.9425 83.9343 1 27 7
2  45.0 45.0 0.00
23 22.3427 123.2878 5 27 8
2  45.0 45.0 0.00
24 30.7607 100.9386 7 16 7
2  45.0 45.0 0.00
25 18.6631 129.1202 7 17 8
2  45.0 45.0 0.00
26 30.8167 94.3432 6 15 9
2  45.0 45.0 0.00
27 35.9093 112.6746 6 20 7
2  45.0 45.0 0.00
28 17.5238 131.5279 4 28 7
2  45.0 45.0 0.00
29 49.8161 77.6779 4 22 7
2  45.0 45.0 0.00
30 7.2907 123.9036 6 15 5
2  45.0 45.0 0.00
31 28.9153 125.7693 9 25 8
2  45.0 45.0 0.00
32 47.0576 101.7962 6 19 5
2  45.0 45.0 0.00
33 7.1565 81.2404 5 27 9
2  45.0 45.0 0.00
34 39.2805 99.6620 8 19 7
2  45.0 45.0 0.00
35 31.9875 107.6392 4 25 5
2  45.0 45.0 0.00
36 14.7649 99.4629 7 24 5
2  45.0 45.0 0.00
37 38.3970 91.5467 5 29 5
2  45.0 45.0 0.00
38 41.9349 128.7215 1 26 9
2  45.0 45.0 0.00
39 43.5270 115.0301 5 26 9
2  45.0 45.0 0.00
40 42.9490 86.6505 3 22 8
2  45.0 45.0 0.00
41 35.0723 103.9636 9 24 8
2  45.0 45.0 0.00
42 50.0494 85.4328 3 23 9
2  45.0 45.0 0.00
43 25.0052 123.6675 3 16 8
2  45.0 45.0 0.00
44 41.7009 83.5130 8 26 9
2  45.0 45.0 0.00
45 42.8459 114.0274 1 20 9
2  45.0 45.0 0.00
46 46.9624 122.0984 6 26 9
2  45.0 45.0 0.00
47 3.3895 129.7535 9 28 6
2  45.0 45.0 0.00
48 12.5940 113.4634 8 19 9
2  45.0 45.0 0.00
49 31.5743 96.5529 1 27 8
2  45.0 45.0 0.00
50 51.3041 108.8791 1 15 5
2  45.0 45.0 0.00
51 34.1882 101.9604 6 22 8
2  45.0 45.0 0.00
52 50.8828 83.4843 1 25 5
2  45.0 45.0 0.00
53 9.1340 99.7604 4 24 5
2  45.0 45.0 0.00
54 27.7106 128.6245 3 26 9
2  45.0 45.0 0.00
55 7.9814 126.8973 6 28 9
2  45.0 45.0 0.00
56 23.2185 125.8851 5 24 9
2  45.0 45.0 0.00
57 17.0631 118.5696 7 24 7
2  45.0 45.0 0.00
58 29.2558 98.5431 3 18 6
2  45.0 45.0 0.00
59 3.8571 132.1308 9 17 7
2  45.0 45.0 0.00
60 9.2740 119.2169 10 25 7
2  45.0 45.0 0.00
61 4.9504 122.3641 6 17 7
2  45.0 45.0 0.00
62 39.2738 107.0084 5 24 6
2  45.0 45.0 0.00
63 6.8119 106.2244 7 26 7
2  45.0 45.0 0.00
64 21.1594 121.8385 2 18 9
2  45.0 45.0 0.00
65 6.4246 116.4187 8 22 5
2  45.0 45.0 0.00
66 8.7058 116.1708 6 22 9
2  45.0 45.0 0.00
67 34.7044 82.6748 4 17 6
2  45.0 45.0 0.00
68 25.9264 109.7928 6 16 9
2  45.0 45.0 0.00
69 50.9155 120.8419 6 28 8
2  45.0 45.0 0.00
70 26.1701 85.9930 8 25 6
2  45.0 45.0 0.00
71 18.5752 106.2025 6 28 8
2  45.0 45.0 0.00
72 18.7682 92.5889 5 15 9
2  45.0 45.0 0.00
73 3.2981 77.9503 3 25 9
2  45.0 45.0 0.00
74 48.7495 96.4100 1 20 9
2  45.0 45.0 0.00
75 40.4987 116.2666 7 18 6
2  45.0 45.0 0.00
76 16.5564 121.0907 8 27 6
2  45.0 45.0 0.00
77 47.8783 74.0762 2 17 6
2  45.0 45.0 0.00
78 7.0356 89.2624 10 21 9
2  45.0 45.0 0.00
79 9.6023 105.9675 3 16 8
2  45.0 45.0 0.00
80 46.7902 79.0209 6 29 8
2  45.0 45.0 0.00
81 6.6618 123.1466 9 27 8
2  45.0 45.0 0.00
82 32.5197 92.9766 9 23 9
2  45.0 45.0 0.00
83 28.6926 100.9199 2 26 9
2  45.0 45.0 0.00
84 52.4013 127.8177 4 20 9
2  45.0 45.0 0.00
85 35.1975 129.7741 10 21 8
2  45.0 45.0 0.00
86 13.0258 108.6722 6 22 8
2  45.0 45.0 0.00
87 11.5390 124.2100 10 18 7
2  45.0 45.0 0.00
88 6.0894 85.6963 1 22 7
2  45.0 45.0 0.00
89 40.3885 114.0421 5 22 8
2  45.0 45.0 0.00
90 36.3356 121.8673 8 19 6
2  45.0 45.0 0.00
91 51.1087 117.2424 6 29 8
2  45.0 45.0 0.00
92 9.3500 95.7980 2 17 5
2  45.0 45.0 0.00
93 52.7929 121.8530 7 27 5
2  45.0 45.0 0.00
94 36.0175 86.7686 1 18 9
2  45.0 45.0 0.00
95 41.8211 97.1538 4 28 7
2  45.0 45.0 0.00
96 50.9958 99.5485 2 25 9
2  45.0 45.0 0.00
97 22.3030 92.4872 9 18 6
2  45.0 45.0 0.00
98 24.6703 126.0362 10 23 6
2  45.0 45.0 0.00
99 37.0911 75.0361 10 20 9
2  45.0 45.0 0.00
100 49.6776 125.7659 5 22 8
2  45.0 45.0 0.00
101 24.8618 107.1653 1 21 9
2  45.0 45.0 0.00
102 30.9805 124.6671 8 20 7
2  45.0 45.0 0.00
103 37.2262 112.4209 3 19 6
2  45.0 45.0 0.00
104 36.5535 108.9994 3 23 5
2  45.0 45.0 0.00
105 41.8207 114.3892 6 29 9
2  45.0 45.0 0.00
106 40.1244 74.4246 7 15 5
2  45.0 45.0 0.00
107 7.0242 131.5130 3 15 8
2  45.0 45.0 0.00
108 43.8319 125.5377 5 18 7
2  45.0 45.0 0.00
109 31.6144 102.2526 4 15 5
2  45.0 45.0 0.00
110 4.2403 116.9313 3 16 7
2  45.0 45.0 0.00
111 19.6781 92.4676 8 20 5
2  45.0 45.0 0.00
112 40.3708 110.1717 4 23 6
2  45.0 45.0 0.00
113 29.7934 122.4866 1 18 6
2  45.0 45.0 0.00
114 38.4654 111.7361 2 22 9
2  45.0 45.0 0.00
115 42.7721 94.2909 5 15 8
2  45.0 45.0 0.00
116 17.4435 112.9023 1 28 8
2  45.0 45.0 0.00
117 3.5150 128.0986 7 21 7
2  45.0 45.0 0.00
118 40.8012 109.1779 10 28 7
2  45.0 45.0 0.00
119 12.8555 93.2695 7 28 7
2  45.0 45.0 0.00
120 40.3756 88.2937 9 26 9
2  45.0 45.0 0.00
121 21.9603 85.8390 6 18 5
2  45.0 45.0 0.00
122 51.9356 88.7660 10 24 5
2  45.0 45.0 0.00
123 7.1189 116.7913 1 27 8
2  45.0 45.0 0.00
124 33.8779 95.0560 1 27 6
2  45.0 45.0 0.00
125 8.3172 118.4684 4 15 5
2  45.0 45.0 0.00
126 25.8808 98.5118 3 23 9
2  45.0 45.0 0.00
127 4.6988 127.4414 3 29 5
2  45.0 45.0 0.00
128 42.8158 112.8788 3 19 7
2  45.0 45.0 0.00
129 27.6628 129.6300 10 26 7
2  45.0 45.0 0.00
130 26.3628 102.2001 6 18 7
2  45.0 45.0 0.00
131 21.9956 99.8585 3 21 7
2  45.0 45.0 0.00
132 34.0699 82.8008 5 16 9
2  45.0 45.0 0.00
133 30.6758 113.8293 5 26 9
2  45.0 45.0 0.00
134 11.7511 117.7582 10 25 7
2  45.0 45.0 0.00
135 50.6455 75.7289 3 19 7
2  45.0 45.0 0.00
136 11.1255 131.6801 10 24 7
2  45.0 45.0 0.00
137 51.5474 83.9347 8 16 8
2  45.0 45.0 0.00
138 32.3167 103.1538 9 22 8
2  45.0 45.0 0.00
139 34.6485 108.3131 7 21 9
2  45.0 45.0 0.00
140 43.6384 82.1086 4 29 7
2  45.0 45.0 0.00
141 39.0642 121.4054 5 27 6
2  45.0 45.0 0.00
142 19.7215 80.3723 3 29 8
2  45.0 45.0 0.00
143 35.1698 106.1908 3 22 5
2  45.0 45.0 0.00
144 21.5636 107.4436 6 17 9
2  45.0 45.0 0.00
145 36.6229 89.1679 5 28 9
2  45.0 45.0 0.00
146 21.2179 109.6851 6 19 5
2  45.0 45.0 0.00
147 3.5350 75.2842 1 17 5
2  45.0 45.0 0.00
148 11.2096 95.5849 1 27 6
2  45.0 45.0 0.00
149 26.1731 103.9095 6 28 7
2  45.0 45.0 0.00
150 6.9895 78.8918 10 19 7
2  45.0 45.0 0.00
151 14.9354 132.9059 1 29 5
2  45.0 45.0 0.00
152 25.5910 126.3418 8 29 8
2  45.0 45.0 0.00
153 39.1506 120.7175 10 29 7
2  45.0 45.0 0.00
154 33.2663 96.4214 3 19 5
2  45.0 45.0 0.00
155 52.7428 117.1742 4 26 6
2  45.0 45.0 0.00
156 10.8650 96.7110 10 21 9
2  45.0 45.0 0.00
157 16.3081 90.1402 5 27 5
2  45.0 45.0 0.00
158 3.6134 75.9884 9 16 7
2  45.0 45.0 0.00
159 16.7581 95.7711 7 17 7
2  45.0 45.0 0.00
160 36.4085 106.7898 9 20 6
2  45.0 45.0 0.00
161 37.4717 119.6068 4 19 5
2  45.0 45.0 0.00
162 28.1236 85.4890 1 23 5
2  45.0 45.0 0.00
163 5.8319 102.2165 6 17 5
2  45.0 45.0 0.00
164 24.8671 130.0332 7 28 8
2  45.0 45.0 0.00
165 30.7760 89.0851 3 28 7
2  45.0 45.0 0.00
166 33.7669 108.5642 1 20 7
2  45.0 45.0 0.00
167 32.7069 74.8446 3 16 7
2  45.0 45.0 0.00
168 27.4691 73.5863 9 25 5
2  45.0 45.0 0.00
169 43.2059 100.5660 4 15 9
2  45.0 45.0 0.00
170 42.4110 85.4063 6 29 9
2  45.0 45.0 0.00
171 38.8809 111.1518 4 25 5
2  45.0 45.0 0.00
172 24.0674 125.7974 9 27 5
2  45.0 45.0 0.00
173 48.4868 125.1866 5 15 9
2  45.0 45.0 0.00
174 4.2947 94.8784 10 25 6
2  45.0 45.0 0.00
175 24.3785 87.3103 2 28 6
2  45.0 45.0 0.00
176 7.8043 87.5820 5 15 9
2  45.0 45.0 0.00
177 23.4283 111.9444 3 22 5
2  45.0 45.0 0.00
178 50.9137 92.3479 6 15 8
2  45.0 45.0 0.00
179 33.4713 83.6252 4 24 8
2  45.0 45.0 0.00
180 49.7171 99.1712 5 18 9
2  45.0 45.0 0.00
181 24.1790 101.7228 6 23 8
2  45.0 45.0 0.00
182 26.9556 116.0443 10 21 8
2  45.0 45.0 0.00
183 11.9157 122.2409 8 29 8
2  45.0 45.0 0.00
184 16.0331 93.2968 10 27 6
2  45.0 45.0 0.00
185 38.1715 90.9127 1 16 5
2  45.0 45.0 0.00
186 15.5241 108.0493 6 19 9
2  45.0 45.0 0.00
187 35.9950 75.4026 5 18 6
2  45.0 45.0 0.00
188 49.4927 79.0117 9 28 6
2  45.0 45.0 0.00
189 15.0434 128.1487 1 21 9
2  45.0 45.0 0.00
190 42.4372 87.2569 3 28 8
2  45.0 45.0 0.00
191 32.8032 108.1986 2 29 9
2  45.0 45.0 0.00
192 9.2518 95.2841 9 23 5
2  45.0 45.0 0.00
193 47.7479 97.4364 8 23 5
2  45.0 45.0 0.00
194 9.9136 109.3628 1 23 9
2  45.0 45.0 0.00
195 11.0233 100.4809 1 24 5
2  45.0 45.0 0.00
196 42.2142 125.1517 8 18 9
2  45.0 45.0 0.00
197 3.6434 115.0438 8 25 8
2  45.0 45.0 0.00
198 6.6628 79.0941 9 21 7
2  45.0 45.0 0.00
199 30.9226 106.7438 8 26 7
2  45.0 45.0 0.00
200 44.6797 95.7588 2 19 9
2  45.0 45.0 0.00
201 12.1348 113.0347 1 29 7
2  45.0 45.0 0.00
202 9.9024 129.6970 1 26 5
2  45.0 45.0 0.00
203 15.7920 82.4189 1 25 6
2  45.0 45.0 0.00
204 12.7114 115.8110 8 27 6
2  45.0 45.0 0.00
205 4.8352 85.0851 10 15 5
2  45.0 45.0 0.00
206 32.9035 113.9656 6 17 5
2  45.0 45.0 0.00
207 23.2486 108.4883 10 20 8
2  45.0 45.0 0.00
208 20.2812 116.5024 6 17 8
2  45.0 45.0 0.00
209 9.4153 93.9507 8 20 7
2  45.0 45.0 0.00
210 23.0735 122.8172 5 21 8
2  45.0 45.0 0.00
211 9.0039 104.3297 10 15 9
2  45.0 45.0 0.00
212 52.0639 111.7180 1 27 5
2  45.0 45.0 0.00
213 25.7644 120.7443 5 26 5
2  45.0 45.0 0.00
214 36.2184 119.0501 7 29 8
2  45.0 45.0 0.00
215 26.4594 107.4424 4 17 7
2  45.0 45.0 0.00
216 37.3762 121.7820 9 22 8
2  45.0 45.0 0.00
217 41.3891 88.3024 2 20 5
2  45.0 45.0 0.00
218 47.1405 107.5793 9 23 8
2  45.0 45.0 0.00
219 38.0161 128.1357 6 16 6
2  45.0 45.0 0.00
220 19.6284 108.9639 3 19 9
2  45.0 45.0 0.00
221 34.6985 123.2049 9 24 7
2  45.0 45.0 0.00
222 30.3019 92.6409 6 22 9
2  45.0 45.0 0.00
223 11.4123 81.1233 4 16 9
2  45.0 45.0 0.00
224 13.0124 99.1903 7 26 6
2  45.0 45.0 0.00
225 7.4024 85.4955 8 19 5
2  45.0 45.0 0.00
226 30.5130 102.1118 7 29 6
2  45.0 45.0 0.00
227 7.4063 101.8430 6 24 9
2  45.0 45.0 0.00
228 49.5517 109.0043 5 28 7
2  45.0 45.0 0.00
229 30.7731 77.3640 3 23 6
2  45.0 45.0 0.00
230 31.2467 121.0049 5 17 7
2  45.0 45.0 0.00
231 47.8032 124.7789 1 16 5
2  45.0 45.0 0.00
232 24.2855 106.0819 8 22 8
2  45.0 45.0 0.00
233 6.0420 95.3562 10 19 7
2  45.0 45.0 0.00
234 37.3764 103.3651 3 18 7
2  45.0 45.0 0.00
235 33.0088 103.6222 8 18 9
2  45.0 45.0 0.00
236 3.7657 109.7718 2 28 8
2  45.0 45.0 0.00
237 40.5089 93.6889 1 20 5
2  45.0 45.0 0.00
238 14.2572 94.8627 7 22 5
2  45.0 45.0 0.00
239 21.9835 80.4613 1 17 7
2  45.0 45.0 0.00
240 12.1429 120.0996 3 17 5
2  45.0 45.0 0.00
241 5.9424 106.0333 8 24 9
2  45.0 45.0 0.00
242 22.2846 110.1921 5 17 9
2  45.0 45.0 0.00
243 43.6423 110.8747 8 25 8
2  45.0 45.0 0.00
244 38.8013 73.2061 3 17 8
2  45.0 45.0 0.00
245 19.1575 73.5269 1 16 7
2  45.0 45.0 0.00
246 26.7911 94.6469 4 25 8
2  45.0 45.0 0.00
247 14.5160 99.8494 1 27 5
2  45.0 45.0 0.00
248 12.9811 114.0812 1 22 8
2  45.0 45.0 0.00
249 33.2638 83.1977 3 23 7
2  45.0 45.0 0.00
250 40.4213 97.1579 3 21 6
2  45.0 45.0 0.00
251 11.9712 110.0578 6 20 5
2  45.0 45.0 0.00
252 5.5034 99.4270 5 18 7
2  45.0 45.0 0.00
253 4.2455 127.0156 1 22 9
2  45.0 45.0 0.00
254 21.2679 122.2975 5 25 8
2  45.0 45.0 0.00
255 4.5669 102.7834 1 23 7
2  45.0 45.0 0.00
256 10.6594 100.0194 5 25 6
2  45.0 45.0 0.00
257 6.6595 126.7670 6 21 5
2  45.0 45.0 0.00
258 33.6345 77.4624 9 25 8
2  45.0 45.0 0.00
259 40.9586 100.7392 10 29 8
2  45.0 45.0 0.00
260 38.2508 112.8550 3 24 9
2  45.0 45.0 0.00
261 49.3400 114.8305 9 27 6
2  45.0 45.0 0.00
262 37.1516 77.5210 5 27 8
2  45.0 45.0 0.00
263 32.9872 118.3110 3 15 9
2  45.0 45.0 0.00
264 9.4397 102.0719 10 20 5
2  45.0 45.0 0.00
265 17.5492 78.5730 9 16 8
2  45.0 45.0 0.00
266 31.4510 103.4610 3 29 6
2  45.0 45.0 0.00
267 27.4469 122.2252 8 26 6
2  45.0 45.0 0.00
268 21.8007 78.0161 7 16 8
2  45.0 45.0 0.00
269 29.8670 87.4869 2 16 6
2  45.0 45.0 0.00
270 3.1994 99.8838 4 15 8
2  45.0 45.0 0.00
271 14.0242 92.8034 1 22 5
2  45.0 45.0 0.00
272 44.6958 108.6042 6 17 5
2  45.0 45.0 0.00
273 11.7675 81.3209 10 22 9
2  45.0 45.0 0.00
274 41.9662 73.6295 8 25 6
2  45.0 45.0 0.00
275 5.2596 94.1612 6 24 9
2  45.0 45.0 0.00
276 5.4768 74.2407 4 26 6
2  45.0 45.0 0.00
277 9.0478 99.5174 3 19 6
2  45.0 45.0 0.00
278 10.9441 90.2922 5 25 8
2  45.0 45.0 0.00
279 42.1306 129.4320 9 16 8
2  45.0 45.0 0.00
280 22.9330 116.2931 10 17 7
2  45.0 45.0 0.00
281 52.6748 119.6576 7 27 5
2  45.0 45.0 0.00
282 46.3899 113.8916 1 23 8
2  45.0 45.0 0.00
283 43.6619 122.7957 6 27 8
2  45.0 45.0 0.00
284 39.6696 124.6806 8 19 7
2  45.0 45.0 0.00
285 27.5560 93.0879 7 28 7
2  45.0 45.0 0.00
286 8.2330 87.6338 8 28 9
2  45.0 45.0 0.00
287 19.3991 126.1408 10 17 8
2  45.0 45.0 0.00
288 20.1665 110.8391 3 17 5
2  45.0 45.0 0.00
289 26.8678 115.3502 7 29 6
2  45.0 45.0 0.00
290 50.6341 78.0370 1 20 9
2  45.0 45.0 0.00
291 29.8658 97.9793 3 25 9
2  45.0 45.0 0.00
292 35.9349 125.6621 2 20 6
2  45.0 45.0 0.00
293 34.1951 121.1099 10 24 8
2  45.0 45.0 0.00
294 49.3780 111.0580 2 17 7
2  45.0 45.0 0.00
295 8.1371 113.3841 5 17 9
2  45.0 45.0 0.00
296 42.2641 96.6325 2 24 6
2  45.0 45.0 0.00
297 4.0355 127.0791 9 28 8
2  45.0 45.0 0.00
298 48.5831 84.3426 4 18 7
2  45.0 45.0 0.00
299 26.2814 87.3476 7 28 6
2  45.0 45.0 0.00
300 36.7762 79.0499 1 17 5
2  45.0 45.0 0.00
301 18.9192 127.6128 1 27 7
2  45.0 45.0 0.00
302 46.2124 89.3550 2 28 9
2  45.0 45.0 0.00
303 16.2411 86.4710 4 29 7
2  45.0 45.0 0.00
304 39.1291 126.7058 10 28 7
2  45.0 45.0 0.00
305 39.9258 96.5768 3 24 9
2  45.0 45.0 0.00
306 46.1807 120.1719 10 28 9
2  45.0 45.0 0.00
307 37.2225 88.1288 5 24 6
2  45.0 45.0 0.00
308 8.5248 76.6967 6 20 8
2  45.0 45.0 0.00
309 34.9539 90.9835 6 21 6
2  45.0 45.0 0.00
310 15.0556 87.7589 4 21 6
2  45.0 45.0 0.00
311 42.0213 87.0458 3 26 8
2  45.0 45.0 0.00
312 49.2718 91.4085 4 29 7
2  45.0 45.0 0.00
313 6.9025 93.5096 3 16 6
2  45.0 45.0 0.00
314 3.6338 110.3368 7 25 9
2  45.0 45.0 0.00
315 36.0486 103.5267 9 18 9
2  45.0 45.0 0.00
316 24.9396 131.1796 7 20 7
2  45.0 45.0 0.00
317 33.8817 94.9457 8 24 7
2  45.0 45.0 0.00
318 25.5177 103.6813 7 27 9
2  45.0 45.0 0.00
319 43.1844 80.2077 6 27 6
2  45.0 45.0 0.00
320 17.8625 85.6346 5 15 8
2  45.0 45.0 0.00
321 33.9416 106.4422 4 22 7
2  45.0 45.0 0.00
322 16.5824 131.1567 7 28 5
2  45.0 45.0 0.00
323 50.7888 129.7899 10 20 8
2  45.0 45.0 0.00
324 38.6145 114.7749 7 23 8
2  45.0 45.0 0.00
325 28.0661 120.2119 2 26 6
2  45.0 45.0 0.00
326 30.0422 112.3574 1 29 7
2  45.0 45.0 0.00
327 14.4107 127.2247 4 26 6
2  45.0 45.0 0.00
328 6.0132 126.7101 2 17 9
2  45.0 45.0 0.00
329 27.0538 111.2495 5 25 5
2  45.0 45.0 0.00
330 45.8595 117.2227 7 15 8
2  45.0 45.0 0.00
331 33.0501 111.2223 8 20 7
2  45.0 45.0 0.00
332 44.5984 122.0780 9 16 7
2  45.0 45.0 0.00
333 33.7846 75.0183 1 21 8
2  45.0 45.0 0.00
334 5.6016 84.1899 7 17 8
2  45.0 45.0 0.00
335 43.8561 104.1125 6 25 6
2  45.0 45.0 0.00
336 46.1915 77.3931 8 25 8
2  45.0 45.0 0.00
337 43.1899 108.4499 2 18 8
2  45.0 45.0 0.00
338 32.5588 103.8966 8 20 7
2  45.0 45.0 0.00
339 15.1148 119.9959 3 25 9
2  45.0 45.0 0.00
340 25.3720 83.4761 8 29 6
2  45.0 45.0 0.00
341 36.5345 108.1130 6 21 5
2  45.0 45.0 0.00
342 7.1231 130.3310 10 16 8
2  45.0 45.0 0.00
343 40.9375 79.6741 10 20 6
2  45.0 45.0 0.00
344 4.2430 119.3243 3 26 5
2  45.0 45.0 0.00
345 29.8544 123.0629 1 26 6
2  45.0 45.0 0.00
346 4.6928 120.7054 4 28 7
2  45.0 45.0 0.00
347 37.4614 81.0125 3 20 5
2  45.0 45.0 0.00
348 13.9291 84.1858 5 17 8
2  45.0 45.0 0.00
349 34.7830 96.6782 7 24 7
2  45.0 45.0 0.00
350 9.5531 96.6804 6 21 7
2  45.0 45.0 0.00
351 36.7684 95.7408 8 28 6
2  45.0 45.0 0.00
352 44.8155 123.3291 1 15 8
2  45.0 45.0 0.00
353 17.3686 77.9959 9 24 7
2  45.0 45.0 0.00
354 34.2604 117.9311 3 18 9
2  45.0 45.0 0.00
355 44.9215 108.3843 1 15 6
2  45.0 45.0 0.00
356 10.1225 83.7275 5 19 9
2  45.0 45.0 0.00
357 34.9592 95.1679 3 20 8
2  45.0 45.0 0.00
358 18.5107 86.2621 6 16 5
2  45.0 45.0 0.00
359 21.9882 81.8650 7 21 9
2  45.0 45.0 0.00
360 30.6198 117.9943 4 18 5
2  45.0 45.0 0.00
361 22.1105 81.7631 10 24 7
2  45.0 45.0 0.00
362 7.2815 92.4509 10 23 8
2  45.0 45.0 0.00
363 35.8759 105.1511 10 18 7
2  45.0 45.0 0.00
364 48.8953 117.4801 3 29 9
2  45.0 45.0 0.00
365 23.2086 111.0204 10 17 5
2  45.0 45.0 0.00
366 37.5340 81.0455 7 18 9
2  45.0 45.0 0.00
367 22.6272 130.3491 10 16 9
2  45.0 45.0 0.00
368 27.6566 118.3558 9 28 8
2  45.0 45.0 0.00
369 52.3017 113.2817 6 19 5
2  45.0 45.0 0.00
370 45.1956 129.3124 10 29 7
2  45.0 45.0 0.00
371 43.5531 121.7611 5 20 6
2  45.0 45.0 0.00
372 40.4268 132.4683 6 21 8
2  45.0 45.0 0.00
373 50.5769 80.0449 3 23 9
2  45.0 45.0 0.00
374 38.0850 97.2131 6 19 8
2  45.0 45.0 0.00
375 11.0988 125.1614 8 17 6
2  45.0 45.0 0.00
376 39.6405 91.2530 10 29 5
2  45.0 45.0 0.00
377 40.6071 84.0190 9 24 7
2  45.0 45.0 0.00
378 31.9930 107.6147 1 28 7
2  45.0 45.0 0.00
379 28.0997 91.3035 1 16 7
2  45.0 45.0 0.00
380 46.4309 79.4534 6 21 8
2  45.0 45.0 0.00
381 25.0180 111.8651 3 19 9
2  45.0 45.0 0.00
382 50.0852 112.2008 3 15 6
2  45.0 45.0 0.00
383 25.2160 74.5677 8 19 9
2  45.0 45.0 0.00
384 41.3944 103.3124 5 15 8
2  45.0 45.0 0.00
385 9.2394 101.7618 10 28 7
2  45.0 45.0 0.00
386 45.8459 120.2037 3 24 8
2  45.0 45.0 0.00
387 34.2627 124.0835 2 19 9
2  45.0 45.0 0.00
388 8.2194 126.9484 4 26 6
2  45.0 45.0 0.00
389 49.3257 105.3493 2 25 8
2  45.0 45.0 0.00
390 26.7933 74.4963 7 16 5
2  45.0 45.0 0.00
391 21.1706 77.2337 8 25 8
2  45.0 45.0 0.00
392 51.0499 119.1111 2 25 7
2  45.0 45.0 0.00
393 10.7487 74.9762 5 18 5
2  45.0 45.0 0.00
394 32.6464 117.3855 2 20 7
2  45.0 45.0 0.00
395 46.4374 116.6310 4 27 8
2  45.0 45.0 0.00
396 32.2817 120.2061 1 18 9
2  45.0 45.0 0.00
397 44.5990 112.4054 8 23 5
2  45.0 45.0 0.00
398 30.7346 83.6303 8 23 8
2  45.0 45.0 0.00
399 19.7935 84.3898 5 18 8
2  45.0 45.0 0.00
400 47.6788 90.4703 1 23 7
2  45.0 45.0 0.00
401 39.8054 110.5218 1 23 8
2  45.0 45.0 0.00
402 34.8115 88.7975 10 15 8
2  45.0 45.0 0.00
403 11.7115 104.6065 6 26 8
2  45.0 45.0 0.00
404 27.9109 100.8789 7 18 6
2  45.0 45.0 0.00
405 23.7878 85.0376 6 25 5
2  45.0 45.0 0.00
406 36.9459 104.4977 1 15 8
2  45.0 45.0 0.00
407 17.7230 86.0720 2 26 9
2  45.0 45.0 0.00
408 13.3308 77.9865 1 28 5
2  45.0 45.0 0.00
409 17.5701 80.5141 2 26 5
2  45.0 45.0 0.00
410 43.4548 97.5581 3 21 5
2  45.0 45.0 0.00
411 24.4464 75.9683 6 17 9
2  45.0 45.0 0.00
412 29.7741 129.4547 7 21 8
2  45.0 45.0 0.00
413 8.5634 87.7352 3 21 8
2  45.0 45.0 0.00
414 50.8182 119.4229 3 28 8
2  45.0 45.0 0.00
415 23.7555 106.9635 5 17 6
2  45.0 45.0 0.00
416 17.5260 97.2306 4 23 9
2  45.0 45.0 0.00
417 16.4808 79.9618 3 27 5
2  45.0 45.0 0.00
418 15.2495 74.6901 7 27 6
2  45.0 45.0 0.00
419 16.2852 110.8270 6 19 9
2  45.0 45.0 0.00
420 5.2908 114.6540 10 17 9
2  45.0 45.0 0.00
421 4.7690 103.2442 4 24 8
2  45.0 45.0 0.00
422 46.1435 126.9586 1 28 7
2  45.0 45.0 0.00
423 9.5820 96.5077 4 23 6
2  45.0 45.0 0.00
424 52.7619 97.5556 10 19 9
2  45.0 45.0 0.00
425 49.4098 127.9136 1 25 6
2  45.0 45.0 0.00
426 42.2330 90.4370 2 19 6
2  45.0 45.0 0.00
427 32.8143 87.2858 3 25 7
2  45.0 45.0 0.00
428 41.2773 100.2390 3 15 5
2  45.0 45.0 0.00
429 20.2840 79.5648 9 18 9
2  45.0 45.0 0.00
430 46.6955 75.2606 4 28 9
2  45.0 45.0 0.00
431 34.8277 95.8622 1 18 9
2  45.0 45.0 0.00
432 9.0077 123.1842 4 21 8
2  45.0 45.0 0.00
433 31.6127 109.2918 4 24 6
2  45.0 45.0 0.00
434 47.6772 114.5612 8 15 5
2  45.0 45.0 0.00
435 30.0627 94.1648 3 19 5
2  45.0 45.0 0.00
436 43.9391 111.9155 7 26 9
2  45.0 45.0 0.00
437 40.3491 97.0523 3 21 6
2  45.0 45.0 0.00
438 13.7624 74.2600 7 28 5
2  45.0 45.0 0.00
439 49.4571 74.6740 1 21 8
2  45.0 45.0 0.00
440 40.0408 100.8768 3 28 5
2  45.0 45.0 0.00
441 12.0612 73.0028 5 25 8
2  45.0 45.0 0.00
442 17.1904 78.8575 5 16 5
2  45.0 45.0 0.00
443 26.5781 76.5455 6 23 6
2  45.0 45.0 0.00
444 11.5691 84.9954 6 20 8
2  45.0 45.0 0.00
445 46.6271 121.1950 6 27 5
2  45.0 45.0 0.00
446 28.6677 129.4110 3 23 9
2  45.0 45.0 0.00
447 20.7084 116.0150 10 24 6
2  45.0 45.0 0.00
448 40.3468 114.6848 1 25 9
2  45.0 45.0 0.00
449 8.8812 128.9826 4 26 8
2  45.0 45.0 0.00
450 46.5025 100.5098 7 15 5
2  45.0 45.0 0.00
451 30.0447 78.5208 1 18 8
2  45.0 45.0 0.00
452 21.8987 81.4607 7 24 7
2  45.0 45.0 0.00
453 20.1813 105.4383 10 18 5
2  45.0 45.0 0.00
454 40.7323 98.2725 3 17 6
2  45.0 45.0 0.00
455 26.8318 102.0295 9 23 6
2  45.0 45.0 0.00
456 49.9750 74.7296 5 18 7
2  45.0 45.0 0.00
457 5.7428 127.5769 5 20 9
2  45.0 45.0 0.00
458 16.1078 102.9912 5 15 8
2  45.0 45.0 0.00
459 33.2962 78.4194 8 19 9
2  45.0 45.0 0.00
460 31.8492 116.6178 10 24 7
2  45.0 45.0 0.00
461 25.4421 88.6020 9 25 6
2  45.0 45.0 0.00
462 5.8534 104.8667 6 27 5
2  45.0 45.0 0.00
463 20.4573 127.1686 7 16 5
2  45.0 45.0 0.00
464 24.7005 82.2218 9 21 8
2  45.0 45.0 0.00
465 15.7396 96.2247 10 21 7
2  45.0 45.0 0.00
466 22.3157 84.1030 3 25 6
2  45.0 45.0 0.00
467 13.6268 97.9347 9 27 8
2  45.0 45.0 0.00
468 42.7411 83.8189 10 15 6
2  45.0 45.0 0.00
469 39.5522 112.6522 4 27 5
2  45.0 45.0 0.00
470 38.1557 131.6348 4 19 9
2  45.0 45.0 0.00
471 24.1644 92.6131 6 27 7
2  45.0 45.0 0.00
472 6.0882 122.1588 7 16 5
2  45.0 45.0 0.00
473 46.6009 123.0858 3 21 6
2  45.0 45.0 0.00
474 49.6784 77.9105 5 22 5
2  45.0 45.0 0.00
475 15.6847 80.6417 1 17 6
2  45.0 45.0 0.00
476 32.6961 105.3190 3 20 6
2  45.0 45.0 0.00
477 23.4534 127.1277 6 25 9
2  45.0 45.0 0.00
478 47.2826 106.0334 5 20 5
2  45.0 45.0 0.00
479 51.7755 75.9716 9 28 9
2  45.0 45.0 0.00
480 47.8140 85.4232 5 22 8
2  45.0 45.0 0.00
481 34.0636 102.9883 5 18 9
2  45.0 45.0 0.00
482 17.7963 81.0140 4 22 6
2  45.0 45.0 0.00
483 29.1557 100.7582 1 28 8
2  45.0 45.0 0.00
484 51.4945 79.6407 9 24 9
2  45.0 45.0 0.00
485 22.1506 117.2000 6 21 5
2  45.0 45.0 0.00
486 13.2084 88.4868 2 17 9
2  45.0 45.0 0.00
487 22.3434 75.0914 4 26 9
2  45.0 45.0 0.00
488 48.4631 113.9458 9 27 7
2  45.0 45.0 0.00
489 40.6042 77.6729 2 16 5
2  45.0 45.0 0.00
490 28.6436 82.8186 4 18 5
2  45.0 45.0 0.00
491 42.2801 107.7703 6 23 5
2  45.0 45.0 0.00
492 47.2303 76.4250 1 15 8
2  45.0 45.0 0.00
493 4.8907 129.0449 2 23 9
2  45.0 45.0 0.00
494 27.4129 116.7308 7 15 8
2  45.0 45.0 0.00
495 17.3730 88.6831 9 16 9
2  45.0 45.0 0.00
496 18.2565 112.4132 9 21 9
2  45.0 45.0 0.00
497 5.0262 75.7330 7 15 6
2  45.0 45.0 0.00
498 43.3682 100.4749 6 25 8
2  45.0 45.0 0.00
499 45.6089 111.1057 10 16 7
2  45.0 45.0 0.00
500 43.9001 103.8217 1 16 7
2  45.0 45.0 0.00
501 42.2013 79.1575 9 21 6
2  45.0 45.0 0.00
502 29.2108 101.3810 3 26 6
2  45.0 45.0 0.00
503 14.3860 111.5252 8 18 5
2  45.0 45.0 0.00
504 52.6131 128.4743 1 17 7
2  45.0 45.0 0.00
505 4.5172 75.5457 9 19 8
2  45.0 45.0 0.00
506 35.6182 82.8958 1 25 8
2  45.0 45.0 0.00
507 42.5717 104.7028 1 15 9
2  45.0 45.0 0.00
508 49.8950 109.6326 9 25 5
2  45.0 45.0 0.00
509 19.7173 114.1583 1 21 5
2  45.0 45.0 0.00
510 13.5046 96.5424 8 29 6
2  45.0 45.0 0.00
511 47.6715 93.6414 1 25 7
2  45.0 45.0 0.00
512 40.0799 122.7664 9 24 6
2  45.0 45.0 0.00
513 20.9643 120.1930 6 15 6
2  45.0 45.0 0.00
514 37.9670 111.0814 10 19 6
2  45.0 45.0 0.00
515 22.0860 85.6263 2 15 7
2  45.0 45.0 0.00
516 20.2186 107.7975 5 18 5
2  45.0 45.0 0.00
517 15.9996 85.7334 9 19 8
2  45.0 45.0 0.00
518 25.3706 122.3578 2 21 5
2  45.0 45.0 0.00
519 8.4229 130.5141 1 21 7
2  45.0 45.0 0.00
520 30.3898 111.0991 7 18 5
2  45.0 45.0 0.00
521 31.7701 77.4864 1 24 6
2  45.0 45.0 0.00
522 37.1496 93.5412 8 19 5
2  45.0 45.0 0.00
523 11.0820 109.7316 6 24 7
2  45.0 45.0 0.00
524 10.3531 100.5754 4 21 5
2  45.0 45.0 0.00
525 46.8355 86.3278 5 18 6
2  45.0 45.0 0.00
526 24.1575 117.9557 1 21 8
2  45.0 45.0 0.00
527 38.4693 93.1609 10 16 9
2  45.0 45.0 0.00
528 12.2610 107.6927 3 16 9
2  45.0 45.0 0.00
529 8.2529 105.1201 5 19 7
2  45.0 45.0 0.00
530 27.8133 92.3693 10 15 6
2  45.0 45.0 0.00
531 7.4103 85.7907 5 17 8
2  45.0 45.0 0.00
532 20.6636 122.9889 2 20 6
2  45.0 45.0 0.00
533 49.6865 129.0725 3 22 5
2  45.0 45.0 0.00
534 44.2812 103.6251 8 25 5
2  45.0 45.0 0.00
535 31.4426 95.1711 2 22 8
2  45.0 45.0 0.00
536 20.0687 128.5594 4 25 6
2  45.0 45.0 0.00
537 8.0165 115.5229 6 16 6
2  45.0 45.0 0.00
538 27.8104 84.9161 9 22 8
2  45.0 45.0 0.00
539 20.6035 83.7657 10 28 8
2  45.0 45.0 0.00
540 11.5258 74.2889 5 16 8
2  45.0 45.0 0.00
541 52.2924 111.1503 1 28 5
2  45.0 45.0 0.00
542 38.9344 115.6295 10 21 6
2  45.0 45.0 0.00
543 24.3642 82.7635 9 16 8
2  45.0 45.0 0.00
544 14.2508 121.3858 2 18 6
2  45.0 45.0 0.00
545 34.3511 74.8638 3 28 6
2  45.0 45.0 0.00
546 22.4711 103.1306 8 28 5
2  45.0 45.0 0.00
547 18.9946 121.9390 3 28 6
2  45.0 45.0 0.00
548 26.2245 122.9124 6 29 6
2  45.0 45.0 0.00
549 42.2858 117.3232 2 18 9
2  45.0 45.0 0.00
550 12.4673 78.6434 5 17 7
2  45.0 45.0 0.00
551 21.2043 119.9871 3 26 7
2  45.0 45.0 0.00
552 50.7392 115.4119 5 24 6
2  45.0 45.0 0.00
553 13.8255 123.4010 6 19 5
2  45.0 45.0 0.00
554 33.5817 89.0868 6 28 5
2  45.0 45.0 0.00
555 22.6571 122.7450 8 28 6
2  45.0 45.0 0.00
556 47.4152 120.1682 6 15 8
2  45.0 45.0 0.00
557 17.7683 93.3805 6 21 9
2  45.0 45.0 0.00
558 29.8387 75.9217 9 21 8
2  45.0 45.0 0.00
559 40.8813 85.9050 6 24 9
2  45.0 45.0 0.00
560 50.2850 100.6659 10 18 6
2  45.0 45.0 0.00
561 49.0616 86.5539 9 29 8
2  45.0 45.0 0.00
562 29.7502 126.4685 9 23 9
2  45.0 45.0 0.00
563 11.4323 114.1914 6 27 8
2  45.0 45.0 0.00
564 46.8418 97.9105 3 20 5
2  45.0 45.0 0.00
565 31.1470 124.0080 10 16 7
2  45.0 45.0 0.00
566 11.9029 86.5381 10 16 6
2  45.0 45.0 0.00
567 24.3603 106.4895 6 24 9
2  45.0 45.0 0.00
568 6.4734 93.9979 7 25 5
2  45.0 45.0 0.00
569 35.2816 103.0838 4 21 5
2  45.0 45.0 0.00
570 6.5551 95.9184 5 27 7
2  45.0 45.0 0.00
571 29.5262 78.7290 1 15 6
2  45.0 45.0 0.00
572 6.5549 79.3466 4 20 8
2  45.0 45.0 0.00
573 18.4685 121.3527 7 18 6
2  45.0 45.0 0.00
574 33.5244 75.7195 2 28 5
2  45.0 45.0 0.00
575 29.3435 115.8328 2 19 9
2  45.0 45.0 0.00
576 6.0771 96.7193 4 29 5
2  45.0 45.0 0.00
577 42.8043 97.5139 9 22 6
2  45.0 45.0 0.00
578 19.5861 102.6245 1 18 8
2  45.0 45.0 0.00
579 51.1845 130.3472 6 29 6
2  45.0 45.0 0.00
580 44.9877 88.9925 1 15 5
2  45.0 45.0 0.00
581 4.2889 101.0685 8 25 6
2  45.0 45.0 0.00
582 43.8322 118.8857 6 18 5
2  45.0 45.0 0.00
583 36.7889 82.1695 3 18 9
2  45.0 45.0 0.00
584 48.0402 89.9809 10 29 6
2  45.0 45.0 0.00
585 8.8373 120.4335 9 19 7
2  45.0 45.0 0.00
586 31.5542 119.3001 3 29 9
2  45.0 45.0 0.00
587 42.7500 93.1549 6 29 6
2  45.0 45.0 0.00
588 19.4139 115.6950 9 17 8
2  45.0 45.0 0.00
589 31.3480 89.4698 3 18 6
2  45.0 45.0 0.00
590 43.5433 117.9113 10 16 7
2  45.0 45.0 0.00
591 30.8369 91.8246 2 25 5
2  45.0 45.0 0.00
592 14.7610 83.2474 7 17 5
2  45.0 45.0 0.00
593 5.2488 119.1929 10 20 7
2  45.0 45.0 0.00
594 19.9931 85.8025 5 27 9
2  45.0 45.0 0.00
595 12.4610 81.8625 6 17 5
2  45.0 45.0 0.00
596 45.1125 107.5087 3 28 8
2  45.0 45.0 0.00
597 44.1280 114.7108 5 23 8
2  45.0 45.0 0.00
598 27.0629 111.0804 10 26 8
2  45.0 45.0 0.00
599 10.8744 105.3701 7 29 9
2  45.0 45.0 0.00
