s1
0
 2013 04 20 12 23 38.324     2013 04 20 12 26 51.271     192.9
 2013 04 20 20 39 38.961     2013 04 20 20 42 31.468     172.5
1
 2013 04 20 10 39 56.668     2013 04 20 10 42 40.474     163.8
2
3
 2013 04 20 09 04 57.999     2013 04 20 09 05 14.699      16.7
4
 2013 04 20 22 23  6.033     2013 04 20 22 25 36.356     150.3
5
 2013 04 20 12 23  6.063     2013 04 20 12 26 40.723     214.7
 2013 04 20 20 37 52.311     2013 04 20 20 40 25.843     153.5
6
 2013 04 20 10 44 58.731     2013 04 20 10 47 35.032     156.3
 2013 04 20 20 43 28.421     2013 04 20 20 46 48.674     200.3
7
 2013 04 20 10 43 43.411     2013 04 20 10 46 19.361     155.9
 2013 04 20 20 43 58.520     2013 04 20 20 46 33.085     154.6
8
 2013 04 20 12 28 51.658     2013 04 20 12 28 51.030       -.6
 2013 04 20 14 02 33.739     2013 04 20 14 02 55.592      21.9
 2013 04 20 18 58 39.707     2013 04 20 18 59  6.270      26.6
9
10
11
 2013 04 20 10 41  9.749     2013 04 20 10 44 24.237     194.5
12
 2013 04 20 12 22 27.893     2013 04 20 12 23 20.615      52.7
 2013 04 20 20 40 27.526     2013 04 20 20 42 59.881     152.4
13
 2013 04 20 10 46  8.142     2013 04 20 10 49 11.557     183.4
14
15
 2013 04 20 20 41 54.351     2013 04 20 20 44 27.679     153.3
16
 2013 04 20 12 21 10.543     2013 04 20 12 23 54.028     163.5
17
 2013 04 20 09 02 56.996     2013 04 20 09 06 38.629     221.6
 2013 04 20 20 49 21.136     2013 04 20 20 51 51.408     150.3
18
19
 2013 04 20 00 18  2.669     2013 04 20 00 19  8.745      66.1
20
21
 2013 04 20 12 25 50.188     2013 04 20 12 29   .090     189.9
 2013 04 20 18 59 49.903     2013 04 20 19 02 55.108     185.2
22
 2013 04 20 10 46 19.040     2013 04 20 10 49 47.654     208.6
23
 2013 04 20 22 22  5.967     2013 04 20 22 24 52.265     166.3
24
 2013 04 20 13 57 21.665     2013 04 20 14 00  1.493     159.8
 2013 04 20 22 13 47.747     2013 04 20 22 16 32.288     164.5
25
26
 2013 04 20 10 44 13.690     2013 04 20 10 46 51.795     158.1
 2013 04 20 20 43 42.204     2013 04 20 20 46 14.909     152.7
27
 2013 04 20 22 15  5.777     2013 04 20 22 18 18.377     192.6
28
29
 2013 04 20 13 57 54.593     2013 04 20 14 00 42.168     167.6
 2013 04 20 22 12 59.552     2013 04 20 22 15 32.492     152.9
30
 2013 04 20 10 49 29.275     2013 04 20 10 52 22.744     173.5
 2013 04 20 19 03 44.597     2013 04 20 19 06 31.125     166.5
31
 2013 04 20 12 17 39.709     2013 04 20 12 18 40.051      60.3
 2013 04 20 22 19 47.785     2013 04 20 22 22 32.167     164.4
32
33
 2013 04 20 13 59 26.997     2013 04 20 14 02 41.169     194.2
34
 2013 04 20 12 26 40.034     2013 04 20 12 29 16.547     156.5
 2013 04 20 19 01  2.831     2013 04 20 19 03 43.624     160.8
35
 2013 04 20 10 38 52.671     2013 04 20 10 42 27.273     214.6
36
 2013 04 20 12 26 42.816     2013 04 20 12 29 53.000     190.2
 2013 04 20 19 00 11.611     2013 04 20 19 02 46.461     154.8
37
 2013 04 20 22 16 22.065     2013 04 20 22 19 34.487     192.4
38
 2013 04 20 20 47 17.674     2013 04 20 20 50 29.150     191.5
39
 2013 04 20 20 40 31.825     2013 04 20 20 43 16.495     164.7
40
 2013 04 20 13 53 44.343     2013 04 20 13 57  9.811     205.5
41
42
43
44
 2013 04 20 13 54 57.795     2013 04 20 13 57 35.534     157.7
45
 2013 04 20 14 02 46.065     2013 04 20 14 05 22.055     156.0
 2013 04 20 18 57 18.891     2013 04 20 19 01  1.840     222.9
 2013 04 20 20 35  5.105     2013 04 20 20 36 59.454     114.3
46
 2013 04 20 10 43 46.070     2013 04 20 10 46 20.378     154.3
 2013 04 20 20 44  4.348     2013 04 20 20 46 37.260     152.9
47
 2013 04 20 13 59 56.777     2013 04 20 14 03 10.086     193.3
 2013 04 20 20 33 59.274     2013 04 20 20 37 31.221     211.9
48
 2013 04 20 10 38 35.980     2013 04 20 10 42 11.980     216.0
 2013 04 20 22 22 53.441     2013 04 20 22 26 13.898     200.5
49
 2013 04 20 12 25 29.044     2013 04 20 12 28  5.011     156.0
50
 2013 04 20 15 37  2.487     2013 04 20 15 39 53.055     170.6
 2013 04 20 17 14 22.239     2013 04 20 17 14 38.897      16.7
 2013 04 20 20 31 23.922     2013 04 20 20 34 48.257     204.3
 2013 04 20 22 08 57.832     2013 04 20 22 10 48.655     110.8
51
 2013 04 20 10 43 56.595     2013 04 20 10 46 50.731     174.1
 2013 04 20 20 44 34.195     2013 04 20 20 47 13.929     159.7
52
 2013 04 20 12 21 35.173     2013 04 20 12 25  2.440     207.3
 2013 04 20 20 39 46.277     2013 04 20 20 43 27.228     221.0
53
 2013 04 20 10 50 31.948     2013 04 20 10 54 21.587     229.6
 2013 04 20 17 24 32.331     2013 04 20 17 28 15.635     223.3
54
 2013 04 20 20 47  4.320     2013 04 20 20 49 54.859     170.5
55
 2013 04 20 12 26 52.115     2013 04 20 12 30  4.796     192.7
 2013 04 20 14 04 18.437     2013 04 20 14 04 19.709       1.3
 2013 04 20 19 00  9.191     2013 04 20 19 02 47.761     158.6
56
 2013 04 20 22 20 14.669     2013 04 20 22 23 31.893     197.2
57
58
 2013 04 20 00 19 46.810     2013 04 20 00 23  1.768     195.0
59
 2013 04 20 22 15   .466     2013 04 20 22 17 57.378     176.9
60
 2013 04 20 12 25 37.083     2013 04 20 12 28 13.061     156.0
 2013 04 20 19 03 21.086     2013 04 20 19 04  1.133      40.0
61
 2013 04 20 22 22 16.773     2013 04 20 22 25 25.015     188.2
62
 2013 04 20 13 56 19.289     2013 04 20 13 59 19.908     180.6
 2013 04 20 22 16 20.421     2013 04 20 22 16 23.176       2.8
63
 2013 04 20 20 47 36.735     2013 04 20 20 51   .329     203.6
64
65
 2013 04 20 00 19 56.551     2013 04 20 00 22 26.611     150.1
66
 2013 04 20 12 23 13.792     2013 04 20 12 26 30.500     196.7
 2013 04 20 20 38  5.026     2013 04 20 20 40 38.353     153.3
67
 2013 04 20 13 56 26.777     2013 04 20 13 59  5.344     158.6
 2013 04 20 22 16 40.256     2013 04 20 22 16 49.285       9.0
68
 2013 04 20 22 11 35.683     2013 04 20 22 14 26.190     170.5
69
70
 2013 04 20 13 57 21.617     2013 04 20 14 00 43.224     201.6
 2013 04 20 22 12 29.074     2013 04 20 22 15  9.303     160.2
71
 2013 04 20 12 24 54.946     2013 04 20 12 28 18.337     203.4
72
 2013 04 20 09 04 36.545     2013 04 20 09 07 21.493     164.9
 2013 04 20 20 48 44.329     2013 04 20 20 49 16.513      32.2
73
 2013 04 20 09 07 59.372     2013 04 20 09 08  6.685       7.3
 2013 04 20 20 48  8.030     2013 04 20 20 51 18.883     190.9
74
75
76
 2013 04 20 10 49 10.353     2013 04 20 10 52   .507     170.2
 2013 04 20 19 03 57.573     2013 04 20 19 06 32.330     154.8
77
 2013 04 20 12 23 11.823     2013 04 20 12 26 37.271     205.4
 2013 04 20 20 39 58.808     2013 04 20 20 42 36.751     157.9
78
 2013 04 20 09 02 51.436     2013 04 20 09 06 23.555     212.1
 2013 04 20 20 49 32.034     2013 04 20 20 52  1.997     150.0
79
 2013 04 20 14 00 31.899     2013 04 20 14 03  8.866     157.0
 2013 04 20 20 35  9.215     2013 04 20 20 38 28.247     199.0
80
 2013 04 20 10 38  2.827     2013 04 20 10 41 36.878     214.1
 2013 04 20 22 23 28.090     2013 04 20 22 26 15.484     167.4
81
 2013 04 20 12 18 20.496     2013 04 20 12 21 33.222     192.7
 2013 04 20 22 17 37.027     2013 04 20 22 20  9.230     152.2
82
 2013 04 20 13 59 56.347     2013 04 20 14 00 47.770      51.4
 2013 04 20 22 12   .262     2013 04 20 22 14 55.739     175.5
83
 2013 04 20 22 22 24.739     2013 04 20 22 25 16.417     171.7
84
 2013 04 20 10 46 17.576     2013 04 20 10 49 38.544     201.0
85
 2013 04 20 00 20 54.029     2013 04 20 00 22  3.145      69.1
 2013 04 20 12 13  9.037     2013 04 20 12 16  3.810     174.8
86
 2013 04 20 12 28  1.253     2013 04 20 12 30 44.195     162.9
 2013 04 20 17 22 22.766     2013 04 20 17 26  6.954     224.2
 2013 04 20 19 00 18.875     2013 04 20 19 03 51.495     212.6
87
 2013 04 20 20 47  6.175     2013 04 20 20 49 41.967     155.8
88
 2013 04 20 12 17 52.117     2013 04 20 12 21 37.564     225.4
 2013 04 20 22 19 37.121     2013 04 20 22 22 24.531     167.4
89
 2013 04 20 14 01 16.190     2013 04 20 14 04 48.215     212.0
 2013 04 20 15 39   .241     2013 04 20 15 42 45.730     225.5
 2013 04 20 20 34 21.881     2013 04 20 20 37  5.168     163.3
90
91
 2013 04 20 00 19 37.716     2013 04 20 00 22 22.768     165.1
92
 2013 04 20 00 18  5.903     2013 04 20 00 18 21.761      15.9
93
 2013 04 20 14 02 22.659     2013 04 20 14 05  2.212     159.6
 2013 04 20 20 35 31.991     2013 04 20 20 38 45.824     193.8
94
 2013 04 20 20 45 57.904     2013 04 20 20 48 39.554     161.6
95
 2013 04 20 12 14  1.038     2013 04 20 12 17 21.052     200.0
96
 2013 04 20 12 25 12.005     2013 04 20 12 28 29.715     197.7
97
 2013 04 20 00 21 56.613     2013 04 20 00 24  5.617     129.0
 2013 04 20 12 12 46.118     2013 04 20 12 15 19.934     153.8
98
 2013 04 20 00 20 25.859     2013 04 20 00 23 40.290     194.4
 2013 04 20 12 16  6.577     2013 04 20 12 16 39.825      33.2
99
 2013 04 20 22 20 30.299     2013 04 20 22 23 20.954     170.7
100
 2013 04 20 10 48 28.095     2013 04 20 10 48 30.053       2.0
 2013 04 20 20 42  6.126     2013 04 20 20 44 46.353     160.2
101
 2013 04 20 10 45 39.555     2013 04 20 10 49  5.539     206.0
102
 2013 04 20 12 27 38.311     2013 04 20 12 29  8.133      89.8
 2013 04 20 19 02   .136     2013 04 20 19 05 31.947     211.8
103
 2013 04 20 12 20 44.581     2013 04 20 12 23 19.942     155.4
104
 2013 04 20 19 05 42.083     2013 04 20 19 06  5.035      23.0
105
106
 2013 04 20 13 58  9.019     2013 04 20 14 01 16.911     187.9
 2013 04 20 22 14  3.173     2013 04 20 22 16 55.195     172.0
107
 2013 04 20 12 13 33.238     2013 04 20 12 16 45.723     192.5
108
 2013 04 20 20 47 49.619     2013 04 20 20 50 30.753     161.1
109
 2013 04 20 10 41  9.870     2013 04 20 10 41 10.571        .7
 2013 04 20 20 45 57.261     2013 04 20 20 49 19.903     202.6
110
 2013 04 20 13 58 30.545     2013 04 20 14 01 34.760     184.2
 2013 04 20 22 12 24.457     2013 04 20 22 15 19.445     175.0
111
 2013 04 20 13 57 41.548     2013 04 20 14 00 45.343     183.8
 2013 04 20 22 12 43.836     2013 04 20 22 15 18.011     154.2
112
 2013 04 20 13 56 43.551     2013 04 20 14 00 16.829     213.3
 2013 04 20 22 12 10.031     2013 04 20 22 15 23.784     193.8
113
 2013 04 20 10 48  7.104     2013 04 20 10 50 41.954     154.9
 2013 04 20 19 04 28.187     2013 04 20 19 07 37.833     189.6
114
 2013 04 20 22 20 35.278     2013 04 20 22 24  5.411     210.1
115
 2013 04 20 14 01 53.760     2013 04 20 14 05 36.284     222.5
 2013 04 20 20 36 30.685     2013 04 20 20 39 38.386     187.7
116
 2013 04 20 00 16 40.905     2013 04 20 00 20  1.217     200.3
 2013 04 20 13 52 47.611     2013 04 20 13 56 17.989     210.4
117
 2013 04 20 22 15 37.054     2013 04 20 22 18 31.636     174.6
118
 2013 04 20 14 01 30.206     2013 04 20 14 04 22.218     172.0
 2013 04 20 20 34 55.784     2013 04 20 20 37 33.042     157.3
119
 2013 04 20 10 39  4.055     2013 04 20 10 41 44.004     159.9
120
 2013 04 20 10 42 26.030     2013 04 20 10 45 36.190     190.2
 2013 04 20 20 45 13.149     2013 04 20 20 48  8.902     175.8
121
 2013 04 20 10 41 15.437     2013 04 20 10 44 43.439     208.0
122
 2013 04 20 10 40 15.134     2013 04 20 10 40 18.841       3.7
123
 2013 04 20 13 57 49.680     2013 04 20 14 00 35.934     166.3
 2013 04 20 22 13 57.363     2013 04 20 22 16 30.129     152.8
124
125
 2013 04 20 12 29 24.729     2013 04 20 12 29 32.801       8.1
 2013 04 20 14 03 23.444     2013 04 20 14 07  8.948     225.5
 2013 04 20 18 59 16.173     2013 04 20 19 02 12.264     176.1
126
 2013 04 20 12 18 28.719     2013 04 20 12 18 31.100       2.4
127
 2013 04 20 10 47 38.359     2013 04 20 10 50 48.858     190.5
 2013 04 20 19 05 16.604     2013 04 20 19 08 28.420     191.8
128
 2013 04 20 14 00 14.937     2013 04 20 14 03 28.490     193.6
 2013 04 20 20 34 14.163     2013 04 20 20 37 20.653     186.5
129
 2013 04 20 12 17 35.591     2013 04 20 12 20  9.473     153.9
 2013 04 20 22 18 37.271     2013 04 20 22 21 35.750     178.5
130
 2013 04 20 10 53 45.805     2013 04 20 10 53 59.187      13.4
 2013 04 20 19 02 10.079     2013 04 20 19 03 44.214      94.1
131
 2013 04 20 10 42 32.906     2013 04 20 10 43 32.896      60.0
 2013 04 20 20 45 42.502     2013 04 20 20 48 13.232     150.7
132
 2013 04 20 10 48 10.812     2013 04 20 10 50 53.467     162.7
 2013 04 20 19 04  2.314     2013 04 20 19 07  8.644     186.3
133
 2013 04 20 09 03 20.925     2013 04 20 09 06 51.253     210.3
 2013 04 20 20 49 15.044     2013 04 20 20 51 52.900     157.9
134
 2013 04 20 13 56 34.155     2013 04 20 13 57 20.660      46.5
 2013 04 20 22 11 57.642     2013 04 20 22 15 15.127     197.5
135
 2013 04 20 00 19 31.719     2013 04 20 00 19 36.594       4.9
 2013 04 20 12 17 25.931     2013 04 20 12 17 29.772       3.8
136
 2013 04 20 22 15 31.343     2013 04 20 22 18 29.147     177.8
137
 2013 04 20 12 16 20.277     2013 04 20 12 19 10.959     170.7
138
 2013 04 20 12 24 26.517     2013 04 20 12 27 13.440     166.9
 2013 04 20 20 38   .214     2013 04 20 20 41 17.055     196.8
139
 2013 04 20 09 03 35.618     2013 04 20 09 06 11.607     156.0
 2013 04 20 20 50 20.423     2013 04 20 20 53 28.245     187.8
140
 2013 04 20 12 17 49.537     2013 04 20 12 20 55.411     185.9
 2013 04 20 22 17 47.183     2013 04 20 22 20 37.001     169.8
141
 2013 04 20 20 37 15.100     2013 04 20 20 39 54.481     159.4
142
 2013 04 20 22 22 37.564     2013 04 20 22 25  8.826     151.3
143
 2013 04 20 12 18 29.060     2013 04 20 12 21 27.611     178.6
 2013 04 20 22 19   .254     2013 04 20 22 21 46.115     165.9
144
 2013 04 20 20 37  7.421     2013 04 20 20 39 46.343     158.9
145
 2013 04 20 22 24 20.183     2013 04 20 22 24 48.786      28.6
146
 2013 04 20 22 22  6.457     2013 04 20 22 24 55.165     168.7
147
 2013 04 20 12 17  9.768     2013 04 20 12 20  8.325     178.6
 2013 04 20 22 19 30.286     2013 04 20 22 22 20.974     170.7
148
 2013 04 20 12 27  9.503     2013 04 20 12 27 11.129       1.6
 2013 04 20 20 37 27.180     2013 04 20 20 40   .560     153.4
149
 2013 04 20 12 18  9.059     2013 04 20 12 19 20.254      71.2
150
 2013 04 20 10 46 50.264     2013 04 20 10 49 28.568     158.3
151
 2013 04 20 12 27 19.059     2013 04 20 12 30 13.676     174.6
 2013 04 20 19 00 21.385     2013 04 20 19 03 11.135     169.8
152
 2013 04 20 10 44 59.843     2013 04 20 10 46 15.748      75.9
153
 2013 04 20 20 40 34.196     2013 04 20 20 43 13.392     159.2
154
 2013 04 20 00 21 59.782     2013 04 20 00 23 58.345     118.6
 2013 04 20 12 12 44.376     2013 04 20 12 15 18.966     154.6
155
 2013 04 20 12 17 22.948     2013 04 20 12 20  7.784     164.8
 2013 04 20 22 19 13.769     2013 04 20 22 22  4.918     171.1
156
 2013 04 20 14 00 24.172     2013 04 20 14 03 44.404     200.2
 2013 04 20 20 34 18.229     2013 04 20 20 37 10.074     171.8
157
 2013 04 20 00 17 20.066     2013 04 20 00 20  5.937     165.9
 2013 04 20 13 52  5.401     2013 04 20 13 55 47.155     221.8
158
 2013 04 20 10 46 33.613     2013 04 20 10 49 33.888     180.3
159
 2013 04 20 13 59 50.632     2013 04 20 14 03 30.010     219.4
 2013 04 20 20 33 49.282     2013 04 20 20 37  7.471     198.2
160
 2013 04 20 13 57 23.946     2013 04 20 14 01  6.572     222.6
 2013 04 20 22 14 40.489     2013 04 20 22 17 15.852     155.4
161
162
 2013 04 20 22 15 33.078     2013 04 20 22 19 11.662     218.6
163
 2013 04 20 22 20 40.066     2013 04 20 22 24  4.005     203.9
164
 2013 04 20 12 20 58.643     2013 04 20 12 24  4.956     186.3
165
 2013 04 20 00 20 34.500     2013 04 20 00 23 39.251     184.8
 2013 04 20 12 16  1.508     2013 04 20 12 16 31.636      30.1
166
 2013 04 20 20 48 34.603     2013 04 20 20 51  6.065     151.5
167
 2013 04 20 13 57 43.741     2013 04 20 14 00 20.119     156.4
 2013 04 20 22 13 40.959     2013 04 20 22 16 15.174     154.2
168
169
 2013 04 20 00 19 13.349     2013 04 20 00 19 22.074       8.7
170
 2013 04 20 22 16 16.975     2013 04 20 22 18 54.745     157.8
171
 2013 04 20 10 41 34.895     2013 04 20 10 41 36.213       1.3
 2013 04 20 20 46   .630     2013 04 20 20 48 55.515     174.9
172
 2013 04 20 22 20 54.820     2013 04 20 22 23 36.305     161.5
173
 2013 04 20 10 48 34.451     2013 04 20 10 51 24.608     170.2
 2013 04 20 19 04   .478     2013 04 20 19 06 41.983     161.5
174
 2013 04 20 10 37  4.967     2013 04 20 10 40 36.360     211.4
 2013 04 20 22 24  6.463     2013 04 20 22 26 38.866     152.4
175
 2013 04 20 10 39 50.979     2013 04 20 10 40 58.793      67.8
176
 2013 04 20 14 01 45.518     2013 04 20 14 04 48.202     182.7
 2013 04 20 20 34 40.474     2013 04 20 20 37 33.616     173.1
177
 2013 04 20 12 26 30.678     2013 04 20 12 26 31.480        .8
 2013 04 20 19 02 32.023     2013 04 20 19 05  6.395     154.4
178
 2013 04 20 14 02 24.570     2013 04 20 14 03 33.695      69.1
 2013 04 20 20 36 16.653     2013 04 20 20 36 37.644      21.0
179
 2013 04 20 15 37 43.116     2013 04 20 15 41  7.964     204.8
 2013 04 20 20 33 17.508     2013 04 20 20 36 26.595     189.1
180
181
182
 2013 04 20 12 19 48.225     2013 04 20 12 22 29.735     161.5
 2013 04 20 22 17  8.171     2013 04 20 22 20 39.233     211.1
183
 2013 04 20 12 25 40.194     2013 04 20 12 28 58.530     198.3
 2013 04 20 18 59 39.769     2013 04 20 19 02 51.169     191.4
184
 2013 04 20 12 25 31.785     2013 04 20 12 28 17.632     165.8
 2013 04 20 18 59 44.068     2013 04 20 19 00  2.532      18.5
185
 2013 04 20 12 19  7.626     2013 04 20 12 21 58.088     170.5
 2013 04 20 22 17 34.382     2013 04 20 22 20 20.335     166.0
186
 2013 04 20 14 02  9.928     2013 04 20 14 04 45.738     155.8
 2013 04 20 20 35 24.174     2013 04 20 20 38 22.399     178.2
187
 2013 04 20 10 38 25.334     2013 04 20 10 41 52.469     207.1
188
189
 2013 04 20 12 20 24.650     2013 04 20 12 23 16.127     171.5
190
 2013 04 20 22 20 14.170     2013 04 20 22 23 53.987     219.8
191
 2013 04 20 10 46 27.270     2013 04 20 10 50   .368     213.1
192
 2013 04 20 12 22 50.463     2013 04 20 12 26 25.495     215.0
 2013 04 20 20 40 10.825     2013 04 20 20 42 43.409     152.6
193
 2013 04 20 10 39 17.373     2013 04 20 10 41 50.679     153.3
194
 2013 04 20 12 16 14.354     2013 04 20 12 19  1.225     166.9
195
196
 2013 04 20 00 22 11.646     2013 04 20 00 25 42.121     210.5
 2013 04 20 12 12 34.458     2013 04 20 12 15  9.597     155.1
197
 2013 04 20 10 44 56.198     2013 04 20 10 48  2.978     186.8
 2013 04 20 20 43 37.612     2013 04 20 20 44   .277      22.7
198
 2013 04 20 00 19  5.889     2013 04 20 00 22 16.287     190.4
199
 2013 04 20 13 59 24.797     2013 04 20 14 02   .541     155.7
 2013 04 20 22 12 34.312     2013 04 20 22 12 51.941      17.6
200
 2013 04 20 12 26 20.205     2013 04 20 12 28 59.991     159.8
 2013 04 20 19 00 30.214     2013 04 20 19 03 23.541     173.3
201
 2013 04 20 12 28 48.526     2013 04 20 12 31 26.549     158.0
 2013 04 20 17 23 30.577     2013 04 20 17 26 37.672     187.1
202
 2013 04 20 22 16 42.704     2013 04 20 22 19 14.301     151.6
203
 2013 04 20 10 44  7.436     2013 04 20 10 47  1.487     174.1
 2013 04 20 20 43 22.440     2013 04 20 20 45 53.816     151.4
204
 2013 04 20 20 46 39.900     2013 04 20 20 49 40.416     180.5
205
 2013 04 20 12 14 44.010     2013 04 20 12 17 25.889     161.9
206
 2013 04 20 20 48  4.490     2013 04 20 20 50 40.427     155.9
207
208
 2013 04 20 12 20 13.027     2013 04 20 12 22 56.163     163.1
 2013 04 20 22 16 38.001     2013 04 20 22 16 46.156       8.2
209
 2013 04 20 14 03 20.308     2013 04 20 14 03 36.686      16.4
 2013 04 20 15 37 23.284     2013 04 20 15 38  7.994      44.7
 2013 04 20 20 33 28.016     2013 04 20 20 36 53.288     205.3
210
 2013 04 20 22 23 30.602     2013 04 20 22 26  9.783     159.2
211
 2013 04 20 12 28 45.329     2013 04 20 12 31 23.044     157.7
 2013 04 20 17 23 13.633     2013 04 20 17 26 12.314     178.7
212
213
 2013 04 20 10 48 13.125     2013 04 20 10 50 58.048     164.9
 2013 04 20 19 04 57.816     2013 04 20 19 07 49.962     172.1
214
 2013 04 20 12 25 59.540     2013 04 20 12 28 35.277     155.7
 2013 04 20 19 00 32.052     2013 04 20 19 03 57.228     205.2
215
 2013 04 20 15 35 27.660     2013 04 20 15 39  5.610     218.0
 2013 04 20 22 11  5.015     2013 04 20 22 13 39.291     154.3
216
 2013 04 20 12 27 15.836     2013 04 20 12 30  4.296     168.5
 2013 04 20 19 00 30.156     2013 04 20 19 03 13.951     163.8
217
 2013 04 20 20 40 44.314     2013 04 20 20 43 58.198     193.9
218
 2013 04 20 10 44  9.391     2013 04 20 10 46 46.657     157.3
 2013 04 20 20 43 46.221     2013 04 20 20 46 18.013     151.8
219
 2013 04 20 00 19 19.046     2013 04 20 00 22 30.937     191.9
220
 2013 04 20 14 03 36.665     2013 04 20 14 06 43.981     187.3
 2013 04 20 18 58 53.638     2013 04 20 19 01 43.452     169.8
221
 2013 04 20 10 43 28.644     2013 04 20 10 43 39.672      11.0
 2013 04 20 20 45  4.504     2013 04 20 20 48 16.165     191.7
222
 2013 04 20 12 29 17.836     2013 04 20 12 32 26.338     188.5
 2013 04 20 17 24 34.375     2013 04 20 17 27 17.350     163.0
223
 2013 04 20 12 26 52.286     2013 04 20 12 29 54.499     182.2
 2013 04 20 19 00 18.275     2013 04 20 19 02 54.243     156.0
224
 2013 04 20 12 27  7.339     2013 04 20 12 29 55.053     167.7
 2013 04 20 19 00 32.643     2013 04 20 19 03 10.905     158.3
225
 2013 04 20 10 39 22.021     2013 04 20 10 41 55.753     153.7
226
 2013 04 20 12 24 20.846     2013 04 20 12 27 23.744     182.9
 2013 04 20 20 39  1.126     2013 04 20 20 42 40.176     219.1
227
228
 2013 04 20 20 37 11.872     2013 04 20 20 40  1.404     169.5
229
 2013 04 20 12 18 58.131     2013 04 20 12 21 33.844     155.7
 2013 04 20 22 18 22.273     2013 04 20 22 21 11.046     168.8
230
 2013 04 20 12 19 41.468     2013 04 20 12 22 15.665     154.2
 2013 04 20 22 17 35.607     2013 04 20 22 21  8.209     212.6
231
232
 2013 04 20 13 57  1.886     2013 04 20 14 00 18.835     196.9
 2013 04 20 22 12 26.934     2013 04 20 22 15 25.928     179.0
233
234
235
 2013 04 20 22 18 54.000     2013 04 20 22 19  8.606      14.6
236
 2013 04 20 12 23 25.704     2013 04 20 12 26  1.731     156.0
 2013 04 20 20 39 10.613     2013 04 20 20 41 43.297     152.7
237
 2013 04 20 22 19 53.856     2013 04 20 22 22 47.557     173.7
238
239
 2013 04 20 12 23 32.436     2013 04 20 12 26 19.872     167.4
 2013 04 20 20 39 27.211     2013 04 20 20 42  3.158     155.9
240
 2013 04 20 20 46 30.709     2013 04 20 20 49 15.885     165.2
241
 2013 04 20 10 40 13.237     2013 04 20 10 42 51.063     157.8
242
 2013 04 20 10 38 31.309     2013 04 20 10 41  7.267     156.0
 2013 04 20 22 24 18.036     2013 04 20 22 26 26.528     128.5
243
 2013 04 20 20 47 58.246     2013 04 20 20 50 33.147     154.9
244
 2013 04 20 14 02 19.216     2013 04 20 14 02 43.516      24.3
 2013 04 20 22 11 16.914     2013 04 20 22 14 51.409     214.5
245
246
 2013 04 20 10 54 14.248     2013 04 20 10 54 24.635      10.4
 2013 04 20 12 28  7.274     2013 04 20 12 28 21.592      14.3
 2013 04 20 17 24 15.612     2013 04 20 17 25  7.475      51.9
247
 2013 04 20 12 23 48.516     2013 04 20 12 24 15.215      26.7
 2013 04 20 20 37 18.147     2013 04 20 20 40 18.088     179.9
248
 2013 04 20 12 25  9.837     2013 04 20 12 25 24.154      14.3
249
 2013 04 20 10 47 37.515     2013 04 20 10 50 48.221     190.7
 2013 04 20 19 05 16.443     2013 04 20 19 08 29.179     192.7
250
 2013 04 20 12 24 56.371     2013 04 20 12 27 32.359     156.0
 2013 04 20 20 37 55.952     2013 04 20 20 38 28.861      32.9
251
 2013 04 20 22 22 55.772     2013 04 20 22 25 26.173     150.4
252
253
 2013 04 20 22 25  7.592     2013 04 20 22 26  2.288      54.7
254
 2013 04 20 12 24  5.189     2013 04 20 12 24 19.500      14.3
255
 2013 04 20 12 19 38.397     2013 04 20 12 22 36.414     178.0
256
 2013 04 20 00 20 45.560     2013 04 20 00 24  9.311     203.8
 2013 04 20 12 12 49.456     2013 04 20 12 16 15.279     205.8
257
 2013 04 20 12 16 23.858     2013 04 20 12 18 58.659     154.8
258
 2013 04 20 10 43 11.178     2013 04 20 10 45 45.170     154.0
 2013 04 20 20 44 19.668     2013 04 20 20 47 10.926     171.3
259
 2013 04 20 22 16 45.436     2013 04 20 22 19 17.389     152.0
260
 2013 04 20 22 20 28.819     2013 04 20 22 21 21.759      52.9
261
 2013 04 20 00 15 43.785     2013 04 20 00 19 25.119     221.3
 2013 04 20 13 53 41.123     2013 04 20 13 56 28.856     167.7
262
 2013 04 20 13 56 25.469     2013 04 20 13 59 20.814     175.3
 2013 04 20 22 15 58.055     2013 04 20 22 16 23.656      25.6
263
264
 2013 04 20 13 59 37.846     2013 04 20 14 00 15.223      37.4
 2013 04 20 20 36  5.421     2013 04 20 20 36 45.745      40.3
265
 2013 04 20 12 27  2.175     2013 04 20 12 29 50.219     168.0
 2013 04 20 19 01 30.489     2013 04 20 19 04  4.582     154.1
266
 2013 04 20 12 15  3.695     2013 04 20 12 17 59.025     175.3
267
 2013 04 20 10 47 37.127     2013 04 20 10 48 31.428      54.3
 2013 04 20 19 03  1.468     2013 04 20 19 06 20.798     199.3
268
 2013 04 20 22 21  3.528     2013 04 20 22 24  6.437     182.9
269
 2013 04 20 22 20 37.977     2013 04 20 22 23 30.027     172.1
270
271
 2013 04 20 12 23 34.402     2013 04 20 12 27 19.854     225.5
 2013 04 20 20 37 34.366     2013 04 20 20 40 18.153     163.8
272
 2013 04 20 22 15  6.150     2013 04 20 22 18 36.729     210.6
273
 2013 04 20 12 17 23.190     2013 04 20 12 20 12.291     169.1
 2013 04 20 22 18  1.339     2013 04 20 22 21 20.600     199.3
274
275
 2013 04 20 20 46  4.390     2013 04 20 20 46 17.984      13.6
276
 2013 04 20 13 53 30.590     2013 04 20 13 54 36.202      65.6
277
 2013 04 20 10 40 42.156     2013 04 20 10 43 55.785     193.6
278
 2013 04 20 12 15 37.844     2013 04 20 12 18 14.510     156.7
279
 2013 04 20 14 01 20.021     2013 04 20 14 04  9.455     169.4
 2013 04 20 20 34 58.588     2013 04 20 20 37 32.887     154.3
280
 2013 04 20 15 37   .348     2013 04 20 15 39 39.651     159.3
 2013 04 20 20 31 23.369     2013 04 20 20 35 10.570     227.2
 2013 04 20 22 09 20.946     2013 04 20 22 12 54.376     213.4
281
 2013 04 20 22 11 22.968     2013 04 20 22 14  8.877     165.9
282
 2013 04 20 15 36 43.207     2013 04 20 15 36 56.510      13.3
 2013 04 20 22 10 54.553     2013 04 20 22 11 42.446      47.9
283
 2013 04 20 13 55 46.177     2013 04 20 13 59 34.706     228.5
 2013 04 20 22 14 26.127     2013 04 20 22 15  2.858      36.7
284
 2013 04 20 13 57 13.990     2013 04 20 14 00 23.082     189.1
 2013 04 20 22 14 21.847     2013 04 20 22 16 58.088     156.2
285
 2013 04 20 10 38 45.005     2013 04 20 10 42  1.668     196.7
 2013 04 20 22 23  1.497     2013 04 20 22 26 30.942     209.4
286
 2013 04 20 15 37 10.857     2013 04 20 15 39 51.244     160.4
 2013 04 20 20 31 52.619     2013 04 20 20 32 26.650      34.0
 2013 04 20 22 09 49.213     2013 04 20 22 13 33.349     224.1
287
 2013 04 20 12 17 30.591     2013 04 20 12 20 38.179     187.6
 2013 04 20 22 17 43.648     2013 04 20 22 20 52.411     188.8
288
 2013 04 20 00 20 10.383     2013 04 20 00 20 55.866      45.5
 2013 04 20 12 13 11.563     2013 04 20 12 16 48.191     216.6
289
 2013 04 20 10 38 35.254     2013 04 20 10 41 11.325     156.1
 2013 04 20 22 23 58.451     2013 04 20 22 27 23.214     204.8
290
 2013 04 20 19 02 36.596     2013 04 20 19 05 37.473     180.9
291
 2013 04 20 12 23 21.712     2013 04 20 12 26 52.307     210.6
 2013 04 20 20 37 52.187     2013 04 20 20 40 26.526     154.3
292
 2013 04 20 20 46 18.373     2013 04 20 20 48 58.340     160.0
293
 2013 04 20 13 59  9.508     2013 04 20 14 02  1.649     172.1
 2013 04 20 22 12  7.179     2013 04 20 22 15 48.007     220.8
294
 2013 04 20 20 46 25.572     2013 04 20 20 47   .145      34.6
295
296
 2013 04 20 10 45 58.725     2013 04 20 10 48 33.147     154.4
297
 2013 04 20 00 20 31.774     2013 04 20 00 23 36.725     185.0
 2013 04 20 12 16 15.342     2013 04 20 12 16 34.874      19.5
298
 2013 04 20 14 01  4.884     2013 04 20 14 03 41.235     156.4
 2013 04 20 20 35 28.625     2013 04 20 20 38 11.563     162.9
299
 2013 04 20 10 42 48.864     2013 04 20 10 45 22.846     154.0
 2013 04 20 20 44  4.645     2013 04 20 20 47 25.320     200.7
300
 2013 04 20 13 59 43.833     2013 04 20 14 02 42.619     178.8
 2013 04 20 20 37 51.913     2013 04 20 20 37 58.649       6.7
301
 2013 04 20 14 00 59.605     2013 04 20 14 04 30.478     210.9
 2013 04 20 20 36 31.729     2013 04 20 20 39  6.791     155.1
302
 2013 04 20 14 00 14.953     2013 04 20 14 02 52.246     157.3
 2013 04 20 20 34 55.356     2013 04 20 20 38 40.285     224.9
303
304
305
 2013 04 20 14 03  1.724     2013 04 20 14 03 31.840      30.1
 2013 04 20 15 37 18.593     2013 04 20 15 37 40.392      21.8
 2013 04 20 20 33 27.526     2013 04 20 20 36 57.542     210.0
306
 2013 04 20 12 25  2.654     2013 04 20 12 25 35.732      33.1
 2013 04 20 19 05  4.802     2013 04 20 19 05 33.245      28.4
307
 2013 04 20 20 45 47.546     2013 04 20 20 48 47.498     180.0
308
 2013 04 20 13 58  9.592     2013 04 20 14 01 12.831     183.2
 2013 04 20 22 14   .816     2013 04 20 22 16 50.513     169.7
309
 2013 04 20 10 47 17.921     2013 04 20 10 47 34.951      17.0
 2013 04 20 19 06  1.733     2013 04 20 19 08 54.874     173.1
310
 2013 04 20 00 19 24.928     2013 04 20 00 21 56.665     151.7
311
 2013 04 20 12 14  8.551     2013 04 20 12 17 52.789     224.2
312
 2013 04 20 12 22 55.898     2013 04 20 12 23 51.005      55.1
 2013 04 20 20 40 18.133     2013 04 20 20 42 58.731     160.6
313
 2013 04 20 10 39 10.203     2013 04 20 10 42 54.249     224.0
314
 2013 04 20 22 16 22.168     2013 04 20 22 18 54.150     152.0
315
 2013 04 20 13 54  9.610     2013 04 20 13 57 14.657     185.0
316
 2013 04 20 12 28 39.000     2013 04 20 12 29  5.760      26.8
 2013 04 20 14 02 52.689     2013 04 20 14 03 21.186      28.5
 2013 04 20 18 59   .455     2013 04 20 19 02 28.177     207.7
317
 2013 04 20 12 23 29.693     2013 04 20 12 26  6.265     156.6
 2013 04 20 20 38 51.009     2013 04 20 20 41 23.804     152.8
318
 2013 04 20 12 29 29.459     2013 04 20 12 32 20.287     170.8
 2013 04 20 17 24 24.104     2013 04 20 17 27  1.651     157.5
319
 2013 04 20 10 38 53.677     2013 04 20 10 39 26.764      33.1
320
 2013 04 20 12 27 21.879     2013 04 20 12 30 41.007     199.1
 2013 04 20 19 01 53.000     2013 04 20 19 04 45.382     172.4
321
 2013 04 20 15 36  4.180     2013 04 20 15 39  6.171     182.0
 2013 04 20 22 10 40.130     2013 04 20 22 13 17.517     157.4
322
 2013 04 20 22 22 57.738     2013 04 20 22 26 12.914     195.2
323
 2013 04 20 10 38 27.032     2013 04 20 10 41  8.392     161.4
 2013 04 20 22 23 58.956     2013 04 20 22 27 10.505     191.5
324
 2013 04 20 13 55  7.565     2013 04 20 13 55 19.068      11.5
325
 2013 04 20 22 16 17.804     2013 04 20 22 18 53.407     155.6
326
 2013 04 20 12 24 40.242     2013 04 20 12 27 37.822     177.6
 2013 04 20 20 38 40.712     2013 04 20 20 38 55.827      15.1
327
 2013 04 20 10 38 50.126     2013 04 20 10 41 26.678     156.6
 2013 04 20 22 23 56.126     2013 04 20 22 23 56.832        .7
328
 2013 04 20 13 57 11.776     2013 04 20 13 59 57.921     166.1
 2013 04 20 22 12 55.692     2013 04 20 22 15 55.088     179.4
329
 2013 04 20 12 19 36.811     2013 04 20 12 22 49.822     193.0
 2013 04 20 22 16 43.070     2013 04 20 22 20  1.258     198.2
330
 2013 04 20 12 18 21.114     2013 04 20 12 21 55.967     214.9
 2013 04 20 22 17 17.883     2013 04 20 22 19 49.472     151.6
331
 2013 04 20 13 58 33.776     2013 04 20 14 01 18.454     164.7
 2013 04 20 22 13 33.053     2013 04 20 22 16 34.679     181.6
332
 2013 04 20 12 21 32.791     2013 04 20 12 24 11.523     158.7
333
 2013 04 20 00 16 38.119     2013 04 20 00 19 45.191     187.1
 2013 04 20 13 52 50.813     2013 04 20 13 56  3.908     193.1
334
335
 2013 04 20 10 44 24.921     2013 04 20 10 47 12.231     167.3
 2013 04 20 20 44  8.300     2013 04 20 20 47  5.727     177.4
336
 2013 04 20 20 47 22.406     2013 04 20 20 49 52.665     150.3
337
 2013 04 20 12 18  8.997     2013 04 20 12 21 23.129     194.1
 2013 04 20 22 17 38.456     2013 04 20 22 20 14.459     156.0
338
 2013 04 20 19 02 39.223     2013 04 20 19 05 16.650     157.4
339
 2013 04 20 20 47  3.659     2013 04 20 20 49 34.389     150.7
340
 2013 04 20 22 15 40.786     2013 04 20 22 18 55.734     194.9
341
 2013 04 20 14 01  2.791     2013 04 20 14 03 42.424     159.6
 2013 04 20 20 35 37.058     2013 04 20 20 38 21.143     164.1
342
 2013 04 20 12 27 37.528     2013 04 20 12 30 17.024     159.5
 2013 04 20 19 01 11.875     2013 04 20 19 04  5.435     173.6
343
 2013 04 20 13 58  8.620     2013 04 20 14 00 43.670     155.0
 2013 04 20 22 13 28.769     2013 04 20 22 16  3.737     155.0
344
 2013 04 20 00 21  5.745     2013 04 20 00 23 36.708     151.0
345
 2013 04 20 13 55 37.739     2013 04 20 13 58 22.754     165.0
346
 2013 04 20 10 46 31.147     2013 04 20 10 49  5.848     154.7
347
 2013 04 20 14 03 22.536     2013 04 20 14 06 17.180     174.6
 2013 04 20 18 58 27.287     2013 04 20 19 01 31.607     184.3
348
 2013 04 20 10 39  9.826     2013 04 20 10 41 43.709     153.9
349
350
 2013 04 20 12 12 58.974     2013 04 20 12 16 22.753     203.8
351
 2013 04 20 12 17 42.085     2013 04 20 12 21  6.534     204.4
 2013 04 20 22 17 31.136     2013 04 20 22 20 25.091     174.0
352
 2013 04 20 12 24 55.350     2013 04 20 12 27 36.667     161.3
353
 2013 04 20 00 21 12.913     2013 04 20 00 24 29.521     196.6
 2013 04 20 12 12 44.305     2013 04 20 12 15 47.560     183.3
354
 2013 04 20 20 47 24.972     2013 04 20 20 49 56.695     151.7
355
 2013 04 20 12 19 30.724     2013 04 20 12 22 32.530     181.8
 2013 04 20 22 17 58.202     2013 04 20 22 18 10.947      12.7
356
 2013 04 20 10 46 40.357     2013 04 20 10 50 13.503     213.1
357
358
 2013 04 20 12 23 13.268     2013 04 20 12 26 55.203     221.9
 2013 04 20 20 40  3.755     2013 04 20 20 42 49.823     166.1
359
 2013 04 20 10 44 10.956     2013 04 20 10 46 51.938     161.0
 2013 04 20 20 43 38.318     2013 04 20 20 46 10.201     151.9
360
 2013 04 20 15 35 36.831     2013 04 20 15 39  7.174     210.3
 2013 04 20 22 11  1.144     2013 04 20 22 13 34.810     153.7
361
 2013 04 20 12 15  5.835     2013 04 20 12 17 43.352     157.5
362
 2013 04 20 12 27 17.511     2013 04 20 12 30 21.949     184.4
 2013 04 20 14 04 41.175     2013 04 20 14 04 47.111       5.9
 2013 04 20 19 00 10.711     2013 04 20 19 03  4.886     174.2
363
 2013 04 20 13 59 58.970     2013 04 20 14 02 36.823     157.9
 2013 04 20 20 38 13.529     2013 04 20 20 38 25.639      12.1
364
 2013 04 20 12 13 33.175     2013 04 20 12 16 34.940     181.8
365
 2013 04 20 13 55 21.188     2013 04 20 13 56 32.511      71.3
366
 2013 04 20 13 56 45.533     2013 04 20 13 59 54.327     188.8
 2013 04 20 22 12 24.502     2013 04 20 22 15 47.978     203.5
367
368
 2013 04 20 10 38 29.446     2013 04 20 10 41 29.847     180.4
369
 2013 04 20 14 01 34.583     2013 04 20 14 04 10.588     156.0
 2013 04 20 20 35 24.802     2013 04 20 20 37 59.566     154.8
370
 2013 04 20 10 40 29.042     2013 04 20 10 43  2.543     153.5
371
 2013 04 20 13 55 46.645     2013 04 20 13 59 22.734     216.1
372
373
 2013 04 20 14 00 51.801     2013 04 20 14 03 36.751     165.0
 2013 04 20 20 34 53.971     2013 04 20 20 37 40.643     166.7
374
375
 2013 04 20 10 45 37.974     2013 04 20 10 46 27.005      49.0
376
 2013 04 20 10 40 38.129     2013 04 20 10 43 28.327     170.2
377
 2013 04 20 09 03 48.596     2013 04 20 09 06 29.625     161.0
 2013 04 20 20 49 42.174     2013 04 20 20 52 42.902     180.7
378
 2013 04 20 10 45 28.562     2013 04 20 10 48  2.749     154.2
 2013 04 20 20 42 50.760     2013 04 20 20 43 41.888      51.1
379
 2013 04 20 13 57 41.004     2013 04 20 14 01 29.638     228.6
 2013 04 20 22 14 33.547     2013 04 20 22 17 23.025     169.5
380
 2013 04 20 10 47 49.106     2013 04 20 10 51 33.678     224.6
 2013 04 20 19 05 50.620     2013 04 20 19 08 30.349     159.7
381
382
 2013 04 20 12 23  9.603     2013 04 20 12 26 13.855     184.3
 2013 04 20 20 38 15.603     2013 04 20 20 40 50.967     155.4
383
384
 2013 04 20 12 28 29.919     2013 04 20 12 32  7.741     217.8
 2013 04 20 17 24 14.853     2013 04 20 17 27 42.961     208.1
385
386
 2013 04 20 20 46 33.012     2013 04 20 20 49  4.063     151.1
387
 2013 04 20 09 07 20.742     2013 04 20 09 08 20.006      59.3
 2013 04 20 20 47 49.665     2013 04 20 20 49 31.734     102.1
388
 2013 04 20 22 14 57.594     2013 04 20 22 16 34.094      96.5
389
 2013 04 20 14 03 11.863     2013 04 20 14 05 48.720     156.9
 2013 04 20 18 57 50.854     2013 04 20 19 01  1.832     191.0
390
 2013 04 20 20 48 20.995     2013 04 20 20 51 14.077     173.1
391
 2013 04 20 10 48 13.210     2013 04 20 10 51  4.814     171.6
 2013 04 20 19 05  7.271     2013 04 20 19 07 54.814     167.5
392
 2013 04 20 10 38 44.799     2013 04 20 10 41 21.591     156.8
 2013 04 20 22 24  2.665     2013 04 20 22 24 21.473      18.8
393
 2013 04 20 12 26 43.991     2013 04 20 12 29 25.299     161.3
 2013 04 20 19 00 39.269     2013 04 20 19 03 15.373     156.1
394
 2013 04 20 12 17 51.118     2013 04 20 12 20 26.936     155.8
 2013 04 20 22 18 28.779     2013 04 20 22 21 15.626     166.8
395
 2013 04 20 10 46  1.287     2013 04 20 10 49 23.700     202.4
396
 2013 04 20 14 01 29.076     2013 04 20 14 04 30.968     181.9
 2013 04 20 20 34 45.613     2013 04 20 20 37 25.444     159.8
397
398
 2013 04 20 00 19 14.865     2013 04 20 00 22 11.417     176.6
399
400
 2013 04 20 12 16 23.741     2013 04 20 12 19  7.117     163.4
 2013 04 20 22 23  2.698     2013 04 20 22 23  6.317       3.6
401
 2013 04 20 13 57 46.432     2013 04 20 14 01 35.435     229.0
 2013 04 20 22 12  6.672     2013 04 20 22 14 42.318     155.6
402
 2013 04 20 13 58 36.194     2013 04 20 13 59 26.296      50.1
 2013 04 20 22 11 32.278     2013 04 20 22 14 55.963     203.7
403
 2013 04 20 13 57  9.715     2013 04 20 14 00 11.559     181.8
 2013 04 20 22 12 40.204     2013 04 20 22 15 36.534     176.3
404
405
 2013 04 20 10 42 25.592     2013 04 20 10 46  9.849     224.3
 2013 04 20 20 45 38.639     2013 04 20 20 48 14.097     155.5
406
 2013 04 20 22 20 50.571     2013 04 20 22 23 54.066     183.5
407
 2013 04 20 12 20 40.894     2013 04 20 12 24 25.592     224.7
408
 2013 04 20 10 41  7.869     2013 04 20 10 44 41.602     213.7
409
 2013 04 20 09 03 53.340     2013 04 20 09 06 38.654     165.3
 2013 04 20 20 49 31.744     2013 04 20 20 52 35.883     184.1
410
 2013 04 20 14 02 44.556     2013 04 20 14 05 52.976     188.4
 2013 04 20 18 57 58.968     2013 04 20 18 58 33.884      34.9
 2013 04 20 20 35 44.225     2013 04 20 20 36  4.326      20.1
411
412
 2013 04 20 10 38 10.473     2013 04 20 10 41 48.033     217.6
413
 2013 04 20 10 42 40.053     2013 04 20 10 45 47.823     187.8
 2013 04 20 20 43 10.157     2013 04 20 20 46 47.781     217.6
414
 2013 04 20 10 43   .415     2013 04 20 10 46  1.303     180.9
 2013 04 20 20 45  3.430     2013 04 20 20 47 39.689     156.3
415
 2013 04 20 13 55 46.044     2013 04 20 13 58 35.866     169.8
416
417
 2013 04 20 10 48 17.367     2013 04 20 10 51 48.416     211.0
 2013 04 20 19 03 25.760     2013 04 20 19 06  9.275     163.5
418
 2013 04 20 10 49  1.777     2013 04 20 10 51 47.902     166.1
 2013 04 20 19 04 59.073     2013 04 20 19 07 33.578     154.5
419
 2013 04 20 13 55 23.172     2013 04 20 13 58 47.066     203.9
420
 2013 04 20 12 18 17.787     2013 04 20 12 21 22.442     184.7
 2013 04 20 22 19 10.745     2013 04 20 22 21 52.336     161.6
421
 2013 04 20 20 49 56.362     2013 04 20 20 50 10.344      14.0
422
423
 2013 04 20 22 22 26.747     2013 04 20 22 25 40.616     193.9
424
 2013 04 20 00 14 54.704     2013 04 20 00 15 30.630      35.9
 2013 04 20 13 54 13.907     2013 04 20 13 56 48.007     154.1
425
 2013 04 20 10 43  7.642     2013 04 20 10 44 54.427     106.8
 2013 04 20 20 45 22.100     2013 04 20 20 47 59.986     157.9
426
 2013 04 20 19 09 54.767     2013 04 20 19 10 24.674      29.9
427
 2013 04 20 10 53 41.284     2013 04 20 10 54 22.949      41.7
 2013 04 20 17 24 22.611     2013 04 20 17 28 11.166     228.6
428
 2013 04 20 14 04  2.205     2013 04 20 14 07 20.753     198.5
 2013 04 20 18 59 22.436     2013 04 20 19 01 57.843     155.4
429
 2013 04 20 20 47  8.768     2013 04 20 20 50 48.148     219.4
430
 2013 04 20 00 20 52.985     2013 04 20 00 23 28.186     155.2
431
432
 2013 04 20 12 16 45.021     2013 04 20 12 19 42.396     177.4
433
 2013 04 20 10 42 27.272     2013 04 20 10 45 36.419     189.1
 2013 04 20 20 45 12.268     2013 04 20 20 48  7.673     175.4
434
 2013 04 20 20 48 46.808     2013 04 20 20 51 19.755     152.9
435
 2013 04 20 12 26 19.697     2013 04 20 12 29  6.910     167.2
 2013 04 20 19 01 13.392     2013 04 20 19 04  9.108     175.7
436
 2013 04 20 12 20 26.031     2013 04 20 12 23  2.365     156.3
437
 2013 04 20 10 42 12.310     2013 04 20 10 42 39.510      27.2
 2013 04 20 20 46 31.906     2013 04 20 20 46 38.739       6.8
438
439
440
 2013 04 20 20 45  6.746     2013 04 20 20 45 13.551       6.8
441
 2013 04 20 22 21 40.281     2013 04 20 22 24 17.356     157.1
442
 2013 04 20 13 56 42.920     2013 04 20 14 00  7.259     204.3
 2013 04 20 22 14 29.597     2013 04 20 22 17 21.350     171.8
443
 2013 04 20 14 02  6.078     2013 04 20 14 03 11.435      65.4
 2013 04 20 20 36 29.166     2013 04 20 20 40  2.650     213.5
444
 2013 04 20 20 40 46.292     2013 04 20 20 42  8.742      82.5
445
 2013 04 20 22 15 50.611     2013 04 20 22 18 29.376     158.8
446
 2013 04 20 13 54 15.298     2013 04 20 13 57 30.077     194.8
447
 2013 04 20 13 56 53.296     2013 04 20 13 57 19.317      26.0
 2013 04 20 22 14 59.339     2013 04 20 22 17 31.553     152.2
448
 2013 04 20 15 36 53.010     2013 04 20 15 39 32.305     159.3
 2013 04 20 22 09 58.082     2013 04 20 22 13 15.128     197.0
449
 2013 04 20 22 22 15.959     2013 04 20 22 24 50.441     154.5
450
 2013 04 20 20 47 31.244     2013 04 20 20 50  1.838     150.6
451
 2013 04 20 10 45 59.472     2013 04 20 10 49 27.871     208.4
452
 2013 04 20 15 37 34.163     2013 04 20 15 41 20.269     226.1
 2013 04 20 20 33 27.221     2013 04 20 20 36 42.359     195.1
453
 2013 04 20 12 21  2.822     2013 04 20 12 24 46.937     224.1
454
 2013 04 20 10 47 54.498     2013 04 20 10 50 32.243     157.7
 2013 04 20 19 04  2.851     2013 04 20 19 07 32.357     209.5
455
 2013 04 20 20 41 31.292     2013 04 20 20 44 43.816     192.5
456
457
 2013 04 20 22 15 11.251     2013 04 20 22 17 44.320     153.1
458
 2013 04 20 14 01 33.837     2013 04 20 14 02  6.442      32.6
 2013 04 20 22 11 46.609     2013 04 20 22 14 37.043     170.4
459
 2013 04 20 12 23 11.986     2013 04 20 12 26 16.592     184.6
 2013 04 20 20 38 15.268     2013 04 20 20 40 49.807     154.5
460
 2013 04 20 10 47 47.325     2013 04 20 10 50 40.796     173.5
 2013 04 20 19 05   .109     2013 04 20 19 08 15.142     195.0
461
 2013 04 20 20 46 15.727     2013 04 20 20 49 31.685     196.0
462
 2013 04 20 12 27 10.516     2013 04 20 12 30 48.701     218.2
 2013 04 20 19 02  7.059     2013 04 20 19 04 56.091     169.0
463
 2013 04 20 20 47  6.287     2013 04 20 20 47 50.635      44.3
464
 2013 04 20 12 16 42.963     2013 04 20 12 19 25.898     162.9
465
 2013 04 20 13 55 31.227     2013 04 20 13 58 58.063     206.8
466
 2013 04 20 10 39  7.358     2013 04 20 10 42 24.011     196.7
467
 2013 04 20 09 03 48.736     2013 04 20 09 07 30.201     221.5
 2013 04 20 20 48 40.606     2013 04 20 20 51 40.930     180.3
468
 2013 04 20 12 23 58.875     2013 04 20 12 27 16.537     197.7
 2013 04 20 20 39 24.354     2013 04 20 20 42 45.110     200.8
469
 2013 04 20 12 26 13.320     2013 04 20 12 29 55.299     222.0
 2013 04 20 14 03 59.288     2013 04 20 14 07 51.422     232.1
 2013 04 20 18 59 48.117     2013 04 20 19 02 22.863     154.7
470
 2013 04 20 13 59 54.025     2013 04 20 14 02 42.460     168.4
471
 2013 04 20 10 42 22.007     2013 04 20 10 45 13.580     171.6
 2013 04 20 20 47 17.103     2013 04 20 20 47 26.403       9.3
472
 2013 04 20 20 47 37.969     2013 04 20 20 50 20.669     162.7
473
 2013 04 20 09 05 14.454     2013 04 20 09 08 44.314     209.9
474
 2013 04 20 20 46 18.717     2013 04 20 20 49 55.703     217.0
475
 2013 04 20 10 48 25.212     2013 04 20 10 51 25.825     180.6
 2013 04 20 19 05 18.800     2013 04 20 19 07 54.382     155.6
476
 2013 04 20 22 11 12.079     2013 04 20 22 14 36.595     204.5
477
 2013 04 20 12 24 46.564     2013 04 20 12 27 34.647     168.1
 2013 04 20 20 38 30.691     2013 04 20 20 38 47.025      16.3
478
479
 2013 04 20 12 26 13.387     2013 04 20 12 28 48.897     155.5
 2013 04 20 19 00 39.366     2013 04 20 19 03 45.153     185.8
480
 2013 04 20 12 29 14.132     2013 04 20 12 32 18.279     184.1
 2013 04 20 17 24 27.183     2013 04 20 17 27 12.976     165.8
481
 2013 04 20 14 00 43.332     2013 04 20 14 03 27.366     164.0
 2013 04 20 20 34 49.800     2013 04 20 20 37 45.030     175.2
482
 2013 04 20 00 17  3.686     2013 04 20 00 20 37.697     214.0
483
 2013 04 20 00 22 10.096     2013 04 20 00 25  2.729     172.6
 2013 04 20 12 12 16.453     2013 04 20 12 14 55.027     158.6
484
 2013 04 20 20 40 38.945     2013 04 20 20 44  5.639     206.7
485
 2013 04 20 00 20 36.011     2013 04 20 00 23 27.417     171.4
486
 2013 04 20 12 28 38.462     2013 04 20 12 31 51.371     192.9
 2013 04 20 17 24  1.098     2013 04 20 17 27 23.179     202.1
487
 2013 04 20 14 01 33.321     2013 04 20 14 04 25.189     171.9
 2013 04 20 20 36  2.847     2013 04 20 20 38 37.819     155.0
488
 2013 04 20 13 54 21.268     2013 04 20 13 57 22.906     181.6
489
 2013 04 20 12 18 18.150     2013 04 20 12 21 52.075     213.9
 2013 04 20 22 19 13.853     2013 04 20 22 22 17.513     183.7
490
 2013 04 20 10 48 55.825     2013 04 20 10 51 32.171     156.3
 2013 04 20 19 04 44.295     2013 04 20 19 07 17.021     152.7
491
 2013 04 20 22 19  4.795     2013 04 20 22 19 52.095      47.3
492
 2013 04 20 10 49  9.892     2013 04 20 10 52 13.273     183.4
 2013 04 20 19 03 43.062     2013 04 20 19 06 19.359     156.3
493
 2013 04 20 12 18 40.697     2013 04 20 12 18 52.581      11.9
494
 2013 04 20 12 20 29.867     2013 04 20 12 23 54.394     204.5
495
 2013 04 20 10 45 24.447     2013 04 20 10 48 17.486     173.0
496
 2013 04 20 12 23 12.986     2013 04 20 12 25 58.037     165.1
 2013 04 20 20 39 29.448     2013 04 20 20 42  2.495     153.0
497
 2013 04 20 14 01 17.020     2013 04 20 14 04 44.493     207.5
 2013 04 20 15 38 57.062     2013 04 20 15 42 48.234     231.2
 2013 04 20 20 34 25.365     2013 04 20 20 37  7.364     162.0
498
 2013 04 20 10 44 25.290     2013 04 20 10 47 17.709     172.4
 2013 04 20 20 44  9.581     2013 04 20 20 47 12.693     183.1
499
 2013 04 20 12 19 59.290     2013 04 20 12 22 54.535     175.2
 2013 04 20 22 16 38.275     2013 04 20 22 18 19.211     100.9
500
 2013 04 20 15 36 29.314     2013 04 20 15 39 49.876     200.6
 2013 04 20 22 10 44.714     2013 04 20 22 13 50.625     185.9
501
 2013 04 20 12 16 18.977     2013 04 20 12 19 18.454     179.5
502
 2013 04 20 22 15  6.706     2013 04 20 22 18 41.293     214.6
503
 2013 04 20 22 21 55.917     2013 04 20 22 25 13.552     197.6
504
 2013 04 20 00 21  3.380     2013 04 20 00 23 48.506     165.1
 2013 04 20 12 14 44.835     2013 04 20 12 15 59.946      75.1
505
 2013 04 20 12 23 15.719     2013 04 20 12 26 55.092     219.4
 2013 04 20 20 37 47.022     2013 04 20 20 40 20.814     153.8
506
507
 2013 04 20 22 15 22.848     2013 04 20 22 17 54.938     152.1
508
 2013 04 20 13 57  5.841     2013 04 20 14 00  8.993     183.2
 2013 04 20 22 12 37.776     2013 04 20 22 15 37.842     180.1
509
 2013 04 20 22 21 30.124     2013 04 20 22 22 21.618      51.5
510
 2013 04 20 00 22  9.600     2013 04 20 00 24 54.425     164.8
 2013 04 20 12 12  8.836     2013 04 20 12 14 52.393     163.6
511
 2013 04 20 10 48 48.237     2013 04 20 10 52  6.296     198.1
 2013 04 20 19 03 35.692     2013 04 20 19 06  8.782     153.1
512
 2013 04 20 12 24  8.779     2013 04 20 12 27 10.609     181.8
 2013 04 20 20 37 54.834     2013 04 20 20 40 55.595     180.8
513
 2013 04 20 13 58  4.392     2013 04 20 14 00 47.766     163.4
 2013 04 20 22 13  3.315     2013 04 20 22 15 37.043     153.7
514
 2013 04 20 14 00 32.796     2013 04 20 14 04  8.288     215.5
 2013 04 20 15 38 10.840     2013 04 20 15 38 32.044      21.2
 2013 04 20 20 34 16.591     2013 04 20 20 36 55.342     158.8
515
 2013 04 20 14 04 23.620     2013 04 20 14 07 35.390     191.8
 2013 04 20 18 59 25.695     2013 04 20 19 02  2.219     156.5
516
 2013 04 20 20 46 33.483     2013 04 20 20 49  5.980     152.5
517
 2013 04 20 15 37 12.130     2013 04 20 15 40 26.343     194.2
 2013 04 20 20 32 32.128     2013 04 20 20 33 10.345      38.2
 2013 04 20 22 10 15.248     2013 04 20 22 10 24.568       9.3
518
 2013 04 20 12 22 16.345     2013 04 20 12 25 18.484     182.1
 2013 04 20 20 38   .339     2013 04 20 20 41 28.933     208.6
519
 2013 04 20 00 19 53.717     2013 04 20 00 22 23.921     150.2
520
 2013 04 20 00 21 14.547     2013 04 20 00 22 42.112      87.6
 2013 04 20 12 13  4.221     2013 04 20 12 15 46.223     162.0
521
 2013 04 20 12 22 51.062     2013 04 20 12 26 14.050     203.0
 2013 04 20 20 37 59.846     2013 04 20 20 40 41.424     161.6
522
 2013 04 20 12 13 59.435     2013 04 20 12 16 32.643     153.2
523
 2013 04 20 14 02 52.038     2013 04 20 14 05 36.832     164.8
 2013 04 20 18 57 41.955     2013 04 20 19 01 25.247     223.3
 2013 04 20 20 35 21.272     2013 04 20 20 35 49.234      28.0
524
 2013 04 20 22 15 23.715     2013 04 20 22 18 46.874     203.2
525
 2013 04 20 10 44 21.906     2013 04 20 10 47 23.714     181.8
 2013 04 20 20 43  6.242     2013 04 20 20 45 41.696     155.5
526
 2013 04 20 14 00 25.170     2013 04 20 14 03 48.172     203.0
 2013 04 20 20 34 17.828     2013 04 20 20 37  7.203     169.4
527
 2013 04 20 10 39  2.911     2013 04 20 10 42  6.703     183.8
528
 2013 04 20 10 44 50.087     2013 04 20 10 44 55.023       4.9
529
530
 2013 04 20 13 57 30.233     2013 04 20 14 00 57.717     207.5
 2013 04 20 22 14 31.501     2013 04 20 22 17  5.760     154.3
531
 2013 04 20 20 36 50.240     2013 04 20 20 40 24.250     214.0
532
533
 2013 04 20 14 01  4.972     2013 04 20 14 04 21.402     196.4
 2013 04 20 20 36 21.488     2013 04 20 20 38 56.795     155.3
534
 2013 04 20 12 16 27.809     2013 04 20 12 19  8.721     160.9
535
536
 2013 04 20 10 43 19.602     2013 04 20 10 46 18.727     179.1
 2013 04 20 20 44 57.090     2013 04 20 20 47 28.062     151.0
537
 2013 04 20 13 57 31.867     2013 04 20 14 00 12.013     160.1
 2013 04 20 22 13 10.173     2013 04 20 22 15 52.311     162.1
538
 2013 04 20 10 48 12.622     2013 04 20 10 50 55.838     163.2
 2013 04 20 19 04 54.821     2013 04 20 19 07 48.781     174.0
539
 2013 04 20 09 06 42.397     2013 04 20 09 07 52.290      69.9
 2013 04 20 20 48 19.793     2013 04 20 20 51 32.047     192.3
540
 2013 04 20 20 47 59.177     2013 04 20 20 48 22.745      23.6
541
 2013 04 20 22 19  6.825     2013 04 20 22 19 37.844      31.0
542
 2013 04 20 20 45  7.700     2013 04 20 20 45 37.705      30.0
543
 2013 04 20 10 41 27.411     2013 04 20 10 44 35.028     187.6
544
545
 2013 04 20 20 45 13.429     2013 04 20 20 48 31.041     197.6
546
 2013 04 20 13 59  6.409     2013 04 20 14 01 43.350     156.9
 2013 04 20 22 12 55.891     2013 04 20 22 16 32.772     216.9
547
 2013 04 20 22 16 33.911     2013 04 20 22 19 11.015     157.1
548
 2013 04 20 12 14 45.419     2013 04 20 12 18  6.882     201.5
549
 2013 04 20 19 02 36.076     2013 04 20 19 05 48.965     192.9
550
 2013 04 20 00 16 12.406     2013 04 20 00 17 48.473      96.1
 2013 04 20 13 53 15.042     2013 04 20 13 56 34.455     199.4
551
 2013 04 20 10 42 28.955     2013 04 20 10 43 12.456      43.5
 2013 04 20 20 45 45.505     2013 04 20 20 48 16.307     150.8
552
 2013 04 20 22 15 54.211     2013 04 20 22 18 56.816     182.6
553
 2013 04 20 12 13 51.259     2013 04 20 12 16 27.697     156.4
554
 2013 04 20 15 36 38.976     2013 04 20 15 39 14.760     155.8
 2013 04 20 22 09 47.878     2013 04 20 22 12 47.873     180.0
555
 2013 04 20 13 54 46.009     2013 04 20 13 57 20.759     154.8
556
 2013 04 20 20 40 55.673     2013 04 20 20 44 26.530     210.9
557
 2013 04 20 13 58 49.950     2013 04 20 14 02 34.668     224.7
558
 2013 04 20 10 47 28.899     2013 04 20 10 50 57.779     208.9
 2013 04 20 19 03  5.951     2013 04 20 19 06 49.369     223.4
559
 2013 04 20 14 02 55.504     2013 04 20 14 05 35.106     159.6
 2013 04 20 18 57 21.669     2013 04 20 19 00 36.558     194.9
560
 2013 04 20 22 16  2.352     2013 04 20 22 18 37.794     155.4
561
 2013 04 20 12 19 50.464     2013 04 20 12 20 40.151      49.7
 2013 04 20 22 20 31.814     2013 04 20 22 20 55.484      23.7
562
 2013 04 20 00 18 14.281     2013 04 20 00 20 44.940     150.7
563
 2013 04 20 13 59 53.989     2013 04 20 14 03 28.689     214.7
 2013 04 20 20 33 52.794     2013 04 20 20 37 10.170     197.4
564
 2013 04 20 12 25 19.095     2013 04 20 12 27 57.569     158.5
565
 2013 04 20 09 04 29.189     2013 04 20 09 07 12.564     163.4
 2013 04 20 20 48 54.951     2013 04 20 20 50  6.119      71.2
566
 2013 04 20 00 21 14.190     2013 04 20 00 23 44.072     149.9
 2013 04 20 12 15 39.843     2013 04 20 12 15 40.663        .8
567
568
 2013 04 20 12 19 57.150     2013 04 20 12 23 31.565     214.4
569
 2013 04 20 12 22 19.397     2013 04 20 12 25 17.513     178.1
 2013 04 20 20 38  4.976     2013 04 20 20 41 31.111     206.1
570
 2013 04 20 22 11 26.539     2013 04 20 22 14 33.046     186.5
571
 2013 04 20 19 02 16.545     2013 04 20 19 05 43.925     207.4
572
 2013 04 20 00 16 16.208     2013 04 20 00 19 18.754     182.5
 2013 04 20 13 53  9.829     2013 04 20 13 55 57.781     168.0
573
 2013 04 20 00 20  1.387     2013 04 20 00 21 10.171      68.8
 2013 04 20 12 15 53.749     2013 04 20 12 16 59.953      66.2
574
 2013 04 20 12 26 28.708     2013 04 20 12 30  2.180     213.5
 2013 04 20 14 04 10.076     2013 04 20 14 05 32.954      82.9
 2013 04 20 18 59 54.852     2013 04 20 19 02 29.762     154.9
575
 2013 04 20 10 42 52.489     2013 04 20 10 46 12.754     200.3
 2013 04 20 20 45 18.848     2013 04 20 20 47 51.509     152.7
576
 2013 04 20 22 15 24.811     2013 04 20 22 18 19.422     174.6
577
 2013 04 20 12 13  5.158     2013 04 20 12 16  4.367     179.2
578
579
580
 2013 04 20 22 16  2.306     2013 04 20 22 18 43.683     161.4
581
 2013 04 20 00 20  1.107     2013 04 20 00 23  9.479     188.4
582
 2013 04 20 00 20 15.955     2013 04 20 00 23  9.242     173.3
583
 2013 04 20 12 13 50.011     2013 04 20 12 16 25.870     155.9
584
 2013 04 20 12 26 12.315     2013 04 20 12 29  5.215     172.9
 2013 04 20 19 00 13.030     2013 04 20 19 03  5.416     172.4
585
586
 2013 04 20 00 20 16.810     2013 04 20 00 22 47.439     150.6
587
588
 2013 04 20 00 22 10.301     2013 04 20 00 24 41.373     151.1
 2013 04 20 12 11 42.937     2013 04 20 12 14 42.101     179.2
589
590
 2013 04 20 10 41 29.918     2013 04 20 10 44  9.759     159.8
591
 2013 04 20 15 35 41.986     2013 04 20 15 39 31.713     229.7
 2013 04 20 22 11 13.859     2013 04 20 22 13 49.973     156.1
592
 2013 04 20 20 42  2.509     2013 04 20 20 44 39.080     156.6
593
 2013 04 20 20 48 51.765     2013 04 20 20 52 26.936     215.2
594
 2013 04 20 00 20 58.538     2013 04 20 00 23 53.937     175.4
595
 2013 04 20 12 23 25.057     2013 04 20 12 26 36.699     191.6
 2013 04 20 20 38  7.231     2013 04 20 20 40 40.710     153.5
596
 2013 04 20 20 37 14.196     2013 04 20 20 39 51.543     157.3
597
 2013 04 20 10 45  5.347     2013 04 20 10 47 48.147     162.8
 2013 04 20 20 43 25.675     2013 04 20 20 47  6.437     220.8
598
 2013 04 20 12 17 16.178     2013 04 20 12 20 23.288     187.1
 2013 04 20 22 19 38.161     2013 04 20 22 22 18.092     159.9
599
 2013 04 20 20 45 25.550     2013 04 20 20 48 17.243     171.7
600
 2013 04 20 10 44 34.650     2013 04 20 10 45 11.958      37.3
601
 2013 04 20 12 14 23.176     2013 04 20 12 17 34.491     191.3
602
603
604
 2013 04 20 10 40 36.351     2013 04 20 10 43 10.017     153.7
605
 2013 04 20 13 56 20.003     2013 04 20 13 59 14.984     175.0
606
 2013 04 20 15 36 49.829     2013 04 20 15 39 37.456     167.6
 2013 04 20 22 10 11.534     2013 04 20 22 13 27.613     196.1
607
 2013 04 20 14 03 21.386     2013 04 20 14 07   .753     219.4
 2013 04 20 18 59  8.900     2013 04 20 19 02  8.257     179.4
608
 2013 04 20 12 16 25.433     2013 04 20 12 18  7.496     102.1
 2013 04 20 22 20 11.718     2013 04 20 22 23  3.914     172.2
609
 2013 04 20 12 15 43.680     2013 04 20 12 18 29.238     165.6
610
 2013 04 20 12 21 22.549     2013 04 20 12 24 48.154     205.6
 2013 04 20 20 43 19.288     2013 04 20 20 43 39.766      20.5
611
 2013 04 20 12 24 35.773     2013 04 20 12 27 24.294     168.5
 2013 04 20 20 38 41.598     2013 04 20 20 40 26.397     104.8
612
 2013 04 20 22 21 34.458     2013 04 20 22 24 56.943     202.5
613
 2013 04 20 10 41 55.008     2013 04 20 10 44 28.678     153.7
614
 2013 04 20 12 19  4.895     2013 04 20 12 19 27.878      23.0
615
 2013 04 20 12 25 27.300     2013 04 20 12 28 54.008     206.7
 2013 04 20 19 01 17.157     2013 04 20 19 05  3.890     226.7
616
617
618
 2013 04 20 20 45 54.495     2013 04 20 20 45 57.559       3.1
619
 2013 04 20 12 25 17.710     2013 04 20 12 28   .522     162.8
620
 2013 04 20 19 09 25.549     2013 04 20 19 09 58.260      32.7
621
 2013 04 20 22 22 38.799     2013 04 20 22 25 49.030     190.2
622
 2013 04 20 10 38 15.460     2013 04 20 10 41 15.273     179.8
 2013 04 20 22 24 38.051     2013 04 20 22 25   .715      22.7
623
624
 2013 04 20 10 43 59.203     2013 04 20 10 45 14.412      75.2
625
 2013 04 20 12 18 42.357     2013 04 20 12 22 19.123     216.8
 2013 04 20 22 17  6.097     2013 04 20 22 19 41.009     154.9
626
 2013 04 20 10 40 25.860     2013 04 20 10 44  5.604     219.7
627
 2013 04 20 00 16 42.317     2013 04 20 00 20 21.771     219.5
 2013 04 20 13 52 43.495     2013 04 20 13 53 57.952      74.5
628
 2013 04 20 15 36 29.075     2013 04 20 15 39  4.793     155.7
 2013 04 20 22 09 53.773     2013 04 20 22 12 43.320     169.5
629
630
 2013 04 20 22 22 57.102     2013 04 20 22 25 35.968     158.9
631
 2013 04 20 12 26  4.776     2013 04 20 12 28 49.792     165.0
 2013 04 20 19 00 13.608     2013 04 20 19 03 20.179     186.6
632
 2013 04 20 20 37  1.090     2013 04 20 20 40 26.933     205.8
633
634
 2013 04 20 10 38 58.708     2013 04 20 10 41 37.226     158.5
 2013 04 20 22 23 27.644     2013 04 20 22 24 16.014      48.4
635
636
 2013 04 20 10 49 12.436     2013 04 20 10 51 47.417     155.0
 2013 04 20 19 04 29.107     2013 04 20 19 07  3.696     154.6
637
638
 2013 04 20 13 57 54.548     2013 04 20 14 00 47.642     173.1
 2013 04 20 22 14  2.330     2013 04 20 22 16 37.476     155.1
639
 2013 04 20 22 15 27.540     2013 04 20 22 18 59.214     211.7
640
641
 2013 04 20 22 15 48.579     2013 04 20 22 19 16.515     207.9
642
 2013 04 20 14 02 50.128     2013 04 20 14 05 38.005     167.9
 2013 04 20 18 57 43.532     2013 04 20 19 01 30.350     226.8
 2013 04 20 20 35 25.951     2013 04 20 20 35 59.722      33.8
643
 2013 04 20 12 24 59.205     2013 04 20 12 27 48.842     169.6
644
 2013 04 20 12 20  8.406     2013 04 20 12 23 23.754     195.3
645
 2013 04 20 12 25 35.654     2013 04 20 12 28 40.938     185.3
 2013 04 20 18 59 39.568     2013 04 20 19 03  8.514     208.9
646
 2013 04 20 22 22 48.328     2013 04 20 22 25 18.436     150.1
647
 2013 04 20 14 03 40.208     2013 04 20 14 07 14.456     214.2
 2013 04 20 18 59 21.047     2013 04 20 19 02  5.091     164.0
648
649
 2013 04 20 22 21   .562     2013 04 20 22 23 56.807     176.2
650
 2013 04 20 12 25 32.061     2013 04 20 12 28  8.081     156.0
 2013 04 20 19 03 56.164     2013 04 20 19 04  4.554       8.4
651
 2013 04 20 10 46 42.217     2013 04 20 10 49 47.232     185.0
652
 2013 04 20 12 25 57.844     2013 04 20 12 28 33.305     155.5
 2013 04 20 19 00 26.999     2013 04 20 19 03 54.167     207.2
653
 2013 04 20 20 41 58.999     2013 04 20 20 45 21.409     202.4
654
 2013 04 20 20 46 22.354     2013 04 20 20 46 25.098       2.7
655
 2013 04 20 22 20 12.141     2013 04 20 22 23 29.070     196.9
656
 2013 04 20 22 15 40.809     2013 04 20 22 15 42.945       2.1
657
 2013 04 20 22 16 21.832     2013 04 20 22 19 51.095     209.3
658
659
 2013 04 20 10 48 24.290     2013 04 20 10 51 58.910     214.6
 2013 04 20 19 03 24.512     2013 04 20 19 06  2.746     158.2
660
 2013 04 20 10 46 39.841     2013 04 20 10 49 47.270     187.4
661
 2013 04 20 10 38  2.944     2013 04 20 10 40 58.168     175.2
 2013 04 20 22 24  5.432     2013 04 20 22 26 51.740     166.3
662
 2013 04 20 12 14  4.726     2013 04 20 12 16 54.643     169.9
663
 2013 04 20 12 21 24.463     2013 04 20 12 24 30.006     185.5
664
 2013 04 20 00 18 58.080     2013 04 20 00 21 30.775     152.7
665
 2013 04 20 22 11 21.972     2013 04 20 22 14 28.012     186.0
666
 2013 04 20 13 53 32.496     2013 04 20 13 57  4.141     211.6
667
 2013 04 20 10 45 10.231     2013 04 20 10 48 50.242     220.0
 2013 04 20 20 41 47.413     2013 04 20 20 45 13.517     206.1
668
 2013 04 20 12 25 47.099     2013 04 20 12 28 53.435     186.3
 2013 04 20 18 59 48.778     2013 04 20 19 03   .656     191.9
669
 2013 04 20 14 00 41.075     2013 04 20 14 03 48.922     187.8
 2013 04 20 20 34 32.892     2013 04 20 20 37 16.690     163.8
670
 2013 04 20 10 42 22.086     2013 04 20 10 45  8.502     166.4
 2013 04 20 20 47 22.867     2013 04 20 20 47 32.756       9.9
671
 2013 04 20 12 20 13.591     2013 04 20 12 22 55.728     162.1
672
 2013 04 20 09 03 34.900     2013 04 20 09 06 14.379     159.5
 2013 04 20 20 49 57.425     2013 04 20 20 52 46.414     169.0
673
 2013 04 20 12 13 52.852     2013 04 20 12 17  7.926     195.1
674
 2013 04 20 19 02  5.806     2013 04 20 19 03 41.768      96.0
675
 2013 04 20 13 55 31.300     2013 04 20 13 58  5.686     154.4
676
 2013 04 20 10 45 41.705     2013 04 20 10 48 24.675     163.0
677
 2013 04 20 12 24  3.074     2013 04 20 12 26 43.421     160.3
 2013 04 20 20 39  2.649     2013 04 20 20 41 57.598     174.9
678
 2013 04 20 12 14 14.516     2013 04 20 12 14 23.966       9.4
679
 2013 04 20 15 36 34.179     2013 04 20 15 39 11.261     157.1
 2013 04 20 22 10  1.215     2013 04 20 22 12 55.184     174.0
680
 2013 04 20 10 46 35.829     2013 04 20 10 50  2.999     207.2
681
682
 2013 04 20 13 53 50.517     2013 04 20 13 56 57.379     186.9
683
 2013 04 20 22 21 44.833     2013 04 20 22 24 17.386     152.6
684
 2013 04 20 10 45 29.977     2013 04 20 10 48 54.078     204.1
685
 2013 04 20 10 46 21.391     2013 04 20 10 48 56.011     154.6
686
 2013 04 20 10 45 48.795     2013 04 20 10 48 37.263     168.5
687
 2013 04 20 13 57 57.626     2013 04 20 13 59  5.912      68.3
 2013 04 20 22 14 22.569     2013 04 20 22 17 35.931     193.4
688
 2013 04 20 22 21 22.897     2013 04 20 22 21 59.332      36.4
689
 2013 04 20 00 21 20.832     2013 04 20 00 24 36.016     195.2
 2013 04 20 12 12 42.848     2013 04 20 12 15 39.961     177.1
690
 2013 04 20 22 16 49.864     2013 04 20 22 19 34.602     164.7
691
 2013 04 20 12 24 44.958     2013 04 20 12 27 59.463     194.5
692
 2013 04 20 13 54 55.460     2013 04 20 13 57 29.885     154.4
693
 2013 04 20 13 57  3.931     2013 04 20 14 00  3.333     179.4
 2013 04 20 22 14 10.940     2013 04 20 22 16 58.312     167.4
694
 2013 04 20 15 36 53.910     2013 04 20 15 40 20.266     206.4
 2013 04 20 22 10 33.192     2013 04 20 22 14 17.867     224.7
695
 2013 04 20 12 27   .819     2013 04 20 12 29 45.235     164.4
 2013 04 20 19 00 37.441     2013 04 20 19 03 12.498     155.1
696
 2013 04 20 10 43  3.354     2013 04 20 10 46  1.735     178.4
 2013 04 20 20 43 24.531     2013 04 20 20 46 33.706     189.2
697
 2013 04 20 10 42  6.750     2013 04 20 10 44 44.587     157.8
 2013 04 20 20 48  3.823     2013 04 20 20 48 23.617      19.8
698
 2013 04 20 12 27 54.771     2013 04 20 12 30 45.693     170.9
 2013 04 20 17 22 14.693     2013 04 20 17 25 54.829     220.1
 2013 04 20 19 00  9.198     2013 04 20 19 03 40.104     210.9
699
 2013 04 20 12 15 24.642     2013 04 20 12 18 19.075     174.4
700
 2013 04 20 14 02 16.631     2013 04 20 14 03 44.069      87.4
 2013 04 20 20 36 21.452     2013 04 20 20 38  8.843     107.4
701
 2013 04 20 12 16 36.791     2013 04 20 12 20 11.047     214.3
702
 2013 04 20 00 22  6.741     2013 04 20 00 25 31.240     204.5
 2013 04 20 12 12 35.647     2013 04 20 12 15  8.900     153.3
703
 2013 04 20 20 37 13.138     2013 04 20 20 39 48.094     155.0
704
 2013 04 20 10 53 54.048     2013 04 20 10 54 40.507      46.5
 2013 04 20 12 28 29.396     2013 04 20 12 28 50.762      21.4
 2013 04 20 17 24 39.420     2013 04 20 17 28   .288     200.9
705
 2013 04 20 12 13 38.092     2013 04 20 12 16 20.887     162.8
706
 2013 04 20 12 22  8.158     2013 04 20 12 24 43.720     155.6
 2013 04 20 20 38 47.021     2013 04 20 20 39 37.999      51.0
707
 2013 04 20 12 25 52.398     2013 04 20 12 28 27.849     155.5
 2013 04 20 19 00 21.205     2013 04 20 19 03 56.496     215.3
708
 2013 04 20 10 38 14.564     2013 04 20 10 41  9.087     174.5
 2013 04 20 22 24 39.765     2013 04 20 22 25 34.088      54.3
709
 2013 04 20 14 00  6.983     2013 04 20 14 01 36.528      89.5
 2013 04 20 20 36 22.142     2013 04 20 20 39 34.136     192.0
710
 2013 04 20 12 23  9.010     2013 04 20 12 25 47.737     158.7
 2013 04 20 20 38 45.844     2013 04 20 20 41 24.802     159.0
711
 2013 04 20 13 59 48.769     2013 04 20 14 03 14.324     205.6
 2013 04 20 20 33 49.807     2013 04 20 20 37 22.736     212.9
712
 2013 04 20 12 15  2.846     2013 04 20 12 18 35.753     212.9
713
 2013 04 20 13 54 54.326     2013 04 20 13 56 30.450      96.1
714
 2013 04 20 10 40  9.907     2013 04 20 10 43 21.393     191.5
715
716
 2013 04 20 10 49 20.055     2013 04 20 10 51 58.946     158.9
 2013 04 20 19 04 41.913     2013 04 20 19 07 22.837     160.9
717
 2013 04 20 12 13 56.336     2013 04 20 12 14 37.290      41.0
718
 2013 04 20 20 40 44.212     2013 04 20 20 40 46.375       2.2
719
 2013 04 20 10 47 46.942     2013 04 20 10 50 41.340     174.4
 2013 04 20 19 03 37.466     2013 04 20 19 07 12.094     214.6
720
 2013 04 20 12 23  8.499     2013 04 20 12 26 26.112     197.6
 2013 04 20 20 39 56.423     2013 04 20 20 42 30.723     154.3
721
722
 2013 04 20 12 28 32.407     2013 04 20 12 31 30.960     178.6
 2013 04 20 17 23 39.720     2013 04 20 17 27 11.817     212.1
723
 2013 04 20 12 14 46.845     2013 04 20 12 17 22.160     155.3
724
 2013 04 20 10 39 40.784     2013 04 20 10 43   .543     199.8
725
726
727
 2013 04 20 10 39 42.334     2013 04 20 10 42 53.057     190.7
728
 2013 04 20 10 42  9.975     2013 04 20 10 45 20.465     190.5
729
 2013 04 20 10 47 44.776     2013 04 20 10 51  4.745     200.0
 2013 04 20 19 03 19.561     2013 04 20 19 06 44.159     204.6
730
 2013 04 20 20 45 29.923     2013 04 20 20 45 44.799      14.9
731
 2013 04 20 09 04 11.037     2013 04 20 09 06 53.766     162.7
 2013 04 20 20 49 16.383     2013 04 20 20 52 41.244     204.9
732
 2013 04 20 20 45 26.767     2013 04 20 20 45 34.625       7.9
733
734
735
 2013 04 20 20 42  2.462     2013 04 20 20 44 37.261     154.8
736
 2013 04 20 10 46 50.774     2013 04 20 10 48  6.058      75.3
 2013 04 20 20 42 25.252     2013 04 20 20 45   .975     155.7
737
 2013 04 20 13 59 41.784     2013 04 20 14 02 39.665     177.9
738
739
 2013 04 20 13 58 23.790     2013 04 20 14 01  8.614     164.8
 2013 04 20 22 13 40.238     2013 04 20 22 16 31.436     171.2
740
 2013 04 20 12 22 29.015     2013 04 20 12 26  3.295     214.3
 2013 04 20 20 37 47.265     2013 04 20 20 40 44.516     177.3
741
 2013 04 20 13 59   .510     2013 04 20 14 02 21.118     200.6
 2013 04 20 22 11 41.533     2013 04 20 22 15 23.765     222.2
742
 2013 04 20 12 17 16.800     2013 04 20 12 20 42.326     205.5
 2013 04 20 22 17 26.328     2013 04 20 22 20 48.302     202.0
743
 2013 04 20 12 22 37.783     2013 04 20 12 25 55.090     197.3
 2013 04 20 20 38   .171     2013 04 20 20 40 54.915     174.7
744
745
 2013 04 20 10 39 23.131     2013 04 20 10 42  6.471     163.3
746
747
 2013 04 20 22 23 35.702     2013 04 20 22 26 16.801     161.1
748
 2013 04 20 22 15 31.891     2013 04 20 22 18 47.797     195.9
749
 2013 04 20 15 35 27.842     2013 04 20 15 36 42.409      74.6
 2013 04 20 22 11 17.087     2013 04 20 22 13 50.674     153.6
750
 2013 04 20 10 41 42.696     2013 04 20 10 43  6.509      83.8
 2013 04 20 20 45 44.282     2013 04 20 20 48 49.545     185.3
751
 2013 04 20 15 38 10.099     2013 04 20 15 41 44.444     214.3
 2013 04 20 20 33 50.503     2013 04 20 20 36 33.291     162.8
752
 2013 04 20 12 14 45.708     2013 04 20 12 18 20.055     214.3
753
 2013 04 20 10 41 48.106     2013 04 20 10 44 32.942     164.8
754
 2013 04 20 20 46 22.556     2013 04 20 20 48 57.790     155.2
755
 2013 04 20 13 57 22.499     2013 04 20 14 00 12.301     169.8
 2013 04 20 22 12 55.030     2013 04 20 22 15 42.725     167.7
756
 2013 04 20 12 13 25.238     2013 04 20 12 15 58.862     153.6
757
 2013 04 20 22 15 44.046     2013 04 20 22 18 46.902     182.9
758
 2013 04 20 13 59 54.525     2013 04 20 14 02 30.837     156.3
759
 2013 04 20 12 18 47.890     2013 04 20 12 21 53.708     185.8
 2013 04 20 22 18 44.587     2013 04 20 22 21 55.504     190.9
760
 2013 04 20 00 20 32.173     2013 04 20 00 23 13.362     161.2
761
 2013 04 20 10 42 47.825     2013 04 20 10 43  9.798      22.0
 2013 04 20 20 42 41.697     2013 04 20 20 45 58.931     197.2
762
 2013 04 20 14 00 19.996     2013 04 20 14 02 55.425     155.4
 2013 04 20 20 34 49.590     2013 04 20 20 38 25.728     216.1
763
 2013 04 20 09 04 58.920     2013 04 20 09 06 17.598      78.7
 2013 04 20 20 49 25.361     2013 04 20 20 52  1.308     155.9
764
 2013 04 20 12 12 47.809     2013 04 20 12 14   .397      72.6
765
 2013 04 20 15 38  7.654     2013 04 20 15 41 28.414     200.8
 2013 04 20 20 33 36.666     2013 04 20 20 36 22.723     166.1
766
 2013 04 20 22 20 29.618     2013 04 20 22 23  7.334     157.7
767
 2013 04 20 15 37 18.944     2013 04 20 15 39 55.277     156.3
 2013 04 20 20 31 54.073     2013 04 20 20 35 31.486     217.4
 2013 04 20 22 09 32.310     2013 04 20 22 10 20.921      48.6
768
 2013 04 20 10 49 45.364     2013 04 20 10 53 29.145     223.8
 2013 04 20 19 02 39.359     2013 04 20 19 06  5.994     206.6
769
 2013 04 20 10 46  6.949     2013 04 20 10 48 43.726     156.8
770
 2013 04 20 13 54 49.189     2013 04 20 13 58 14.732     205.5
771
 2013 04 20 10 49 24.819     2013 04 20 10 53 14.385     229.6
 2013 04 20 19 02 50.750     2013 04 20 19 05 53.658     182.9
772
 2013 04 20 12 15 49.383     2013 04 20 12 18 54.702     185.3
773
774
 2013 04 20 14 03  6.351     2013 04 20 14 05 49.329     163.0
 2013 04 20 18 57 55.947     2013 04 20 19 01 18.546     202.6
775
 2013 04 20 10 38 17.164     2013 04 20 10 41 12.837     175.7
 2013 04 20 22 23 51.780     2013 04 20 22 26 50.328     178.5
776
 2013 04 20 00 20 22.863     2013 04 20 00 22 53.152     150.3
777
 2013 04 20 22 22  4.521     2013 04 20 22 24 42.917     158.4
778
779
 2013 04 20 20 41  5.221     2013 04 20 20 44 22.500     197.3
780
 2013 04 20 12 20 22.739     2013 04 20 12 20 50.788      28.0
 2013 04 20 22 19 46.668     2013 04 20 22 20 44.571      57.9
781
 2013 04 20 15 37 30.487     2013 04 20 15 40  8.442     158.0
 2013 04 20 20 31 58.307     2013 04 20 20 35  8.162     189.9
782
 2013 04 20 10 40 52.285     2013 04 20 10 44 19.026     206.7
783
 2013 04 20 12 14 32.165     2013 04 20 12 17  6.479     154.3
784
 2013 04 20 12 26 37.849     2013 04 20 12 29 21.198     163.3
 2013 04 20 19 00 34.387     2013 04 20 19 03 12.458     158.1
785
 2013 04 20 00 19 42.736     2013 04 20 00 22 12.857     150.1
786
787
 2013 04 20 10 49 51.396     2013 04 20 10 53 34.596     223.2
 2013 04 20 19 02 34.474     2013 04 20 19 06  9.598     215.1
788
789
 2013 04 20 10 44 25.658     2013 04 20 10 44 46.098      20.4
790
791
 2013 04 20 12 22 59.915     2013 04 20 12 25 34.750     154.8
 2013 04 20 20 38 59.980     2013 04 20 20 41 44.530     164.5
792
 2013 04 20 12 28 43.140     2013 04 20 12 32 30.425     227.3
 2013 04 20 17 24 37.658     2013 04 20 17 27 46.547     188.9
793
 2013 04 20 12 23 25.067     2013 04 20 12 26  1.499     156.4
 2013 04 20 20 39 12.139     2013 04 20 20 41 44.818     152.7
794
 2013 04 20 20 47 38.435     2013 04 20 20 50 31.318     172.9
795
 2013 04 20 10 46 16.046     2013 04 20 10 49 28.622     192.6
796
797
 2013 04 20 12 27 22.394     2013 04 20 12 29 59.703     157.3
 2013 04 20 19 01 10.747     2013 04 20 19 03 51.513     160.8
798
 2013 04 20 12 15 44.801     2013 04 20 12 19 30.487     225.7
799
 2013 04 20 22 22 44.130     2013 04 20 22 25 16.364     152.2
