0 37.6956 111.0322 9 16 9
2  45.0 45.0 0.00
1 9.1175 112.8872 5 15 7
2  45.0 45.0 0.00
2 22.6906 105.9498 4 24 6
2  45.0 45.0 0.00
3 12.8206 131.5035 10 19 7
2  45.0 45.0 0.00
4 7.8748 102.7031 9 28 8
2  45.0 45.0 0.00
5 41.6594 102.9661 5 15 7
2  45.0 45.0 0.00
6 25.7427 121.5012 6 26 7
2  45.0 45.0 0.00
7 22.6123 117.6398 4 27 7
2  45.0 45.0 0.00
8 48.1199 107.1935 9 27 5
2  45.0 45.0 0.00
9 17.6056 83.6727 6 15 9
2  45.0 45.0 0.00
10 6.4611 96.9286 3 28 5
2  45.0 45.0 0.00
11 12.9430 116.9118 8 20 7
2  45.0 45.0 0.00
12 34.1458 110.3558 7 22 9
2  45.0 45.0 0.00
13 32.2729 121.3193 9 18 9
2  45.0 45.0 0.00
14 25.6207 82.8909 6 26 7
2  45.0 45.0 0.00
15 29.3802 113.4546 10 27 5
2  45.0 45.0 0.00
16 32.7655 99.5205 2 16 6
2  45.0 45.0 0.00
17 5.8022 128.2924 5 24 8
2  45.0 45.0 0.00
18 36.0192 94.7927 2 20 9
2  45.0 45.0 0.00
19 16.9901 78.8951 3 28 5
2  45.0 45.0 0.00
20 27.3395 130.5509 1 17 6
2  45.0 45.0 0.00
21 48.2187 112.2045 8 19 5
2  45.0 45.0 0.00
22 29.2308 128.2713 3 18 6
2  45.0 45.0 0.00
23 12.0453 103.1428 1 17 7
2  45.0 45.0 0.00
24 36.1959 82.2952 9 22 8
2  45.0 45.0 0.00
25 7.4601 120.7754 9 28 6
2  45.0 45.0 0.00
26 24.4676 118.4191 7 24 5
2  45.0 45.0 0.00
27 34.8064 90.9815 7 26 7
2  45.0 45.0 0.00
28 23.1317 109.8114 6 22 7
2  45.0 45.0 0.00
29 39.9598 81.2513 7 16 8
2  45.0 45.0 0.00
30 41.8711 130.3579 1 22 6
2  45.0 45.0 0.00
31 19.5936 98.8963 4 20 7
2  45.0 45.0 0.00
32 8.4059 118.9077 8 29 7
2  45.0 45.0 0.00
33 41.3816 91.4438 8 16 8
2  45.0 45.0 0.00
34 47.0608 117.7933 5 24 9
2  45.0 45.0 0.00
35 5.5197 113.9192 5 15 5
2  45.0 45.0 0.00
36 50.5840 115.5762 2 16 6
2  45.0 45.0 0.00
37 26.6694 87.8874 9 18 9
2  45.0 45.0 0.00
38 13.2261 127.9822 4 19 9
2  45.0 45.0 0.00
39 34.8753 112.6317 5 28 8
2  45.0 45.0 0.00
40 24.5899 76.7851 9 22 6
2  45.0 45.0 0.00
41 4.5434 93.6653 2 25 9
2  45.0 45.0 0.00
42 35.4942 95.4126 3 18 6
2  45.0 45.0 0.00
43 22.9257 111.4853 8 24 8
2  45.0 45.0 0.00
44 28.9754 76.1250 4 18 6
2  45.0 45.0 0.00
45 51.2422 100.4750 3 26 6
2  45.0 45.0 0.00
46 22.4933 118.0213 8 20 6
2  45.0 45.0 0.00
47 47.4297 86.9196 8 27 5
2  45.0 45.0 0.00
48 9.4483 106.4126 9 19 7
2  45.0 45.0 0.00
49 44.5489 112.6331 7 29 5
2  45.0 45.0 0.00
50 52.8042 74.1813 1 18 6
2  45.0 45.0 0.00
51 21.9858 120.9990 4 18 5
2  45.0 45.0 0.00
52 31.6475 106.2532 2 20 5
2  45.0 45.0 0.00
53 47.9765 132.5646 9 29 7
2  45.0 45.0 0.00
54 11.3260 122.5524 9 22 9
2  45.0 45.0 0.00
55 51.1316 116.1687 2 26 7
2  45.0 45.0 0.00
56 18.2146 101.7078 5 25 6
2  45.0 45.0 0.00
57 21.5089 103.0768 9 15 9
2  45.0 45.0 0.00
58 7.4306 74.3445 4 26 9
2  45.0 45.0 0.00
59 31.7373 85.0349 3 18 8
2  45.0 45.0 0.00
60 44.9117 113.1023 8 20 5
2  45.0 45.0 0.00
61 11.5105 104.7609 10 20 5
2  45.0 45.0 0.00
62 36.0119 76.5211 4 24 8
2  45.0 45.0 0.00
63 7.7244 122.6578 9 16 6
2  45.0 45.0 0.00
64 22.9125 131.2205 6 16 6
2  45.0 45.0 0.00
65 10.2056 76.9953 8 23 7
2  45.0 45.0 0.00
66 41.1025 103.6790 7 16 8
2  45.0 45.0 0.00
67 34.7961 77.9190 6 22 6
2  45.0 45.0 0.00
68 45.0415 79.4133 7 27 7
2  45.0 45.0 0.00
69 4.4963 96.3827 7 16 5
2  45.0 45.0 0.00
70 40.3558 78.7055 2 28 5
2  45.0 45.0 0.00
71 46.3946 108.7283 4 17 7
2  45.0 45.0 0.00
72 8.1811 132.5622 8 26 7
2  45.0 45.0 0.00
73 10.4460 129.3720 7 27 5
2  45.0 45.0 0.00
74 3.6252 90.7314 3 26 8
2  45.0 45.0 0.00
75 17.5681 79.9862 7 23 7
2  45.0 45.0 0.00
76 40.7200 129.5590 8 22 7
2  45.0 45.0 0.00
77 36.3479 110.5253 9 15 6
2  45.0 45.0 0.00
78 5.0225 128.3194 8 16 7
2  45.0 45.0 0.00
79 45.4064 91.7351 6 19 9
2  45.0 45.0 0.00
80 7.5197 105.5378 6 16 9
2  45.0 45.0 0.00
81 25.5796 92.3668 2 17 7
2  45.0 45.0 0.00
82 40.5728 76.6079 2 24 8
2  45.0 45.0 0.00
83 11.0486 104.0341 1 20 8
2  45.0 45.0 0.00
84 29.1750 127.7825 10 21 6
2  45.0 45.0 0.00
85 7.5257 83.6427 3 18 5
2  45.0 45.0 0.00
86 51.9556 121.9524 9 24 5
2  45.0 45.0 0.00
87 13.6052 125.2826 7 25 6
2  45.0 45.0 0.00
88 20.2089 98.7893 5 24 6
2  45.0 45.0 0.00
89 52.0158 91.7336 10 21 7
2  45.0 45.0 0.00
90 19.5446 130.4160 4 24 9
2  45.0 45.0 0.00
91 11.8676 78.2085 1 26 7
2  45.0 45.0 0.00
92 16.7108 79.6078 1 15 7
2  45.0 45.0 0.00
93 49.7791 99.5607 2 23 5
2  45.0 45.0 0.00
94 17.4798 123.7810 9 15 6
2  45.0 45.0 0.00
95 7.6839 90.4337 7 17 6
2  45.0 45.0 0.00
96 41.9144 116.3561 3 25 8
2  45.0 45.0 0.00
97 4.1089 85.0369 6 24 9
2  45.0 45.0 0.00
98 9.2648 81.2787 5 16 6
2  45.0 45.0 0.00
99 14.7024 96.7703 2 15 5
2  45.0 45.0 0.00
100 29.8819 115.9216 1 21 8
2  45.0 45.0 0.00
101 27.2271 126.5800 1 20 6
2  45.0 45.0 0.00
102 47.3396 128.2751 10 20 6
2  45.0 45.0 0.00
103 30.5807 99.2814 3 18 5
2  45.0 45.0 0.00
104 39.7484 120.4238 2 23 7
2  45.0 45.0 0.00
105 10.5809 118.8343 7 27 5
2  45.0 45.0 0.00
106 37.8753 86.8939 4 29 6
2  45.0 45.0 0.00
107 6.1464 89.2597 7 29 8
2  45.0 45.0 0.00
108 9.4589 124.2529 1 19 5
2  45.0 45.0 0.00
109 13.2022 119.7474 6 25 9
2  45.0 45.0 0.00
110 42.8013 82.4258 6 15 5
2  45.0 45.0 0.00
111 40.3621 80.0537 3 28 5
2  45.0 45.0 0.00
112 39.0319 76.7820 10 18 9
2  45.0 45.0 0.00
113 35.7613 128.3647 3 15 8
2  45.0 45.0 0.00
114 17.0309 102.9670 3 22 5
2  45.0 45.0 0.00
115 47.0376 102.6850 10 22 9
2  45.0 45.0 0.00
116 21.6248 75.0441 5 28 7
2  45.0 45.0 0.00
117 30.0205 86.5854 6 28 5
2  45.0 45.0 0.00
118 50.2683 93.3826 10 28 8
2  45.0 45.0 0.00
119 6.3072 111.0665 4 19 9
2  45.0 45.0 0.00
120 17.0650 119.0237 10 16 8
2  45.0 45.0 0.00
121 17.8288 111.0890 4 29 5
2  45.0 45.0 0.00
122 15.6246 108.9203 5 15 7
2  45.0 45.0 0.00
123 37.3285 84.2741 6 25 7
2  45.0 45.0 0.00
124 24.4401 132.4351 7 29 8
2  45.0 45.0 0.00
125 50.0453 109.7615 3 25 8
2  45.0 45.0 0.00
126 15.3156 83.8752 10 24 9
2  45.0 45.0 0.00
127 33.2717 130.5191 2 17 6
2  45.0 45.0 0.00
128 48.2797 88.0028 3 27 8
2  45.0 45.0 0.00
129 20.3348 92.9614 7 19 6
2  45.0 45.0 0.00
130 46.9122 130.0406 7 28 5
2  45.0 45.0 0.00
131 17.5357 121.5407 6 20 7
2  45.0 45.0 0.00
132 37.1942 127.1902 4 18 5
2  45.0 45.0 0.00
133 6.5619 129.1626 2 15 6
2  45.0 45.0 0.00
134 39.3959 76.0839 10 21 5
2  45.0 45.0 0.00
135 11.9378 82.1948 8 19 5
2  45.0 45.0 0.00
136 33.4108 91.0044 10 22 5
2  45.0 45.0 0.00
137 17.7817 89.2867 1 22 7
2  45.0 45.0 0.00
138 42.8211 108.2025 10 25 9
2  45.0 45.0 0.00
139 3.1212 132.8790 6 24 7
2  45.0 45.0 0.00
140 23.5326 91.5462 7 29 6
2  45.0 45.0 0.00
141 44.3422 102.5752 9 26 6
2  45.0 45.0 0.00
142 9.8734 102.5767 4 20 7
2  45.0 45.0 0.00
143 22.1905 97.5096 8 17 5
2  45.0 45.0 0.00
144 42.9896 99.8463 9 23 7
2  45.0 45.0 0.00
145 10.0605 95.9614 2 24 7
2  45.0 45.0 0.00
146 12.0386 103.3209 8 27 6
2  45.0 45.0 0.00
147 17.9556 94.9135 6 18 6
2  45.0 45.0 0.00
148 43.1357 102.0062 3 16 5
2  45.0 45.0 0.00
149 18.1739 86.1868 8 16 5
2  45.0 45.0 0.00
150 32.6965 124.1412 3 22 8
2  45.0 45.0 0.00
151 51.1607 118.4153 9 21 5
2  45.0 45.0 0.00
152 25.2077 126.5248 8 18 8
2  45.0 45.0 0.00
153 34.6060 112.1884 2 29 5
2  45.0 45.0 0.00
154 3.9293 85.1532 5 28 9
2  45.0 45.0 0.00
155 18.8178 94.3726 1 21 8
2  45.0 45.0 0.00
156 49.0714 88.4579 9 22 6
2  45.0 45.0 0.00
157 19.4209 74.1851 2 18 7
2  45.0 45.0 0.00
158 30.1095 127.1491 6 16 7
2  45.0 45.0 0.00
159 48.5317 86.1536 8 22 9
2  45.0 45.0 0.00
160 35.5169 86.8390 2 16 8
2  45.0 45.0 0.00
161 22.5689 128.3917 2 22 7
2  45.0 45.0 0.00
162 33.3502 93.5722 6 26 6
2  45.0 45.0 0.00
163 12.3261 96.2366 9 29 7
2  45.0 45.0 0.00
164 33.6184 98.1709 9 21 7
2  45.0 45.0 0.00
165 8.8050 81.0124 10 21 6
2  45.0 45.0 0.00
166 7.8565 126.2884 2 21 7
2  45.0 45.0 0.00
167 37.5389 82.7640 2 28 5
2  45.0 45.0 0.00
168 23.2612 102.7699 8 25 5
2  45.0 45.0 0.00
169 12.9660 81.6200 10 26 8
2  45.0 45.0 0.00
170 29.1679 88.8773 6 15 5
2  45.0 45.0 0.00
171 14.5411 120.5134 6 24 8
2  45.0 45.0 0.00
172 15.8919 100.7051 1 19 6
2  45.0 45.0 0.00
173 38.9432 127.8668 5 17 5
2  45.0 45.0 0.00
174 4.1894 104.0049 2 27 8
2  45.0 45.0 0.00
175 8.8102 116.4820 5 20 7
2  45.0 45.0 0.00
176 51.6217 94.1874 8 27 8
2  45.0 45.0 0.00
177 44.6254 124.7761 7 19 5
2  45.0 45.0 0.00
178 47.9444 105.8631 10 17 5
2  45.0 45.0 0.00
179 50.1736 83.7068 6 19 8
2  45.0 45.0 0.00
180 17.2437 130.1618 3 25 7
2  45.0 45.0 0.00
181 3.3305 98.4410 6 20 8
2  45.0 45.0 0.00
182 28.3061 96.5459 5 16 9
2  45.0 45.0 0.00
183 48.2357 111.4421 2 25 8
2  45.0 45.0 0.00
184 45.7964 111.8540 6 17 5
2  45.0 45.0 0.00
185 26.8035 94.6551 3 27 5
2  45.0 45.0 0.00
186 49.8879 97.7173 5 26 6
2  45.0 45.0 0.00
187 3.9869 112.7985 5 19 5
2  45.0 45.0 0.00
188 23.4246 102.5012 7 22 8
2  45.0 45.0 0.00
189 28.3228 101.1587 5 17 9
2  45.0 45.0 0.00
190 18.1385 102.8188 7 23 5
2  45.0 45.0 0.00
191 34.8654 121.3523 4 23 6
2  45.0 45.0 0.00
192 35.2845 110.0742 1 18 6
2  45.0 45.0 0.00
193 7.7084 110.1001 5 26 7
2  45.0 45.0 0.00
194 15.0703 92.4098 1 23 5
2  45.0 45.0 0.00
195 21.2121 80.4020 2 22 8
2  45.0 45.0 0.00
196 3.3379 84.9723 8 28 7
2  45.0 45.0 0.00
197 25.0389 123.8742 2 25 9
2  45.0 45.0 0.00
198 13.6933 78.8152 8 15 5
2  45.0 45.0 0.00
199 42.5294 87.5990 10 18 5
2  45.0 45.0 0.00
200 47.4060 115.1863 4 24 9
2  45.0 45.0 0.00
201 51.9636 127.3561 4 21 9
2  45.0 45.0 0.00
202 28.6971 90.7416 1 28 7
2  45.0 45.0 0.00
203 25.3076 117.3526 1 26 5
2  45.0 45.0 0.00
204 15.3132 126.2899 1 27 8
2  45.0 45.0 0.00
205 10.2243 89.3489 9 23 5
2  45.0 45.0 0.00
206 9.0463 124.9875 4 20 6
2  45.0 45.0 0.00
207 18.1827 108.8336 9 15 5
2  45.0 45.0 0.00
208 29.7421 97.3465 2 27 9
2  45.0 45.0 0.00
209 48.9086 84.5746 3 22 9
2  45.0 45.0 0.00
210 5.5689 102.4878 6 17 5
2  45.0 45.0 0.00
211 52.9978 125.8368 2 27 9
2  45.0 45.0 0.00
212 38.3395 93.1333 3 19 7
2  45.0 45.0 0.00
213 35.3741 130.1453 9 24 8
2  45.0 45.0 0.00
214 45.4462 115.0359 8 24 9
2  45.0 45.0 0.00
215 45.0245 74.7390 5 28 7
2  45.0 45.0 0.00
216 50.5788 118.3871 10 24 8
2  45.0 45.0 0.00
217 34.4731 115.2532 4 18 5
2  45.0 45.0 0.00
218 24.1520 118.3550 9 16 9
2  45.0 45.0 0.00
219 12.9644 79.2693 5 20 5
2  45.0 45.0 0.00
220 51.2875 108.0637 7 27 5
2  45.0 45.0 0.00
221 20.5390 124.0703 7 18 8
2  45.0 45.0 0.00
222 51.5486 132.8559 3 20 5
2  45.0 45.0 0.00
223 50.5169 116.3701 3 25 5
2  45.0 45.0 0.00
224 50.1631 117.8254 3 21 9
2  45.0 45.0 0.00
225 7.6504 110.7160 4 26 7
2  45.0 45.0 0.00
226 39.8000 112.5061 3 27 9
2  45.0 45.0 0.00
227 21.3591 128.9396 10 21 9
2  45.0 45.0 0.00
228 41.9145 99.5982 10 23 9
2  45.0 45.0 0.00
229 24.2721 96.4886 9 15 7
2  45.0 45.0 0.00
230 26.8226 97.5470 6 18 9
2  45.0 45.0 0.00
231 13.9330 82.0452 7 29 9
2  45.0 45.0 0.00
232 39.1090 77.9183 6 27 6
2  45.0 45.0 0.00
233 18.6268 83.2446 6 22 5
2  45.0 45.0 0.00
234 3.9006 91.5057 10 26 5
2  45.0 45.0 0.00
235 27.9979 84.1347 5 23 9
2  45.0 45.0 0.00
236 38.0766 107.0750 10 17 9
2  45.0 45.0 0.00
237 19.3442 99.7328 9 15 5
2  45.0 45.0 0.00
238 13.8214 130.4188 8 23 6
2  45.0 45.0 0.00
239 37.8159 108.8288 3 18 6
2  45.0 45.0 0.00
240 15.7349 125.0357 6 15 8
2  45.0 45.0 0.00
241 11.4012 111.0195 6 15 6
2  45.0 45.0 0.00
242 4.6540 109.7115 2 29 9
2  45.0 45.0 0.00
243 10.7131 126.6983 9 29 7
2  45.0 45.0 0.00
244 46.3495 81.7719 3 20 6
2  45.0 45.0 0.00
245 6.0516 118.3618 8 21 9
2  45.0 45.0 0.00
246 48.1406 131.3832 8 17 7
2  45.0 45.0 0.00
247 44.7135 104.7399 7 22 6
2  45.0 45.0 0.00
248 37.6613 97.6073 7 25 9
2  45.0 45.0 0.00
249 33.2285 130.4954 8 24 7
2  45.0 45.0 0.00
250 43.0673 110.7721 2 25 5
2  45.0 45.0 0.00
251 8.4250 102.3931 7 26 9
2  45.0 45.0 0.00
252 23.5997 84.1069 5 16 7
2  45.0 45.0 0.00
253 6.0013 98.4146 3 23 6
2  45.0 45.0 0.00
254 34.2632 95.1075 1 24 9
2  45.0 45.0 0.00
255 25.8434 99.9041 6 21 7
2  45.0 45.0 0.00
256 8.1388 82.2864 2 15 9
2  45.0 45.0 0.00
257 16.6638 90.4680 10 15 8
2  45.0 45.0 0.00
258 20.2193 117.4573 6 23 9
2  45.0 45.0 0.00
259 28.4056 90.6488 3 17 8
2  45.0 45.0 0.00
260 12.0497 95.5921 7 19 6
2  45.0 45.0 0.00
261 24.6445 74.3354 5 27 8
2  45.0 45.0 0.00
262 36.0049 76.9553 3 19 9
2  45.0 45.0 0.00
263 15.8611 83.3215 4 19 7
2  45.0 45.0 0.00
264 41.4446 95.1198 1 27 8
2  45.0 45.0 0.00
265 47.2155 120.8288 8 25 8
2  45.0 45.0 0.00
266 11.1360 90.8864 1 26 9
2  45.0 45.0 0.00
267 39.3120 123.9095 10 24 6
2  45.0 45.0 0.00
268 15.5510 102.3678 6 21 7
2  45.0 45.0 0.00
269 16.9232 100.9587 9 25 7
2  45.0 45.0 0.00
270 19.8043 132.6319 10 23 8
2  45.0 45.0 0.00
271 43.6165 104.1513 10 23 8
2  45.0 45.0 0.00
272 34.7871 92.0882 6 17 7
2  45.0 45.0 0.00
273 21.0996 91.2853 1 21 9
2  45.0 45.0 0.00
274 23.4365 105.2319 7 29 5
2  45.0 45.0 0.00
275 16.9715 128.3858 8 20 9
2  45.0 45.0 0.00
276 23.9165 77.8196 5 17 8
2  45.0 45.0 0.00
277 11.4428 116.0453 7 16 9
2  45.0 45.0 0.00
278 13.3526 90.3712 2 29 8
2  45.0 45.0 0.00
279 49.6441 92.7807 10 27 7
2  45.0 45.0 0.00
280 51.6855 74.5772 6 26 9
2  45.0 45.0 0.00
281 42.9443 74.8475 6 23 9
2  45.0 45.0 0.00
282 47.4617 82.0271 7 25 6
2  45.0 45.0 0.00
283 30.7707 82.7664 2 22 9
2  45.0 45.0 0.00
284 35.2285 84.3429 10 22 9
2  45.0 45.0 0.00
285 8.9605 107.0697 5 18 5
2  45.0 45.0 0.00
286 50.4876 77.2581 9 29 6
2  45.0 45.0 0.00
287 22.6022 90.8968 5 18 5
2  45.0 45.0 0.00
288 9.9032 82.6803 9 18 6
2  45.0 45.0 0.00
289 5.8300 108.4174 3 26 7
2  45.0 45.0 0.00
290 41.5055 122.8383 4 29 7
2  45.0 45.0 0.00
291 42.2330 103.7795 9 29 7
2  45.0 45.0 0.00
292 14.5529 121.6446 5 21 5
2  45.0 45.0 0.00
293 43.9133 84.8369 7 20 8
2  45.0 45.0 0.00
294 15.8568 128.6801 8 21 5
2  45.0 45.0 0.00
295 27.1616 130.1490 8 18 8
2  45.0 45.0 0.00
296 29.4460 122.7744 4 24 8
2  45.0 45.0 0.00
297 8.9557 80.9472 1 21 7
2  45.0 45.0 0.00
298 46.9526 93.6169 7 26 8
2  45.0 45.0 0.00
299 19.3660 116.2354 7 17 8
2  45.0 45.0 0.00
300 45.9659 86.5134 4 29 8
2  45.0 45.0 0.00
301 45.1054 98.1960 1 28 8
2  45.0 45.0 0.00
302 44.6088 90.7979 4 20 5
2  45.0 45.0 0.00
303 23.0742 82.4725 10 25 9
2  45.0 45.0 0.00
304 37.2906 118.3297 6 28 5
2  45.0 45.0 0.00
305 48.6760 84.5629 10 26 6
2  45.0 45.0 0.00
306 41.1321 118.6975 5 23 6
2  45.0 45.0 0.00
307 18.1848 124.7081 6 28 8
2  45.0 45.0 0.00
308 37.9591 86.5968 3 25 5
2  45.0 45.0 0.00
309 32.1210 132.8909 9 24 8
2  45.0 45.0 0.00
310 11.4723 75.4798 3 18 5
2  45.0 45.0 0.00
311 8.1912 91.7989 8 28 9
2  45.0 45.0 0.00
312 35.4697 111.6617 2 22 6
2  45.0 45.0 0.00
313 6.5276 114.8501 7 17 8
2  45.0 45.0 0.00
314 29.9841 90.3027 7 15 8
2  45.0 45.0 0.00
315 25.9600 76.5380 9 27 6
2  45.0 45.0 0.00
316 48.7669 108.5439 4 15 5
2  45.0 45.0 0.00
317 39.0656 106.1887 3 23 7
2  45.0 45.0 0.00
318 52.5190 132.3126 5 29 7
2  45.0 45.0 0.00
319 5.7410 115.2141 6 20 7
2  45.0 45.0 0.00
320 47.2460 124.7253 8 29 5
2  45.0 45.0 0.00
321 47.0534 74.6105 8 21 5
2  45.0 45.0 0.00
322 5.2429 100.4073 3 24 7
2  45.0 45.0 0.00
323 5.8498 107.7784 3 20 5
2  45.0 45.0 0.00
324 28.8703 82.3006 10 24 6
2  45.0 45.0 0.00
325 30.5569 90.8501 7 22 5
2  45.0 45.0 0.00
326 40.7816 113.1337 9 21 7
2  45.0 45.0 0.00
327 5.6625 110.3118 5 29 7
2  45.0 45.0 0.00
328 37.7235 79.3498 4 20 6
2  45.0 45.0 0.00
329 29.6796 94.9601 4 21 6
2  45.0 45.0 0.00
330 26.7590 91.8954 6 20 7
2  45.0 45.0 0.00
331 39.4955 86.2756 3 26 7
2  45.0 45.0 0.00
332 32.1783 102.6358 2 18 6
2  45.0 45.0 0.00
333 21.7981 74.2305 5 17 5
2  45.0 45.0 0.00
334 24.7566 109.3109 3 29 8
2  45.0 45.0 0.00
335 23.5788 121.4646 3 21 9
2  45.0 45.0 0.00
336 12.2568 124.7746 1 19 8
2  45.0 45.0 0.00
337 25.0354 91.9556 4 28 6
2  45.0 45.0 0.00
338 44.5996 125.7843 8 22 6
2  45.0 45.0 0.00
339 13.0269 123.8714 9 29 8
2  45.0 45.0 0.00
340 28.6543 86.2560 10 19 9
2  45.0 45.0 0.00
341 46.4999 94.1178 1 25 6
2  45.0 45.0 0.00
342 49.1083 122.2492 9 28 6
2  45.0 45.0 0.00
343 39.0328 83.4843 10 23 5
2  45.0 45.0 0.00
344 6.0018 78.4391 1 28 7
2  45.0 45.0 0.00
345 30.7697 78.4468 4 25 9
2  45.0 45.0 0.00
346 31.1860 123.9469 1 24 9
2  45.0 45.0 0.00
347 51.2101 105.8316 6 19 7
2  45.0 45.0 0.00
348 7.4372 109.7063 5 24 6
2  45.0 45.0 0.00
349 3.5586 73.5709 8 17 6
2  45.0 45.0 0.00
350 4.2900 88.8636 1 28 8
2  45.0 45.0 0.00
351 24.1217 90.8502 10 28 8
2  45.0 45.0 0.00
352 41.9609 112.4269 6 27 6
2  45.0 45.0 0.00
353 6.6526 82.6916 3 29 8
2  45.0 45.0 0.00
354 11.6731 124.2796 1 29 7
2  45.0 45.0 0.00
355 25.4131 99.8720 10 23 8
2  45.0 45.0 0.00
356 30.2939 129.3891 4 20 8
2  45.0 45.0 0.00
357 17.9663 129.8626 10 29 9
2  45.0 45.0 0.00
358 36.3350 111.5708 2 25 5
2  45.0 45.0 0.00
359 24.5815 118.1026 7 20 5
2  45.0 45.0 0.00
360 45.4823 74.8387 8 20 6
2  45.0 45.0 0.00
361 11.5571 89.5448 10 19 8
2  45.0 45.0 0.00
362 51.7283 118.0869 5 19 6
2  45.0 45.0 0.00
363 44.9700 88.4763 10 16 6
2  45.0 45.0 0.00
364 9.2671 84.0906 10 15 8
2  45.0 45.0 0.00
365 29.5308 82.0647 4 28 9
2  45.0 45.0 0.00
366 37.8276 77.4003 6 21 9
2  45.0 45.0 0.00
367 28.7617 107.1262 6 16 9
2  45.0 45.0 0.00
368 4.1790 111.5268 9 18 7
2  45.0 45.0 0.00
369 48.7625 94.8718 2 21 5
2  45.0 45.0 0.00
370 11.6845 112.1005 9 16 5
2  45.0 45.0 0.00
371 36.2401 74.3568 6 26 9
2  45.0 45.0 0.00
372 4.0031 94.4568 4 20 5
2  45.0 45.0 0.00
373 48.0614 91.1337 8 20 8
2  45.0 45.0 0.00
374 16.5315 81.7718 5 18 7
2  45.0 45.0 0.00
375 27.1614 128.2588 10 22 7
2  45.0 45.0 0.00
376 11.3043 114.5533 5 27 5
2  45.0 45.0 0.00
377 5.2439 131.4431 4 20 6
2  45.0 45.0 0.00
378 27.6310 121.9921 9 17 7
2  45.0 45.0 0.00
379 36.2983 88.0080 9 16 8
2  45.0 45.0 0.00
380 33.6511 132.9976 3 26 8
2  45.0 45.0 0.00
381 4.3746 97.0638 6 24 5
2  45.0 45.0 0.00
382 40.1911 103.7902 2 19 7
2  45.0 45.0 0.00
383 19.3754 104.8942 3 19 9
2  45.0 45.0 0.00
384 49.3588 131.1176 8 15 9
2  45.0 45.0 0.00
385 25.7048 131.8213 10 26 8
2  45.0 45.0 0.00
386 14.6547 122.9066 3 26 5
2  45.0 45.0 0.00
387 11.3063 130.4372 9 17 7
2  45.0 45.0 0.00
388 35.1908 92.6880 4 17 6
2  45.0 45.0 0.00
389 51.9725 102.7951 2 24 6
2  45.0 45.0 0.00
390 9.7198 128.7383 5 19 9
2  45.0 45.0 0.00
391 35.2198 130.7314 4 28 8
2  45.0 45.0 0.00
392 5.3569 110.1934 2 29 9
2  45.0 45.0 0.00
393 48.6023 116.5971 9 17 8
2  45.0 45.0 0.00
394 21.5110 93.0656 1 27 7
2  45.0 45.0 0.00
395 32.9521 120.5803 1 27 8
2  45.0 45.0 0.00
396 50.8755 93.0474 10 22 5
2  45.0 45.0 0.00
397 18.2061 106.1657 2 26 8
2  45.0 45.0 0.00
398 13.1968 78.2970 2 23 6
2  45.0 45.0 0.00
399 4.1962 93.0266 3 19 6
2  45.0 45.0 0.00
400 15.6416 92.4170 3 29 6
2  45.0 45.0 0.00
401 42.9984 79.3877 2 27 9
2  45.0 45.0 0.00
402 45.5695 81.8501 8 16 8
2  45.0 45.0 0.00
403 38.6507 78.6554 2 27 8
2  45.0 45.0 0.00
404 20.9642 128.9283 6 20 7
2  45.0 45.0 0.00
405 17.0969 120.7369 9 21 5
2  45.0 45.0 0.00
406 16.2633 102.0218 1 21 7
2  45.0 45.0 0.00
407 34.6947 96.6544 8 19 5
2  45.0 45.0 0.00
408 12.8830 117.8176 4 28 5
2  45.0 45.0 0.00
409 5.8217 131.3422 4 28 6
2  45.0 45.0 0.00
410 49.4835 104.0006 6 24 8
2  45.0 45.0 0.00
411 19.0348 129.3702 9 21 6
2  45.0 45.0 0.00
412 3.2177 112.8721 9 24 9
2  45.0 45.0 0.00
413 21.3847 114.1164 5 23 9
2  45.0 45.0 0.00
414 18.9387 119.5831 6 26 6
2  45.0 45.0 0.00
415 33.6162 75.5635 4 20 6
2  45.0 45.0 0.00
416 18.4784 128.4409 8 18 8
2  45.0 45.0 0.00
417 40.4295 126.0054 2 25 8
2  45.0 45.0 0.00
418 37.7196 132.5100 5 29 6
2  45.0 45.0 0.00
419 29.6563 80.4718 4 15 7
2  45.0 45.0 0.00
420 21.5580 97.5053 10 29 8
2  45.0 45.0 0.00
421 10.6642 119.3651 3 18 7
2  45.0 45.0 0.00
422 16.8985 108.1097 3 17 7
2  45.0 45.0 0.00
423 7.0170 99.5578 6 15 8
2  45.0 45.0 0.00
424 27.2135 73.5402 8 27 7
2  45.0 45.0 0.00
425 19.3471 122.3463 9 22 9
2  45.0 45.0 0.00
426 27.3897 132.7182 9 27 6
2  45.0 45.0 0.00
427 48.0573 131.8806 5 22 6
2  45.0 45.0 0.00
428 51.7919 111.0930 10 18 7
2  45.0 45.0 0.00
429 8.4614 121.5655 2 20 8
2  45.0 45.0 0.00
430 7.5248 79.5189 3 20 8
2  45.0 45.0 0.00
431 21.1078 106.2758 5 21 9
2  45.0 45.0 0.00
432 19.5423 89.7916 10 18 7
2  45.0 45.0 0.00
433 17.1333 119.0066 8 28 5
2  45.0 45.0 0.00
434 7.9498 127.8450 7 25 8
2  45.0 45.0 0.00
435 45.4693 117.9911 8 20 6
2  45.0 45.0 0.00
436 28.8758 99.7007 8 26 8
2  45.0 45.0 0.00
437 21.9573 112.3876 8 15 9
2  45.0 45.0 0.00
438 20.3275 106.0006 1 25 7
2  45.0 45.0 0.00
439 37.7989 96.1075 7 25 8
2  45.0 45.0 0.00
440 20.1226 126.8340 9 18 5
2  45.0 45.0 0.00
441 11.8206 99.4758 2 24 5
2  45.0 45.0 0.00
442 33.6152 83.8828 7 15 5
2  45.0 45.0 0.00
443 47.2917 104.5254 5 22 9
2  45.0 45.0 0.00
444 34.3103 117.3471 4 16 5
2  45.0 45.0 0.00
445 30.4493 87.7972 3 18 5
2  45.0 45.0 0.00
446 26.2131 77.3261 1 24 7
2  45.0 45.0 0.00
447 34.0141 86.6716 4 24 7
2  45.0 45.0 0.00
448 49.8942 75.7643 6 15 5
2  45.0 45.0 0.00
449 11.2584 102.4236 5 22 5
2  45.0 45.0 0.00
450 11.5277 124.6920 8 27 6
2  45.0 45.0 0.00
451 33.1667 120.3846 3 16 9
2  45.0 45.0 0.00
452 49.4896 84.4761 7 22 9
2  45.0 45.0 0.00
453 30.0101 105.8230 2 23 8
2  45.0 45.0 0.00
454 35.8987 126.8809 8 29 6
2  45.0 45.0 0.00
455 32.0067 116.9679 5 28 8
2  45.0 45.0 0.00
456 5.9296 116.0318 1 18 6
2  45.0 45.0 0.00
457 33.1365 86.8320 10 18 6
2  45.0 45.0 0.00
458 44.5269 80.0134 8 26 9
2  45.0 45.0 0.00
459 40.3307 103.8915 7 15 5
2  45.0 45.0 0.00
460 33.9059 129.7326 10 26 6
2  45.0 45.0 0.00
461 16.6270 126.4297 2 23 9
2  45.0 45.0 0.00
462 46.5268 125.2498 7 21 8
2  45.0 45.0 0.00
463 13.6298 129.7043 6 18 5
2  45.0 45.0 0.00
464 18.4834 90.3419 6 18 9
2  45.0 45.0 0.00
465 30.0542 80.9651 10 15 8
2  45.0 45.0 0.00
466 6.2638 113.4646 7 28 8
2  45.0 45.0 0.00
467 8.6525 129.7131 5 15 6
2  45.0 45.0 0.00
468 38.6117 112.3803 7 19 8
2  45.0 45.0 0.00
469 50.9854 113.2191 10 15 6
2  45.0 45.0 0.00
470 43.0771 90.9624 5 15 7
2  45.0 45.0 0.00
471 19.4543 114.0827 6 26 6
2  45.0 45.0 0.00
472 9.9894 123.8426 6 29 6
2  45.0 45.0 0.00
473 12.8063 132.3177 6 25 6
2  45.0 45.0 0.00
474 16.3688 127.5617 5 15 7
2  45.0 45.0 0.00
475 35.6665 131.9580 9 24 5
2  45.0 45.0 0.00
476 46.5382 80.7955 1 25 6
2  45.0 45.0 0.00
477 41.2951 112.6658 9 20 5
2  45.0 45.0 0.00
478 24.4169 82.2059 2 26 8
2  45.0 45.0 0.00
479 46.2429 115.6299 5 15 5
2  45.0 45.0 0.00
480 51.5540 132.1935 8 25 9
2  45.0 45.0 0.00
481 47.6090 90.6485 2 23 8
2  45.0 45.0 0.00
482 20.3226 76.4372 10 25 6
2  45.0 45.0 0.00
483 3.4932 82.9686 7 26 6
2  45.0 45.0 0.00
484 29.7515 108.6404 9 22 5
2  45.0 45.0 0.00
485 8.6972 80.2822 1 20 9
2  45.0 45.0 0.00
486 50.1416 129.9867 10 23 6
2  45.0 45.0 0.00
487 47.2103 97.4764 1 26 5
2  45.0 45.0 0.00
488 26.5881 76.7525 10 26 6
2  45.0 45.0 0.00
489 21.5526 99.1069 9 23 9
2  45.0 45.0 0.00
490 37.9357 130.9957 5 24 6
2  45.0 45.0 0.00
491 21.8537 101.4217 2 23 9
2  45.0 45.0 0.00
492 41.5406 129.0865 1 25 8
2  45.0 45.0 0.00
493 22.8336 101.6759 10 20 6
2  45.0 45.0 0.00
494 33.0962 96.6281 9 25 7
2  45.0 45.0 0.00
495 26.6244 124.0037 4 19 6
2  45.0 45.0 0.00
496 36.9415 107.6819 7 21 7
2  45.0 45.0 0.00
497 51.8119 91.8359 3 20 5
2  45.0 45.0 0.00
498 23.5255 121.8573 7 28 9
2  45.0 45.0 0.00
499 29.8493 96.2934 3 15 6
2  45.0 45.0 0.00
500 47.6560 77.7801 5 19 5
2  45.0 45.0 0.00
501 18.2456 88.9350 9 18 9
2  45.0 45.0 0.00
502 29.3506 84.5885 8 19 6
2  45.0 45.0 0.00
503 12.6390 104.6590 4 18 7
2  45.0 45.0 0.00
504 7.1370 80.6327 1 17 7
2  45.0 45.0 0.00
505 42.3818 103.3422 4 25 5
2  45.0 45.0 0.00
506 7.2132 120.0852 9 15 9
2  45.0 45.0 0.00
507 32.9581 87.8421 8 18 7
2  45.0 45.0 0.00
508 38.5327 78.4444 10 22 7
2  45.0 45.0 0.00
509 13.8684 105.5749 2 24 8
2  45.0 45.0 0.00
510 3.4668 82.4485 1 24 6
2  45.0 45.0 0.00
511 41.2954 127.6918 4 26 8
2  45.0 45.0 0.00
512 42.9605 106.7419 1 15 5
2  45.0 45.0 0.00
513 40.1129 81.9487 7 20 7
2  45.0 45.0 0.00
514 50.2706 88.8009 8 24 7
2  45.0 45.0 0.00
515 52.6000 112.4472 4 25 7
2  45.0 45.0 0.00
516 15.2360 123.8947 2 16 5
2  45.0 45.0 0.00
517 49.3395 80.4852 9 27 7
2  45.0 45.0 0.00
518 37.3816 101.4682 10 22 7
2  45.0 45.0 0.00
519 10.4144 76.9996 2 20 9
2  45.0 45.0 0.00
520 6.4112 84.0663 4 17 9
2  45.0 45.0 0.00
521 40.2993 102.4938 1 18 9
2  45.0 45.0 0.00
522 8.4227 86.6571 4 20 7
2  45.0 45.0 0.00
523 50.5482 102.4402 9 27 6
2  45.0 45.0 0.00
524 33.8752 92.3313 7 26 7
2  45.0 45.0 0.00
525 26.5471 117.5777 1 17 6
2  45.0 45.0 0.00
526 49.2670 88.4783 2 27 5
2  45.0 45.0 0.00
527 6.0141 112.6569 2 18 5
2  45.0 45.0 0.00
528 24.7613 127.0988 1 28 6
2  45.0 45.0 0.00
529 26.0007 80.8864 9 29 8
2  45.0 45.0 0.00
530 35.8810 86.2556 3 16 5
2  45.0 45.0 0.00
531 40.3017 97.7326 8 25 8
2  45.0 45.0 0.00
532 3.1512 90.9630 7 29 8
2  45.0 45.0 0.00
533 45.5241 97.5472 5 19 7
2  45.0 45.0 0.00
534 17.5009 90.0035 8 26 6
2  45.0 45.0 0.00
535 38.7929 97.2046 3 22 7
2  45.0 45.0 0.00
536 19.9751 120.0970 7 23 5
2  45.0 45.0 0.00
537 38.2206 80.6447 6 24 6
2  45.0 45.0 0.00
538 35.4036 129.9542 4 21 7
2  45.0 45.0 0.00
539 9.7922 129.7737 1 17 9
2  45.0 45.0 0.00
540 5.5448 122.9583 1 22 9
2  45.0 45.0 0.00
541 21.7114 101.6914 10 28 9
2  45.0 45.0 0.00
542 20.1312 126.4955 1 16 5
2  45.0 45.0 0.00
543 13.9038 117.0732 3 28 6
2  45.0 45.0 0.00
544 39.1536 118.8407 8 15 5
2  45.0 45.0 0.00
545 20.0390 124.6633 2 18 5
2  45.0 45.0 0.00
546 41.4815 86.9342 2 25 7
2  45.0 45.0 0.00
547 28.3432 89.5599 6 25 5
2  45.0 45.0 0.00
548 14.3112 85.6245 2 25 6
2  45.0 45.0 0.00
549 40.8240 122.6197 1 18 6
2  45.0 45.0 0.00
550 23.0645 75.4155 9 28 5
2  45.0 45.0 0.00
551 17.3442 121.5960 4 21 8
2  45.0 45.0 0.00
552 28.6586 87.0421 6 26 8
2  45.0 45.0 0.00
553 8.5193 85.7965 3 23 7
2  45.0 45.0 0.00
554 50.1039 73.6586 8 26 5
2  45.0 45.0 0.00
555 28.6331 75.1296 5 26 5
2  45.0 45.0 0.00
556 28.6892 109.2521 4 15 6
2  45.0 45.0 0.00
557 39.4685 91.3428 8 23 6
2  45.0 45.0 0.00
558 37.8465 123.9295 3 15 7
2  45.0 45.0 0.00
559 52.6094 100.2773 7 28 9
2  45.0 45.0 0.00
560 30.1602 88.5152 10 24 7
2  45.0 45.0 0.00
561 22.5157 88.3309 9 27 8
2  45.0 45.0 0.00
562 15.5695 73.6628 8 20 6
2  45.0 45.0 0.00
563 48.4486 86.4134 1 21 5
2  45.0 45.0 0.00
564 43.2337 113.3424 6 19 6
2  45.0 45.0 0.00
565 7.6626 132.4374 1 18 7
2  45.0 45.0 0.00
566 5.9020 79.1567 5 27 5
2  45.0 45.0 0.00
567 15.7599 129.6559 9 23 7
2  45.0 45.0 0.00
568 26.6928 102.7067 4 28 7
2  45.0 45.0 0.00
569 37.2942 101.7263 1 25 7
2  45.0 45.0 0.00
570 41.4315 74.5471 8 27 6
2  45.0 45.0 0.00
571 46.5416 128.8867 2 20 7
2  45.0 45.0 0.00
572 22.9845 73.2733 8 19 5
2  45.0 45.0 0.00
573 10.4389 82.1997 8 18 7
2  45.0 45.0 0.00
574 51.2353 114.3225 9 29 8
2  45.0 45.0 0.00
575 18.4781 120.4129 1 28 6
2  45.0 45.0 0.00
576 33.7240 90.5168 4 26 8
2  45.0 45.0 0.00
577 4.6127 87.7420 8 22 5
2  45.0 45.0 0.00
578 19.1876 108.9739 10 16 8
2  45.0 45.0 0.00
579 26.4651 84.0927 10 25 8
2  45.0 45.0 0.00
580 29.6277 88.0942 9 18 8
2  45.0 45.0 0.00
581 6.9961 74.9027 8 16 6
2  45.0 45.0 0.00
582 7.0308 75.7402 9 15 5
2  45.0 45.0 0.00
583 8.3872 85.8232 2 22 7
2  45.0 45.0 0.00
584 48.1539 114.0102 8 17 7
2  45.0 45.0 0.00
585 21.2571 107.1024 5 20 9
2  45.0 45.0 0.00
586 9.2342 77.8194 7 17 7
2  45.0 45.0 0.00
587 21.1456 77.5965 9 17 5
2  45.0 45.0 0.00
588 3.0272 81.1244 7 17 6
2  45.0 45.0 0.00
589 16.9042 105.3886 9 16 7
2  45.0 45.0 0.00
590 15.7791 113.1059 9 18 9
2  45.0 45.0 0.00
591 45.4526 76.4572 10 25 5
2  45.0 45.0 0.00
592 28.5775 113.4078 4 19 8
2  45.0 45.0 0.00
593 3.0147 124.5638 7 24 5
2  45.0 45.0 0.00
594 4.5568 76.8730 9 21 9
2  45.0 45.0 0.00
595 41.3835 104.3289 8 29 8
2  45.0 45.0 0.00
596 44.2665 102.2392 3 28 9
2  45.0 45.0 0.00
597 25.8126 122.4908 4 17 7
2  45.0 45.0 0.00
598 18.2646 95.6257 10 15 8
2  45.0 45.0 0.00
599 19.3540 123.5241 2 21 7
2  45.0 45.0 0.00
600 23.9343 126.0093 9 28 8
2  45.0 45.0 0.00
601 12.5516 85.2337 8 21 6
2  45.0 45.0 0.00
602 19.3452 78.8133 3 16 9
2  45.0 45.0 0.00
603 4.2115 118.9951 6 19 6
2  45.0 45.0 0.00
604 11.7724 112.7811 3 18 6
2  45.0 45.0 0.00
605 35.7021 76.7403 6 26 8
2  45.0 45.0 0.00
606 49.2802 76.5488 4 21 8
2  45.0 45.0 0.00
607 50.0921 109.1722 8 19 6
2  45.0 45.0 0.00
608 15.6178 96.1515 2 28 6
2  45.0 45.0 0.00
609 13.4201 91.3909 7 16 5
2  45.0 45.0 0.00
610 31.0247 105.6260 2 16 6
2  45.0 45.0 0.00
611 40.7834 112.1295 8 25 5
2  45.0 45.0 0.00
612 9.4347 97.8719 2 26 9
2  45.0 45.0 0.00
613 16.3879 114.6416 3 19 5
2  45.0 45.0 0.00
614 24.0680 102.3721 7 16 5
2  45.0 45.0 0.00
615 42.4794 117.8483 10 15 7
2  45.0 45.0 0.00
616 20.3763 132.4276 4 24 7
2  45.0 45.0 0.00
617 22.0918 129.3976 9 15 5
2  45.0 45.0 0.00
618 17.4842 128.2839 1 17 5
2  45.0 45.0 0.00
619 44.8912 111.2190 1 15 9
2  45.0 45.0 0.00
620 28.7188 131.6961 4 29 7
2  45.0 45.0 0.00
621 6.5480 99.9834 7 29 6
2  45.0 45.0 0.00
622 3.4098 111.1035 10 17 9
2  45.0 45.0 0.00
623 9.9116 117.9363 8 17 5
2  45.0 45.0 0.00
624 19.3899 110.7961 10 19 5
2  45.0 45.0 0.00
625 27.9981 92.5634 4 15 5
2  45.0 45.0 0.00
626 10.6302 116.8463 2 16 5
2  45.0 45.0 0.00
627 21.4629 76.0587 8 17 9
2  45.0 45.0 0.00
628 49.6056 73.0650 8 25 5
2  45.0 45.0 0.00
629 35.7313 119.5710 1 20 6
2  45.0 45.0 0.00
630 7.4443 101.5644 9 29 5
2  45.0 45.0 0.00
631 47.2221 113.8722 1 27 5
2  45.0 45.0 0.00
632 40.2452 98.3916 2 26 6
2  45.0 45.0 0.00
633 16.8712 105.8214 8 15 5
2  45.0 45.0 0.00
634 7.3627 108.8531 5 18 6
2  45.0 45.0 0.00
635 19.3358 129.2721 10 17 5
2  45.0 45.0 0.00
636 39.1890 131.0983 7 26 6
2  45.0 45.0 0.00
637 36.8266 120.4857 1 15 5
2  45.0 45.0 0.00
638 37.4028 85.0973 10 29 8
2  45.0 45.0 0.00
639 28.4459 85.4623 1 21 6
2  45.0 45.0 0.00
640 8.3801 119.0957 8 20 9
2  45.0 45.0 0.00
641 27.5667 86.3403 9 24 5
2  45.0 45.0 0.00
642 50.3287 102.6252 8 26 7
2  45.0 45.0 0.00
643 41.8299 113.4979 5 23 6
2  45.0 45.0 0.00
644 27.2997 102.0836 1 29 5
2  45.0 45.0 0.00
645 47.2816 111.4298 8 22 6
2  45.0 45.0 0.00
646 8.9506 102.3346 5 27 6
2  45.0 45.0 0.00
647 50.7759 110.3682 6 28 7
2  45.0 45.0 0.00
648 25.7097 83.7347 6 15 6
2  45.0 45.0 0.00
649 12.7151 97.4991 10 21 6
2  45.0 45.0 0.00
650 44.6977 112.7948 3 18 6
2  45.0 45.0 0.00
651 34.1438 122.5883 3 18 5
2  45.0 45.0 0.00
652 45.5419 114.6973 10 19 7
2  45.0 45.0 0.00
653 25.8831 111.8177 7 22 9
2  45.0 45.0 0.00
654 10.6898 120.1050 6 16 8
2  45.0 45.0 0.00
655 18.3541 101.6172 7 24 5
2  45.0 45.0 0.00
656 26.8657 85.7512 6 18 5
2  45.0 45.0 0.00
657 25.7883 87.5819 7 23 5
2  45.0 45.0 0.00
658 9.4523 95.8311 10 26 7
2  45.0 45.0 0.00
659 40.9619 126.2559 7 21 8
2  45.0 45.0 0.00
660 30.3670 127.8649 6 21 8
2  45.0 45.0 0.00
661 5.4435 106.5030 1 23 8
2  45.0 45.0 0.00
662 10.2961 85.3817 10 16 7
2  45.0 45.0 0.00
663 34.9159 99.2127 5 17 9
2  45.0 45.0 0.00
664 13.7316 75.9040 2 21 5
2  45.0 45.0 0.00
665 41.6639 74.2987 4 23 9
2  45.0 45.0 0.00
666 23.9742 76.6844 9 28 8
2  45.0 45.0 0.00
667 31.1449 118.3583 10 22 5
2  45.0 45.0 0.00
668 47.8691 112.0919 6 29 5
2  45.0 45.0 0.00
669 49.1342 89.7395 8 17 5
2  45.0 45.0 0.00
670 19.1180 114.3075 1 21 7
2  45.0 45.0 0.00
671 27.9470 99.9554 3 21 6
2  45.0 45.0 0.00
672 4.3612 131.1655 4 24 8
2  45.0 45.0 0.00
673 7.2258 89.9499 6 21 7
2  45.0 45.0 0.00
674 47.1173 129.7948 9 17 6
2  45.0 45.0 0.00
675 31.1550 76.5899 3 20 6
2  45.0 45.0 0.00
676 27.7143 123.8233 5 22 9
2  45.0 45.0 0.00
677 39.5513 109.5848 6 20 6
2  45.0 45.0 0.00
678 8.6821 93.1645 5 16 8
2  45.0 45.0 0.00
679 49.3978 73.9933 6 18 7
2  45.0 45.0 0.00
680 35.0093 121.8055 8 23 5
2  45.0 45.0 0.00
681 21.7891 103.3757 2 16 6
2  45.0 45.0 0.00
682 24.9554 75.9562 8 17 9
2  45.0 45.0 0.00
683 12.0085 99.9997 9 26 5
2  45.0 45.0 0.00
684 26.7385 126.1124 9 16 5
2  45.0 45.0 0.00
685 30.3135 124.0947 8 22 9
2  45.0 45.0 0.00
686 30.3272 121.1358 4 28 7
2  45.0 45.0 0.00
687 37.0431 89.2632 9 20 8
2  45.0 45.0 0.00
688 14.2382 105.5498 2 17 8
2  45.0 45.0 0.00
689 6.2186 82.8388 1 17 9
2  45.0 45.0 0.00
690 26.8980 89.7136 4 16 8
2  45.0 45.0 0.00
691 40.7490 114.6191 3 22 7
2  45.0 45.0 0.00
692 29.2101 75.3433 7 18 9
2  45.0 45.0 0.00
693 34.8422 83.2218 2 24 5
2  45.0 45.0 0.00
694 48.4558 79.9968 2 15 9
2  45.0 45.0 0.00
695 49.6136 117.5318 6 22 5
2  45.0 45.0 0.00
696 22.1146 115.1247 8 23 7
2  45.0 45.0 0.00
697 16.3992 116.1435 9 17 6
2  45.0 45.0 0.00
698 52.3605 121.1393 1 28 5
2  45.0 45.0 0.00
699 12.2855 91.4447 7 18 7
2  45.0 45.0 0.00
700 47.7004 105.1209 5 15 8
2  45.0 45.0 0.00
701 21.0673 88.6208 5 16 5
2  45.0 45.0 0.00
702 3.6392 84.5563 3 21 8
2  45.0 45.0 0.00
703 44.1062 101.7504 3 26 5
2  45.0 45.0 0.00
704 48.8893 132.9686 10 19 5
2  45.0 45.0 0.00
705 8.3397 84.9667 2 28 6
2  45.0 45.0 0.00
706 34.2430 103.5480 5 15 8
2  45.0 45.0 0.00
707 45.3472 114.3080 9 26 9
2  45.0 45.0 0.00
708 3.3818 110.7617 6 15 5
2  45.0 45.0 0.00
709 42.7303 96.3188 1 18 9
2  45.0 45.0 0.00
710 38.3268 104.9448 9 17 7
2  45.0 45.0 0.00
711 47.7266 86.2366 5 28 8
2  45.0 45.0 0.00
712 11.0951 92.8597 4 26 8
2  45.0 45.0 0.00
713 28.1825 80.7857 7 26 9
2  45.0 45.0 0.00
714 9.6829 114.9885 5 26 7
2  45.0 45.0 0.00
715 17.4212 129.8986 10 19 5
2  45.0 45.0 0.00
716 38.9073 132.5813 4 16 7
2  45.0 45.0 0.00
717 7.6224 92.1786 7 23 5
2  45.0 45.0 0.00
718 34.3167 118.3669 10 17 8
2  45.0 45.0 0.00
719 36.8320 125.5913 4 20 6
2  45.0 45.0 0.00
720 36.2422 109.8797 6 19 7
2  45.0 45.0 0.00
721 3.3364 118.2722 8 24 8
2  45.0 45.0 0.00
722 50.3111 128.3483 3 28 6
2  45.0 45.0 0.00
723 11.4441 87.5122 7 18 5
2  45.0 45.0 0.00
724 12.2003 108.5549 6 24 9
2  45.0 45.0 0.00
725 21.8771 106.6822 8 17 5
2  45.0 45.0 0.00
726 23.5951 109.8565 3 29 7
2  45.0 45.0 0.00
727 8.1743 114.1531 7 24 9
2  45.0 45.0 0.00
728 19.8956 113.1219 7 28 9
2  45.0 45.0 0.00
729 38.1931 124.7904 10 27 5
2  45.0 45.0 0.00
730 24.7385 110.5608 2 19 8
2  45.0 45.0 0.00
731 6.6131 131.9668 4 19 8
2  45.0 45.0 0.00
732 25.2679 110.0567 4 21 6
2  45.0 45.0 0.00
733 19.5973 131.1097 8 20 8
2  45.0 45.0 0.00
734 27.1498 108.4769 6 21 6
2  45.0 45.0 0.00
735 28.7653 113.5697 3 25 5
2  45.0 45.0 0.00
736 28.7184 116.1319 1 17 5
2  45.0 45.0 0.00
737 42.2945 91.0794 8 17 5
2  45.0 45.0 0.00
738 9.0352 94.6667 7 29 7
2  45.0 45.0 0.00
739 39.0150 85.7904 3 22 5
2  45.0 45.0 0.00
740 39.7683 101.2867 7 18 7
2  45.0 45.0 0.00
741 45.1744 83.6178 7 29 7
2  45.0 45.0 0.00
742 22.8050 90.0308 9 19 7
2  45.0 45.0 0.00
743 39.3247 102.0169 9 21 7
2  45.0 45.0 0.00
744 4.5312 119.7216 1 18 5
2  45.0 45.0 0.00
745 9.0942 109.2323 5 29 5
2  45.0 45.0 0.00
746 18.1067 82.1344 6 23 6
2  45.0 45.0 0.00
747 5.1461 102.5291 4 24 6
2  45.0 45.0 0.00
748 33.4463 92.2077 10 25 6
2  45.0 45.0 0.00
749 44.8429 75.8798 3 20 8
2  45.0 45.0 0.00
750 14.8342 119.7293 6 28 5
2  45.0 45.0 0.00
751 50.8337 86.6041 7 18 5
2  45.0 45.0 0.00
752 14.9809 85.3628 6 28 5
2  45.0 45.0 0.00
753 15.1930 116.2364 6 29 6
2  45.0 45.0 0.00
754 14.7171 122.0805 8 16 8
2  45.0 45.0 0.00
755 38.5247 79.6592 5 29 8
2  45.0 45.0 0.00
756 6.6943 85.4887 6 19 7
2  45.0 45.0 0.00
757 29.1656 86.6395 3 21 8
2  45.0 45.0 0.00
758 43.8094 89.4005 4 24 8
2  45.0 45.0 0.00
759 23.1440 98.6036 8 25 8
2  45.0 45.0 0.00
760 8.8125 79.4670 10 17 9
2  45.0 45.0 0.00
761 23.9337 113.4638 3 19 8
2  45.0 45.0 0.00
762 45.2844 90.4094 9 21 7
2  45.0 45.0 0.00
763 4.5736 127.2581 5 19 8
2  45.0 45.0 0.00
764 3.8268 89.9017 1 17 9
2  45.0 45.0 0.00
765 51.0500 85.4174 10 20 9
2  45.0 45.0 0.00
766 17.1884 99.6158 10 17 9
2  45.0 45.0 0.00
767 51.3052 77.0784 5 20 6
2  45.0 45.0 0.00
768 45.4457 130.0847 9 25 9
2  45.0 45.0 0.00
769 29.3016 124.0391 6 17 6
2  45.0 45.0 0.00
770 27.9290 79.2188 7 29 8
2  45.0 45.0 0.00
771 44.7278 128.9401 10 18 9
2  45.0 45.0 0.00
772 13.5859 92.8320 4 20 8
2  45.0 45.0 0.00
773 23.1045 80.4974 7 23 5
2  45.0 45.0 0.00
774 51.1749 103.3414 6 15 9
2  45.0 45.0 0.00
775 6.2562 106.8803 2 19 6
2  45.0 45.0 0.00
776 8.5175 77.4090 5 16 6
2  45.0 45.0 0.00
777 12.0060 102.4859 6 21 9
2  45.0 45.0 0.00
778 4.6884 121.2340 7 21 9
2  45.0 45.0 0.00
779 28.9190 109.8470 7 29 6
2  45.0 45.0 0.00
780 23.0537 88.3693 2 16 8
2  45.0 45.0 0.00
781 52.6445 77.0656 8 16 7
2  45.0 45.0 0.00
782 16.4942 110.4410 9 28 7
2  45.0 45.0 0.00
783 9.9117 88.1050 3 16 6
2  45.0 45.0 0.00
784 48.5330 116.0616 5 25 6
2  45.0 45.0 0.00
785 10.9799 76.6216 5 16 5
2  45.0 45.0 0.00
786 25.5503 107.1990 7 15 6
2  45.0 45.0 0.00
787 45.7097 130.4116 1 20 7
2  45.0 45.0 0.00
788 8.6180 96.2840 6 27 9
2  45.0 45.0 0.00
789 23.4876 125.9296 4 28 8
2  45.0 45.0 0.00
790 16.3315 105.1915 6 26 9
2  45.0 45.0 0.00
791 37.1690 105.3079 3 25 6
2  45.0 45.0 0.00
792 49.6265 132.8162 6 28 9
2  45.0 45.0 0.00
793 37.9950 107.1371 5 25 7
2  45.0 45.0 0.00
794 12.0687 127.5204 4 22 8
2  45.0 45.0 0.00
795 29.1296 127.2304 4 25 5
2  45.0 45.0 0.00
796 16.8719 81.6698 1 19 8
2  45.0 45.0 0.00
797 48.7240 120.7989 4 18 9
2  45.0 45.0 0.00
798 18.7864 86.8550 4 16 9
2  45.0 45.0 0.00
799 8.7711 101.7280 6 27 7
2  45.0 45.0 0.00
