s1
0
 2013 04 20 05 16 14.653     2013 04 20 05 16 49.312      34.7
 2013 04 20 13 35  3.336     2013 04 20 13 38 36.536     213.2
1
 2013 04 20 06 05 51.341     2013 04 20 06 08 55.553     184.2
 2013 04 20 14 20 16.195     2013 04 20 14 22 55.321     159.1
2
 2013 04 20 13 07 50.142     2013 04 20 13 10 29.676     159.5
3
 2013 04 20 09 09 41.476     2013 04 20 09 09 52.563      11.1
 2013 04 20 19 09 52.370     2013 04 20 19 09 56.199       3.8
4
 2013 04 20 20 46 43.786     2013 04 20 20 49 25.834     162.0
5
 2013 04 20 18 33 48.690     2013 04 20 18 35  9.675      81.0
6
 2013 04 20 04 54 52.143     2013 04 20 04 57 55.274     183.1
 2013 04 20 20 16  5.119     2013 04 20 20 19  5.318     180.2
7
 2013 04 20 08 52 45.980     2013 04 20 08 55 22.775     156.8
8
 2013 04 20 16 51 52.846     2013 04 20 16 55  2.082     189.2
9
 2013 04 20 02 56 19.774     2013 04 20 02 58 56.360     156.6
 2013 04 20 11 12  3.685     2013 04 20 11 14 43.538     159.9
10
 2013 04 20 15 25 11.611     2013 04 20 15 28 19.849     188.2
11
 2013 04 20 12 06 44.560     2013 04 20 12 09 23.563     159.0
12
 2013 04 20 08 17 45.749     2013 04 20 08 21 10.296     204.5
13
 2013 04 20 14 24  5.126     2013 04 20 14 24 38.026      32.9
14
 2013 04 20 10 51  6.231     2013 04 20 10 54 26.434     200.2
 2013 04 20 17 26 48.606     2013 04 20 17 30 28.575     220.0
15
 2013 04 20 16 20 55.963     2013 04 20 16 24 29.690     213.7
16
17
 2013 04 20 08 22 18.783     2013 04 20 08 25 44.286     205.5
 2013 04 20 18 21  8.567     2013 04 20 18 23 42.523     154.0
18
19
 2013 04 20 06 10 18.580     2013 04 20 06 12 54.479     155.9
 2013 04 20 11 04 48.718     2013 04 20 11 05 40.989      52.3
 2013 04 20 12 42 48.225     2013 04 20 12 46 24.845     216.6
20
 2013 04 20 22 16 19.903     2013 04 20 22 18 51.611     151.7
21
 2013 04 20 20 40 36.923     2013 04 20 20 44  4.232     207.3
22
 2013 04 20 12 02  4.981     2013 04 20 12 04 54.152     169.2
23
 2013 04 20 06 26 57.071     2013 04 20 06 30 37.760     220.7
24
25
 2013 04 20 09 59 47.971     2013 04 20 10 02 53.012     185.0
 2013 04 20 18 21 40.863     2013 04 20 18 21 47.892       7.0
26
 2013 04 20 11 41 57.167     2013 04 20 11 44 41.069     163.9
 2013 04 20 16 36 48.033     2013 04 20 16 39 35.877     167.8
27
 2013 04 20 01 14 15.536     2013 04 20 01 17 54.505     219.0
28
 2013 04 20 07 26 18.278     2013 04 20 07 28 51.506     153.2
29
 2013 04 20 06 04  5.951     2013 04 20 06 06 45.553     159.6
 2013 04 20 14 24 16.511     2013 04 20 14 24 59.011      42.5
30
 2013 04 20 15 23 20.025     2013 04 20 15 26 13.269     173.2
31
 2013 04 20 18 26  7.701     2013 04 20 18 29 27.176     199.5
32
 2013 04 20 05 48 53.326     2013 04 20 05 52 24.465     211.1
33
 2013 04 20 04 55 54.347     2013 04 20 04 58 35.088     160.7
 2013 04 20 20 14 19.104     2013 04 20 20 16  3.817     104.7
34
35
 2013 04 20 14 35 46.559     2013 04 20 14 38 55.710     189.2
36
 2013 04 20 11 36  5.344     2013 04 20 11 38 49.521     164.2
 2013 04 20 19 52 13.492     2013 04 20 19 54 48.214     154.7
37
 2013 04 20 19 18 44.057     2013 04 20 19 22   .162     196.1
38
 2013 04 20 00 59 45.650     2013 04 20 01 02 54.538     188.9
 2013 04 20 16 17 30.596     2013 04 20 16 17 36.579       6.0
39
 2013 04 20 07 26 38.031     2013 04 20 07 29 44.423     186.4
 2013 04 20 19 19 21.830     2013 04 20 19 19 35.970      14.1
40
 2013 04 20 06 46  2.449     2013 04 20 06 48 55.626     173.2
 2013 04 20 16 48 43.234     2013 04 20 16 52 12.604     209.4
41
 2013 04 20 04 05 28.747     2013 04 20 04 08 10.656     161.9
42
 2013 04 20 01 01  1.938     2013 04 20 01 04 35.235     213.3
43
 2013 04 20 10 22 32.107     2013 04 20 10 26 17.866     225.8
44
 2013 04 20 02 57 45.456     2013 04 20 02 58  6.240      20.8
45
46
 2013 04 20 23 10 28.598     2013 04 20 23 10 36.721       8.1
47
 2013 04 20 06 35 21.912     2013 04 20 06 38  9.357     167.4
 2013 04 20 20 09  2.835     2013 04 20 20 12 17.283     194.4
48
 2013 04 20 07 25 36.105     2013 04 20 07 28 19.548     163.4
49
 2013 04 20 13 13 13.925     2013 04 20 13 15 47.644     153.7
 2013 04 20 19 47 38.076     2013 04 20 19 51  1.502     203.4
50
 2013 04 20 01 17 58.523     2013 04 20 01 20 45.856     167.3
 2013 04 20 11 16 17.549     2013 04 20 11 19  8.832     171.3
51
 2013 04 20 21 04  8.953     2013 04 20 21 07 46.090     217.1
52
 2013 04 20 10 03 15.231     2013 04 20 10 06 43.304     208.1
53
 2013 04 20 05 22 11.147     2013 04 20 05 25 13.734     182.6
 2013 04 20 06 59 33.993     2013 04 20 06 59 34.906        .9
 2013 04 20 11 55  2.297     2013 04 20 11 57 58.240     175.9
54
 2013 04 20 08 10 34.106     2013 04 20 08 13 34.690     180.6
55
 2013 04 20 01 42 17.567     2013 04 20 01 44 59.444     161.9
 2013 04 20 18 45  7.700     2013 04 20 18 47 47.996     160.3
56
 2013 04 20 03 40 25.375     2013 04 20 03 43  7.909     162.5
57
58
59
 2013 04 20 10 53 12.879     2013 04 20 10 56 12.180     179.3
 2013 04 20 12 30 36.459     2013 04 20 12 31   .284      23.8
 2013 04 20 15 47 31.008     2013 04 20 15 51 19.124     228.1
 2013 04 20 17 25 37.810     2013 04 20 17 28 56.284     198.5
60
 2013 04 20 08 17 26.892     2013 04 20 08 20 15.725     168.8
61
 2013 04 20 09 52 59.370     2013 04 20 09 55 42.909     163.5
62
63
 2013 04 20 23 12 50.908     2013 04 20 23 14  6.310      75.4
64
 2013 04 20 02 51 12.649     2013 04 20 02 51 28.245      15.6
 2013 04 20 12 50 23.330     2013 04 20 12 53   .158     156.8
65
 2013 04 20 06 28 32.841     2013 04 20 06 31 51.035     198.2
 2013 04 20 21 49  7.075     2013 04 20 21 51 45.741     158.7
66
 2013 04 20 05 19 59.838     2013 04 20 05 23 25.905     206.1
 2013 04 20 11 53 59.796     2013 04 20 11 54 37.663      37.9
67
 2013 04 20 12 22 36.400     2013 04 20 12 25 16.275     159.9
 2013 04 20 20 39 14.697     2013 04 20 20 42 16.117     181.4
68
 2013 04 20 12 25 17.854     2013 04 20 12 27 59.155     161.3
69
 2013 04 20 14 00 47.065     2013 04 20 14 03 31.731     164.7
 2013 04 20 20 35 36.968     2013 04 20 20 38 34.321     177.4
70
71
72
 2013 04 20 14 50 56.378     2013 04 20 14 53 32.628     156.3
 2013 04 20 19 45 32.988     2013 04 20 19 48 16.389     163.4
73
 2013 04 20 13 59 48.861     2013 04 20 14 03 11.420     202.6
 2013 04 20 20 33 50.372     2013 04 20 20 37 25.930     215.6
74
 2013 04 20 06 34 42.126     2013 04 20 06 37 29.253     167.1
 2013 04 20 20 09 37.331     2013 04 20 20 12 17.100     159.8
75
 2013 04 20 06 25 42.548     2013 04 20 06 28 24.716     162.2
 2013 04 20 23 27 43.560     2013 04 20 23 30 27.856     164.3
76
 2013 04 20 11 38 12.533     2013 04 20 11 40 48.048     155.5
77
 2013 04 20 12 55 14.296     2013 04 20 12 58  7.683     173.4
78
 2013 04 20 10 41 53.351     2013 04 20 10 42 33.883      40.5
79
 2013 04 20 01 52 59.571     2013 04 20 01 55 39.635     160.1
80
 2013 04 20 02 07 52.534     2013 04 20 02 10 43.753     171.2
 2013 04 20 10 25 12.719     2013 04 20 10 29   .132     227.4
81
 2013 04 20 08 57  1.238     2013 04 20 08 59 48.625     167.4
 2013 04 20 22 31 28.380     2013 04 20 22 32 29.908      61.5
82
 2013 04 20 07 43 12.897     2013 04 20 07 46 57.197     224.3
 2013 04 20 14 18 50.645     2013 04 20 14 21 24.237     153.6
83
 2013 04 20 11 19 29.735     2013 04 20 11 22 12.278     162.5
84
 2013 04 20 09 11 40.286     2013 04 20 09 14 25.917     165.6
85
 2013 04 20 00 10 30.557     2013 04 20 00 13 11.432     160.9
 2013 04 20 15 31 47.161     2013 04 20 15 34 42.427     175.3
86
 2013 04 20 07 21 31.371     2013 04 20 07 24 40.189     188.8
 2013 04 20 20 58  6.594     2013 04 20 21 01  5.045     178.5
87
 2013 04 20 23 08 13.633     2013 04 20 23 10 54.947     161.3
88
89
 2013 04 20 01 52  8.971     2013 04 20 01 54 48.921     160.0
 2013 04 20 15 25 37.386     2013 04 20 15 29  5.954     208.6
90
 2013 04 20 19 19 58.554     2013 04 20 19 23 25.554     207.0
91
92
 2013 04 20 04 24 33.854     2013 04 20 04 27  7.589     153.7
 2013 04 20 14 28 42.609     2013 04 20 14 30  3.920      81.3
93
 2013 04 20 02 13 21.926     2013 04 20 02 16  7.970     166.0
 2013 04 20 08 46 24.460     2013 04 20 08 49 16.667     172.2
94
 2013 04 20 20 00 50.411     2013 04 20 20 03 23.619     153.2
95
 2013 04 20 13 07  7.262     2013 04 20 13 10 11.713     184.5
96
97
 2013 04 20 01 04 59.802     2013 04 20 01 07 45.145     165.3
98
 2013 04 20 08 13 10.905     2013 04 20 08 15 50.280     159.4
99
 2013 04 20 09 07 48.487     2013 04 20 09 10 24.027     155.5
 2013 04 20 19 12 51.828     2013 04 20 19 13 42.530      50.7
100
 2013 04 20 04 32 30.232     2013 04 20 04 35 15.475     165.2
 2013 04 20 12 46  5.987     2013 04 20 12 46 16.025      10.0
101
 2013 04 20 05 22 54.942     2013 04 20 05 25 29.640     154.7
 2013 04 20 10 17 18.898     2013 04 20 10 17 27.339       8.4
 2013 04 20 11 55 29.479     2013 04 20 11 58 56.387     206.9
102
 2013 04 20 02 29   .421     2013 04 20 02 32  4.406     184.0
 2013 04 20 19 32 42.108     2013 04 20 19 35 16.389     154.3
103
 2013 04 20 11 36 39.563     2013 04 20 11 39 54.407     194.8
 2013 04 20 19 52 11.685     2013 04 20 19 55 27.386     195.7
104
 2013 04 20 03 19 57.022     2013 04 20 03 22 46.095     169.1
 2013 04 20 18 40 36.168     2013 04 20 18 43 11.475     155.3
105
 2013 04 20 10 06 55.089     2013 04 20 10 10  3.924     188.8
 2013 04 20 15 02 13.858     2013 04 20 15 05 37.394     203.5
106
 2013 04 20 09 53 28.713     2013 04 20 09 56 31.278     182.6
107
 2013 04 20 07 14 36.121     2013 04 20 07 17 29.989     173.9
 2013 04 20 22 37 34.222     2013 04 20 22 38 28.139      53.9
108
 2013 04 20 09 08  6.796     2013 04 20 09 11  1.029     174.2
 2013 04 20 19 08 53.810     2013 04 20 19 09   .541       6.7
109
110
 2013 04 20 01 04  1.460     2013 04 20 01 06 40.915     159.5
 2013 04 20 14 39 15.679     2013 04 20 14 41 53.187     157.5
111
 2013 04 20 17 45 35.027     2013 04 20 17 48 36.514     181.5
112
 2013 04 20 06 37 59.772     2013 04 20 06 41 16.878     197.1
113
 2013 04 20 22 19 38.591     2013 04 20 22 19 57.550      19.0
114
 2013 04 20 02 37 51.355     2013 04 20 02 41   .554     189.2
 2013 04 20 16 14 56.646     2013 04 20 16 17 41.029     164.4
115
 2013 04 20 01 26  3.187     2013 04 20 01 28 39.023     155.8
 2013 04 20 07 59 48.327     2013 04 20 08 02 27.089     158.8
116
 2013 04 20 05 39  1.519     2013 04 20 05 42 14.403     192.9
 2013 04 20 22 41 24.715     2013 04 20 22 44 55.748     211.0
117
 2013 04 20 14 43 23.167     2013 04 20 14 46 41.314     198.1
 2013 04 20 23 01 21.899     2013 04 20 23 05  1.838     219.9
118
 2013 04 20 03 46 48.635     2013 04 20 03 47 38.981      50.3
 2013 04 20 10 22 45.000     2013 04 20 10 25 20.958     156.0
119
 2013 04 20 08 21 54.542     2013 04 20 08 22   .701       6.2
 2013 04 20 18 20 59.062     2013 04 20 18 23 36.879     157.8
120
 2013 04 20 01 18  4.161     2013 04 20 01 19   .772      56.6
121
 2013 04 20 03 41 23.070     2013 04 20 03 43 56.363     153.3
122
 2013 04 20 00 56 11.657     2013 04 20 00 59 56.177     224.5
 2013 04 20 16 20 21.910     2013 04 20 16 21 26.078      64.2
123
 2013 04 20 21 42 25.265     2013 04 20 21 45  8.064     162.8
124
 2013 04 20 00 22 17.590     2013 04 20 00 25 29.643     192.1
 2013 04 20 12 10 23.410     2013 04 20 12 13 33.855     190.4
125
 2013 04 20 20 06 20.865     2013 04 20 20 09 20.880     180.0
126
 2013 04 20 00 21 42.782     2013 04 20 00 24 13.168     150.4
 2013 04 20 12 11 37.659     2013 04 20 12 15  9.309     211.7
127
 2013 04 20 14 23 31.298     2013 04 20 14 26 26.753     175.5
128
129
 2013 04 20 04 35 28.983     2013 04 20 04 39  9.212     220.2
 2013 04 20 11 09 29.091     2013 04 20 11 13  7.844     218.8
130
 2013 04 20 01 24 24.471     2013 04 20 01 25  2.941      38.5
 2013 04 20 08 00 47.592     2013 04 20 08 03 53.275     185.7
131
 2013 04 20 13 15  1.464     2013 04 20 13 17 41.817     160.4
 2013 04 20 18 13  8.910     2013 04 20 18 13 25.669      16.8
 2013 04 20 19 47 39.748     2013 04 20 19 50 54.586     194.8
132
 2013 04 20 00 12 34.206     2013 04 20 00 15 32.110     177.9
 2013 04 20 15 30 27.352     2013 04 20 15 30 55.725      28.4
133
 2013 04 20 10 32 16.655     2013 04 20 10 35  3.090     166.4
134
135
 2013 04 20 01 17 13.850     2013 04 20 01 17 48.749      34.9
136
 2013 04 20 08 58 59.810     2013 04 20 09 01 40.472     160.7
137
 2013 04 20 10 28  6.369     2013 04 20 10 30 54.335     168.0
138
 2013 04 20 01 57 36.965     2013 04 20 02 00 32.061     175.1
 2013 04 20 13 46 12.535     2013 04 20 13 48 59.673     167.1
139
 2013 04 20 12 24 52.639     2013 04 20 12 28 36.416     223.8
140
 2013 04 20 02 34 17.561     2013 04 20 02 38  1.292     223.7
141
 2013 04 20 09 50 28.604     2013 04 20 09 52 58.427     149.8
 2013 04 20 21 37 46.738     2013 04 20 21 40 30.261     163.5
142
 2013 04 20 02 54 24.753     2013 04 20 02 57 12.922     168.2
143
 2013 04 20 00 06 23.211     2013 04 20 00 09 36.514     193.3
 2013 04 20 17 09  4.687     2013 04 20 17 12  8.062     183.4
 2013 04 20 23 43  8.446     2013 04 20 23 46 31.425     203.0
144
 2013 04 20 20 07 13.236     2013 04 20 20 10 45.565     212.3
145
 2013 04 20 12 24 51.649     2013 04 20 12 28 32.783     221.1
146
 2013 04 20 10 47 58.754     2013 04 20 10 50 34.372     155.6
 2013 04 20 19 04 11.813     2013 04 20 19 07 34.978     203.2
147
 2013 04 20 02 04 19.538     2013 04 20 02 07 47.479     207.9
 2013 04 20 12 05  7.398     2013 04 20 12 08 13.718     186.3
148
 2013 04 20 03 18 43.681     2013 04 20 03 22 16.608     212.9
 2013 04 20 18 42 17.435     2013 04 20 18 45 12.169     174.7
149
 2013 04 20 08 21  7.547     2013 04 20 08 24 21.140     193.6
 2013 04 20 18 23 33.013     2013 04 20 18 26 11.029     158.0
150
151
 2013 04 20 00 15 11.620     2013 04 20 00 18   .158     168.5
 2013 04 20 13 53 24.190     2013 04 20 13 56 17.608     173.4
152
 2013 04 20 09 07 36.149     2013 04 20 09 10 11.283     155.1
153
 2013 04 20 04 51 20.817     2013 04 20 04 55  2.906     222.1
 2013 04 20 21 54 42.736     2013 04 20 21 57 51.783     189.0
154
155
 2013 04 20 00 54 28.199     2013 04 20 00 57 31.189     183.0
 2013 04 20 17 56 46.654     2013 04 20 17 59 20.378     153.7
156
 2013 04 20 13 43 59.118     2013 04 20 13 46 44.368     165.3
157
 2013 04 20 01 08 32.095     2013 04 20 01 11 20.517     168.4
 2013 04 20 12 59 25.393     2013 04 20 13 02 53.608     208.2
158
 2013 04 20 09 46 12.372     2013 04 20 09 48 53.675     161.3
159
 2013 04 20 00 50 52.599     2013 04 20 00 51 42.268      49.7
 2013 04 20 02 28 50.551     2013 04 20 02 32 32.385     221.8
 2013 04 20 19 33  9.883     2013 04 20 19 35 44.258     154.4
160
161
 2013 04 20 09 46 31.175     2013 04 20 09 49 13.286     162.1
162
 2013 04 20 07 33 16.765     2013 04 20 07 35 50.780     154.0
 2013 04 20 17 39  2.587     2013 04 20 17 39 16.173      13.6
163
 2013 04 20 03 49 38.862     2013 04 20 03 52 19.352     160.5
 2013 04 20 08 44 24.302     2013 04 20 08 47 10.618     166.3
164
 2013 04 20 07 36   .645     2013 04 20 07 39  1.446     180.8
 2013 04 20 17 33 44.236     2013 04 20 17 36 46.418     182.2
165
 2013 04 20 03 17 52.421     2013 04 20 03 21  3.775     191.4
166
 2013 04 20 03 49 32.649     2013 04 20 03 50  8.898      36.2
 2013 04 20 05 24  6.067     2013 04 20 05 27 50.005     223.9
 2013 04 20 10 19 54.542     2013 04 20 10 22 37.799     163.3
167
 2013 04 20 04 35 18.643     2013 04 20 04 38 18.506     179.9
 2013 04 20 11 09 14.230     2013 04 20 11 12 16.004     181.8
168
 2013 04 20 14 46  7.844     2013 04 20 14 49 16.772     188.9
 2013 04 20 23 00 36.812     2013 04 20 23 01 29.235      52.4
169
 2013 04 20 22 21  4.694     2013 04 20 22 24 16.060     191.4
170
171
 2013 04 20 01 43 19.768     2013 04 20 01 45 57.151     157.4
 2013 04 20 18 43 55.898     2013 04 20 18 44 47.687      51.8
172
 2013 04 20 21 24 22.035     2013 04 20 21 26 57.204     155.2
173
 2013 04 20 17 12  1.004     2013 04 20 17 14 39.187     158.2
 2013 04 20 22 06 42.630     2013 04 20 22 10  3.890     201.3
174
 2013 04 20 09 11 59.148     2013 04 20 09 15 27.912     208.8
175
 2013 04 20 06 38 18.283     2013 04 20 06 41 28.167     189.9
176
 2013 04 20 14 45  3.348     2013 04 20 14 47 41.029     157.7
 2013 04 20 23 01   .001     2013 04 20 23 03 34.768     154.8
177
178
 2013 04 20 18 24 18.557     2013 04 20 18 27 51.914     213.4
179
 2013 04 20 01 43 58.166     2013 04 20 01 47  4.759     186.6
 2013 04 20 17 09 15.456     2013 04 20 17 09 29.941      14.5
180
 2013 04 20 03 00 43.624     2013 04 20 03 03 49.395     185.8
 2013 04 20 04 38 11.712     2013 04 20 04 39   .624      48.9
 2013 04 20 07 55   .790     2013 04 20 07 55 56.740      55.9
 2013 04 20 09 33 15.485     2013 04 20 09 36 26.324     190.8
181
 2013 04 20 02 40 10.117     2013 04 20 02 43 28.055     197.9
182
 2013 04 20 18 27 17.787     2013 04 20 18 30 38.476     200.7
183
 2013 04 20 01 23 44.641     2013 04 20 01 25 33.743     109.1
184
 2013 04 20 05 57 34.811     2013 04 20 06 00  8.647     153.8
185
 2013 04 20 16 10 39.516     2013 04 20 16 13 20.450     160.9
186
 2013 04 20 17 11 49.243     2013 04 20 17 14 37.943     168.7
 2013 04 20 22 06 44.200     2013 04 20 22 10 26.286     222.1
187
 2013 04 20 01 43 56.030     2013 04 20 01 46 56.231     180.2
 2013 04 20 17 07  5.395     2013 04 20 17 10 53.296     227.9
188
 2013 04 20 17 33  7.039     2013 04 20 17 36 37.382     210.3
189
 2013 04 20 06 08 47.708     2013 04 20 06 11 42.372     174.7
 2013 04 20 12 43 41.401     2013 04 20 12 46 19.211     157.8
190
 2013 04 20 07 30 10.172     2013 04 20 07 33  3.445     173.3
 2013 04 20 19 14  4.996     2013 04 20 19 14 36.316      31.3
191
 2013 04 20 03 15 55.571     2013 04 20 03 18 54.867     179.3
 2013 04 20 20 19 46.699     2013 04 20 20 22 32.512     165.8
192
193
 2013 04 20 09 13  5.272     2013 04 20 09 15 48.992     163.7
 2013 04 20 17 30  8.840     2013 04 20 17 31  4.274      55.4
194
195
196
197
 2013 04 20 05 22 30.394     2013 04 20 05 25 17.921     167.5
 2013 04 20 11 56 16.691     2013 04 20 11 59 14.671     178.0
198
 2013 04 20 16 50 51.310     2013 04 20 16 54 32.876     221.6
199
200
 2013 04 20 00 40  8.178     2013 04 20 00 42 43.923     155.7
 2013 04 20 05 34 46.490     2013 04 20 05 38  4.609     198.1
201
 2013 04 20 02 12 49.796     2013 04 20 02 16  1.269     191.5
 2013 04 20 08 47 49.124     2013 04 20 08 50 24.815     155.7
202
 2013 04 20 05 56 10.386     2013 04 20 05 58 48.677     158.3
203
 2013 04 20 13 55 23.218     2013 04 20 13 58 50.650     207.4
204
 2013 04 20 03 42   .996     2013 04 20 03 44 50.410     169.4
205
 2013 04 20 21 47 20.916     2013 04 20 21 50  8.267     167.4
206
 2013 04 20 17 45 24.627     2013 04 20 17 48   .830     156.2
207
 2013 04 20 03 32 21.357     2013 04 20 03 35 58.764     217.4
 2013 04 20 15 18 42.256     2013 04 20 15 21 15.674     153.4
208
 2013 04 20 22 33 12.830     2013 04 20 22 33 30.475      17.6
209
 2013 04 20 13 01 38.660     2013 04 20 13 04 11.730     153.1
210
211
 2013 04 20 05 49 31.281     2013 04 20 05 52  9.449     158.2
212
 2013 04 20 07 34 29.750     2013 04 20 07 37 41.667     191.9
 2013 04 20 17 36  5.264     2013 04 20 17 38 37.935     152.7
213
 2013 04 20 02 46 40.083     2013 04 20 02 49 30.986     170.9
 2013 04 20 14 30 51.334     2013 04 20 14 31 55.079      63.7
214
 2013 04 20 00 33 27.305     2013 04 20 00 36 39.333     192.0
 2013 04 20 08 51 12.218     2013 04 20 08 54 34.834     202.6
215
216
 2013 04 20 11 20 12.702     2013 04 20 11 20 22.473       9.8
217
 2013 04 20 12 01 53.005     2013 04 20 12 04 44.335     171.3
218
219
 2013 04 20 04 12 57.064     2013 04 20 04 16 32.179     215.1
 2013 04 20 17 48 46.943     2013 04 20 17 49 38.779      51.8
220
221
 2013 04 20 03 37  4.408     2013 04 20 03 40 29.964     205.6
 2013 04 20 13 40 20.126     2013 04 20 13 43 19.703     179.6
222
 2013 04 20 18 25 33.201     2013 04 20 18 29 17.275     224.1
223
224
 2013 04 20 08 01 38.297     2013 04 20 08 04 13.790     155.5
225
 2013 04 20 01 51 43.412     2013 04 20 01 54 34.054     170.6
 2013 04 20 15 26 39.074     2013 04 20 15 30 20.855     221.8
226
 2013 04 20 13 04 31.836     2013 04 20 13 08 13.025     221.2
 2013 04 20 23 04 25.419     2013 04 20 23 07 44.375     199.0
227
 2013 04 20 04 57 40.898     2013 04 20 04 58 59.761      78.9
 2013 04 20 18 37 38.418     2013 04 20 18 40 35.759     177.3
228
 2013 04 20 11 21 30.371     2013 04 20 11 25  8.947     218.6
 2013 04 20 23 14 14.730     2013 04 20 23 14 34.981      20.3
229
 2013 04 20 18 00 23.480     2013 04 20 18 03 39.683     196.2
 2013 04 20 22 55 34.623     2013 04 20 22 58 10.679     156.1
230
 2013 04 20 12 14 54.754     2013 04 20 12 18 21.600     206.8
231
 2013 04 20 01 40 58.975     2013 04 20 01 43 38.288     159.3
 2013 04 20 18 43 57.249     2013 04 20 18 47 17.685     200.4
232
233
 2013 04 20 03 42 56.396     2013 04 20 03 45 29.713     153.3
 2013 04 20 11 59  4.439     2013 04 20 12 02 24.592     200.2
234
 2013 04 20 01 42 33.392     2013 04 20 01 46  8.633     215.2
 2013 04 20 18 45 39.520     2013 04 20 18 48 55.956     196.4
235
 2013 04 20 11 19 42.655     2013 04 20 11 22 13.290     150.6
236
237
238
 2013 04 20 21 00 11.339     2013 04 20 21 01  1.049      49.7
239
 2013 04 20 11 37 43.925     2013 04 20 11 41 21.013     217.1
 2013 04 20 18 11 43.535     2013 04 20 18 12  8.137      24.6
240
 2013 04 20 19 21 15.061     2013 04 20 19 23 45.414     150.4
241
 2013 04 20 03 49  1.384     2013 04 20 03 51 39.137     157.8
 2013 04 20 08 43 43.644     2013 04 20 08 47  7.730     204.1
242
 2013 04 20 06 00 18.897     2013 04 20 06 03 13.867     175.0
 2013 04 20 16 00  5.262     2013 04 20 16 02 41.411     156.1
243
 2013 04 20 09 50  1.844     2013 04 20 09 52 50.083     168.2
 2013 04 20 21 37 26.166     2013 04 20 21 39 59.676     153.5
244
 2013 04 20 14 34 50.093     2013 04 20 14 38   .874     190.8
245
 2013 04 20 03 48 25.937     2013 04 20 03 51  3.774     157.8
 2013 04 20 10 21 24.037     2013 04 20 10 24 47.732     203.7
246
 2013 04 20 07 21 58.107     2013 04 20 07 22 31.419      33.3
247
 2013 04 20 10 40  2.973     2013 04 20 10 42 50.626     167.7
248
 2013 04 20 02 54 55.161     2013 04 20 02 58 19.954     204.8
 2013 04 20 11 13   .234     2013 04 20 11 16 32.010     211.8
249
 2013 04 20 03 41 49.291     2013 04 20 03 44 46.362     177.1
250
 2013 04 20 09 10 10.851     2013 04 20 09 13 37.020     206.2
 2013 04 20 19 09 27.381     2013 04 20 19 09 55.448      28.1
251
 2013 04 20 21 27 44.720     2013 04 20 21 30 56.186     191.5
252
 2013 04 20 09 57 31.233     2013 04 20 09 58 21.552      50.3
253
 2013 04 20 14 23 21.629     2013 04 20 14 26 46.032     204.4
254
 2013 04 20 01 16 47.580     2013 04 20 01 17 45.677      58.1
255
 2013 04 20 16 15 40.479     2013 04 20 16 19  7.459     207.0
256
 2013 04 20 01 05 36.053     2013 04 20 01 08 28.138     172.1
257
 2013 04 20 19 19 22.212     2013 04 20 19 22 16.513     174.3
258
 2013 04 20 03 36 20.064     2013 04 20 03 39 59.826     219.8
259
 2013 04 20 02 43 36.163     2013 04 20 02 46 31.574     175.4
 2013 04 20 14 34  2.441     2013 04 20 14 36 46.612     164.2
260
 2013 04 20 04 05 44.241     2013 04 20 04 08 32.305     168.1
 2013 04 20 19 31 18.627     2013 04 20 19 31 29.177      10.5
261
262
 2013 04 20 17 55 48.139     2013 04 20 17 58 21.764     153.6
263
 2013 04 20 05 17 55.208     2013 04 20 05 20 37.759     162.6
 2013 04 20 13 33 26.059     2013 04 20 13 36 11.378     165.3
264
 2013 04 20 04 31 27.040     2013 04 20 04 34  2.158     155.1
 2013 04 20 12 46 34.538     2013 04 20 12 49 11.713     157.2
265
 2013 04 20 05 20 40.499     2013 04 20 05 23 35.936     175.4
 2013 04 20 11 54 43.765     2013 04 20 11 58  4.511     200.7
266
 2013 04 20 00 34 51.562     2013 04 20 00 37 29.035     157.5
 2013 04 20 08 50 11.900     2013 04 20 08 52 47.753     155.9
267
 2013 04 20 08 18 35.217     2013 04 20 08 21  6.963     151.7
268
 2013 04 20 07 25 51.030     2013 04 20 07 28 29.381     158.4
269
 2013 04 20 05 16 46.985     2013 04 20 05 17  4.174      17.2
 2013 04 20 15 11 50.883     2013 04 20 15 14 26.553     155.7
270
271
 2013 04 20 17 12  4.303     2013 04 20 17 14 46.836     162.5
 2013 04 20 22 06 53.411     2013 04 20 22 10 13.145     199.7
272
 2013 04 20 03 17 32.803     2013 04 20 03 20 16.359     163.6
 2013 04 20 20 18 21.888     2013 04 20 20 22  3.254     221.4
273
274
275
 2013 04 20 01 26 37.281     2013 04 20 01 28 16.525      99.2
 2013 04 20 08 00 34.863     2013 04 20 08 01 32.119      57.3
276
 2013 04 20 01 10 21.754     2013 04 20 01 12 56.532     154.8
 2013 04 20 12 58 43.158     2013 04 20 13 01 13.538     150.4
277
278
 2013 04 20 04 25 51.290     2013 04 20 04 29 10.350     199.1
 2013 04 20 14 25 14.230     2013 04 20 14 27 49.033     154.8
279
 2013 04 20 20 37  8.327     2013 04 20 20 39 50.700     162.4
280
 2013 04 20 08 13 19.082     2013 04 20 08 15  6.171     107.1
 2013 04 20 20 05 24.677     2013 04 20 20 08 18.986     174.3
281
 2013 04 20 00 11  6.456     2013 04 20 00 14 36.987     210.5
 2013 04 20 15 33  4.882     2013 04 20 15 36   .760     175.9
282
 2013 04 20 00 17  5.723     2013 04 20 00 20  8.419     182.7
 2013 04 20 13 51 16.651     2013 04 20 13 54  7.634     171.0
283
 2013 04 20 09 09 32.105     2013 04 20 09 12  6.014     153.9
 2013 04 20 19 09 39.509     2013 04 20 19 12 10.731     151.2
284
 2013 04 20 02 08 38.845     2013 04 20 02 11 35.248     176.4
 2013 04 20 10 25 39.059     2013 04 20 10 28 25.008     165.9
285
 2013 04 20 06 36 25.616     2013 04 20 06 38 56.089     150.5
286
 2013 04 20 11 34 35.603     2013 04 20 11 37 24.336     168.7
287
 2013 04 20 02 09 20.261     2013 04 20 02 12 46.504     206.2
 2013 04 20 10 23 49.536     2013 04 20 10 26 25.817     156.3
288
 2013 04 20 05 21 26.677     2013 04 20 05 24 37.435     190.8
 2013 04 20 11 55   .516     2013 04 20 11 57 36.340     155.8
289
 2013 04 20 04 03   .945     2013 04 20 04 05 46.378     165.4
 2013 04 20 21 05 49.303     2013 04 20 21 08 37.910     168.6
290
 2013 04 20 06 57 44.485     2013 04 20 07 00 33.503     169.0
 2013 04 20 11 52 39.979     2013 04 20 11 56 25.799     225.8
 2013 04 20 13 30 19.048     2013 04 20 13 30 42.352      23.3
291
 2013 04 20 12 21 42.800     2013 04 20 12 24 48.439     185.6
292
 2013 04 20 16 51  8.957     2013 04 20 16 51 15.514       6.6
293
 2013 04 20 23 07 55.427     2013 04 20 23 10 32.672     157.2
294
 2013 04 20 10 54 16.476     2013 04 20 10 56 52.506     156.0
 2013 04 20 15 48 48.606     2013 04 20 15 51 53.084     184.5
295
296
 2013 04 20 05 59 19.787     2013 04 20 06 02  1.164     161.4
 2013 04 20 16 00 18.201     2013 04 20 16 03 51.730     213.5
297
 2013 04 20 15 23  1.742     2013 04 20 15 25 34.996     153.3
298
299
 2013 04 20 01 55 43.151     2013 04 20 01 59  4.733     201.6
300
 2013 04 20 06 03 38.665     2013 04 20 06 06 18.404     159.7
301
 2013 04 20 00 56 15.638     2013 04 20 00 59 16.786     181.1
302
 2013 04 20 11 24 48.196     2013 04 20 11 27 21.540     153.3
 2013 04 20 23 12  6.430     2013 04 20 23 14 42.065     155.6
303
 2013 04 20 04 16 23.402     2013 04 20 04 19   .108     156.7
304
 2013 04 20 02 51   .267     2013 04 20 02 54 39.021     218.8
 2013 04 20 12 50 33.016     2013 04 20 12 53 19.510     166.5
305
 2013 04 20 00 56 54.583     2013 04 20 00 57 14.750      20.2
 2013 04 20 17 55 46.619     2013 04 20 17 58 44.660     178.0
306
 2013 04 20 01 44 23.538     2013 04 20 01 47 29.900     186.4
 2013 04 20 17 07 26.746     2013 04 20 17 10 31.064     184.3
307
 2013 04 20 20 07 25.523     2013 04 20 20 10 29.476     184.0
308
 2013 04 20 03 32 32.318     2013 04 20 03 35  5.707     153.4
 2013 04 20 15 19 44.035     2013 04 20 15 22 20.923     156.9
309
 2013 04 20 14 47 53.104     2013 04 20 14 50 27.256     154.2
 2013 04 20 21 22 12.576     2013 04 20 21 25 20.207     187.6
310
 2013 04 20 09 50 20.777     2013 04 20 09 53  3.491     162.7
 2013 04 20 21 37 23.219     2013 04 20 21 39 57.800     154.6
311
 2013 04 20 15 27   .078     2013 04 20 15 27 37.902      37.8
312
 2013 04 20 02 13 36.032     2013 04 20 02 16 13.485     157.5
 2013 04 20 08 47  6.106     2013 04 20 08 50  2.452     176.3
313
 2013 04 20 01 45 10.109     2013 04 20 01 48  3.449     173.3
 2013 04 20 17 07 22.071     2013 04 20 17 09 58.293     156.2
314
 2013 04 20 06 56 19.426     2013 04 20 06 59 56.623     217.2
 2013 04 20 08 34 10.788     2013 04 20 08 37 41.490     210.7
 2013 04 20 11 50 37.249     2013 04 20 11 50 57.664      20.4
 2013 04 20 13 29  4.812     2013 04 20 13 32  1.813     177.0
315
316
 2013 04 20 09 13 43.346     2013 04 20 09 16 22.644     159.3
 2013 04 20 17 29 40.237     2013 04 20 17 32 46.710     186.5
317
 2013 04 20 18 31 56.485     2013 04 20 18 32 36.735      40.3
318
 2013 04 20 00 54 54.956     2013 04 20 00 55 17.532      22.6
 2013 04 20 17 58 46.928     2013 04 20 18 01 49.959     183.0
 2013 04 20 22 57 38.423     2013 04 20 22 58   .225      21.8
319
 2013 04 20 04 25 12.086     2013 04 20 04 28   .951     168.9
 2013 04 20 14 25 43.794     2013 04 20 14 28 52.748     189.0
320
 2013 04 20 09 51 10.009     2013 04 20 09 51 58.423      48.4
321
 2013 04 20 14 00 31.966     2013 04 20 14 04 12.442     220.5
 2013 04 20 20 36 27.571     2013 04 20 20 39 17.432     169.9
322
 2013 04 20 19 59 16.217     2013 04 20 20 01 50.738     154.5
323
 2013 04 20 03 45 19.203     2013 04 20 03 46  1.146      41.9
324
 2013 04 20 02 41 12.412     2013 04 20 02 43 46.208     153.8
325
 2013 04 20 01 44 24.287     2013 04 20 01 47  4.430     160.1
 2013 04 20 17 06   .681     2013 04 20 17 09 40.147     219.5
326
 2013 04 20 02 30  4.957     2013 04 20 02 33 20.282     195.3
 2013 04 20 19 32 30.413     2013 04 20 19 36  1.952     211.5
327
328
 2013 04 20 11 14 17.855     2013 04 20 11 16 49.956     152.1
329
 2013 04 20 02 49 20.169     2013 04 20 02 52  8.909     168.7
330
 2013 04 20 13 15 15.243     2013 04 20 13 17 56.081     160.8
 2013 04 20 18 09 35.922     2013 04 20 18 13 20.291     224.4
 2013 04 20 19 47 30.900     2013 04 20 19 51  5.902     215.0
331
 2013 04 20 22 32  7.704     2013 04 20 22 32 40.689      33.0
332
 2013 04 20 14 37 59.868     2013 04 20 14 40 52.062     172.2
333
 2013 04 20 04 13 17.487     2013 04 20 04 16  5.802     168.3
 2013 04 20 17 48 26.616     2013 04 20 17 51 51.403     204.8
334
 2013 04 20 03 37 51.353     2013 04 20 03 40 40.070     168.7
 2013 04 20 13 38 22.537     2013 04 20 13 41 42.790     200.3
335
 2013 04 20 05 17 17.805     2013 04 20 05 20 59.272     221.5
 2013 04 20 13 35 10.107     2013 04 20 13 37 48.629     158.5
336
 2013 04 20 12 18 19.810     2013 04 20 12 21 21.750     181.9
 2013 04 20 22 17 47.536     2013 04 20 22 20 20.173     152.6
337
 2013 04 20 09 42   .908     2013 04 20 09 45 14.812     193.9
 2013 04 20 23 20 34.473     2013 04 20 23 23 12.098     157.6
338
 2013 04 20 12 18   .658     2013 04 20 12 21  3.914     183.3
 2013 04 20 22 19 21.396     2013 04 20 22 21 53.974     152.6
339
 2013 04 20 07 33 21.229     2013 04 20 07 36  2.476     161.2
 2013 04 20 17 35 36.904     2013 04 20 17 39 17.425     220.5
340
 2013 04 20 21 42 22.609     2013 04 20 21 45 17.463     174.9
341
 2013 04 20 06 44 21.770     2013 04 20 06 46 51.815     150.0
342
 2013 04 20 11 15  9.223     2013 04 20 11 18 28.784     199.6
343
 2013 04 20 18 31 55.718     2013 04 20 18 35 18.018     202.3
344
 2013 04 20 00 39 54.157     2013 04 20 00 42 28.824     154.7
 2013 04 20 05 34 23.468     2013 04 20 05 37 52.290     208.8
 2013 04 20 07 11 52.556     2013 04 20 07 12 22.975      30.4
345
 2013 04 20 09 49  3.857     2013 04 20 09 51 55.167     171.3
 2013 04 20 21 39  1.286     2013 04 20 21 41 37.848     156.6
346
 2013 04 20 05 15 20.626     2013 04 20 05 17 52.421     151.8
347
 2013 04 20 01 05 38.958     2013 04 20 01 08 38.704     179.7
348
 2013 04 20 08 54 22.713     2013 04 20 08 57 23.232     180.5
 2013 04 20 22 34 26.782     2013 04 20 22 35 12.767      46.0
349
 2013 04 20 14 33 47.066     2013 04 20 14 33 49.621       2.6
350
 2013 04 20 17 52 19.822     2013 04 20 17 55  4.294     164.5
351
 2013 04 20 15 58 18.374     2013 04 20 16 00 58.645     160.3
352
 2013 04 20 03 47 36.530     2013 04 20 03 51  1.384     204.9
 2013 04 20 10 22 24.003     2013 04 20 10 25 11.303     167.3
353
 2013 04 20 13 09 19.580     2013 04 20 13 11 52.214     152.6
 2013 04 20 21 28 35.952     2013 04 20 21 29 38.055      62.1
354
 2013 04 20 21 34 24.083     2013 04 20 21 37 33.325     189.2
355
 2013 04 20 22 35 17.389     2013 04 20 22 37 51.526     154.1
356
 2013 04 20 11 27 37.378     2013 04 20 11 30 21.214     163.8
357
 2013 04 20 06 51 55.212     2013 04 20 06 55 40.358     225.1
 2013 04 20 15 09 40.096     2013 04 20 15 12 14.978     154.9
358
 2013 04 20 23 08 42.965     2013 04 20 23 11 42.330     179.4
359
 2013 04 20 00 19 53.442     2013 04 20 00 23 24.175     210.7
360
 2013 04 20 03 40 29.536     2013 04 20 03 43  1.180     151.6
 2013 04 20 13 37 30.818     2013 04 20 13 38 11.947      41.1
361
362
 2013 04 20 01 41 37.411     2013 04 20 01 44 50.601     193.2
 2013 04 20 18 43 51.943     2013 04 20 18 46 27.395     155.5
363
 2013 04 20 10 46 25.472     2013 04 20 10 49  3.507     158.0
364
 2013 04 20 08 10  1.710     2013 04 20 08 13 15.750     194.0
 2013 04 20 21 42 49.803     2013 04 20 21 46 21.894     212.1
365
366
367
 2013 04 20 18 37 28.744     2013 04 20 18 40 22.471     173.7
368
 2013 04 20 10 03   .286     2013 04 20 10 05 57.197     176.9
 2013 04 20 18 15 44.826     2013 04 20 18 19 32.782     228.0
369
 2013 04 20 02 55 18.877     2013 04 20 02 58 24.601     185.7
 2013 04 20 11 12 51.429     2013 04 20 11 16  7.095     195.7
370
371
 2013 04 20 09 14 37.803     2013 04 20 09 17 13.875     156.1
 2013 04 20 17 29 56.234     2013 04 20 17 32 29.232     153.0
372
 2013 04 20 14 49 24.242     2013 04 20 14 52 13.159     168.9
 2013 04 20 21 23  3.127     2013 04 20 21 26  8.404     185.3
373
 2013 04 20 03 42  1.683     2013 04 20 03 44 53.425     171.7
374
 2013 04 20 02 37 37.447     2013 04 20 02 41 10.741     213.3
 2013 04 20 16 15 11.264     2013 04 20 16 18   .648     169.4
375
 2013 04 20 13 07 38.483     2013 04 20 13 10 32.237     173.8
376
 2013 04 20 14 00 37.353     2013 04 20 14 03 40.848     183.5
 2013 04 20 20 34 33.111     2013 04 20 20 37 22.099     169.0
377
 2013 04 20 04 55 18.973     2013 04 20 04 57 51.679     152.7
 2013 04 20 20 15  9.935     2013 04 20 20 18 11.496     181.6
378
 2013 04 20 19 06 30.879     2013 04 20 19 09 10.518     159.6
379
 2013 04 20 04 30 25.048     2013 04 20 04 33  7.044     162.0
 2013 04 20 12 47  1.953     2013 04 20 12 49 52.751     170.8
380
 2013 04 20 19 53 19.298     2013 04 20 19 56 25.042     185.7
381
 2013 04 20 12 14 54.897     2013 04 20 12 17 29.051     154.2
382
 2013 04 20 19 12 33.801     2013 04 20 19 15  6.652     152.9
383
 2013 04 20 04 12  3.567     2013 04 20 04 14 45.497     161.9
 2013 04 20 17 48 28.038     2013 04 20 17 51  8.942     160.9
384
385
 2013 04 20 16 11  4.308     2013 04 20 16 13 34.443     150.1
386
 2013 04 20 22 58  8.907     2013 04 20 23 01 34.919     206.0
387
 2013 04 20 05 56 56.369     2013 04 20 05 59 31.972     155.6
388
 2013 04 20 02 10  4.788     2013 04 20 02 13 17.252     192.5
 2013 04 20 10 23 38.003     2013 04 20 10 26 43.839     185.8
389
 2013 04 20 04 33 12.103     2013 04 20 04 36 16.741     184.6
 2013 04 20 11 08 36.428     2013 04 20 11 08 48.877      12.4
390
 2013 04 20 04 55 20.511     2013 04 20 04 58 21.636     181.1
 2013 04 20 20 14 22.912     2013 04 20 20 17 33.531     190.6
391
 2013 04 20 03 47 56.060     2013 04 20 03 51 13.749     197.7
 2013 04 20 10 22 12.915     2013 04 20 10 25 16.796     183.9
392
393
394
 2013 04 20 02 04 42.259     2013 04 20 02 07 25.487     163.2
 2013 04 20 12 04 39.722     2013 04 20 12 07 30.125     170.4
395
 2013 04 20 10 53  8.165     2013 04 20 10 55 47.173     159.0
 2013 04 20 17 26 12.563     2013 04 20 17 29  8.584     176.0
396
 2013 04 20 01 01 55.574     2013 04 20 01 05 39.294     223.7
 2013 04 20 14 41 23.246     2013 04 20 14 44  1.648     158.4
397
 2013 04 20 04 23 57.677     2013 04 20 04 27 43.862     226.2
 2013 04 20 14 27 48.901     2013 04 20 14 30 51.659     182.8
398
 2013 04 20 21 51 40.101     2013 04 20 21 54 20.657     160.6
399
 2013 04 20 08 03 33.506     2013 04 20 08 06  8.162     154.7
 2013 04 20 23 24 43.799     2013 04 20 23 27 19.627     155.8
400
 2013 04 20 01 24 37.317     2013 04 20 01 27 36.416     179.1
 2013 04 20 07 58 40.515     2013 04 20 08 01 50.693     190.2
401
 2013 04 20 16 40  8.145     2013 04 20 16 43 50.142     222.0
402
 2013 04 20 06 51  8.945     2013 04 20 06 54 30.598     201.7
 2013 04 20 15 10 21.954     2013 04 20 15 10 53.815      31.9
403
 2013 04 20 11 28 59.610     2013 04 20 11 29 59.454      59.8
 2013 04 20 21 32 57.768     2013 04 20 21 36  1.505     183.7
404
 2013 04 20 11 28 24.458     2013 04 20 11 31 12.987     168.5
405
406
 2013 04 20 12 15 17.963     2013 04 20 12 18 24.498     186.5
407
 2013 04 20 09 17  8.534     2013 04 20 09 20 14.304     185.8
 2013 04 20 15 51  5.357     2013 04 20 15 53 57.639     172.3
408
 2013 04 20 13 36 38.252     2013 04 20 13 39 16.132     157.9
409
 2013 04 20 20 00 20.501     2013 04 20 20 03 11.036     170.5
410
411
 2013 04 20 09 08 15.567     2013 04 20 09 10 57.719     162.2
 2013 04 20 19 10 12.443     2013 04 20 19 13 18.258     185.8
412
 2013 04 20 20 12  8.799     2013 04 20 20 15 39.189     210.4
413
 2013 04 20 16 10  2.443     2013 04 20 16 12 51.335     168.9
414
 2013 04 20 10 33 18.466     2013 04 20 10 36 28.481     190.0
415
 2013 04 20 02 52 35.850     2013 04 20 02 55 36.720     180.9
 2013 04 20 12 51 18.984     2013 04 20 12 52 13.992      55.0
416
 2013 04 20 05 53 11.587     2013 04 20 05 55 48.927     157.3
 2013 04 20 17 42 27.033     2013 04 20 17 45  1.566     154.5
417
 2013 04 20 23 07 43.594     2013 04 20 23 07 50.418       6.8
418
 2013 04 20 02 30 11.528     2013 04 20 02 32 51.737     160.2
 2013 04 20 19 31 58.287     2013 04 20 19 35 19.998     201.7
419
 2013 04 20 10 45  2.758     2013 04 20 10 47 44.823     162.1
 2013 04 20 20 42 57.332     2013 04 20 20 46  6.258     188.9
420
 2013 04 20 22 33 12.456     2013 04 20 22 33 45.700      33.2
421
 2013 04 20 02 54 26.148     2013 04 20 02 55  8.779      42.6
 2013 04 20 11 13 20.508     2013 04 20 11 17  1.575     221.1
422
423
 2013 04 20 02 52 57.030     2013 04 20 02 55 33.033     156.0
 2013 04 20 12 50 48.801     2013 04 20 12 52 51.883     123.1
424
 2013 04 20 09 58 45.745     2013 04 20 10 01 46.849     181.1
425
 2013 04 20 09 54  8.717     2013 04 20 09 56 44.156     155.4
426
 2013 04 20 12 24 56.406     2013 04 20 12 27 31.659     155.3
 2013 04 20 20 38  1.973     2013 04 20 20 38 29.460      27.5
427
 2013 04 20 16 58 59.014     2013 04 20 16 59  5.628       6.6
428
 2013 04 20 04 05 15.674     2013 04 20 04 07 54.791     159.1
429
430
 2013 04 20 01 13  4.942     2013 04 20 01 15 39.521     154.6
431
 2013 04 20 10 52 52.989     2013 04 20 10 56  6.518     193.5
 2013 04 20 17 27 22.044     2013 04 20 17 30 11.387     169.3
432
 2013 04 20 04 17 18.264     2013 04 20 04 20 10.400     172.1
 2013 04 20 16 08 25.448     2013 04 20 16 12   .602     215.2
433
 2013 04 20 12 19 42.740     2013 04 20 12 19 54.595      11.9
434
 2013 04 20 23 02 26.329     2013 04 20 23 05 32.372     186.0
435
 2013 04 20 05 15 54.491     2013 04 20 05 17 14.550      80.1
436
 2013 04 20 00 58 21.205     2013 04 20 01 00 56.812     155.6
 2013 04 20 16 19 33.900     2013 04 20 16 22  6.603     152.7
437
 2013 04 20 09 09   .593     2013 04 20 09 11 47.877     167.3
 2013 04 20 19 10 16.384     2013 04 20 19 12 47.729     151.3
438
 2013 04 20 01 48 16.706     2013 04 20 01 51 10.567     173.9
439
 2013 04 20 08 30 21.769     2013 04 20 08 33 38.952     197.2
 2013 04 20 15 03 52.260     2013 04 20 15 06 27.985     155.7
440
 2013 04 20 00 16 12.625     2013 04 20 00 18 52.181     159.6
 2013 04 20 13 52 13.746     2013 04 20 13 54 49.500     155.8
441
 2013 04 20 03 35 54.509     2013 04 20 03 39  9.608     195.1
442
443
444
 2013 04 20 12 21  8.102     2013 04 20 12 23 53.280     165.2
445
 2013 04 20 01 13 39.694     2013 04 20 01 14 30.793      51.1
446
 2013 04 20 00 15 16.436     2013 04 20 00 17 50.838     154.4
 2013 04 20 13 52 24.555     2013 04 20 13 55 44.973     200.4
447
 2013 04 20 16 52 22.283     2013 04 20 16 55 30.498     188.2
448
 2013 04 20 04 03 19.922     2013 04 20 04 06 33.465     193.5
 2013 04 20 21 05 34.158     2013 04 20 21 08  7.991     153.8
449
 2013 04 20 19 49 52.056     2013 04 20 19 52 36.941     164.9
450
 2013 04 20 07 22 32.980     2013 04 20 07 25 32.954     180.0
 2013 04 20 20 56  6.973     2013 04 20 20 59 18.609     191.6
451
 2013 04 20 12 25 24.289     2013 04 20 12 27 59.655     155.4
452
 2013 04 20 11 35 19.214     2013 04 20 11 37 53.598     154.4
 2013 04 20 19 51 22.659     2013 04 20 19 54 38.518     195.9
453
 2013 04 20 07 34 21.356     2013 04 20 07 35 43.727      82.4
454
 2013 04 20 06 31 35.486     2013 04 20 06 32 51.738      76.3
 2013 04 20 20 12  1.297     2013 04 20 20 15 36.526     215.2
455
 2013 04 20 06 28 20.344     2013 04 20 06 31 55.894     215.6
 2013 04 20 21 48 54.553     2013 04 20 21 51 36.547     162.0
456
 2013 04 20 09 55 51.974     2013 04 20 09 58 44.834     172.9
 2013 04 20 19 56 11.497     2013 04 20 19 59 20.936     189.4
457
 2013 04 20 02 55 16.527     2013 04 20 02 58  1.001     164.5
 2013 04 20 11 14 30.364     2013 04 20 11 15 17.255      46.9
458
 2013 04 20 20 46 58.544     2013 04 20 20 50  3.718     185.2
459
 2013 04 20 09 10 56.439     2013 04 20 09 12 13.644      77.2
460
 2013 04 20 08 25  8.698     2013 04 20 08 28 37.402     208.7
461
 2013 04 20 17 08 31.465     2013 04 20 17 11 14.575     163.1
462
 2013 04 20 01 10 56.377     2013 04 20 01 13 36.350     160.0
 2013 04 20 12 57 52.540     2013 04 20 13 00 28.873     156.3
463
 2013 04 20 00 13 23.227     2013 04 20 00 16 20.491     177.3
464
465
 2013 04 20 03 16 12.032     2013 04 20 03 19  3.498     171.5
 2013 04 20 20 18 37.563     2013 04 20 20 21 13.404     155.8
466
 2013 04 20 02 56 54.726     2013 04 20 03 00 39.303     224.6
 2013 04 20 11 10 42.869     2013 04 20 11 13 32.788     169.9
467
 2013 04 20 06 29 29.107     2013 04 20 06 32  8.947     159.8
 2013 04 20 21 50 12.837     2013 04 20 21 53  5.551     172.7
468
 2013 04 20 19 25 45.043     2013 04 20 19 29 11.832     206.8
469
 2013 04 20 09 00 45.622     2013 04 20 09 03 24.821     159.2
 2013 04 20 20 54 27.988     2013 04 20 20 55 19.322      51.3
470
 2013 04 20 02 30 19.102     2013 04 20 02 33 14.095     175.0
 2013 04 20 19 32  9.073     2013 04 20 19 35 50.180     221.1
471
 2013 04 20 01 44 44.722     2013 04 20 01 47 41.296     176.6
 2013 04 20 17 05 53.644     2013 04 20 17 08 59.154     185.5
472
 2013 04 20 03 34 16.751     2013 04 20 03 36 50.304     153.6
473
 2013 04 20 01 05 15.625     2013 04 20 01 07 51.837     156.2
474
 2013 04 20 05 09 49.142     2013 04 20 05 12 41.468     172.3
475
 2013 04 20 08 14 31.460     2013 04 20 08 17 48.256     196.8
 2013 04 20 20 02 38.692     2013 04 20 20 05 55.233     196.5
476
 2013 04 20 00 55 40.566     2013 04 20 00 58 25.362     164.8
 2013 04 20 17 56 45.270     2013 04 20 18 00 13.028     207.8
477
 2013 04 20 02 56 54.079     2013 04 20 02 59 30.393     156.3
 2013 04 20 11 12 19.051     2013 04 20 11 14 54.967     155.9
478
 2013 04 20 02 37 23.475     2013 04 20 02 37 55.496      32.0
 2013 04 20 16 15 23.942     2013 04 20 16 18 22.395     178.5
479
 2013 04 20 12 55  7.044     2013 04 20 12 57 56.759     169.7
480
 2013 04 20 07 20 40.389     2013 04 20 07 23 19.342     159.0
 2013 04 20 20 58 11.543     2013 04 20 21 00 53.148     161.6
481
 2013 04 20 08 13 52.216     2013 04 20 08 17 11.886     199.7
 2013 04 20 20 06 16.763     2013 04 20 20 06 37.028      20.3
482
483
 2013 04 20 01 04 55.306     2013 04 20 01 08 23.850     208.5
484
 2013 04 20 05 40 53.352     2013 04 20 05 43 59.171     185.8
 2013 04 20 21 01 58.304     2013 04 20 21 04 57.168     178.9
485
 2013 04 20 19 57 12.653     2013 04 20 19 57 19.186       6.5
486
 2013 04 20 15 14 27.641     2013 04 20 15 18  8.926     221.3
487
 2013 04 20 12 01 33.572     2013 04 20 12 04 33.708     180.1
488
 2013 04 20 09 50 14.750     2013 04 20 09 52 44.868     150.1
 2013 04 20 21 37 51.983     2013 04 20 21 40 27.323     155.3
489
 2013 04 20 02 10 25.469     2013 04 20 02 13   .358     154.9
 2013 04 20 10 24 14.126     2013 04 20 10 27 31.913     197.8
490
 2013 04 20 13 42 57.238     2013 04 20 13 46 17.143     199.9
491
 2013 04 20 08 59 34.276     2013 04 20 09 00  1.769      27.5
 2013 04 20 22 30 26.271     2013 04 20 22 32 57.936     151.7
492
 2013 04 20 05 39 42.159     2013 04 20 05 43 21.686     219.5
493
 2013 04 20 03 18 41.172     2013 04 20 03 21 14.763     153.6
 2013 04 20 18 43 38.244     2013 04 20 18 44 35.482      57.2
494
495
 2013 04 20 20 41  7.807     2013 04 20 20 44 41.454     213.6
496
497
 2013 04 20 21 45 38.722     2013 04 20 21 45 59.524      20.8
498
 2013 04 20 16 50 46.545     2013 04 20 16 53 32.511     166.0
499
 2013 04 20 07 30  4.899     2013 04 20 07 32 54.573     169.7
 2013 04 20 19 14 15.229     2013 04 20 19 15 11.370      56.1
