s2
0
 2013 04 20 05 08 43.455     2013 04 20 05 12 10.068     206.6
 2013 04 20 13 31 15.509     2013 04 20 13 31 39.239      23.7
1
 2013 04 20 05 57 54.771     2013 04 20 06 01 24.562     209.8
 2013 04 20 14 13  7.194     2013 04 20 14 15 44.163     157.0
2
 2013 04 20 13 00 25.695     2013 04 20 13 03 27.727     182.0
 2013 04 20 22 57  9.522     2013 04 20 22 57 22.134      12.6
3
 2013 04 20 09 02 27.111     2013 04 20 09 05 59.311     212.2
 2013 04 20 19 03 19.641     2013 04 20 19 06 53.387     213.7
4
 2013 04 20 20 40  3.793     2013 04 20 20 42 38.497     154.7
5
 2013 04 20 06 30 10.581     2013 04 20 06 33 44.661     214.1
6
 2013 04 20 04 47 12.069     2013 04 20 04 49 58.575     166.5
 2013 04 20 20 09 25.229     2013 04 20 20 12 10.760     165.5
7
 2013 04 20 08 45  6.499     2013 04 20 08 47 57.678     171.2
8
 2013 04 20 16 45  5.793     2013 04 20 16 47 48.854     163.1
9
 2013 04 20 02 48 15.729     2013 04 20 02 51  5.235     169.5
 2013 04 20 11 04 29.978     2013 04 20 11 07 29.507     179.5
10
 2013 04 20 15 17 47.804     2013 04 20 15 21 30.891     223.1
11
 2013 04 20 01 54 23.462     2013 04 20 01 55 11.343      47.9
 2013 04 20 11 59 13.750     2013 04 20 12 02 14.635     180.9
12
 2013 04 20 08 10 26.271     2013 04 20 08 13 19.972     173.7
13
14
 2013 04 20 10 43 49.124     2013 04 20 10 46 50.945     181.8
 2013 04 20 17 23  7.373     2013 04 20 17 23 42.610      35.2
15
 2013 04 20 16 14  5.025     2013 04 20 16 17 18.797     193.8
16
 2013 04 20 05 01 42.114     2013 04 20 05 02 54.501      72.4
17
 2013 04 20 08 18  9.075     2013 04 20 08 18 32.184      23.1
 2013 04 20 18 14 12.451     2013 04 20 18 16 52.031     159.6
18
19
 2013 04 20 06 02 32.791     2013 04 20 06 05 12.066     159.3
 2013 04 20 11 01  6.792     2013 04 20 11 01 24.651      17.9
 2013 04 20 12 35 41.058     2013 04 20 12 39  1.111     200.1
20
 2013 04 20 22 09 37.460     2013 04 20 22 12 18.332     160.9
21
 2013 04 20 12 13 54.922     2013 04 20 12 14 23.592      28.7
 2013 04 20 20 36 45.178     2013 04 20 20 37 35.923      50.7
22
 2013 04 20 11 54 53.049     2013 04 20 11 57 28.752     155.7
23
 2013 04 20 06 22 58.793     2013 04 20 06 23  9.626      10.8
24
 2013 04 20 19 51 22.644     2013 04 20 19 51 48.273      25.6
25
 2013 04 20 09 52 30.332     2013 04 20 09 55 16.564     166.2
26
 2013 04 20 11 34 40.345     2013 04 20 11 37 20.286     159.9
 2013 04 20 16 29 44.312     2013 04 20 16 32 41.094     176.8
27
28
 2013 04 20 07 18 32.688     2013 04 20 07 21 18.362     165.7
29
 2013 04 20 05 56 22.718     2013 04 20 05 58 58.111     155.4
30
 2013 04 20 15 15 57.684     2013 04 20 15 19 22.173     204.5
31
 2013 04 20 18 19 28.862     2013 04 20 18 22 18.810     169.9
32
 2013 04 20 19 13 42.766     2013 04 20 19 17 29.537     226.8
33
 2013 04 20 04 47 52.349     2013 04 20 04 50 57.574     185.2
 2013 04 20 20 07 44.899     2013 04 20 20 11  8.247     203.3
34
 2013 04 20 04 53 48.775     2013 04 20 04 57 32.613     223.8
35
 2013 04 20 14 28 17.646     2013 04 20 14 28 27.990      10.3
36
 2013 04 20 11 28 49.269     2013 04 20 11 31 25.884     156.6
 2013 04 20 19 45 25.402     2013 04 20 19 48  3.609     158.2
37
 2013 04 20 07 17 44.808     2013 04 20 07 21 27.835     223.0
 2013 04 20 19 14 33.072     2013 04 20 19 15 31.517      58.4
38
 2013 04 20 00 51 23.970     2013 04 20 00 55  5.301     221.3
 2013 04 20 16 10 43.771     2013 04 20 16 14 21.844     218.1
39
 2013 04 20 07 18 38.611     2013 04 20 07 19 11.931      33.3
40
 2013 04 20 06 38 29.892     2013 04 20 06 41  6.588     156.7
 2013 04 20 16 45 13.605     2013 04 20 16 45 30.875      17.3
41
 2013 04 20 03 57 41.494     2013 04 20 04 00 16.982     155.5
42
 2013 04 20 00 56 46.880     2013 04 20 00 56 49.540       2.7
43
 2013 04 20 03 40 18.096     2013 04 20 03 41 35.465      77.4
 2013 04 20 10 15 20.746     2013 04 20 10 18 42.457     201.7
44
 2013 04 20 02 50   .061     2013 04 20 02 53 39.358     219.3
45
46
47
 2013 04 20 06 27 21.543     2013 04 20 06 30 44.052     202.5
 2013 04 20 20 02 28.060     2013 04 20 20 05 16.522     168.5
48
 2013 04 20 07 18  2.195     2013 04 20 07 20 35.032     152.8
49
 2013 04 20 13 05 58.272     2013 04 20 13 08 38.846     160.6
 2013 04 20 19 40 41.549     2013 04 20 19 44 23.706     222.2
50
 2013 04 20 01 09 40.020     2013 04 20 01 12 55.511     195.5
 2013 04 20 11 09  1.412     2013 04 20 11 11 39.631     158.2
51
 2013 04 20 20 57 37.321     2013 04 20 21 00 54.713     197.4
52
 2013 04 20 09 55 58.458     2013 04 20 09 59  6.532     188.1
53
 2013 04 20 05 14 18.478     2013 04 20 05 17 39.941     201.5
 2013 04 20 06 52   .029     2013 04 20 06 53  7.120      67.1
 2013 04 20 11 47 50.271     2013 04 20 11 50 35.666     165.4
54
 2013 04 20 08 02 37.522     2013 04 20 08 06 18.588     221.1
 2013 04 20 21 36  4.390     2013 04 20 21 39 42.030     217.6
55
 2013 04 20 01 34 17.545     2013 04 20 01 36 55.874     158.3
 2013 04 20 18 38 16.315     2013 04 20 18 40 53.712     157.4
56
 2013 04 20 03 32 36.397     2013 04 20 03 35 10.963     154.6
 2013 04 20 13 30 56.958     2013 04 20 13 34 42.838     225.9
57
 2013 04 20 13 00 15.703     2013 04 20 13 00 22.680       7.0
58
 2013 04 20 22 12 53.162     2013 04 20 22 14  6.400      73.2
59
 2013 04 20 10 45 41.231     2013 04 20 10 48 56.350     195.1
 2013 04 20 12 23 21.234     2013 04 20 12 27 16.192     235.0
 2013 04 20 15 40 17.782     2013 04 20 15 40 47.218      29.4
 2013 04 20 17 18 47.505     2013 04 20 17 21 53.902     186.4
60
 2013 04 20 08 09 59.083     2013 04 20 08 12 33.928     154.8
61
 2013 04 20 09 45 15.067     2013 04 20 09 48 31.590     196.5
62
63
64
 2013 04 20 12 42 54.893     2013 04 20 12 45 54.522     179.6
65
 2013 04 20 06 20 32.105     2013 04 20 06 24 23.540     231.4
 2013 04 20 21 42 20.377     2013 04 20 21 45 12.601     172.2
66
 2013 04 20 05 12  2.748     2013 04 20 05 12 38.946      36.2
67
 2013 04 20 12 15 19.281     2013 04 20 12 17 54.690     155.4
 2013 04 20 20 32 15.967     2013 04 20 20 35 44.183     208.2
68
 2013 04 20 12 18  1.146     2013 04 20 12 20 37.762     156.6
69
 2013 04 20 13 53 37.640     2013 04 20 13 56 16.060     158.4
 2013 04 20 20 28 42.006     2013 04 20 20 31 58.227     196.2
70
71
72
 2013 04 20 14 43 50.717     2013 04 20 14 46 27.290     156.6
 2013 04 20 19 38 43.330     2013 04 20 19 41 33.814     170.5
73
 2013 04 20 13 52 26.334     2013 04 20 13 56 12.278     225.9
 2013 04 20 20 26 53.868     2013 04 20 20 27 57.835      64.0
74
 2013 04 20 06 26 42.097     2013 04 20 06 30  3.409     201.3
 2013 04 20 20 02 52.978     2013 04 20 20 05 26.652     153.7
75
 2013 04 20 06 17 50.818     2013 04 20 06 20 49.417     178.6
 2013 04 20 23 21 12.676     2013 04 20 23 23 51.448     158.8
76
 2013 04 20 11 30 48.246     2013 04 20 11 33 35.109     166.9
77
 2013 04 20 12 47 39.180     2013 04 20 12 51  9.707     210.5
78
79
 2013 04 20 01 45   .898     2013 04 20 01 47 35.184     154.3
80
 2013 04 20 01 59 59.951     2013 04 20 02 02 37.949     158.0
81
 2013 04 20 08 49 35.818     2013 04 20 08 52  9.415     153.6
 2013 04 20 22 25  7.567     2013 04 20 22 28 27.877     200.3
82
 2013 04 20 07 35 43.342     2013 04 20 07 39  7.653     204.3
 2013 04 20 14 11 36.916     2013 04 20 14 14 16.943     160.0
83
 2013 04 20 11 12 11.128     2013 04 20 11 14 45.638     154.5
84
 2013 04 20 09 04 12.822     2013 04 20 09 06 48.008     155.2
85
 2013 04 20 00 02 10.303     2013 04 20 00 05 12.993     182.7
 2013 04 20 15 24 30.576     2013 04 20 15 27 48.338     197.8
 2013 04 20 23 40 34.089     2013 04 20 23 43 44.058     190.0
86
 2013 04 20 07 14  5.858     2013 04 20 07 16 48.773     162.9
 2013 04 20 20 51 32.820     2013 04 20 20 54 14.629     161.8
87
 2013 04 20 23 01 43.746     2013 04 20 23 04 16.678     152.9
88
 2013 04 20 18 31  3.910     2013 04 20 18 34 45.181     221.3
89
 2013 04 20 01 43 50.730     2013 04 20 01 47  2.751     192.0
 2013 04 20 15 18 45.613     2013 04 20 15 21 42.960     177.3
90
 2013 04 20 19 13 23.407     2013 04 20 19 16 22.020     178.6
91
92
 2013 04 20 04 16 37.526     2013 04 20 04 19 19.609     162.1
93
 2013 04 20 02 05 17.774     2013 04 20 02 08 18.999     181.2
 2013 04 20 08 38 59.063     2013 04 20 08 41 41.338     162.3
94
 2013 04 20 19 53 57.975     2013 04 20 19 56 41.378     163.4
95
 2013 04 20 13 00  2.606     2013 04 20 13 02 47.624     165.0
 2013 04 20 22 58 29.259     2013 04 20 22 58 36.329       7.1
96
 2013 04 20 06 42 27.079     2013 04 20 06 43 12.055      45.0
97
 2013 04 20 00 57  1.026     2013 04 20 00 59 34.235     153.2
 2013 04 20 14 31 56.731     2013 04 20 14 35 35.000     218.3
98
 2013 04 20 08 05 19.345     2013 04 20 08 08 30.546     191.2
99
 2013 04 20 09 00 15.206     2013 04 20 09 02 51.726     156.5
100
 2013 04 20 04 24 42.583     2013 04 20 04 27 19.879     157.3
 2013 04 20 12 39  4.210     2013 04 20 12 42 43.553     219.3
101
 2013 04 20 05 15  7.597     2013 04 20 05 17 48.792     161.2
 2013 04 20 11 48 21.559     2013 04 20 11 51 30.595     189.0
102
 2013 04 20 02 21 11.755     2013 04 20 02 24   .977     169.2
 2013 04 20 19 25 53.465     2013 04 20 19 28 32.975     159.5
103
 2013 04 20 11 29 28.656     2013 04 20 11 32 24.770     176.1
 2013 04 20 19 45 36.803     2013 04 20 19 48 31.234     174.4
104
 2013 04 20 03 11 47.175     2013 04 20 03 15  2.826     195.7
 2013 04 20 18 33 38.749     2013 04 20 18 36 22.951     164.2
105
 2013 04 20 09 59 34.473     2013 04 20 10 02 32.655     178.2
 2013 04 20 14 54 59.883     2013 04 20 14 58 38.324     218.4
106
 2013 04 20 09 45 41.082     2013 04 20 09 49 23.802     222.7
107
 2013 04 20 07 07  5.601     2013 04 20 07 09 46.018     160.4
108
 2013 04 20 09 00 18.641     2013 04 20 09 03 44.587     205.9
109
110
 2013 04 20 00 55 44.278     2013 04 20 00 58 47.558     183.3
 2013 04 20 14 32  9.343     2013 04 20 14 34 43.487     154.1
111
 2013 04 20 17 38 21.259     2013 04 20 17 41 59.863     218.6
112
 2013 04 20 06 33 23.946     2013 04 20 06 33 57.784      33.8
113
 2013 04 20 22 13 18.214     2013 04 20 22 16 47.353     209.1
114
 2013 04 20 02 30  6.783     2013 04 20 02 32 49.395     162.6
 2013 04 20 16 07 59.880     2013 04 20 16 10 35.070     155.2
115
 2013 04 20 01 17 57.890     2013 04 20 01 20 36.918     159.0
 2013 04 20 07 52 12.790     2013 04 20 07 54 50.544     157.8
116
 2013 04 20 05 31 27.589     2013 04 20 05 34 22.001     174.4
 2013 04 20 22 34 57.105     2013 04 20 22 38 14.243     197.1
117
 2013 04 20 14 36 26.303     2013 04 20 14 39 22.749     176.4
 2013 04 20 22 58 29.972     2013 04 20 22 58 42.077      12.1
118
 2013 04 20 03 39  6.513     2013 04 20 03 42 41.330     214.8
 2013 04 20 10 15 16.665     2013 04 20 10 17 59.184     162.5
119
 2013 04 20 18 13 57.656     2013 04 20 18 16 51.224     173.6
120
 2013 04 20 01 10 17.076     2013 04 20 01 13 36.693     199.6
121
 2013 04 20 03 33 28.809     2013 04 20 03 36  5.664     156.9
122
 2013 04 20 00 48 22.712     2013 04 20 00 51 40.548     197.8
123
 2013 04 20 21 35 33.077     2013 04 20 21 38 38.878     185.8
124
 2013 04 20 00 17  2.368     2013 04 20 00 17 46.109      43.7
 2013 04 20 12 02 43.794     2013 04 20 12 02 43.165       -.6
125
 2013 04 20 19 59 43.932     2013 04 20 20 02 22.579     158.6
126
 2013 04 20 00 13 29.324     2013 04 20 00 16 11.008     161.7
127
 2013 04 20 14 16 28.520     2013 04 20 14 19 10.159     161.6
128
129
 2013 04 20 04 27 45.206     2013 04 20 04 31  8.271     203.1
 2013 04 20 11 02 16.875     2013 04 20 11 05 36.239     199.4
130
 2013 04 20 01 16 31.228     2013 04 20 01 20  8.452     217.2
 2013 04 20 07 52 57.487     2013 04 20 07 56 28.233     210.7
131
 2013 04 20 13 07 44.553     2013 04 20 13 10 35.766     171.2
 2013 04 20 19 41  2.299     2013 04 20 19 44  2.657     180.4
132
 2013 04 20 00 04  7.660     2013 04 20 00 07 39.418     211.8
 2013 04 20 15 23 35.368     2013 04 20 15 27  9.214     213.8
 2013 04 20 23 42 29.421     2013 04 20 23 46 12.108     222.7
133
 2013 04 20 10 24 57.286     2013 04 20 10 27 30.589     153.3
134
 2013 04 20 19 59 10.471     2013 04 20 20 01 23.682     133.2
135
136
 2013 04 20 08 51 30.933     2013 04 20 08 54  4.087     153.2
137
 2013 04 20 10 20 27.949     2013 04 20 10 23 40.359     192.4
138
 2013 04 20 01 49 45.342     2013 04 20 01 52 21.578     156.2
 2013 04 20 13 39  6.085     2013 04 20 13 41 39.218     153.1
139
 2013 04 20 12 17 43.906     2013 04 20 12 21  4.719     200.8
140
 2013 04 20 02 26 37.290     2013 04 20 02 29 48.027     190.7
141
 2013 04 20 09 42 53.397     2013 04 20 09 45 36.629     163.2
 2013 04 20 21 31 11.207     2013 04 20 21 33 43.950     152.7
142
 2013 04 20 02 46 14.556     2013 04 20 02 49 28.020     193.5
143
 2013 04 20 00 00   .000     2013 04 20 00 01 37.548      97.5
 2013 04 20 17 01 56.852     2013 04 20 17 05 19.515     202.7
 2013 04 20 23 36 25.638     2013 04 20 23 40  8.084     222.4
144
 2013 04 20 20 00 41.488     2013 04 20 20 03 41.617     180.1
145
 2013 04 20 12 17 42.804     2013 04 20 12 21  1.266     198.5
146
 2013 04 20 10 40 27.891     2013 04 20 10 43 14.501     166.6
 2013 04 20 18 57  4.395     2013 04 20 18 57 50.024      45.6
147
 2013 04 20 01 56 34.537     2013 04 20 01 59 31.868     177.3
 2013 04 20 11 58   .443     2013 04 20 12 00 42.545     162.1
148
 2013 04 20 03 11   .686     2013 04 20 03 14 10.872     190.2
 2013 04 20 18 35 15.741     2013 04 20 18 38 29.620     193.9
149
 2013 04 20 08 13 45.930     2013 04 20 08 16 34.008     168.1
 2013 04 20 18 16 29.990     2013 04 20 18 19 26.495     176.5
150
151
 2013 04 20 00 07  9.602     2013 04 20 00 09 46.011     156.4
 2013 04 20 13 45 57.740     2013 04 20 13 49 18.954     201.2
 2013 04 20 23 45 37.776     2013 04 20 23 48 13.042     155.3
152
 2013 04 20 09 00  2.412     2013 04 20 09 02 39.432     157.0
153
 2013 04 20 04 43 43.389     2013 04 20 04 47  5.000     201.6
 2013 04 20 21 48  7.694     2013 04 20 21 51  5.880     178.2
154
155
 2013 04 20 00 46 13.754     2013 04 20 00 49 36.084     202.3
 2013 04 20 17 49 51.646     2013 04 20 17 52 29.618     158.0
156
 2013 04 20 13 36 31.579     2013 04 20 13 39 44.882     193.3
157
 2013 04 20 01 00 34.526     2013 04 20 01 03  7.551     153.0
 2013 04 20 12 55 58.143     2013 04 20 12 56  1.330       3.2
158
 2013 04 20 09 38 26.909     2013 04 20 09 41 40.247     193.3
159
 2013 04 20 00 46 46.315     2013 04 20 00 46 50.272       4.0
 2013 04 20 02 21  6.088     2013 04 20 02 24 25.999     199.9
 2013 04 20 19 26 22.295     2013 04 20 19 28 59.693     157.4
160
 2013 04 20 20 10 17.718     2013 04 20 20 11 12.380      54.7
161
 2013 04 20 09 39  6.183     2013 04 20 09 41 40.303     154.1
162
 2013 04 20 07 25 34.631     2013 04 20 07 28 14.466     159.8
163
 2013 04 20 03 41 49.197     2013 04 20 03 44 26.943     157.7
 2013 04 20 08 36 48.165     2013 04 20 08 39 43.513     175.3
164
 2013 04 20 07 28  6.550     2013 04 20 07 31 38.993     212.4
 2013 04 20 17 26 56.243     2013 04 20 17 29 41.154     164.9
165
 2013 04 20 03 10  5.930     2013 04 20 03 13   .971     175.0
 2013 04 20 20 12 43.550     2013 04 20 20 13 22.802      39.3
166
 2013 04 20 05 16 26.886     2013 04 20 05 19 57.284     210.4
 2013 04 20 10 12 24.771     2013 04 20 10 15 17.346     172.6
167
 2013 04 20 04 27 32.581     2013 04 20 04 30 21.282     168.7
 2013 04 20 11 01 57.429     2013 04 20 11 04 47.836     170.4
168
 2013 04 20 14 39  8.766     2013 04 20 14 42  1.606     172.8
 2013 04 20 22 54 18.358     2013 04 20 22 57 49.198     210.8
169
 2013 04 20 22 14 38.849     2013 04 20 22 17 27.875     169.0
170
 2013 04 20 00 56   .235     2013 04 20 00 58  2.232     122.0
 2013 04 20 14 33 10.970     2013 04 20 14 34 22.744      71.8
171
 2013 04 20 01 35  9.131     2013 04 20 01 38  2.261     173.1
 2013 04 20 18 37 11.818     2013 04 20 18 40 50.728     218.9
172
 2013 04 20 14 40 57.548     2013 04 20 14 41  8.022      10.5
 2013 04 20 21 17 40.802     2013 04 20 21 20 19.242     158.4
173
 2013 04 20 17 05  2.342     2013 04 20 17 07 39.786     157.4
 2013 04 20 21 59 55.538     2013 04 20 22 03 31.633     216.1
 2013 04 20 23 37 36.341     2013 04 20 23 38 24.823      48.5
174
 2013 04 20 09 07 37.268     2013 04 20 09 08 14.041      36.8
175
 2013 04 20 06 32 59.704     2013 04 20 06 34  8.378      68.7
176
 2013 04 20 14 37 57.825     2013 04 20 14 40 33.114     155.3
 2013 04 20 22 54 24.257     2013 04 20 22 57  3.679     159.4
177
178
 2013 04 20 08 12   .199     2013 04 20 08 15 40.943     220.7
 2013 04 20 18 21 13.588     2013 04 20 18 21 17.260       3.7
179
 2013 04 20 01 35 40.073     2013 04 20 01 39 15.815     215.7
180
 2013 04 20 02 52 38.496     2013 04 20 02 56  2.734     204.2
 2013 04 20 04 30 24.577     2013 04 20 04 34 13.271     228.7
 2013 04 20 07 47 14.647     2013 04 20 07 47 16.400       1.8
 2013 04 20 09 25 52.510     2013 04 20 09 28 51.788     179.3
181
 2013 04 20 02 35 11.584     2013 04 20 02 35 50.274      38.7
 2013 04 20 16 04 32.999     2013 04 20 16 05 17.760      44.8
182
 2013 04 20 18 23 21.627     2013 04 20 18 24  3.685      42.1
183
 2013 04 20 01 15 51.797     2013 04 20 01 19 17.654     205.9
184
 2013 04 20 05 49 45.790     2013 04 20 05 52 26.087     160.3
185
 2013 04 20 16 03 22.827     2013 04 20 16 06 33.261     190.4
186
 2013 04 20 00 00   .000     2013 04 20 00 01  1.627      61.6
 2013 04 20 17 04 52.789     2013 04 20 17 07 35.508     162.7
 2013 04 20 21 59 55.856     2013 04 20 22 00 41.999      46.1
 2013 04 20 23 37 59.602     2013 04 20 23 41 47.213     227.6
187
 2013 04 20 01 36  1.520     2013 04 20 01 38 48.060     166.5
188
 2013 04 20 17 29 34.166     2013 04 20 17 29 58.242      24.1
189
 2013 04 20 06 01  7.930     2013 04 20 06 03 51.841     163.9
 2013 04 20 12 36 17.414     2013 04 20 12 39  8.367     171.0
190
 2013 04 20 07 22 13.728     2013 04 20 07 25 41.362     207.6
 2013 04 20 19 07 32.837     2013 04 20 19 10 55.110     202.3
191
 2013 04 20 03 08  5.805     2013 04 20 03 10 54.960     169.2
 2013 04 20 20 12 55.538     2013 04 20 20 15 52.917     177.4
192
193
 2013 04 20 09 05 36.903     2013 04 20 09 08 12.375     155.5
194
 2013 04 20 16 41 47.550     2013 04 20 16 43 11.430      83.9
195
196
197
 2013 04 20 05 14 48.832     2013 04 20 05 17 29.384     160.6
 2013 04 20 11 49  5.588     2013 04 20 11 51 50.863     165.3
198
199
 2013 04 20 01 15  3.476     2013 04 20 01 16 48.953     105.5
 2013 04 20 09 30 49.025     2013 04 20 09 31  2.566      13.5
200
 2013 04 20 00 32  3.967     2013 04 20 00 34 40.554     156.6
 2013 04 20 05 26 54.244     2013 04 20 05 30 26.188     211.9
 2013 04 20 07 04 32.969     2013 04 20 07 05 14.042      41.1
201
 2013 04 20 02 04 58.616     2013 04 20 02 07 55.120     176.5
 2013 04 20 08 40 17.050     2013 04 20 08 42 54.394     157.3
202
 2013 04 20 05 48 12.532     2013 04 20 05 51 15.006     182.5
 2013 04 20 17 32 45.485     2013 04 20 17 33 22.010      36.5
203
 2013 04 20 13 48 22.790     2013 04 20 13 51 23.510     180.7
204
 2013 04 20 03 33 55.331     2013 04 20 03 37 13.034     197.7
205
 2013 04 20 21 40 30.380     2013 04 20 21 43 38.834     188.5
206
 2013 04 20 17 38 16.621     2013 04 20 17 41 18.025     181.4
207
 2013 04 20 15 11 32.581     2013 04 20 15 14 11.612     159.0
208
 2013 04 20 22 26 52.082     2013 04 20 22 30 24.887     212.8
209
 2013 04 20 12 54 22.222     2013 04 20 12 56 57.934     155.7
210
211
 2013 04 20 05 41 47.672     2013 04 20 05 44 21.913     154.2
212
 2013 04 20 07 27  3.312     2013 04 20 07 29 48.705     165.4
 2013 04 20 17 29  6.226     2013 04 20 17 31 43.093     156.9
213
 2013 04 20 02 38 23.878     2013 04 20 02 41 49.672     205.8
 2013 04 20 14 23 59.728     2013 04 20 14 27 13.641     193.9
214
 2013 04 20 00 25 32.426     2013 04 20 00 28 22.215     169.8
 2013 04 20 08 43 23.343     2013 04 20 08 43 31.423       8.1
215
216
217
 2013 04 20 11 54 20.946     2013 04 20 11 57 36.976     196.0
218
219
 2013 04 20 04 05 23.538     2013 04 20 04 08 22.918     179.4
 2013 04 20 17 42  7.291     2013 04 20 17 45 28.862     201.6
220
221
 2013 04 20 03 29 25.848     2013 04 20 03 32 20.440     174.6
 2013 04 20 13 32 50.281     2013 04 20 13 36 22.347     212.1
222
 2013 04 20 18 18 57.561     2013 04 20 18 22  5.913     188.4
223
224
 2013 04 20 07 53 54.754     2013 04 20 07 56 43.930     169.2
225
 2013 04 20 01 43 49.130     2013 04 20 01 46 25.302     156.2
 2013 04 20 15 19 48.223     2013 04 20 15 22 56.691     188.5
226
 2013 04 20 22 57 35.084     2013 04 20 22 57 51.518      16.4
227
 2013 04 20 04 50  9.156     2013 04 20 04 53 24.663     195.5
 2013 04 20 18 30 32.125     2013 04 20 18 33 56.224     204.1
228
 2013 04 20 11 14 24.980     2013 04 20 11 17 29.754     184.8
229
 2013 04 20 17 53 34.340     2013 04 20 17 56 41.781     187.4
 2013 04 20 22 49  1.712     2013 04 20 22 51 38.285     156.6
230
 2013 04 20 12 07 50.791     2013 04 20 12 10 44.936     174.1
231
 2013 04 20 01 32 49.634     2013 04 20 01 35 41.838     172.2
 2013 04 20 18 36 55.614     2013 04 20 18 40 36.624     221.0
 2013 04 20 20 14 39.280     2013 04 20 20 14 42.651       3.4
232
233
 2013 04 20 03 34 57.428     2013 04 20 03 37 45.191     167.8
 2013 04 20 11 51 30.471     2013 04 20 11 55 18.670     228.2
234
 2013 04 20 01 34 42.802     2013 04 20 01 37 57.823     195.0
 2013 04 20 18 38 52.227     2013 04 20 18 41 56.101     183.9
235
 2013 04 20 11 12 11.169     2013 04 20 11 14 58.954     167.8
236
237
238
 2013 04 20 20 53 43.122     2013 04 20 20 57  9.818     206.7
239
 2013 04 20 11 33 46.141     2013 04 20 11 34 17.253      31.1
 2013 04 20 19 42 40.238     2013 04 20 19 42 42.052       1.8
240
 2013 04 20 19 14 20.400     2013 04 20 19 17  2.698     162.3
241
 2013 04 20 03 41 11.004     2013 04 20 03 43 47.522     156.5
 2013 04 20 08 36  4.071     2013 04 20 08 39 42.354     218.3
 2013 04 20 10 13 49.091     2013 04 20 10 14 49.459      60.4
242
 2013 04 20 05 52 17.985     2013 04 20 05 55 44.680     206.7
 2013 04 20 15 52 50.140     2013 04 20 15 55 48.634     178.5
243
 2013 04 20 09 42 14.813     2013 04 20 09 45 39.876     205.1
 2013 04 20 21 30 39.040     2013 04 20 21 33 24.928     165.9
244
 2013 04 20 14 27 53.497     2013 04 20 14 30 39.514     166.0
245
 2013 04 20 03 40 35.568     2013 04 20 03 43 11.935     156.4
 2013 04 20 10 14  9.758     2013 04 20 10 17 15.173     185.4
246
 2013 04 20 07 14 40.243     2013 04 20 07 18  1.999     201.8
 2013 04 20 20 51  5.411     2013 04 20 20 51 56.126      50.7
247
 2013 04 20 10 32 43.541     2013 04 20 10 35 17.026     153.5
248
 2013 04 20 02 47  9.609     2013 04 20 02 50  7.194     177.6
 2013 04 20 11 08 59.543     2013 04 20 11 09 25.609      26.1
249
 2013 04 20 03 34  4.627     2013 04 20 03 36 45.214     160.6
250
 2013 04 20 09 02 52.363     2013 04 20 09 05 48.849     176.5
 2013 04 20 19 02 53.775     2013 04 20 19 06 20.785     207.0
251
 2013 04 20 13 01 36.741     2013 04 20 13 03 36.397     119.7
 2013 04 20 21 20 50.274     2013 04 20 21 24 28.740     218.5
252
253
 2013 04 20 14 16 24.031     2013 04 20 14 19 24.918     180.9
254
255
 2013 04 20 16 08 51.734     2013 04 20 16 11 52.866     181.1
256
 2013 04 20 00 57 13.256     2013 04 20 01 00 39.812     206.6
 2013 04 20 14 30 33.402     2013 04 20 14 32 28.657     115.3
257
 2013 04 20 19 12 15.836     2013 04 20 19 15 44.972     209.1
258
259
 2013 04 20 02 35 47.742     2013 04 20 02 38 22.364     154.6
 2013 04 20 14 26 36.967     2013 04 20 14 29 54.093     197.1
260
 2013 04 20 03 57 43.292     2013 04 20 04 00 49.925     186.6
261
262
 2013 04 20 02 23 47.803     2013 04 20 02 23 50.449       2.6
 2013 04 20 17 48 53.133     2013 04 20 17 51 30.518     157.4
263
 2013 04 20 05 09 59.428     2013 04 20 05 13  3.969     184.5
 2013 04 20 13 26  4.815     2013 04 20 13 29  7.112     182.3
264
 2013 04 20 04 23 32.138     2013 04 20 04 26 14.711     162.6
 2013 04 20 12 39 18.245     2013 04 20 12 41 54.796     156.6
265
 2013 04 20 05 12 46.254     2013 04 20 05 16  2.690     196.4
 2013 04 20 11 47 14.976     2013 04 20 11 50 54.157     219.2
266
 2013 04 20 00 26 37.961     2013 04 20 00 29 34.080     176.1
 2013 04 20 08 42 35.476     2013 04 20 08 45 20.483     165.0
267
 2013 04 20 08 10 49.925     2013 04 20 08 13 43.485     173.6
268
 2013 04 20 07 18 13.960     2013 04 20 07 20 47.929     154.0
269
 2013 04 20 15 04 37.962     2013 04 20 15 07 26.630     168.7
270
 2013 04 20 21 44 42.883     2013 04 20 21 45  1.006      18.1
271
 2013 04 20 17 05  6.759     2013 04 20 17 07 45.932     159.2
 2013 04 20 22 00  6.216     2013 04 20 22 03 41.065     214.8
 2013 04 20 23 37 42.241     2013 04 20 23 38  2.613      20.4
272
 2013 04 20 03 09 26.722     2013 04 20 03 12 29.407     182.7
 2013 04 20 20 11 43.650     2013 04 20 20 15  6.290     202.6
273
274
275
 2013 04 20 01 18 40.975     2013 04 20 01 22 15.601     214.6
 2013 04 20 07 53 11.366     2013 04 20 07 56 43.544     212.2
276
 2013 04 20 01 02 14.674     2013 04 20 01 04 52.833     158.2
 2013 04 20 12 51 22.793     2013 04 20 12 54  2.575     159.8
277
278
 2013 04 20 04 20 44.413     2013 04 20 04 21 38.594      54.2
 2013 04 20 14 17 53.408     2013 04 20 14 20 48.962     175.6
279
 2013 04 20 13 54  3.946     2013 04 20 13 54 20.017      16.1
 2013 04 20 20 30 26.120     2013 04 20 20 33  4.694     158.6
280
 2013 04 20 08 06  1.819     2013 04 20 08 09  8.458     186.6
 2013 04 20 19 58 22.020     2013 04 20 20 01 46.928     204.9
281
 2013 04 20 00 03 11.570     2013 04 20 00 06 17.040     185.5
 2013 04 20 15 26  4.906     2013 04 20 15 28 47.583     162.7
 2013 04 20 23 41 43.124     2013 04 20 23 44 41.466     178.3
282
 2013 04 20 00 08 35.213     2013 04 20 00 12 20.758     225.5
 2013 04 20 13 44 11.008     2013 04 20 13 46 46.190     155.2
283
 2013 04 20 09 01 55.879     2013 04 20 09 04 37.159     161.3
 2013 04 20 19 02 44.600     2013 04 20 19 05 24.421     159.8
284
 2013 04 20 02 00 47.367     2013 04 20 02 03 28.471     161.1
 2013 04 20 10 18  3.322     2013 04 20 10 21  8.981     185.7
285
 2013 04 20 06 28 37.723     2013 04 20 06 31 19.422     161.7
286
 2013 04 20 11 27  3.701     2013 04 20 11 30 17.993     194.3
287
 2013 04 20 02 04 13.457     2013 04 20 02 05  6.121      52.7
 2013 04 20 10 16 24.699     2013 04 20 10 19   .881     156.2
288
 2013 04 20 05 13 32.480     2013 04 20 05 17  5.169     212.7
 2013 04 20 06 51 14.689     2013 04 20 06 51 29.931      15.2
 2013 04 20 11 47 40.729     2013 04 20 11 50 19.715     159.0
289
 2013 04 20 03 55  3.455     2013 04 20 03 58  1.379     177.9
 2013 04 20 20 59  2.316     2013 04 20 21 02  6.471     184.2
290
 2013 04 20 06 50  9.354     2013 04 20 06 52 51.634     162.3
 2013 04 20 11 45 12.163     2013 04 20 11 45 22.572      10.4
 2013 04 20 13 23 20.644     2013 04 20 13 27  2.790     222.1
291
 2013 04 20 12 14 10.497     2013 04 20 12 17 44.083     213.6
292
293
 2013 04 20 23 01 23.149     2013 04 20 23 03 56.771     153.6
294
 2013 04 20 10 46 49.775     2013 04 20 10 49 30.175     160.4
 2013 04 20 15 41 36.514     2013 04 20 15 44 54.498     198.0
 2013 04 20 17 18 57.832     2013 04 20 17 18 59.287       1.5
295
296
 2013 04 20 05 51 21.886     2013 04 20 05 54 28.303     186.4
 2013 04 20 15 57  3.430     2013 04 20 15 57  8.113       4.7
297
 2013 04 20 15 15 51.269     2013 04 20 15 18 31.673     160.4
298
299
 2013 04 20 01 51 17.395     2013 04 20 01 51 28.104      10.7
300
 2013 04 20 05 55 55.514     2013 04 20 05 58 30.757     155.2
301
 2013 04 20 00 47 59.266     2013 04 20 00 51 23.292     204.0
302
 2013 04 20 11 17 13.637     2013 04 20 11 20 11.998     178.4
 2013 04 20 23 05 32.618     2013 04 20 23 08  7.025     154.4
303
 2013 04 20 04 08 31.851     2013 04 20 04 11  7.224     155.4
304
 2013 04 20 12 43  1.081     2013 04 20 12 46 17.008     195.9
305
 2013 04 20 17 48 44.180     2013 04 20 17 52  2.731     198.6
306
 2013 04 20 01 36 30.486     2013 04 20 01 39 20.468     170.0
 2013 04 20 17 00 17.055     2013 04 20 17 03 43.788     206.7
307
 2013 04 20 20 00 21.970     2013 04 20 20 03 58.812     216.8
308
 2013 04 20 03 24 24.162     2013 04 20 03 27 24.885     180.7
 2013 04 20 15 12 38.541     2013 04 20 15 15 12.627     154.1
309
 2013 04 20 14 40 43.592     2013 04 20 14 43 25.458     161.9
 2013 04 20 21 15 24.048     2013 04 20 21 18 47.926     203.9
310
 2013 04 20 09 42 35.351     2013 04 20 09 45 51.844     196.5
 2013 04 20 21 30 41.833     2013 04 20 21 33 17.372     155.5
311
312
 2013 04 20 02 05 39.012     2013 04 20 02 08 15.257     156.2
 2013 04 20 08 39 41.807     2013 04 20 08 42 25.988     164.2
313
 2013 04 20 01 37 14.596     2013 04 20 01 39 55.956     161.4
 2013 04 20 17 00 18.109     2013 04 20 17 03  3.809     165.7
314
 2013 04 20 06 48 31.744     2013 04 20 06 48 37.792       6.0
 2013 04 20 08 26 42.944     2013 04 20 08 30  4.028     201.1
 2013 04 20 11 47 20.699     2013 04 20 11 47 22.900       2.2
 2013 04 20 13 21 59.143     2013 04 20 13 24 45.970     166.8
315
 2013 04 20 13 04  4.419     2013 04 20 13 05 27.349      82.9
 2013 04 20 21 20 22.515     2013 04 20 21 24  7.094     224.6
316
 2013 04 20 09 06  3.741     2013 04 20 09 08 58.969     175.2
 2013 04 20 17 22 27.984     2013 04 20 17 26  2.041     214.1
317
 2013 04 20 18 25 21.417     2013 04 20 18 28 43.371     202.0
318
 2013 04 20 00 47  6.557     2013 04 20 00 50 45.738     219.2
 2013 04 20 17 51 58.217     2013 04 20 17 54 51.721     173.5
319
 2013 04 20 04 17  5.292     2013 04 20 04 20 24.308     199.0
 2013 04 20 14 18 14.102     2013 04 20 14 22   .621     226.5
320
 2013 04 20 09 44   .312     2013 04 20 09 47 15.269     195.0
321
 2013 04 20 13 53 28.255     2013 04 20 13 56 49.003     200.7
 2013 04 20 20 29 33.031     2013 04 20 20 32 41.329     188.3
322
 2013 04 20 19 52 22.030     2013 04 20 19 55 10.353     168.3
323
 2013 04 20 03 37 38.663     2013 04 20 03 41 11.273     212.6
324
 2013 04 20 02 33 10.287     2013 04 20 02 35 50.901     160.6
325
 2013 04 20 01 36 11.451     2013 04 20 01 39 11.558     180.1
 2013 04 20 17 02 39.713     2013 04 20 17 02 56.877      17.2
326
 2013 04 20 02 22 18.626     2013 04 20 02 25 14.485     175.9
 2013 04 20 19 25 50.074     2013 04 20 19 29  7.221     197.1
327
 2013 04 20 10 29 56.107     2013 04 20 10 30 33.741      37.6
 2013 04 20 22 19 21.740     2013 04 20 22 21  6.481     104.7
328
 2013 04 20 11 06 50.652     2013 04 20 11 09 30.660     160.0
329
 2013 04 20 02 41  5.757     2013 04 20 02 44 26.467     200.7
330
 2013 04 20 13 07 58.470     2013 04 20 13 10 50.010     171.5
 2013 04 20 18 02 35.887     2013 04 20 18 03 19.136      43.2
 2013 04 20 19 40 55.115     2013 04 20 19 44 12.891     197.8
331
332
 2013 04 20 14 30 35.049     2013 04 20 14 34  1.229     206.2
333
 2013 04 20 04 05 33.054     2013 04 20 04 08  6.802     153.7
 2013 04 20 17 41 44.418     2013 04 20 17 44 42.765     178.3
334
 2013 04 20 03 29 41.055     2013 04 20 03 33  4.644     203.6
 2013 04 20 13 33 48.025     2013 04 20 13 34 46.984      59.0
335
 2013 04 20 05 09 44.774     2013 04 20 05 12 58.658     193.9
 2013 04 20 13 27 50.144     2013 04 20 13 30 43.082     172.9
336
 2013 04 20 12 10 44.801     2013 04 20 12 14 18.677     213.9
 2013 04 20 22 11  1.549     2013 04 20 22 13 50.386     168.8
337
 2013 04 20 09 34 43.751     2013 04 20 09 37 34.155     170.4
 2013 04 20 23 13 52.954     2013 04 20 23 16 45.864     172.9
338
 2013 04 20 12 10 51.570     2013 04 20 12 13 32.742     161.2
 2013 04 20 22 12 41.861     2013 04 20 22 15 18.516     156.7
339
 2013 04 20 07 25 45.587     2013 04 20 07 28 19.350     153.8
340
 2013 04 20 21 35 50.469     2013 04 20 21 38 27.360     156.9
341
 2013 04 20 06 36 34.412     2013 04 20 06 39 17.427     163.0
342
 2013 04 20 11 10 19.275     2013 04 20 11 11 23.780      64.5
343
 2013 04 20 18 25 16.608     2013 04 20 18 28  8.644     172.0
344
 2013 04 20 00 31 47.824     2013 04 20 00 34 28.182     160.4
 2013 04 20 05 26 30.947     2013 04 20 05 30 13.772     222.8
 2013 04 20 07 04 28.265     2013 04 20 07 08  8.687     220.4
345
 2013 04 20 09 41 42.946     2013 04 20 09 44 18.696     155.8
 2013 04 20 21 32 11.120     2013 04 20 21 35  6.141     175.0
346
 2013 04 20 05 07 27.605     2013 04 20 05 10 13.681     166.1
 2013 04 20 15 04 45.798     2013 04 20 15 05 37.302      51.5
347
 2013 04 20 00 57 14.346     2013 04 20 01 00 52.022     217.7
 2013 04 20 14 30 21.433     2013 04 20 14 31 41.898      80.5
348
 2013 04 20 08 46 34.070     2013 04 20 08 50  5.899     211.8
349
 2013 04 20 02 36 38.879     2013 04 20 02 36 42.384       3.5
 2013 04 20 14 26 57.365     2013 04 20 14 30 26.209     208.8
350
 2013 04 20 17 45 15.226     2013 04 20 17 48 22.172     186.9
351
 2013 04 20 15 51  2.460     2013 04 20 15 54  6.126     183.7
352
 2013 04 20 03 39 52.403     2013 04 20 03 43   .779     188.4
 2013 04 20 10 15  4.322     2013 04 20 10 17 42.492     158.2
353
 2013 04 20 13 02   .528     2013 04 20 13 04 45.119     164.6
354
 2013 04 20 21 27 25.906     2013 04 20 21 31  9.143     223.2
355
 2013 04 20 22 28 35.695     2013 04 20 22 31 24.574     168.9
356
 2013 04 20 11 19 59.838     2013 04 20 11 23 16.192     196.4
357
 2013 04 20 06 44 28.623     2013 04 20 06 47 46.243     197.6
 2013 04 20 15 02 29.982     2013 04 20 15 05 12.979     163.0
358
 2013 04 20 23 02 19.162     2013 04 20 23 04 58.033     158.9
359
360
 2013 04 20 03 32 29.674     2013 04 20 03 35 16.100     166.4
 2013 04 20 13 30 36.949     2013 04 20 13 34  1.612     204.7
361
 2013 04 20 05 58 50.381     2013 04 20 05 58 58.802       8.4
362
 2013 04 20 01 33 21.372     2013 04 20 01 36 59.076     217.7
 2013 04 20 18 36 57.587     2013 04 20 18 39 36.425     158.8
363
 2013 04 20 10 39   .869     2013 04 20 10 41 36.165     155.3
364
 2013 04 20 08 05   .890     2013 04 20 08 06  1.032      60.1
 2013 04 20 21 36 23.895     2013 04 20 21 39 24.998     181.1
365
 2013 04 20 08 44 11.857     2013 04 20 08 44 41.108      29.3
366
367
 2013 04 20 04 51 12.858     2013 04 20 04 54 58.901     226.0
 2013 04 20 18 30 42.615     2013 04 20 18 33 20.686     158.1
368
 2013 04 20 09 55 24.288     2013 04 20 09 58 43.969     199.7
 2013 04 20 18 09  5.805     2013 04 20 18 12 29.284     203.5
369
 2013 04 20 02 47 30.380     2013 04 20 02 50 15.410     165.0
 2013 04 20 11 05 10.237     2013 04 20 11 08 59.295     229.1
370
 2013 04 20 15 20 38.538     2013 04 20 15 20 57.437      18.9
371
 2013 04 20 09 07   .843     2013 04 20 09 09 47.513     166.7
 2013 04 20 17 22 55.660     2013 04 20 17 25 34.971     159.3
372
 2013 04 20 14 42 21.408     2013 04 20 14 45  3.572     162.2
 2013 04 20 21 16 31.464     2013 04 20 21 19 23.022     171.6
373
 2013 04 20 03 33 55.636     2013 04 20 03 37 16.528     200.9
374
 2013 04 20 02 29 57.163     2013 04 20 02 32 55.654     178.5
 2013 04 20 16 08 16.079     2013 04 20 16 10 53.080     157.0
375
 2013 04 20 13 00 31.544     2013 04 20 13 03 10.890     159.3
376
 2013 04 20 13 53 16.828     2013 04 20 13 56 39.331     202.5
 2013 04 20 20 27 40.355     2013 04 20 20 30 44.046     183.7
377
 2013 04 20 04 47 22.705     2013 04 20 04 50  9.105     166.4
 2013 04 20 20 08 30.668     2013 04 20 20 11 16.104     165.4
378
 2013 04 20 18 59 42.128     2013 04 20 19 02 18.208     156.1
379
 2013 04 20 04 22 36.472     2013 04 20 04 25 12.023     155.6
 2013 04 20 12 39 31.503     2013 04 20 12 42 47.952     196.4
380
 2013 04 20 19 46 43.249     2013 04 20 19 49 29.408     166.2
381
 2013 04 20 12 07 33.061     2013 04 20 12 10 11.129     158.1
382
 2013 04 20 19 05 32.887     2013 04 20 19 08 26.689     173.8
383
 2013 04 20 04 03 59.154     2013 04 20 04 07  5.438     186.3
 2013 04 20 17 41 20.551     2013 04 20 17 44 27.401     186.8
384
 2013 04 20 14 19 52.819     2013 04 20 14 20 37.665      44.8
385
 2013 04 20 16 03 55.980     2013 04 20 16 06 38.849     162.9
386
 2013 04 20 16 14 37.844     2013 04 20 16 16  1.741      83.9
 2013 04 20 22 51 23.679     2013 04 20 22 55 11.476     227.8
387
 2013 04 20 05 49   .705     2013 04 20 05 51 56.181     175.5
388
 2013 04 20 02 01 53.498     2013 04 20 02 05 34.971     221.5
 2013 04 20 10 16 22.707     2013 04 20 10 19 10.909     168.2
389
 2013 04 20 04 25 27.946     2013 04 20 04 28 16.932     169.0
390
 2013 04 20 04 47 14.127     2013 04 20 04 50 47.568     213.4
 2013 04 20 20 07 45.303     2013 04 20 20 10 36.100     170.8
391
 2013 04 20 03 40 11.254     2013 04 20 03 43 14.160     182.9
 2013 04 20 10 14 56.625     2013 04 20 10 17 45.338     168.7
392
393
 2013 04 20 19 11 43.176     2013 04 20 19 15 23.855     220.7
394
 2013 04 20 01 56 46.971     2013 04 20 01 59 21.293     154.3
 2013 04 20 11 57 28.346     2013 04 20 12 00  3.297     155.0
395
 2013 04 20 10 45 39.238     2013 04 20 10 48 27.302     168.1
 2013 04 20 17 19 19.816     2013 04 20 17 22  7.828     168.0
396
 2013 04 20 00 54  9.973     2013 04 20 00 57 17.261     187.3
 2013 04 20 14 34  4.919     2013 04 20 14 37  5.977     181.1
397
 2013 04 20 04 16 24.050     2013 04 20 04 19 31.493     187.4
 2013 04 20 14 20 19.271     2013 04 20 14 24   .309     221.0
398
 2013 04 20 06 20 40.902     2013 04 20 06 22 35.213     114.3
 2013 04 20 21 45  1.975     2013 04 20 21 47 38.382     156.4
399
 2013 04 20 07 55 56.062     2013 04 20 07 58 33.346     157.3
 2013 04 20 23 18  9.589     2013 04 20 23 20 46.445     156.9
400
 2013 04 20 01 16 23.981     2013 04 20 01 19 44.075     200.1
 2013 04 20 07 50 52.360     2013 04 20 07 54 23.288     210.9
401
 2013 04 20 09 56 10.407     2013 04 20 09 57 49.403      99.0
 2013 04 20 16 36 41.196     2013 04 20 16 37  2.074      20.9
402
 2013 04 20 06 46  4.989     2013 04 20 06 47  9.894      64.9
403
 2013 04 20 11 21 55.398     2013 04 20 11 25 11.095     195.7
 2013 04 20 21 26   .940     2013 04 20 21 29 36.078     215.1
404
 2013 04 20 11 20 46.341     2013 04 20 11 24  9.071     202.7
405
 2013 04 20 23 19 12.730     2013 04 20 23 19 28.705      16.0
406
 2013 04 20 12 07 40.264     2013 04 20 12 11 23.156     222.9
407
 2013 04 20 09 09 27.942     2013 04 20 09 12 54.183     206.2
 2013 04 20 15 43 52.368     2013 04 20 15 47   .728     188.4
408
 2013 04 20 13 29 27.523     2013 04 20 13 32  2.002     154.5
409
 2013 04 20 19 53 41.396     2013 04 20 19 56 15.898     154.5
410
411
 2013 04 20 09 00 46.902     2013 04 20 09 03 20.606     153.7
 2013 04 20 19 03  3.047     2013 04 20 19 06 45.279     222.2
412
 2013 04 20 20 05 34.607     2013 04 20 20 08 37.646     183.0
413
 2013 04 20 04 08 47.439     2013 04 20 04 09 23.301      35.9
 2013 04 20 16 02 43.333     2013 04 20 16 06  6.296     203.0
414
 2013 04 20 10 25 32.519     2013 04 20 10 25 43.838      11.3
415
 2013 04 20 02 44 47.420     2013 04 20 02 47 27.185     159.8
 2013 04 20 12 44 19.642     2013 04 20 12 47 39.110     199.5
416
 2013 04 20 05 45 27.026     2013 04 20 05 48  1.758     154.7
 2013 04 20 17 35 18.542     2013 04 20 17 38 17.795     179.3
417
418
 2013 04 20 02 22 16.970     2013 04 20 02 24 52.543     155.6
 2013 04 20 19 25 17.925     2013 04 20 19 28 25.433     187.5
419
 2013 04 20 10 37 26.207     2013 04 20 10 40 30.209     184.0
 2013 04 20 20 36 23.460     2013 04 20 20 39 12.920     169.5
420
421
 2013 04 20 02 46 43.986     2013 04 20 02 50 10.487     206.5
422
423
 2013 04 20 02 44 57.971     2013 04 20 02 47 35.182     157.2
 2013 04 20 12 43 48.276     2013 04 20 12 47  1.126     192.9
424
 2013 04 20 09 51  3.773     2013 04 20 09 54 37.211     213.4
 2013 04 20 19 47 44.430     2013 04 20 19 48 43.822      59.4
425
 2013 04 20 09 46 41.344     2013 04 20 09 49 15.909     154.6
426
 2013 04 20 12 17 35.173     2013 04 20 12 20 15.538     160.4
 2013 04 20 20 31 30.792     2013 04 20 20 35  8.178     217.4
427
428
 2013 04 20 03 57 27.012     2013 04 20 04 00  2.372     155.4
 2013 04 20 20 59 26.531     2013 04 20 21 00 11.717      45.2
429
430
 2013 04 20 01 04 57.489     2013 04 20 01 07 36.247     158.8
431
 2013 04 20 10 45 33.943     2013 04 20 10 48 33.547     179.6
 2013 04 20 17 20 28.566     2013 04 20 17 23 11.095     162.5
432
 2013 04 20 04 09 35.165     2013 04 20 04 12  9.015     153.9
433
434
 2013 04 20 14 36  3.225     2013 04 20 14 36 18.368      15.1
 2013 04 20 22 55 39.147     2013 04 20 22 59 10.779     211.6
435
 2013 04 20 05 08 22.912     2013 04 20 05 11 40.909     198.0
436
 2013 04 20 00 50 16.114     2013 04 20 00 52 53.788     157.7
 2013 04 20 16 12 30.922     2013 04 20 16 15  9.694     158.8
437
 2013 04 20 09 01 34.115     2013 04 20 09 04  8.511     154.4
 2013 04 20 19 03 17.964     2013 04 20 19 06  4.808     166.8
438
 2013 04 20 01 39 56.641     2013 04 20 01 43 24.773     208.1
439
 2013 04 20 08 22 40.482     2013 04 20 08 26 19.800     219.3
 2013 04 20 10 00 28.850     2013 04 20 10 01 23.043      54.2
 2013 04 20 14 56 46.130     2013 04 20 14 59 23.772     157.6
440
 2013 04 20 00 07 48.516     2013 04 20 00 10 58.511     190.0
 2013 04 20 13 44 52.658     2013 04 20 13 47 44.569     171.9
441
 2013 04 20 03 28 14.385     2013 04 20 03 31  1.463     167.1
442
443
444
 2013 04 20 12 13 53.322     2013 04 20 12 16 28.751     155.4
445
 2013 04 20 01 05 55.376     2013 04 20 01 09 10.239     194.9
446
 2013 04 20 00 06 55.723     2013 04 20 00 09 53.859     178.1
 2013 04 20 13 47 51.061     2013 04 20 13 48 50.616      59.6
 2013 04 20 23 45 18.480     2013 04 20 23 48 25.808     187.3
447
 2013 04 20 16 45  3.522     2013 04 20 16 48 47.958     224.4
448
 2013 04 20 03 55 17.489     2013 04 20 03 58 51.908     214.4
 2013 04 20 20 58 52.458     2013 04 20 21 01 29.669     157.2
449
 2013 04 20 19 42 58.653     2013 04 20 19 45 57.157     178.5
450
 2013 04 20 07 14 35.934     2013 04 20 07 18 10.784     214.9
 2013 04 20 20 49 35.780     2013 04 20 20 52 24.735     169.0
451
 2013 04 20 12 18  3.074     2013 04 20 12 20 43.689     160.6
452
 2013 04 20 11 27 52.479     2013 04 20 11 30 41.700     169.2
 2013 04 20 19 44 22.763     2013 04 20 19 48  3.710     220.9
453
454
 2013 04 20 06 24  9.729     2013 04 20 06 27 27.004     197.3
 2013 04 20 20 08 50.115     2013 04 20 20 09  7.321      17.2
455
 2013 04 20 06 24 11.768     2013 04 20 06 24 29.366      17.6
 2013 04 20 21 42  6.529     2013 04 20 21 45  4.862     178.3
456
 2013 04 20 09 48  7.966     2013 04 20 09 51 35.142     207.2
 2013 04 20 19 49  8.328     2013 04 20 19 52 48.901     220.6
457
 2013 04 20 02 47  8.111     2013 04 20 02 50 14.471     186.4
458
 2013 04 20 20 40 25.279     2013 04 20 20 43  9.973     164.7
459
 2013 04 20 09 03 40.049     2013 04 20 09 06 59.471     199.4
460
 2013 04 20 08 20 54.474     2013 04 20 08 21 23.828      29.4
461
 2013 04 20 01 36  6.173     2013 04 20 01 36 37.059      30.9
 2013 04 20 17 01 25.700     2013 04 20 17 04 22.823     177.1
462
 2013 04 20 01 02 37.019     2013 04 20 01 05 44.939     187.9
 2013 04 20 12 50 37.826     2013 04 20 12 53 12.043     154.2
463
 2013 04 20 00 05 23.426     2013 04 20 00 08  4.386     161.0
 2013 04 20 23 43 52.744     2013 04 20 23 46 30.517     157.8
464
465
 2013 04 20 03 08  5.527     2013 04 20 03 11 16.414     190.9
 2013 04 20 20 11 48.686     2013 04 20 20 14 30.248     161.6
466
 2013 04 20 11 03 24.411     2013 04 20 11 06  5.776     161.4
467
 2013 04 20 06 21 48.474     2013 04 20 06 24 24.804     156.3
 2013 04 20 21 43 38.177     2013 04 20 21 46 18.911     160.7
468
 2013 04 20 19 19  8.475     2013 04 20 19 22 11.417     182.9
469
 2013 04 20 08 53 15.674     2013 04 20 08 55 49.164     153.5
470
 2013 04 20 02 22 29.318     2013 04 20 02 25 10.932     161.6
 2013 04 20 19 25 29.343     2013 04 20 19 28 54.490     205.1
471
 2013 04 20 01 36 27.369     2013 04 20 01 39 52.108     204.7
 2013 04 20 16 58 42.208     2013 04 20 17 02 13.056     210.8
472
 2013 04 20 03 26 21.421     2013 04 20 03 28 57.313     155.9
 2013 04 20 15 11 27.459     2013 04 20 15 11 34.959       7.5
473
 2013 04 20 00 57 10.613     2013 04 20 00 59 46.829     156.2
 2013 04 20 14 31 35.020     2013 04 20 14 35 18.528     223.5
474
 2013 04 20 05 02  9.822     2013 04 20 05 04 45.617     155.8
475
 2013 04 20 08 10  1.360     2013 04 20 08 10 36.095      34.7
 2013 04 20 19 58 21.911     2013 04 20 19 59 26.343      64.4
476
 2013 04 20 00 47 28.477     2013 04 20 00 50 28.633     180.2
 2013 04 20 17 49 59.390     2013 04 20 17 53 10.617     191.2
477
 2013 04 20 02 48 55.580     2013 04 20 02 51 33.090     157.5
 2013 04 20 11 04 55.579     2013 04 20 11 07 32.208     156.6
478
 2013 04 20 02 29 46.599     2013 04 20 02 33  8.713     202.1
 2013 04 20 16 08 30.964     2013 04 20 16 11 12.497     161.5
479
 2013 04 20 12 47 57.881     2013 04 20 12 50 33.920     156.0
480
 2013 04 20 07 13  4.198     2013 04 20 07 15 38.266     154.1
 2013 04 20 20 51 17.924     2013 04 20 20 54 24.122     186.2
481
 2013 04 20 08 09 35.490     2013 04 20 08 09 59.821      24.3
482
483
 2013 04 20 00 57  8.334     2013 04 20 01 00  1.614     173.3
484
 2013 04 20 05 32 54.807     2013 04 20 05 36 26.403     211.6
 2013 04 20 20 55  5.719     2013 04 20 20 58 29.797     204.1
485
 2013 04 20 09 49 35.957     2013 04 20 09 53 21.761     225.8
 2013 04 20 19 50 45.196     2013 04 20 19 54 19.163     214.0
486
 2013 04 20 05 05 15.536     2013 04 20 05 05 43.086      27.6
 2013 04 20 15 07 38.886     2013 04 20 15 10 45.592     186.7
487
 2013 04 20 11 54 24.620     2013 04 20 11 57  5.817     161.2
488
 2013 04 20 09 42 37.173     2013 04 20 09 45 25.343     168.2
 2013 04 20 21 31 11.377     2013 04 20 21 33 46.080     154.7
489
 2013 04 20 02 02 21.047     2013 04 20 02 05  9.448     168.4
 2013 04 20 10 17   .945     2013 04 20 10 19 56.939     176.0
490
 2013 04 20 13 38 42.820     2013 04 20 13 39 23.473      40.7
491
 2013 04 20 22 23 48.037     2013 04 20 22 26 24.711     156.7
492
 2013 04 20 05 35 35.222     2013 04 20 05 35 50.298      15.1
493
 2013 04 20 03 10 39.273     2013 04 20 03 13 24.667     165.4
494
 2013 04 20 06 28 59.582     2013 04 20 06 29 22.372      22.8
495
 2013 04 20 20 34 36.457     2013 04 20 20 37 46.047     189.6
496
 2013 04 20 04 13 32.828     2013 04 20 04 17  9.125     216.3
497
498
 2013 04 20 16 43 52.851     2013 04 20 16 46 26.084     153.2
499
 2013 04 20 07 22  9.307     2013 04 20 07 25 31.603     202.3
 2013 04 20 19 07 42.503     2013 04 20 19 10 59.301     196.8
