0 -30.8948 35.1458 10 25 7
2  45.0 45.0 0.00
1 41.8465 -158.8791 5 18 6
2  45.0 45.0 0.00
2 -30.8670 -93.6912 10 28 5
2  45.0 45.0 0.00
3 22.6617 149.4363 7 23 5
2  45.0 45.0 0.00
4 14.9760 125.1849 5 28 7
2  45.0 45.0 0.00
5 11.4475 -12.9119 10 24 9
2  45.0 45.0 0.00
6 38.1838 -9.1643 4 17 7
2  45.0 45.0 0.00
7 -31.1385 111.4459 7 15 8
2  45.0 45.0 0.00
8 -10.6533 8.8738 5 25 9
2  45.0 45.0 0.00
9 37.9659 -111.2665 2 28 7
2  45.0 45.0 0.00
10 18.5599 40.7109 10 15 7
2  45.0 45.0 0.00
11 -14.7548 73.5877 3 16 7
2  45.0 45.0 0.00
12 -7.3516 -29.5570 8 21 9
2  45.0 45.0 0.00
13 24.8314 -152.8723 1 21 7
2  45.0 45.0 0.00
14 42.8471 141.7537 4 27 7
2  45.0 45.0 0.00
15 -40.6368 -123.7463 1 15 7
2  45.0 45.0 0.00
16 -8.7907 22.1079 1 15 9
2  45.0 45.0 0.00
17 -26.8033 -27.8907 7 25 5
2  45.0 45.0 0.00
18 0.1940 72.4792 3 22 9
2  45.0 45.0 0.00
19 51.0496 -140.5773 1 26 9
2  45.0 45.0 0.00
20 29.9783 90.0214 4 20 5
2  45.0 45.0 0.00
21 29.8213 108.5490 1 22 7
2  45.0 45.0 0.00
22 -31.3184 67.1972 2 24 7
2  45.0 45.0 0.00
23 39.1388 -45.9252 4 22 6
2  45.0 45.0 0.00
24 -19.9564 -39.6242 9 19 6
2  45.0 45.0 0.00
25 -31.4940 -39.2516 9 27 7
2  45.0 45.0 0.00
26 -52.2446 -37.7234 1 18 5
2  45.0 45.0 0.00
27 17.7030 -105.8887 3 27 9
2  45.0 45.0 0.00
28 -5.7650 151.2869 9 18 9
2  45.0 45.0 0.00
29 33.4082 -160.5091 1 15 7
2  45.0 45.0 0.00
30 11.5720 37.9311 2 21 9
2  45.0 45.0 0.00
31 -11.3546 -14.8891 1 16 6
2  45.0 45.0 0.00
32 -11.6213 167.7095 9 15 6
2  45.0 45.0 0.00
33 32.7890 -11.0455 2 23 5
2  45.0 45.0 0.00
34 17.3171 8.4572 8 24 7
2  45.0 45.0 0.00
35 -11.5020 -131.2369 4 19 6
2  45.0 45.0 0.00
36 -37.2330 -59.8947 1 18 6
2  45.0 45.0 0.00
37 -10.4132 156.0630 5 18 5
2  45.0 45.0 0.00
38 -30.9130 -131.8965 9 23 5
2  45.0 45.0 0.00
39 -2.1461 149.9364 5 28 9
2  45.0 45.0 0.00
40 -16.3395 -2.4198 3 28 9
2  45.0 45.0 0.00
41 -43.9182 174.4978 6 15 7
2  45.0 45.0 0.00
42 -25.7126 -129.3551 7 27 6
2  45.0 45.0 0.00
43 -46.9856 81.2420 7 25 9
2  45.0 45.0 0.00
44 39.8372 -99.1907 8 23 6
2  45.0 45.0 0.00
45 3.1533 170.6905 6 23 9
2  45.0 45.0 0.00
46 -2.6499 -91.6244 10 22 9
2  45.0 45.0 0.00
47 16.4795 -24.6775 8 20 8
2  45.0 45.0 0.00
48 -8.7931 151.7022 4 24 6
2  45.0 45.0 0.00
49 -45.8251 -77.2748 7 19 6
2  45.0 45.0 0.00
50 26.9326 -97.4502 5 29 5
2  45.0 45.0 0.00
51 -40.1334 164.0699 4 24 6
2  45.0 45.0 0.00
52 -41.1770 -27.7393 10 15 8
2  45.0 45.0 0.00
53 -51.7343 45.8318 2 28 7
2  45.0 45.0 0.00
54 13.2805 -47.6804 1 28 7
2  45.0 45.0 0.00
55 48.1693 25.1322 4 17 8
2  45.0 45.0 0.00
56 -27.0935 51.3360 5 17 7
2  45.0 45.0 0.00
57 -26.9562 -85.3998 2 22 7
2  45.0 45.0 0.00
58 21.1700 103.3354 7 29 9
2  45.0 45.0 0.00
59 52.3746 143.8149 3 29 5
2  45.0 45.0 0.00
60 -6.3200 -32.0235 7 27 6
2  45.0 45.0 0.00
61 -12.0282 -57.5678 8 21 8
2  45.0 45.0 0.00
62 5.4666 97.2199 5 15 9
2  45.0 45.0 0.00
63 -3.2927 -92.0939 8 21 7
2  45.0 45.0 0.00
64 26.4112 -125.4854 10 19 9
2  45.0 45.0 0.00
65 35.8540 -40.8720 4 16 6
2  45.0 45.0 0.00
66 -47.1762 37.0052 4 15 9
2  45.0 45.0 0.00
67 35.3356 105.4628 10 27 9
2  45.0 45.0 0.00
68 42.9943 113.6679 8 26 5
2  45.0 45.0 0.00
69 45.5442 93.7535 1 15 5
2  45.0 45.0 0.00
70 26.4911 -12.5522 8 21 6
2  45.0 45.0 0.00
71 -22.3715 -130.8470 9 29 5
2  45.0 45.0 0.00
72 -52.9936 -86.4021 10 17 6
2  45.0 45.0 0.00
73 47.5706 86.2900 4 15 9
2  45.0 45.0 0.00
74 18.6544 -25.9116 10 24 8
2  45.0 45.0 0.00
75 45.9423 -49.3275 1 16 9
2  45.0 45.0 0.00
76 -44.7512 -55.7796 4 15 7
2  45.0 45.0 0.00
77 9.5197 -117.0209 7 27 5
2  45.0 45.0 0.00
78 20.8628 111.8377 8 26 9
2  45.0 45.0 0.00
79 15.4349 51.9629 8 21 9
2  45.0 45.0 0.00
80 -32.8634 80.4849 2 16 5
2  45.0 45.0 0.00
81 -18.8794 122.7515 2 24 5
2  45.0 45.0 0.00
82 45.1527 -164.8554 10 17 8
2  45.0 45.0 0.00
83 16.4304 -91.9543 9 25 8
2  45.0 45.0 0.00
84 29.0268 148.9910 8 28 6
2  45.0 45.0 0.00
85 38.7244 55.3604 3 26 5
2  45.0 45.0 0.00
86 -22.3579 146.1607 4 19 8
2  45.0 45.0 0.00
87 -15.4496 -91.3138 3 27 6
2  45.0 45.0 0.00
88 26.3762 8.7546 3 24 5
2  45.0 45.0 0.00
89 16.4035 47.7930 8 16 5
2  45.0 45.0 0.00
90 -10.4897 164.6872 2 25 5
2  45.0 45.0 0.00
91 -23.7330 107.1358 4 27 9
2  45.0 45.0 0.00
92 17.8201 -148.3555 3 24 8
2  45.0 45.0 0.00
93 -50.8835 94.6197 7 22 7
2  45.0 45.0 0.00
94 -9.6828 -42.2182 6 19 7
2  45.0 45.0 0.00
95 -26.5510 -90.9485 1 26 7
2  45.0 45.0 0.00
96 -28.3480 10.9531 6 26 9
2  45.0 45.0 0.00
97 -17.8491 -117.1957 10 18 6
2  45.0 45.0 0.00
98 6.0049 -42.3643 10 28 5
2  45.0 45.0 0.00
99 17.0587 140.0541 7 28 7
2  45.0 45.0 0.00
100 41.5433 -127.7781 8 25 7
2  45.0 45.0 0.00
101 -51.0587 50.3968 7 19 5
2  45.0 45.0 0.00
102 -49.9537 -166.6567 1 21 6
2  45.0 45.0 0.00
103 -38.4050 -55.9396 1 25 8
2  45.0 45.0 0.00
104 36.6241 8.5782 4 17 7
2  45.0 45.0 0.00
105 -50.2089 -14.3327 10 17 9
2  45.0 45.0 0.00
106 -14.7891 -57.3790 4 18 8
2  45.0 45.0 0.00
107 -43.7244 128.4859 7 18 6
2  45.0 45.0 0.00
108 20.3118 138.3096 10 18 6
2  45.0 45.0 0.00
109 2.0760 169.5280 9 23 5
2  45.0 45.0 0.00
110 -19.4702 -121.5990 5 17 5
2  45.0 45.0 0.00
111 -13.9825 -177.4010 10 17 7
2  45.0 45.0 0.00
112 6.1615 -20.8349 7 21 8
2  45.0 45.0 0.00
113 19.9412 102.8119 8 25 8
2  45.0 45.0 0.00
114 -23.2370 -142.5379 10 22 8
2  45.0 45.0 0.00
115 48.8996 -72.4004 7 28 8
2  45.0 45.0 0.00
116 -47.1254 150.2734 5 16 6
2  45.0 45.0 0.00
117 -31.9850 -109.7766 1 16 8
2  45.0 45.0 0.00
118 -44.4897 74.9756 3 25 7
2  45.0 45.0 0.00
119 -26.5534 -29.0959 5 23 7
2  45.0 45.0 0.00
120 24.8036 -89.9896 3 27 5
2  45.0 45.0 0.00
121 -30.5007 52.4337 2 20 7
2  45.0 45.0 0.00
122 -45.6646 -133.7744 10 22 5
2  45.0 45.0 0.00
123 14.9143 -55.2110 7 16 7
2  45.0 45.0 0.00
124 -0.7357 78.6263 6 29 7
2  45.0 45.0 0.00
125 7.6869 -30.2931 9 29 6
2  45.0 45.0 0.00
126 4.4667 80.1983 4 20 7
2  45.0 45.0 0.00
127 32.3715 -148.7384 7 28 5
2  45.0 45.0 0.00
128 5.5762 118.9756 9 22 9
2  45.0 45.0 0.00
129 47.8994 -112.2151 3 23 9
2  45.0 45.0 0.00
130 42.7031 -71.6167 8 29 9
2  45.0 45.0 0.00
131 -51.3474 -70.8862 8 21 6
2  45.0 45.0 0.00
132 31.4189 60.2702 7 15 5
2  45.0 45.0 0.00
133 -16.2786 100.1758 5 16 7
2  45.0 45.0 0.00
134 5.7095 -27.4325 9 29 8
2  45.0 45.0 0.00
135 17.2326 -107.1450 10 16 5
2  45.0 45.0 0.00
136 -12.2720 125.7024 9 15 7
2  45.0 45.0 0.00
137 -27.4461 88.7638 5 20 8
2  45.0 45.0 0.00
138 0.2435 60.8056 7 23 7
2  45.0 45.0 0.00
139 40.8300 116.9202 1 20 7
2  45.0 45.0 0.00
140 -34.5968 -147.9991 9 17 5
2  45.0 45.0 0.00
141 -2.2195 -60.3753 3 18 5
2  45.0 45.0 0.00
142 33.2008 -117.0565 1 18 7
2  45.0 45.0 0.00
143 47.4065 39.9796 3 21 8
2  45.0 45.0 0.00
144 10.5854 -27.1045 2 20 8
2  45.0 45.0 0.00
145 40.8056 116.7026 4 21 8
2  45.0 45.0 0.00
146 35.8061 127.3851 1 25 6
2  45.0 45.0 0.00
147 -21.6945 74.5953 8 29 6
2  45.0 45.0 0.00
148 43.3311 12.0980 1 20 8
2  45.0 45.0 0.00
149 -18.2898 -24.0083 9 17 6
2  45.0 45.0 0.00
150 -23.9418 -37.2479 1 24 6
2  45.0 45.0 0.00
151 26.3840 70.2126 3 20 9
2  45.0 45.0 0.00
152 16.4180 139.6119 4 22 9
2  45.0 45.0 0.00
153 48.6930 -17.2256 3 29 8
2  45.0 45.0 0.00
154 -27.5576 59.5721 10 16 8
2  45.0 45.0 0.00
155 -45.9768 -148.2314 3 26 9
2  45.0 45.0 0.00
156 -5.1253 54.0734 10 17 8
2  45.0 45.0 0.00
157 -6.2265 -110.8670 9 22 5
2  45.0 45.0 0.00
158 10.6318 -68.8555 10 17 5
2  45.0 45.0 0.00
159 -50.7769 -164.2912 4 21 7
2  45.0 45.0 0.00
160 39.7822 -1.3796 10 22 6
2  45.0 45.0 0.00
161 11.5176 -65.4429 9 29 9
2  45.0 45.0 0.00
162 17.0299 163.5344 3 22 9
2  45.0 45.0 0.00
163 -52.5036 81.6506 9 27 5
2  45.0 45.0 0.00
164 28.3371 166.6686 8 28 8
2  45.0 45.0 0.00
165 45.7165 7.8850 4 16 6
2  45.0 45.0 0.00
166 -50.6021 62.8469 3 19 9
2  45.0 45.0 0.00
167 48.2809 -115.9393 2 27 8
2  45.0 45.0 0.00
168 -39.9572 -102.5227 3 22 8
2  45.0 45.0 0.00
169 15.4800 102.8664 4 19 5
2  45.0 45.0 0.00
170 -21.8185 -113.8926 4 19 8
2  45.0 45.0 0.00
171 43.7075 26.4427 2 26 9
2  45.0 45.0 0.00
172 -43.8041 -90.9942 10 24 8
2  45.0 45.0 0.00
173 51.5250 54.6867 2 23 8
2  45.0 45.0 0.00
174 34.6341 145.3666 10 16 9
2  45.0 45.0 0.00
175 5.5244 -20.1501 7 16 7
2  45.0 45.0 0.00
176 -37.5720 -108.3606 7 29 9
2  45.0 45.0 0.00
177 35.9329 -49.1295 10 24 9
2  45.0 45.0 0.00
178 -12.5050 -24.3491 2 27 9
2  45.0 45.0 0.00
179 39.8356 27.5558 2 26 8
2  45.0 45.0 0.00
180 52.3778 -97.3502 4 24 5
2  45.0 45.0 0.00
181 -11.6209 -143.7871 6 21 5
2  45.0 45.0 0.00
182 -3.3594 -18.9379 6 19 6
2  45.0 45.0 0.00
183 41.1020 -74.6375 8 24 8
2  45.0 45.0 0.00
184 12.9909 -174.7566 4 25 7
2  45.0 45.0 0.00
185 -11.1964 -153.5059 6 18 8
2  45.0 45.0 0.00
186 50.4107 55.0924 8 22 5
2  45.0 45.0 0.00
187 44.0922 32.6654 8 26 7
2  45.0 45.0 0.00
188 25.2702 159.6958 6 24 6
2  45.0 45.0 0.00
189 46.0712 -144.3319 8 23 5
2  45.0 45.0 0.00
190 8.8122 156.1926 3 15 6
2  45.0 45.0 0.00
191 50.8339 -0.3773 8 16 8
2  45.0 45.0 0.00
192 -19.4219 134.2081 2 24 6
2  45.0 45.0 0.00
193 33.4190 152.2257 7 18 7
2  45.0 45.0 0.00
194 -21.5161 6.8641 9 17 6
2  45.0 45.0 0.00
195 18.9693 -38.9255 7 22 8
2  45.0 45.0 0.00
196 -21.6987 13.3408 7 17 7
2  45.0 45.0 0.00
197 -48.5793 51.0697 2 19 6
2  45.0 45.0 0.00
198 -8.7967 1.2340 8 17 6
2  45.0 45.0 0.00
199 38.7534 -75.5896 3 20 8
2  45.0 45.0 0.00
200 -51.7509 125.9267 10 29 6
2  45.0 45.0 0.00
201 -46.2089 97.8367 10 26 8
2  45.0 45.0 0.00
202 9.2953 -178.3249 1 19 5
2  45.0 45.0 0.00
203 29.6500 80.6729 9 16 5
2  45.0 45.0 0.00
204 -34.6182 51.7169 6 28 9
2  45.0 45.0 0.00
205 31.1205 -45.7221 5 27 9
2  45.0 45.0 0.00
206 -11.7737 -176.6589 8 28 9
2  45.0 45.0 0.00
207 -5.7771 32.1013 7 28 7
2  45.0 45.0 0.00
208 -24.3868 126.9883 2 24 6
2  45.0 45.0 0.00
209 -9.2899 -103.7931 2 17 7
2  45.0 45.0 0.00
210 -38.0003 -120.3060 5 20 5
2  45.0 45.0 0.00
211 -13.9786 172.3610 8 16 8
2  45.0 45.0 0.00
212 20.2537 168.9117 2 27 9
2  45.0 45.0 0.00
213 8.3115 -132.0966 7 21 7
2  45.0 45.0 0.00
214 -32.8021 105.9343 4 23 9
2  45.0 45.0 0.00
215 -19.0093 177.1425 4 22 8
2  45.0 45.0 0.00
216 8.6818 -95.1607 1 19 7
2  45.0 45.0 0.00
217 -29.3503 63.1322 7 27 5
2  45.0 45.0 0.00
218 -3.5279 1.6138 3 17 7
2  45.0 45.0 0.00
219 -21.1219 -163.9065 5 26 8
2  45.0 45.0 0.00
220 -23.3948 109.9441 6 26 5
2  45.0 45.0 0.00
221 -16.1921 47.1522 3 21 8
2  45.0 45.0 0.00
222 -13.1372 -14.6704 5 20 8
2  45.0 45.0 0.00
223 -4.7268 72.1475 6 19 6
2  45.0 45.0 0.00
224 42.7226 -67.5828 5 18 5
2  45.0 45.0 0.00
225 19.7227 50.4441 10 16 7
2  45.0 45.0 0.00
226 -23.7479 -102.2754 1 27 5
2  45.0 45.0 0.00
227 29.3094 0.0261 8 16 6
2  45.0 45.0 0.00
228 9.7660 -85.3993 3 16 8
2  45.0 45.0 0.00
229 -52.2083 -127.7146 9 21 9
2  45.0 45.0 0.00
230 10.6347 92.3285 10 22 6
2  45.0 45.0 0.00
231 49.5046 17.2342 7 23 6
2  45.0 45.0 0.00
232 21.9550 14.0835 6 28 8
2  45.0 45.0 0.00
233 -36.0228 55.2048 2 17 9
2  45.0 45.0 0.00
234 48.2655 30.6535 8 15 5
2  45.0 45.0 0.00
235 14.8680 -93.4965 9 22 6
2  45.0 45.0 0.00
236 4.3276 -96.8968 10 18 7
2  45.0 45.0 0.00
237 2.0665 73.6278 5 22 7
2  45.0 45.0 0.00
238 -28.7651 153.8415 8 28 8
2  45.0 45.0 0.00
239 -47.3808 -59.3141 6 19 7
2  45.0 45.0 0.00
240 -15.4630 162.7512 8 21 5
2  45.0 45.0 0.00
241 -51.3911 78.2332 1 22 7
2  45.0 45.0 0.00
242 24.0341 -171.6938 1 19 6
2  45.0 45.0 0.00
243 -2.5143 -62.7286 1 21 6
2  45.0 45.0 0.00
244 -4.7021 -127.3213 7 25 6
2  45.0 45.0 0.00
245 -50.0322 75.5573 6 20 7
2  45.0 45.0 0.00
246 -20.6673 149.7143 8 28 7
2  45.0 45.0 0.00
247 9.4064 113.3588 6 16 7
2  45.0 45.0 0.00
248 32.0312 -109.9753 4 15 7
2  45.0 45.0 0.00
249 -31.2108 55.6716 1 23 8
2  45.0 45.0 0.00
250 24.0893 148.2737 1 29 9
2  45.0 45.0 0.00
251 -30.9740 -83.2580 3 18 7
2  45.0 45.0 0.00
252 -20.6385 -56.6694 10 15 8
2  45.0 45.0 0.00
253 32.9516 -147.2643 8 25 8
2  45.0 45.0 0.00
254 17.1078 -106.9590 5 29 9
2  45.0 45.0 0.00
255 -25.3205 -138.3891 9 17 5
2  45.0 45.0 0.00
256 -13.4244 -119.3243 4 26 6
2  45.0 45.0 0.00
257 -11.3257 157.7193 1 29 6
2  45.0 45.0 0.00
258 -19.0787 38.7870 4 23 7
2  45.0 45.0 0.00
259 -4.2828 -133.3481 1 19 8
2  45.0 45.0 0.00
260 -40.8497 172.5611 3 26 5
2  45.0 45.0 0.00
261 2.5827 168.1709 5 15 5
2  45.0 45.0 0.00
262 -43.2261 -151.5165 10 15 5
2  45.0 45.0 0.00
263 -38.5042 31.8409 7 25 8
2  45.0 45.0 0.00
264 39.5120 -132.8832 4 19 7
2  45.0 45.0 0.00
265 -47.3128 40.0244 2 21 9
2  45.0 45.0 0.00
266 -39.0569 104.9450 4 21 9
2  45.0 45.0 0.00
267 -11.2341 -32.6908 3 23 9
2  45.0 45.0 0.00
268 -7.8427 151.6526 6 27 6
2  45.0 45.0 0.00
269 -27.4655 18.5889 3 21 9
2  45.0 45.0 0.00
270 39.3418 -25.2929 10 24 7
2  45.0 45.0 0.00
271 51.2770 55.5850 4 19 5
2  45.0 45.0 0.00
272 43.7978 1.2635 4 17 8
2  45.0 45.0 0.00
273 -21.1266 62.0107 9 17 9
2  45.0 45.0 0.00
274 24.1215 179.9309 3 26 5
2  45.0 45.0 0.00
275 47.8588 -63.1716 9 29 5
2  45.0 45.0 0.00
276 0.2138 -109.1453 9 24 9
2  45.0 45.0 0.00
277 21.3905 -132.5626 5 29 7
2  45.0 45.0 0.00
278 25.3992 -148.4362 3 23 7
2  45.0 45.0 0.00
279 44.7853 102.5550 7 15 7
2  45.0 45.0 0.00
280 7.2758 -36.1230 10 22 8
2  45.0 45.0 0.00
281 39.3621 63.4898 3 22 7
2  45.0 45.0 0.00
282 16.8776 69.8246 5 17 5
2  45.0 45.0 0.00
283 22.9350 142.8447 9 17 6
2  45.0 45.0 0.00
284 -35.0942 82.8940 2 24 8
2  45.0 45.0 0.00
285 14.8277 -21.0285 5 17 7
2  45.0 45.0 0.00
286 -35.3380 -67.2958 10 21 6
2  45.0 45.0 0.00
287 -42.1500 79.4301 4 29 8
2  45.0 45.0 0.00
288 -50.3037 42.6157 7 20 5
2  45.0 45.0 0.00
289 -48.1603 162.7399 6 21 8
2  45.0 45.0 0.00
290 -50.2745 30.6986 9 25 6
2  45.0 45.0 0.00
291 35.8681 99.9554 8 26 5
2  45.0 45.0 0.00
292 -7.4461 1.6145 6 29 8
2  45.0 45.0 0.00
293 -16.3075 -92.2851 3 28 9
2  45.0 45.0 0.00
294 52.5473 150.0546 8 22 8
2  45.0 45.0 0.00
295 5.3578 -49.9316 2 22 5
2  45.0 45.0 0.00
296 19.9098 -172.9455 5 21 8
2  45.0 45.0 0.00
297 8.6230 39.1913 10 16 7
2  45.0 45.0 0.00
298 -18.5813 153.7973 5 27 5
2  45.0 45.0 0.00
299 2.2209 52.7551 2 26 9
2  45.0 45.0 0.00
300 32.0126 -161.6129 3 24 9
2  45.0 45.0 0.00
301 -41.4573 -141.7226 9 15 6
2  45.0 45.0 0.00
302 -2.4298 -85.3326 3 25 8
2  45.0 45.0 0.00
303 -9.5233 -161.5779 9 19 8
2  45.0 45.0 0.00
304 25.1528 -125.6621 7 21 6
2  45.0 45.0 0.00
305 -45.7375 -153.7054 5 20 7
2  45.0 45.0 0.00
306 42.8244 34.5698 7 24 9
2  45.0 45.0 0.00
307 14.4958 -33.0180 7 22 8
2  45.0 45.0 0.00
308 -2.6476 34.4197 9 27 6
2  45.0 45.0 0.00
309 -46.4556 -100.6769 1 17 6
2  45.0 45.0 0.00
310 -3.2034 -61.9771 8 16 5
2  45.0 45.0 0.00
311 16.0131 36.8673 6 19 7
2  45.0 45.0 0.00
312 -49.1996 97.8434 9 22 8
2  45.0 45.0 0.00
313 40.3913 35.8405 4 28 5
2  45.0 45.0 0.00
314 -52.8013 20.1025 3 23 9
2  45.0 45.0 0.00
315 -37.9819 -76.0673 2 18 6
2  45.0 45.0 0.00
316 36.9063 151.4029 4 16 8
2  45.0 45.0 0.00
317 8.0732 -3.3093 2 22 6
2  45.0 45.0 0.00
318 -49.3595 -136.6275 10 29 9
2  45.0 45.0 0.00
319 21.5429 -148.7694 8 18 9
2  45.0 45.0 0.00
320 -4.0086 -54.0099 2 16 5
2  45.0 45.0 0.00
321 43.8775 97.0493 8 19 9
2  45.0 45.0 0.00
322 -14.5893 -45.2615 4 29 5
2  45.0 45.0 0.00
323 -40.7793 69.5669 10 26 7
2  45.0 45.0 0.00
324 -11.6343 -139.4124 8 23 5
2  45.0 45.0 0.00
325 40.4279 29.7395 3 24 5
2  45.0 45.0 0.00
326 -47.1776 -161.7188 5 20 5
2  45.0 45.0 0.00
327 -0.1908 113.9396 10 16 9
2  45.0 45.0 0.00
328 32.4976 -104.0750 3 22 9
2  45.0 45.0 0.00
329 16.9675 -127.4081 7 27 9
2  45.0 45.0 0.00
330 -51.9406 -69.8780 7 26 5
2  45.0 45.0 0.00
331 -15.9594 109.2057 8 15 8
2  45.0 45.0 0.00
332 -17.8791 -126.8709 9 18 7
2  45.0 45.0 0.00
333 -19.9721 -165.9997 4 26 6
2  45.0 45.0 0.00
334 -21.3282 42.8493 5 27 6
2  45.0 45.0 0.00
335 -33.9900 37.0297 10 23 7
2  45.0 45.0 0.00
336 24.9425 92.6430 6 24 6
2  45.0 45.0 0.00
337 26.3976 -71.7146 5 17 7
2  45.0 45.0 0.00
338 20.6542 96.8491 6 19 5
2  45.0 45.0 0.00
339 16.8540 164.6740 9 15 8
2  45.0 45.0 0.00
340 12.8451 -51.8154 4 23 7
2  45.0 45.0 0.00
341 -11.5574 -7.7334 4 22 5
2  45.0 45.0 0.00
342 26.1374 -104.6180 6 24 6
2  45.0 45.0 0.00
343 7.8427 -5.1002 2 28 9
2  45.0 45.0 0.00
344 -51.8562 124.0702 6 20 8
2  45.0 45.0 0.00
345 3.1552 -60.5441 8 26 6
2  45.0 45.0 0.00
346 -29.4773 26.4527 3 29 5
2  45.0 45.0 0.00
347 -12.8008 -119.4909 10 17 9
2  45.0 45.0 0.00
348 -24.3253 113.8655 1 29 9
2  45.0 45.0 0.00
349 -1.5416 -126.4729 9 15 9
2  45.0 45.0 0.00
350 -34.6443 -163.1570 4 15 5
2  45.0 45.0 0.00
351 29.3134 -175.8177 4 28 8
2  45.0 45.0 0.00
352 -46.7305 76.1395 9 16 9
2  45.0 45.0 0.00
353 -34.6514 -89.2944 4 22 6
2  45.0 45.0 0.00
354 -9.9739 -69.6497 8 29 9
2  45.0 45.0 0.00
355 -32.3832 124.7350 3 21 9
2  45.0 45.0 0.00
356 -12.6056 -81.2227 3 27 5
2  45.0 45.0 0.00
357 -34.4367 13.7401 2 28 9
2  45.0 45.0 0.00
358 -14.0322 -89.1681 2 22 5
2  45.0 45.0 0.00
359 6.2558 74.2200 1 16 7
2  45.0 45.0 0.00
360 -28.2494 49.5396 7 26 5
2  45.0 45.0 0.00
361 38.8637 -146.0979 10 17 8
2  45.0 45.0 0.00
362 45.5858 19.1787 2 15 7
2  45.0 45.0 0.00
363 30.1851 124.9260 5 15 8
2  45.0 45.0 0.00
364 14.3029 -48.9848 2 25 5
2  45.0 45.0 0.00
365 -36.7189 117.6163 5 27 9
2  45.0 45.0 0.00
366 -1.2369 93.0214 8 28 6
2  45.0 45.0 0.00
367 25.8078 3.8293 1 26 5
2  45.0 45.0 0.00
368 -44.4190 -35.4757 3 16 8
2  45.0 45.0 0.00
369 33.3208 -110.1259 3 16 8
2  45.0 45.0 0.00
370 22.4720 55.1827 3 19 6
2  45.0 45.0 0.00
371 39.1739 154.3372 1 24 8
2  45.0 45.0 0.00
372 -48.7678 -91.9629 8 19 5
2  45.0 45.0 0.00
373 -34.8038 51.6561 7 27 6
2  45.0 45.0 0.00
374 -23.9424 -141.6627 8 28 7
2  45.0 45.0 0.00
375 -28.2515 -90.4649 1 15 9
2  45.0 45.0 0.00
376 48.7071 89.5974 6 18 8
2  45.0 45.0 0.00
377 35.5149 -11.7040 1 22 6
2  45.0 45.0 0.00
378 33.3640 137.1822 2 15 6
2  45.0 45.0 0.00
379 35.6590 -134.2701 3 16 5
2  45.0 45.0 0.00
380 -34.8891 -53.7855 1 26 9
2  45.0 45.0 0.00
381 11.1838 88.7141 10 26 6
2  45.0 45.0 0.00
382 12.8108 147.3900 8 25 5
2  45.0 45.0 0.00
383 -22.1492 -171.3778 8 24 5
2  45.0 45.0 0.00
384 21.6424 -136.8579 8 24 5
2  45.0 45.0 0.00
385 -11.3350 -151.5721 10 22 6
2  45.0 45.0 0.00
386 -41.7164 -119.2643 3 29 9
2  45.0 45.0 0.00
387 11.5439 -176.7479 5 19 8
2  45.0 45.0 0.00
388 -43.6065 81.9157 5 18 7
2  45.0 45.0 0.00
389 42.9659 -123.7737 6 28 7
2  45.0 45.0 0.00
390 33.1203 -13.2026 10 16 6
2  45.0 45.0 0.00
391 -47.5920 77.0074 4 23 9
2  45.0 45.0 0.00
392 2.8134 -97.9312 6 20 5
2  45.0 45.0 0.00
393 -5.0725 163.9672 7 28 8
2  45.0 45.0 0.00
394 -23.1068 72.6805 2 15 7
2  45.0 45.0 0.00
395 50.5228 144.3073 8 18 7
2  45.0 45.0 0.00
396 -27.8905 -119.5825 1 28 7
2  45.0 45.0 0.00
397 15.1710 -144.5923 5 25 7
2  45.0 45.0 0.00
398 41.8695 -31.4179 4 20 5
2  45.0 45.0 0.00
399 38.2288 -60.3895 9 17 8
2  45.0 45.0 0.00
400 47.6866 -79.8498 2 18 7
2  45.0 45.0 0.00
401 -41.2801 -24.1472 7 22 7
2  45.0 45.0 0.00
402 -37.0825 3.4587 4 15 9
2  45.0 45.0 0.00
403 -14.9762 -72.0784 4 29 8
2  45.0 45.0 0.00
404 -15.4981 -80.0453 1 20 6
2  45.0 45.0 0.00
405 39.1440 -49.4528 3 29 8
2  45.0 45.0 0.00
406 15.3041 86.9284 9 21 7
2  45.0 45.0 0.00
407 48.6209 161.0340 1 22 8
2  45.0 45.0 0.00
408 -30.7190 42.3245 4 16 5
2  45.0 45.0 0.00
409 -12.1489 -40.9025 3 20 8
2  45.0 45.0 0.00
410 6.4519 -48.1131 6 22 8
2  45.0 45.0 0.00
411 18.2555 141.6451 8 28 5
2  45.0 45.0 0.00
412 26.2810 -17.4737 8 26 8
2  45.0 45.0 0.00
413 -9.6781 -154.9041 8 23 9
2  45.0 45.0 0.00
414 -9.3918 98.1532 4 17 6
2  45.0 45.0 0.00
415 25.0397 -116.8592 9 19 5
2  45.0 45.0 0.00
416 -1.8125 178.4789 10 19 5
2  45.0 45.0 0.00
417 -23.5292 -104.7338 3 25 8
2  45.0 45.0 0.00
418 -46.0858 -164.6274 4 21 5
2  45.0 45.0 0.00
419 27.4260 119.8146 6 20 6
2  45.0 45.0 0.00
420 -19.5382 111.0812 9 21 6
2  45.0 45.0 0.00
421 30.5512 -109.2249 2 18 9
2  45.0 45.0 0.00
422 -0.3359 44.9887 1 27 5
2  45.0 45.0 0.00
423 26.7289 -118.2744 3 24 7
2  45.0 45.0 0.00
424 -31.8398 -47.0294 5 28 7
2  45.0 45.0 0.00
425 -13.9181 -53.1573 4 17 8
2  45.0 45.0 0.00
426 42.7610 111.1474 1 28 6
2  45.0 45.0 0.00
427 18.4803 14.6870 6 29 5
2  45.0 45.0 0.00
428 -44.3686 173.3847 5 26 8
2  45.0 45.0 0.00
429 -6.3324 -97.4127 9 18 8
2  45.0 45.0 0.00
430 9.2513 -104.6563 9 28 9
2  45.0 45.0 0.00
431 47.3094 148.1808 7 28 9
2  45.0 45.0 0.00
432 -6.7969 -158.7524 8 22 9
2  45.0 45.0 0.00
433 19.9374 86.4352 2 23 8
2  45.0 45.0 0.00
434 -30.5956 -106.5141 7 23 9
2  45.0 45.0 0.00
435 -29.8920 33.8058 4 18 8
2  45.0 45.0 0.00
436 -38.2355 -133.1913 9 20 9
2  45.0 45.0 0.00
437 20.5764 143.5087 5 29 8
2  45.0 45.0 0.00
438 27.8493 39.3829 7 29 6
2  45.0 45.0 0.00
439 -50.6248 -5.3961 1 28 7
2  45.0 45.0 0.00
440 21.2172 68.9636 3 24 5
2  45.0 45.0 0.00
441 -12.3862 44.4813 7 29 7
2  45.0 45.0 0.00
442 -15.6446 59.0845 4 19 5
2  45.0 45.0 0.00
443 -20.5794 62.1209 7 23 7
2  45.0 45.0 0.00
444 30.6820 102.3281 5 28 9
2  45.0 45.0 0.00
445 10.8083 -98.6754 9 19 9
2  45.0 45.0 0.00
446 24.6969 67.4695 4 25 7
2  45.0 45.0 0.00
447 -5.5414 4.5139 2 18 6
2  45.0 45.0 0.00
448 -45.5209 163.5175 1 21 6
2  45.0 45.0 0.00
449 -42.5479 -68.3631 3 28 8
2  45.0 45.0 0.00
450 -15.9160 143.0216 8 22 5
2  45.0 45.0 0.00
451 44.0873 112.6514 5 24 6
2  45.0 45.0 0.00
452 -36.3318 -64.4726 1 15 6
2  45.0 45.0 0.00
453 17.4894 157.7065 7 28 9
2  45.0 45.0 0.00
454 31.0915 -25.0253 2 19 6
2  45.0 45.0 0.00
455 35.5352 -41.6750 4 24 8
2  45.0 45.0 0.00
456 -22.0626 -52.7472 8 24 5
2  45.0 45.0 0.00
457 35.5850 -114.7507 1 24 5
2  45.0 45.0 0.00
458 14.2890 127.0941 3 29 6
2  45.0 45.0 0.00
459 26.4627 151.3832 10 17 7
2  45.0 45.0 0.00
460 -35.9837 -21.7686 7 29 7
2  45.0 45.0 0.00
461 44.4526 38.8256 10 17 8
2  45.0 45.0 0.00
462 3.3582 -109.7191 6 29 7
2  45.0 45.0 0.00
463 32.1993 66.9258 8 28 6
2  45.0 45.0 0.00
464 -1.7229 -72.1571 9 27 8
2  45.0 45.0 0.00
465 46.6693 -4.0287 6 29 6
2  45.0 45.0 0.00
466 43.9613 -111.8495 7 15 5
2  45.0 45.0 0.00
467 37.3471 -34.6599 6 17 6
2  45.0 45.0 0.00
468 -28.8470 176.3662 1 28 7
2  45.0 45.0 0.00
469 -6.4049 128.5526 8 20 7
2  45.0 45.0 0.00
470 -46.2432 -162.5776 2 29 8
2  45.0 45.0 0.00
471 38.2626 30.1516 2 19 9
2  45.0 45.0 0.00
472 -7.3612 38.9113 1 27 5
2  45.0 45.0 0.00
473 -16.7083 -117.6416 7 29 9
2  45.0 45.0 0.00
474 -10.5953 18.3002 9 24 5
2  45.0 45.0 0.00
475 -0.6530 -41.3092 7 21 9
2  45.0 45.0 0.00
476 -44.1823 -143.2293 1 21 6
2  45.0 45.0 0.00
477 38.8313 -108.5253 6 18 9
2  45.0 45.0 0.00
478 -24.5309 -140.6138 8 17 5
2  45.0 45.0 0.00
479 12.6957 -113.3500 7 27 8
2  45.0 45.0 0.00
480 -24.7659 142.2908 4 21 8
2  45.0 45.0 0.00
481 1.3684 -42.4545 8 28 5
2  45.0 45.0 0.00
482 -2.5741 -120.9315 7 20 9
2  45.0 45.0 0.00
483 -18.1881 -114.7553 10 23 7
2  45.0 45.0 0.00
484 -37.7536 150.2446 8 16 6
2  45.0 45.0 0.00
485 -22.1923 -42.1970 6 22 7
2  45.0 45.0 0.00
486 -20.2777 29.3207 10 24 7
2  45.0 45.0 0.00
487 -33.0790 66.8241 9 25 7
2  45.0 45.0 0.00
488 -1.6682 -61.0613 1 16 6
2  45.0 45.0 0.00
489 -41.9232 84.5961 3 19 6
2  45.0 45.0 0.00
490 -6.5152 51.2868 4 18 9
2  45.0 45.0 0.00
491 -16.0046 115.8585 3 17 5
2  45.0 45.0 0.00
492 -39.2069 146.1625 5 20 5
2  45.0 45.0 0.00
493 41.7925 5.9554 4 27 5
2  45.0 45.0 0.00
494 15.1359 -13.3691 8 15 7
2  45.0 45.0 0.00
495 33.2255 117.3293 4 27 9
2  45.0 45.0 0.00
496 5.8988 -148.1661 5 18 5
2  45.0 45.0 0.00
497 17.6212 -58.2490 6 25 6
2  45.0 45.0 0.00
498 -14.1929 5.5313 5 24 5
2  45.0 45.0 0.00
499 8.2951 156.1836 10 28 9
2  45.0 45.0 0.00
