s1
0
 2013 04 20 14 01  2.828     2013 04 20 14 03 42.845     160.0
 2013 04 20 20 35  5.674     2013 04 20 20 37 46.775     161.1
1
2
 2013 04 20 12 25 37.746     2013 04 20 12 25 55.653      17.9
 2013 04 20 14 03 29.410     2013 04 20 14 05   .247      90.8
 2013 04 20 18 59 28.634     2013 04 20 19 02 17.809     169.2
3
4
 2013 04 20 13 56 32.879     2013 04 20 13 59  7.723     154.8
 2013 04 20 22 16  2.829     2013 04 20 22 17  2.022      59.2
5
 2013 04 20 22 21 15.673     2013 04 20 22 23 53.176     157.5
6
 2013 04 20 10 39  5.404     2013 04 20 10 41 45.211     159.8
 2013 04 20 22 23 17.821     2013 04 20 22 23 38.059      20.2
7
 2013 04 20 13 57 31.372     2013 04 20 13 57 41.293       9.9
 2013 04 20 22 12  6.089     2013 04 20 22 14 39.350     153.3
8
 2013 04 20 10 38 25.919     2013 04 20 10 41  4.692     158.8
 2013 04 20 22 24  3.898     2013 04 20 22 27 15.552     191.7
9
 2013 04 20 13 57 38.262     2013 04 20 14 00 48.425     190.2
 2013 04 20 22 14 19.534     2013 04 20 22 16 53.012     153.5
10
11
 2013 04 20 12 23 29.812     2013 04 20 12 27  4.844     215.0
 2013 04 20 20 37 45.488     2013 04 20 20 40 23.730     158.2
12
 2013 04 20 12 26 53.933     2013 04 20 12 30 24.689     210.8
 2013 04 20 14 04 38.043     2013 04 20 14 08 21.995     224.0
 2013 04 20 18 59 53.600     2013 04 20 19 02 40.681     167.1
13
 2013 04 20 12 17 49.683     2013 04 20 12 18 43.574      53.9
 2013 04 20 22 19 39.559     2013 04 20 22 22 33.408     173.8
14
 2013 04 20 15 37 50.166     2013 04 20 15 41 18.440     208.3
 2013 04 20 20 33 27.715     2013 04 20 20 36 28.341     180.6
15
16
 2013 04 20 14 04   .843     2013 04 20 14 06 50.544     169.7
 2013 04 20 18 58 52.773     2013 04 20 19 01 29.160     156.4
17
 2013 04 20 22 15 47.369     2013 04 20 22 19  5.595     198.2
18
 2013 04 20 10 41 58.136     2013 04 20 10 44 32.156     154.0
19
 2013 04 20 12 17 42.890     2013 04 20 12 21  4.108     201.2
 2013 04 20 22 19 38.408     2013 04 20 22 22 10.286     151.9
20
21
 2013 04 20 10 40 32.265     2013 04 20 10 42 33.850     121.6
22
23
24
 2013 04 20 00 20 53.806     2013 04 20 00 24 13.195     199.4
25
 2013 04 20 00 18 27.540     2013 04 20 00 19 56.497      89.0
26
27
 2013 04 20 20 37 18.422     2013 04 20 20 39 56.967     158.5
28
 2013 04 20 12 25  4.096     2013 04 20 12 28  6.699     182.6
29
 2013 04 20 10 44 31.482     2013 04 20 10 45 27.424      55.9
30
 2013 04 20 10 50 10.652     2013 04 20 10 53 36.697     206.0
 2013 04 20 19 02 33.961     2013 04 20 19 03 27.378      53.4
31
 2013 04 20 12 15 14.437     2013 04 20 12 16   .833      46.4
32
 2013 04 20 20 48 55.884     2013 04 20 20 51 39.096     163.2
33
 2013 04 20 13 55 16.273     2013 04 20 13 58 58.141     221.9
34
 2013 04 20 12 24 54.310     2013 04 20 12 25 36.393      42.1
 2013 04 20 18 58 54.856     2013 04 20 19 02 44.472     229.6
35
 2013 04 20 12 18  2.776     2013 04 20 12 20 47.667     164.9
 2013 04 20 22 18 10.439     2013 04 20 22 20 50.914     160.5
36
 2013 04 20 10 49 11.424     2013 04 20 10 49 45.612      34.2
37
 2013 04 20 12 23  4.929     2013 04 20 12 26 41.766     216.8
 2013 04 20 20 40  6.503     2013 04 20 20 42 44.512     158.0
38
 2013 04 20 13 54 17.347     2013 04 20 13 57 47.287     209.9
39
 2013 04 20 15 37 19.383     2013 04 20 15 39 55.346     156.0
 2013 04 20 20 31 52.894     2013 04 20 20 35 27.897     215.0
 2013 04 20 22 09 28.984     2013 04 20 22 10 12.658      43.7
40
41
 2013 04 20 12 15 59.499     2013 04 20 12 18 45.774     166.3
42
 2013 04 20 12 25 17.977     2013 04 20 12 28  6.873     168.9
43
 2013 04 20 10 41  1.512     2013 04 20 10 44 32.158     210.6
44
45
 2013 04 20 14 00 57.509     2013 04 20 14 01 45.450      47.9
 2013 04 20 22 11 58.783     2013 04 20 22 14 36.026     157.2
46
 2013 04 20 22 19 48.450     2013 04 20 22 22 58.601     190.2
47
 2013 04 20 10 45 42.538     2013 04 20 10 46 49.232      66.7
 2013 04 20 20 42 39.544     2013 04 20 20 45 47.441     187.9
48
49
 2013 04 20 12 25 59.538     2013 04 20 12 28 44.216     164.7
 2013 04 20 19 00 54.236     2013 04 20 19 04 16.607     202.4
50
 2013 04 20 10 42 54.699     2013 04 20 10 45 31.579     156.9
 2013 04 20 20 43 54.210     2013 04 20 20 47 11.449     197.2
51
 2013 04 20 20 41  7.371     2013 04 20 20 43 40.023     152.7
52
 2013 04 20 22 22 10.633     2013 04 20 22 24 40.890     150.3
53
54
 2013 04 20 12 21 43.963     2013 04 20 12 24 18.559     154.6
55
56
 2013 04 20 22 22  1.766     2013 04 20 22 25 37.939     216.2
57
 2013 04 20 12 21 52.496     2013 04 20 12 24 27.222     154.7
58
 2013 04 20 12 23 13.057     2013 04 20 12 26 51.808     218.8
 2013 04 20 20 37 48.155     2013 04 20 20 40 21.525     153.4
59
 2013 04 20 14 01 44.967     2013 04 20 14 04 20.677     155.7
 2013 04 20 20 35 27.918     2013 04 20 20 38  6.102     158.2
60
 2013 04 20 12 17 45.964     2013 04 20 12 20 58.046     192.1
 2013 04 20 22 19 33.061     2013 04 20 22 22  4.123     151.1
61
 2013 04 20 14 01 29.280     2013 04 20 14 02 45.115      75.8
 2013 04 20 20 36 46.115     2013 04 20 20 39 33.414     167.3
62
 2013 04 20 10 46 59.497     2013 04 20 10 47 34.529      35.0
 2013 04 20 20 42 34.652     2013 04 20 20 45 10.435     155.8
63
 2013 04 20 12 25 52.952     2013 04 20 12 26  9.211      16.3
 2013 04 20 20 37 19.764     2013 04 20 20 40 34.615     194.9
64
 2013 04 20 15 36 45.770     2013 04 20 15 40 17.754     212.0
 2013 04 20 22 10 40.732     2013 04 20 22 14 16.218     215.5
65
 2013 04 20 22 22  2.106     2013 04 20 22 25 19.329     197.2
66
 2013 04 20 20 49  5.789     2013 04 20 20 52 16.869     191.1
67
 2013 04 20 13 58  5.086     2013 04 20 13 58 31.471      26.4
 2013 04 20 22 14 16.805     2013 04 20 22 17 48.759     212.0
68
 2013 04 20 10 40 11.418     2013 04 20 10 43 55.628     224.2
69
70
 2013 04 20 10 45 30.624     2013 04 20 10 48 26.144     175.5
71
 2013 04 20 00 18 55.894     2013 04 20 00 22 22.296     206.4
72
 2013 04 20 13 53 41.713     2013 04 20 13 54 59.333      77.6
73
 2013 04 20 22 15 34.289     2013 04 20 22 17 21.887     107.6
74
 2013 04 20 12 19 32.169     2013 04 20 12 22 18.299     166.1
 2013 04 20 22 17 55.710     2013 04 20 22 19 42.590     106.9
75
 2013 04 20 00 19 18.282     2013 04 20 00 21 51.025     152.7
76
 2013 04 20 12 16 45.458     2013 04 20 12 19 41.194     175.7
77
 2013 04 20 12 14 52.883     2013 04 20 12 17 38.694     165.8
78
 2013 04 20 13 55  5.185     2013 04 20 13 58  4.108     178.9
79
 2013 04 20 10 38 55.211     2013 04 20 10 41 55.417     180.2
80
 2013 04 20 20 36 38.922     2013 04 20 20 37 18.360      39.4
81
 2013 04 20 10 38 36.045     2013 04 20 10 41  9.263     153.2
 2013 04 20 22 24  5.346     2013 04 20 22 27 37.814     212.5
82
 2013 04 20 12 14 53.679     2013 04 20 12 17 35.039     161.4
83
 2013 04 20 12 14 48.157     2013 04 20 12 15 31.625      43.5
84
 2013 04 20 12 16 11.545     2013 04 20 12 19 35.347     203.8
85
 2013 04 20 12 19 26.824     2013 04 20 12 23 13.987     227.2
86
 2013 04 20 10 44 40.174     2013 04 20 10 48  9.749     209.6
 2013 04 20 20 42 25.886     2013 04 20 20 45 16.501     170.6
87
 2013 04 20 15 37 31.995     2013 04 20 15 41 16.606     224.6
 2013 04 20 20 33 23.555     2013 04 20 20 36 41.806     198.3
88
 2013 04 20 12 20   .447     2013 04 20 12 23  8.569     188.1
 2013 04 20 22 16 22.745     2013 04 20 22 17 38.028      75.3
89
 2013 04 20 12 17 52.862     2013 04 20 12 20 56.467     183.6
 2013 04 20 22 19 25.557     2013 04 20 22 21 56.592     151.0
90
 2013 04 20 12 22 31.781     2013 04 20 12 25 37.508     185.7
 2013 04 20 20 38  5.509     2013 04 20 20 41 11.661     186.2
91
 2013 04 20 22 18 57.257     2013 04 20 22 19 19.523      22.3
92
 2013 04 20 22 15 54.122     2013 04 20 22 18 26.415     152.3
93
94
 2013 04 20 12 27 18.708     2013 04 20 12 30 12.649     173.9
 2013 04 20 19 00 22.323     2013 04 20 19 03 11.368     169.0
95
 2013 04 20 15 37 38.905     2013 04 20 15 41  3.235     204.3
 2013 04 20 20 33 12.609     2013 04 20 20 36 26.855     194.2
96
97
 2013 04 20 00 21 45.163     2013 04 20 00 25 12.878     207.7
 2013 04 20 12 12 46.531     2013 04 20 12 15 21.801     155.3
98
 2013 04 20 12 23 12.107     2013 04 20 12 26  6.320     174.2
 2013 04 20 20 38 25.045     2013 04 20 20 41   .679     155.6
99
 2013 04 20 10 41 43.154     2013 04 20 10 44 38.892     175.7
100
 2013 04 20 20 47 20.780     2013 04 20 20 50  5.169     164.4
101
 2013 04 20 12 28 22.750     2013 04 20 12 31  6.928     164.2
 2013 04 20 17 23 11.685     2013 04 20 17 26 56.705     225.0
 2013 04 20 19 00 53.575     2013 04 20 19 01 31.558      38.0
102
103
 2013 04 20 12 26  1.107     2013 04 20 12 26 17.958      16.9
 2013 04 20 19 02 21.114     2013 04 20 19 05  3.382     162.3
104
 2013 04 20 22 20 52.998     2013 04 20 22 24 27.619     214.6
105
 2013 04 20 12 19 14.544     2013 04 20 12 21 51.182     156.6
 2013 04 20 22 18  8.862     2013 04 20 22 21 15.442     186.6
106
107
 2013 04 20 00 19  7.876     2013 04 20 00 22 20.784     192.9
108
109
 2013 04 20 10 46 41.399     2013 04 20 10 49 21.592     160.2
110
 2013 04 20 10 44 34.900     2013 04 20 10 47 21.962     167.1
 2013 04 20 20 43 14.460     2013 04 20 20 45 56.852     162.4
111
 2013 04 20 13 56 21.736     2013 04 20 13 59  8.523     166.8
112
 2013 04 20 10 46 41.920     2013 04 20 10 46 50.497       8.6
 2013 04 20 19 05 47.960     2013 04 20 19 09 25.177     217.2
113
 2013 04 20 10 43 43.400     2013 04 20 10 46 17.784     154.4
 2013 04 20 20 44 17.748     2013 04 20 20 46 49.767     152.0
114
 2013 04 20 13 58 12.930     2013 04 20 14 00 57.325     164.4
 2013 04 20 22 13 46.315     2013 04 20 22 16 28.188     161.9
115
 2013 04 20 14 00 53.367     2013 04 20 14 03 32.769     159.4
 2013 04 20 20 35  1.805     2013 04 20 20 37 50.515     168.7
116
 2013 04 20 20 41 13.819     2013 04 20 20 44 15.003     181.2
117
 2013 04 20 13 55  5.799     2013 04 20 13 58  1.882     176.1
118
 2013 04 20 20 48  9.676     2013 04 20 20 50 45.418     155.7
119
 2013 04 20 20 47 25.204     2013 04 20 20 49 56.356     151.2
120
 2013 04 20 13 58 45.674     2013 04 20 14 02  5.719     200.0
 2013 04 20 22 11 55.573     2013 04 20 22 15 15.779     200.2
121
 2013 04 20 12 16  3.588     2013 04 20 12 18 44.026     160.4
122
 2013 04 20 10 43  9.363     2013 04 20 10 45 48.938     159.6
 2013 04 20 20 44 37.063     2013 04 20 20 47 21.592     164.5
123
 2013 04 20 19 02 43.669     2013 04 20 19 05 35.165     171.5
124
125
 2013 04 20 22 11 27.078     2013 04 20 22 14  5.552     158.5
126
 2013 04 20 09 03 47.828     2013 04 20 09 06 24.036     156.2
 2013 04 20 20 49 50.768     2013 04 20 20 52 53.633     182.9
127
 2013 04 20 22 16 44.909     2013 04 20 22 20 12.324     207.4
128
 2013 04 20 00 18 35.019     2013 04 20 00 21 58.885     203.9
129
 2013 04 20 10 44  6.058     2013 04 20 10 47 36.754     210.7
 2013 04 20 20 44 30.477     2013 04 20 20 47 49.578     199.1
130
 2013 04 20 00 18 10.483     2013 04 20 00 20 42.299     151.8
131
 2013 04 20 10 41 53.177     2013 04 20 10 45  2.700     189.5
 2013 04 20 20 45  6.624     2013 04 20 20 48 41.916     215.3
132
 2013 04 20 12 15 13.674     2013 04 20 12 18  3.403     169.7
133
 2013 04 20 10 43 33.676     2013 04 20 10 45  1.528      87.9
 2013 04 20 20 45  1.028     2013 04 20 20 48  1.826     180.8
134
 2013 04 20 13 55 44.957     2013 04 20 13 58 19.445     154.5
135
 2013 04 20 12 15 36.806     2013 04 20 12 18 25.934     169.1
136
 2013 04 20 14 03 34.562     2013 04 20 14 06 35.815     181.3
 2013 04 20 18 58 45.719     2013 04 20 19 01 37.793     172.1
137
138
 2013 04 20 13 58  1.409     2013 04 20 13 59  9.649      68.2
 2013 04 20 22 14 19.403     2013 04 20 22 17 37.827     198.4
139
 2013 04 20 09 03 39.620     2013 04 20 09 06 14.900     155.3
 2013 04 20 20 50 15.556     2013 04 20 20 53 26.122     190.6
140
 2013 04 20 10 46 43.114     2013 04 20 10 46 46.031       2.9
 2013 04 20 19 05 50.637     2013 04 20 19 09 24.045     213.4
141
 2013 04 20 20 47 17.971     2013 04 20 20 48  4.609      46.6
142
 2013 04 20 12 27 13.849     2013 04 20 12 29 55.683     161.8
 2013 04 20 19 00 40.665     2013 04 20 19 03 20.188     159.5
143
 2013 04 20 22 14 54.250     2013 04 20 22 18 14.672     200.4
144
 2013 04 20 12 27 40.562     2013 04 20 12 30 28.796     168.2
 2013 04 20 17 25 52.722     2013 04 20 17 26  3.631      10.9
 2013 04 20 19 00 21.227     2013 04 20 19 03 29.988     188.8
145
146
 2013 04 20 20 46 25.358     2013 04 20 20 49 21.993     176.6
147
 2013 04 20 12 28 31.746     2013 04 20 12 31  9.653     157.9
 2013 04 20 17 22 59.698     2013 04 20 17 26 13.001     193.3
148
 2013 04 20 10 39  3.827     2013 04 20 10 41 50.880     167.1
149
 2013 04 20 14 01 11.553     2013 04 20 14 04   .386     168.8
 2013 04 20 20 34 57.839     2013 04 20 20 37 32.733     154.9
150
 2013 04 20 12 23 55.927     2013 04 20 12 27 26.280     210.4
 2013 04 20 20 39 29.054     2013 04 20 20 42 56.867     207.8
151
 2013 04 20 12 24 45.789     2013 04 20 12 27 39.288     173.5
 2013 04 20 20 38 33.765     2013 04 20 20 38 35.611       1.8
152
 2013 04 20 22 21  7.329     2013 04 20 22 21 55.065      47.7
153
 2013 04 20 22 24   .932     2013 04 20 22 24 53.748      52.8
154
 2013 04 20 12 23 33.902     2013 04 20 12 26 54.569     200.7
 2013 04 20 20 37 56.184     2013 04 20 20 40 33.673     157.5
155
 2013 04 20 12 17  7.089     2013 04 20 12 19 45.152     158.1
 2013 04 20 22 18 15.201     2013 04 20 22 21 53.583     218.4
156
 2013 04 20 14 03 11.018     2013 04 20 14 05 46.951     155.9
 2013 04 20 18 57 45.742     2013 04 20 19 00 54.478     188.7
157
 2013 04 20 22 15 17.087     2013 04 20 22 18 34.386     197.3
158
 2013 04 20 12 19 28.125     2013 04 20 12 19 39.529      11.4
159
 2013 04 20 13 55 19.409     2013 04 20 13 58 30.695     191.3
160
 2013 04 20 22 16 35.282     2013 04 20 22 19 12.861     157.6
161
 2013 04 20 22 22  3.884     2013 04 20 22 24 18.446     134.6
162
 2013 04 20 12 19 38.814     2013 04 20 12 22 56.931     198.1
163
 2013 04 20 12 24 27.204     2013 04 20 12 27  7.973     160.8
 2013 04 20 20 38 43.828     2013 04 20 20 42  9.215     205.4
164
 2013 04 20 12 27 54.332     2013 04 20 12 30 37.374     163.0
 2013 04 20 19 01 10.021     2013 04 20 19 04 24.624     194.6
165
 2013 04 20 20 41 27.021     2013 04 20 20 43 59.666     152.6
166
 2013 04 20 00 18 59.496     2013 04 20 00 20 48.260     108.8
167
 2013 04 20 13 57  5.567     2013 04 20 13 59 43.074     157.5
 2013 04 20 22 13  7.090     2013 04 20 22 16 15.813     188.7
168
 2013 04 20 12 28 19.912     2013 04 20 12 30 58.770     158.9
 2013 04 20 17 22 45.945     2013 04 20 17 26 12.157     206.2
 2013 04 20 19 00 16.261     2013 04 20 19 00 59.658      43.4
169
 2013 04 20 12 26 56.154     2013 04 20 12 27 20.922      24.8
 2013 04 20 19 02 24.457     2013 04 20 19 05 11.076     166.6
170
 2013 04 20 12 27  3.533     2013 04 20 12 29 40.705     157.2
 2013 04 20 19 01 11.383     2013 04 20 19 03 45.424     154.0
171
 2013 04 20 13 57 28.170     2013 04 20 14 00  3.152     155.0
 2013 04 20 22 13 25.393     2013 04 20 22 16 10.021     164.6
172
 2013 04 20 12 19 57.121     2013 04 20 12 22 35.065     157.9
 2013 04 20 22 17  4.462     2013 04 20 22 18 49.777     105.3
173
174
 2013 04 20 13 56 38.618     2013 04 20 13 59 14.696     156.1
 2013 04 20 22 12 56.380     2013 04 20 22 13 38.201      41.8
175
 2013 04 20 22 25  7.387     2013 04 20 22 25 39.492      32.1
176
 2013 04 20 12 21 24.571     2013 04 20 12 21 54.277      29.7
177
 2013 04 20 20 42  9.263     2013 04 20 20 45 35.385     206.1
178
 2013 04 20 13 55  3.273     2013 04 20 13 57 37.525     154.3
179
 2013 04 20 22 15 54.144     2013 04 20 22 18 40.435     166.3
180
 2013 04 20 13 58 29.310     2013 04 20 14 01 35.167     185.9
 2013 04 20 22 13 47.200     2013 04 20 22 17  1.129     193.9
181
 2013 04 20 14 00 21.236     2013 04 20 14 00 31.441      10.2
 2013 04 20 20 36 46.579     2013 04 20 20 39 34.400     167.8
182
 2013 04 20 00 17 56.643     2013 04 20 00 20 27.389     150.7
 2013 04 20 13 51 15.560     2013 04 20 13 51 43.692      28.1
183
 2013 04 20 09 04   .835     2013 04 20 09 07  5.099     184.3
 2013 04 20 20 49  3.219     2013 04 20 20 52 13.373     190.2
184
 2013 04 20 10 48 42.937     2013 04 20 10 51 21.224     158.3
 2013 04 20 19 04 50.466     2013 04 20 19 07 25.649     155.2
185
 2013 04 20 13 56 15.115     2013 04 20 13 58 51.721     156.6
186
 2013 04 20 10 52 22.268     2013 04 20 10 52 26.114       3.8
 2013 04 20 19 03  1.218     2013 04 20 19 05 37.536     156.3
187
188
 2013 04 20 10 36 56.657     2013 04 20 10 40 36.160     219.5
 2013 04 20 22 24  2.279     2013 04 20 22 26 37.540     155.3
189
 2013 04 20 10 46 19.127     2013 04 20 10 47 30.696      71.6
190
 2013 04 20 10 47 32.036     2013 04 20 10 50  7.278     155.2
 2013 04 20 19 07 44.130     2013 04 20 19 08 13.211      29.1
191
 2013 04 20 12 24 22.237     2013 04 20 12 26 58.959     156.7
 2013 04 20 20 38 41.860     2013 04 20 20 41 55.434     193.6
192
193
 2013 04 20 12 18 32.857     2013 04 20 12 21  6.810     154.0
 2013 04 20 22 18 28.461     2013 04 20 22 21   .117     151.7
194
 2013 04 20 10 39 36.053     2013 04 20 10 42 15.780     159.7
195
 2013 04 20 12 14 33.946     2013 04 20 12 17 19.499     165.6
196
 2013 04 20 20 40 16.995     2013 04 20 20 43 16.072     179.1
197
 2013 04 20 12 27 39.311     2013 04 20 12 28  3.440      24.1
 2013 04 20 19 02  3.254     2013 04 20 19 05 44.405     221.2
198
 2013 04 20 13 59 57.078     2013 04 20 14 02 32.493     155.4
199
 2013 04 20 10 46 28.845     2013 04 20 10 49 48.634     199.8
200
 2013 04 20 20 47  9.928     2013 04 20 20 50   .929     171.0
201
 2013 04 20 14 03 50.139     2013 04 20 14 07  9.203     199.1
 2013 04 20 18 59 15.247     2013 04 20 19 01 54.956     159.7
202
 2013 04 20 12 20   .731     2013 04 20 12 22 50.442     169.7
 2013 04 20 22 16 43.318     2013 04 20 22 18  8.351      85.0
203
204
 2013 04 20 13 54 23.078     2013 04 20 13 57 37.039     194.0
205
 2013 04 20 14 00 46.545     2013 04 20 14 04 15.920     209.4
 2013 04 20 20 36 25.639     2013 04 20 20 39  7.467     161.8
206
 2013 04 20 10 43 36.478     2013 04 20 10 46 21.645     165.2
 2013 04 20 20 44 39.309     2013 04 20 20 47 10.153     150.8
207
 2013 04 20 12 24  4.915     2013 04 20 12 27 36.335     211.4
 2013 04 20 20 37 26.590     2013 04 20 20 40 35.673     189.1
208
 2013 04 20 00 18 14.204     2013 04 20 00 18 51.844      37.6
209
 2013 04 20 12 19 14.840     2013 04 20 12 22 27.592     192.8
 2013 04 20 22 18 15.606     2013 04 20 22 18 59.447      43.8
210
 2013 04 20 12 26 46.595     2013 04 20 12 29 24.983     158.4
 2013 04 20 19 01 11.248     2013 04 20 19 03 48.381     157.1
211
212
 2013 04 20 13 55  9.292     2013 04 20 13 57 52.232     162.9
213
 2013 04 20 12 24 52.958     2013 04 20 12 25  2.528       9.6
214
 2013 04 20 10 45 40.516     2013 04 20 10 45 46.157       5.6
215
 2013 04 20 00 16 48.735     2013 04 20 00 20 15.651     206.9
 2013 04 20 13 52 38.285     2013 04 20 13 54 34.022     115.7
216
 2013 04 20 10 43  3.581     2013 04 20 10 46  2.020     178.4
 2013 04 20 20 43 24.512     2013 04 20 20 46 33.421     188.9
217
 2013 04 20 13 56 15.454     2013 04 20 13 58 52.572     157.1
218
 2013 04 20 22 16 14.727     2013 04 20 22 19 57.793     223.1
219
 2013 04 20 10 40 12.649     2013 04 20 10 43 54.503     221.9
220
 2013 04 20 13 57  4.717     2013 04 20 13 59 42.133     157.4
 2013 04 20 22 13  6.930     2013 04 20 22 16 16.730     189.8
221
 2013 04 20 12 26  5.362     2013 04 20 12 29 43.328     218.0
 2013 04 20 14 03 45.919     2013 04 20 14 04 22.488      36.6
 2013 04 20 18 59 47.857     2013 04 20 19 02 25.629     157.8
222
 2013 04 20 22 22 59.005     2013 04 20 22 26 17.625     198.6
223
 2013 04 20 14 00 56.183     2013 04 20 14 03 37.632     161.4
 2013 04 20 20 35 37.123     2013 04 20 20 38 26.320     169.2
224
 2013 04 20 10 50   .692     2013 04 20 10 50 17.200      16.5
225
 2013 04 20 12 15 55.388     2013 04 20 12 18 34.147     158.8
226
 2013 04 20 19 02  1.709     2013 04 20 19 05 36.561     214.9
227
228
 2013 04 20 12 25 43.160     2013 04 20 12 29 31.019     227.9
 2013 04 20 14 03 28.177     2013 04 20 14 04  6.771      38.6
 2013 04 20 18 59 34.040     2013 04 20 19 02 22.826     168.8
229
 2013 04 20 12 27 26.101     2013 04 20 12 30 40.038     193.9
 2013 04 20 14 05  1.269     2013 04 20 14 08 50.482     229.2
 2013 04 20 17 21 44.232     2013 04 20 17 25 34.065     229.8
 2013 04 20 18 59 56.653     2013 04 20 19 03  7.419     190.8
230
 2013 04 20 12 25 46.658     2013 04 20 12 28 49.077     182.4
 2013 04 20 18 59 49.827     2013 04 20 19 03  5.519     195.7
231
 2013 04 20 14 00 53.885     2013 04 20 14 03 31.444     157.6
 2013 04 20 20 35  5.695     2013 04 20 20 37 55.274     169.6
232
 2013 04 20 12 23 26.396     2013 04 20 12 27 10.906     224.5
 2013 04 20 20 39 55.520     2013 04 20 20 42 56.202     180.7
233
 2013 04 20 12 16   .997     2013 04 20 12 18 35.706     154.7
234
 2013 04 20 12 23 33.381     2013 04 20 12 27  4.269     210.9
 2013 04 20 20 39 47.582     2013 04 20 20 42 46.709     179.1
235
236
 2013 04 20 12 20 13.311     2013 04 20 12 23 22.540     189.2
237
 2013 04 20 10 39 45.372     2013 04 20 10 40 29.824      44.5
238
 2013 04 20 14 03 14.262     2013 04 20 14 06 11.266     177.0
 2013 04 20 18 58 21.325     2013 04 20 19 01 35.237     193.9
239
 2013 04 20 12 16 53.818     2013 04 20 12 20 34.647     220.8
 2013 04 20 22 20  4.517     2013 04 20 22 22 41.144     156.6
240
 2013 04 20 10 48 23.911     2013 04 20 10 51 17.644     173.7
 2013 04 20 19 03 54.498     2013 04 20 19 06 43.524     169.0
241
 2013 04 20 09 05 42.807     2013 04 20 09 06 30.889      48.1
242
 2013 04 20 22 23  2.181     2013 04 20 22 25 39.820     157.6
243
 2013 04 20 12 15 17.547     2013 04 20 12 17 51.213     153.7
244
 2013 04 20 20 41 55.004     2013 04 20 20 44 30.238     155.2
245
 2013 04 20 22 21 43.602     2013 04 20 22 24 40.041     176.4
246
 2013 04 20 12 20 31.440     2013 04 20 12 24 13.115     221.7
247
 2013 04 20 10 47 22.468     2013 04 20 10 50 58.441     216.0
 2013 04 20 19 05 35.208     2013 04 20 19 08 46.558     191.4
248
 2013 04 20 12 13 43.727     2013 04 20 12 16 27.230     163.5
249
250
 2013 04 20 12 12 54.054     2013 04 20 12 15 54.530     180.5
251
 2013 04 20 00 21 25.936     2013 04 20 00 23 55.875     149.9
 2013 04 20 12 14 46.234     2013 04 20 12 15 24.496      38.3
252
 2013 04 20 12 24 52.501     2013 04 20 12 27 35.321     162.8
 2013 04 20 20 37 43.140     2013 04 20 20 38 39.821      56.7
253
254
 2013 04 20 12 15 41.317     2013 04 20 12 18 15.417     154.1
255
 2013 04 20 12 17 30.739     2013 04 20 12 20 41.164     190.4
 2013 04 20 22 19 37.889     2013 04 20 22 22 10.012     152.1
256
 2013 04 20 13 56 27.784     2013 04 20 14 00 13.622     225.8
 2013 04 20 22 14 43.490     2013 04 20 22 17 36.867     173.4
257
 2013 04 20 00 16 35.041     2013 04 20 00 19 36.409     181.4
 2013 04 20 13 52 53.334     2013 04 20 13 55 57.504     184.2
258
 2013 04 20 13 54 22.668     2013 04 20 13 57   .384     157.7
259
 2013 04 20 22 16 15.723     2013 04 20 22 19 10.431     174.7
260
 2013 04 20 13 57 53.762     2013 04 20 14 00 56.016     182.3
 2013 04 20 22 14  8.954     2013 04 20 22 16 46.523     157.6
261
 2013 04 20 12 24 44.569     2013 04 20 12 25 55.434      70.9
262
 2013 04 20 10 46 39.367     2013 04 20 10 50 16.755     217.4
263
 2013 04 20 10 47 57.614     2013 04 20 10 51 11.170     193.6
 2013 04 20 19 05 26.798     2013 04 20 19 08 15.107     168.3
264
 2013 04 20 12 23  5.065     2013 04 20 12 25 40.540     155.5
 2013 04 20 20 39  8.809     2013 04 20 20 41 48.491     159.7
265
 2013 04 20 22 21 24.934     2013 04 20 22 24  1.494     156.6
266
 2013 04 20 22 23  3.831     2013 04 20 22 25 51.459     167.6
267
268
 2013 04 20 12 23 48.890     2013 04 20 12 24 35.045      46.2
269
 2013 04 20 13 55 57.377     2013 04 20 13 59 27.892     210.5
270
 2013 04 20 13 55 13.559     2013 04 20 13 58 25.079     191.5
271
 2013 04 20 00 19 52.735     2013 04 20 00 22 26.184     153.4
272
273
 2013 04 20 00 19 35.010     2013 04 20 00 22 32.347     177.3
274
275
276
 2013 04 20 09 04 45.041     2013 04 20 09 08 13.762     208.7
 2013 04 20 20 47 49.574     2013 04 20 20 47 51.988       2.4
277
 2013 04 20 12 29  7.281     2013 04 20 12 32 17.470     190.2
 2013 04 20 17 24 27.289     2013 04 20 17 27 18.002     170.7
278
279
 2013 04 20 00 20 12.792     2013 04 20 00 23 27.236     194.4
280
 2013 04 20 13 55 28.457     2013 04 20 13 58  5.020     156.6
281
282
 2013 04 20 12 28 48.968     2013 04 20 12 31 29.619     160.7
 2013 04 20 17 23 35.854     2013 04 20 17 26 44.289     188.4
283
 2013 04 20 00 17  8.440     2013 04 20 00 17 42.378      33.9
284
 2013 04 20 22 21  5.749     2013 04 20 22 23 55.405     169.7
285
 2013 04 20 12 26  2.546     2013 04 20 12 29 29.773     207.2
 2013 04 20 18 59 51.193     2013 04 20 19 02 34.223     163.0
286
 2013 04 20 22 20 48.067     2013 04 20 22 20 49.662       1.6
287
 2013 04 20 20 47   .562     2013 04 20 20 47 50.386      49.8
288
 2013 04 20 12 24 38.892     2013 04 20 12 25 29.711      50.8
289
 2013 04 20 12 17 45.501     2013 04 20 12 21  3.098     197.6
 2013 04 20 22 17 36.812     2013 04 20 22 20 28.708     171.9
290
 2013 04 20 15 37 46.508     2013 04 20 15 40 23.866     157.4
 2013 04 20 20 32 26.891     2013 04 20 20 35 31.013     184.1
291
 2013 04 20 20 47 10.675     2013 04 20 20 50  3.182     172.5
292
 2013 04 20 13 58 30.144     2013 04 20 14 01 33.779     183.6
 2013 04 20 22 13 45.796     2013 04 20 22 16 58.925     193.1
293
 2013 04 20 10 43 41.576     2013 04 20 10 46 53.904     192.3
 2013 04 20 20 43 12.014     2013 04 20 20 45 47.933     155.9
294
 2013 04 20 10 46 26.395     2013 04 20 10 49 36.304     189.9
295
 2013 04 20 10 45 15.604     2013 04 20 10 48 16.399     180.8
296
 2013 04 20 20 40 39.513     2013 04 20 20 41 27.546      48.0
297
 2013 04 20 00 20  1.287     2013 04 20 00 22 56.368     175.1
298
299
 2013 04 20 10 45 43.999     2013 04 20 10 48 24.429     160.4
300
 2013 04 20 12 22 47.980     2013 04 20 12 25 37.246     169.3
 2013 04 20 20 38 25.753     2013 04 20 20 41 19.780     174.0
301
 2013 04 20 12 13 39.176     2013 04 20 12 16 18.342     159.2
302
 2013 04 20 12 17 11.896     2013 04 20 12 17 25.912      14.0
 2013 04 20 22 20  8.872     2013 04 20 22 22 42.975     154.1
303
 2013 04 20 12 29 20.176     2013 04 20 12 32 19.858     179.7
 2013 04 20 17 24 27.380     2013 04 20 17 27  9.393     162.0
304
 2013 04 20 12 17 27.248     2013 04 20 12 20  1.536     154.3
 2013 04 20 22 18 48.794     2013 04 20 22 21 50.643     181.8
305
 2013 04 20 13 55 44.545     2013 04 20 13 58 25.174     160.6
306
 2013 04 20 12 22 18.687     2013 04 20 12 25 29.947     191.3
 2013 04 20 20 39 50.314     2013 04 20 20 42 46.859     176.5
307
 2013 04 20 00 20 19.796     2013 04 20 00 20 59.873      40.1
 2013 04 20 12 13 13.745     2013 04 20 12 16 37.438     203.7
308
 2013 04 20 12 26 24.715     2013 04 20 12 29 18.267     173.6
 2013 04 20 19 00 19.295     2013 04 20 19 03  1.095     161.8
309
 2013 04 20 14 01 33.022     2013 04 20 14 02 47.348      74.3
 2013 04 20 20 36 45.014     2013 04 20 20 39 35.798     170.8
310
 2013 04 20 10 45  7.624     2013 04 20 10 48  1.020     173.4
 2013 04 20 20 42 37.710     2013 04 20 20 45 51.756     194.0
311
 2013 04 20 12 18 12.525     2013 04 20 12 21 59.437     226.9
 2013 04 20 22 19 18.771     2013 04 20 22 22 27.570     188.8
312
 2013 04 20 12 29 25.912     2013 04 20 12 32 18.574     172.7
 2013 04 20 17 24 23.889     2013 04 20 17 27  2.951     159.1
313
 2013 04 20 13 58  3.144     2013 04 20 14 00 42.719     159.6
 2013 04 20 22 13 10.306     2013 04 20 22 15 43.610     153.3
314
 2013 04 20 14 00 22.102     2013 04 20 14 03 54.722     212.6
 2013 04 20 20 36 13.791     2013 04 20 20 39 17.941     184.2
315
 2013 04 20 12 20 47.716     2013 04 20 12 24 25.515     217.8
316
 2013 04 20 00 20 23.511     2013 04 20 00 23 10.096     166.6
317
 2013 04 20 12 25 56.016     2013 04 20 12 28 32.212     156.2
 2013 04 20 19 00 31.609     2013 04 20 19 04  2.238     210.6
318
 2013 04 20 10 47 54.475     2013 04 20 10 50 49.295     174.8
 2013 04 20 19 03 41.316     2013 04 20 19 07  4.700     203.4
319
 2013 04 20 12 27 45.602     2013 04 20 12 30 25.099     159.5
 2013 04 20 19 01  8.504     2013 04 20 19 04 10.899     182.4
320
 2013 04 20 19 06 23.526     2013 04 20 19 06 33.618      10.1
321
 2013 04 20 22 22 53.271     2013 04 20 22 25 34.551     161.3
322
 2013 04 20 12 28 20.916     2013 04 20 12 30 57.180     156.3
 2013 04 20 17 22 55.545     2013 04 20 17 26 35.621     220.1
 2013 04 20 19 00 37.460     2013 04 20 19 01 45.609      68.1
323
 2013 04 20 14 02 58.552     2013 04 20 14 06 20.964     202.4
 2013 04 20 18 58 29.220     2013 04 20 19 02   .182     211.0
324
 2013 04 20 22 23 18.330     2013 04 20 22 26 22.411     184.1
325
 2013 04 20 12 25 44.744     2013 04 20 12 29 22.419     217.7
 2013 04 20 18 59 37.842     2013 04 20 19 02 30.737     172.9
326
 2013 04 20 22 11 17.840     2013 04 20 22 14  3.587     165.7
327
328
 2013 04 20 22 19 56.181     2013 04 20 22 22 58.537     182.4
329
 2013 04 20 13 58 14.915     2013 04 20 14 01 57.928     223.0
 2013 04 20 22 11 56.732     2013 04 20 22 14 50.668     173.9
330
 2013 04 20 00 16 37.891     2013 04 20 00 19 46.899     189.0
 2013 04 20 13 52 51.094     2013 04 20 13 56  5.867     194.8
331
 2013 04 20 10 41 46.161     2013 04 20 10 44 51.071     184.9
 2013 04 20 20 47 49.440     2013 04 20 20 48 50.071      60.6
332
 2013 04 20 20 41 39.682     2013 04 20 20 44 53.606     193.9
333
 2013 04 20 15 37 24.738     2013 04 20 15 40 31.757     187.0
 2013 04 20 20 32 40.061     2013 04 20 20 36 16.417     216.4
334
 2013 04 20 15 38 51.821     2013 04 20 15 42  4.671     192.8
 2013 04 20 20 33 54.579     2013 04 20 20 36 31.252     156.7
335
 2013 04 20 10 45 18.909     2013 04 20 10 49  5.412     226.5
 2013 04 20 20 41 31.957     2013 04 20 20 45 11.569     219.6
336
 2013 04 20 19 02 38.291     2013 04 20 19 05 18.665     160.4
337
 2013 04 20 19 02 43.986     2013 04 20 19 05 31.265     167.3
338
 2013 04 20 22 16 10.185     2013 04 20 22 18 50.283     160.1
339
 2013 04 20 13 56  5.363     2013 04 20 13 59 44.638     219.3
 2013 04 20 22 15 48.766     2013 04 20 22 15 53.581       4.8
340
 2013 04 20 10 48  7.848     2013 04 20 10 50 56.877     169.0
 2013 04 20 19 03 53.295     2013 04 20 19 07  1.225     187.9
341
 2013 04 20 10 39 10.544     2013 04 20 10 41 59.614     169.1
 2013 04 20 22 23   .154     2013 04 20 22 23 10.997      10.8
342
 2013 04 20 10 46 57.479     2013 04 20 10 47 34.532      37.1
 2013 04 20 20 42 34.953     2013 04 20 20 45 10.542     155.6
343
344
 2013 04 20 22 22 38.802     2013 04 20 22 25 27.558     168.8
345
 2013 04 20 13 57 38.719     2013 04 20 14 00 33.807     175.1
 2013 04 20 22 12 52.033     2013 04 20 22 15 28.108     156.1
346
 2013 04 20 12 22 43.072     2013 04 20 12 23  3.281      20.2
 2013 04 20 22 16 30.501     2013 04 20 22 19 18.150     167.6
347
 2013 04 20 12 27  7.202     2013 04 20 12 29 44.206     157.0
 2013 04 20 19 01 11.011     2013 04 20 19 03 45.526     154.5
348
 2013 04 20 10 40  2.297     2013 04 20 10 43  3.884     181.6
349
 2013 04 20 20 37  2.986     2013 04 20 20 39 38.167     155.2
350
 2013 04 20 14 02 47.546     2013 04 20 14 06 35.245     227.7
 2013 04 20 18 58 39.717     2013 04 20 19 02 19.783     220.1
351
 2013 04 20 12 17  8.210     2013 04 20 12 18 14.139      65.9
352
 2013 04 20 12 27 51.952     2013 04 20 12 30 50.826     178.9
 2013 04 20 14 05 17.661     2013 04 20 14 06  9.370      51.7
 2013 04 20 17 22 11.980     2013 04 20 17 25 44.637     212.7
 2013 04 20 18 59 59.754     2013 04 20 19 03 34.015     214.3
353
 2013 04 20 20 47 59.369     2013 04 20 20 50 36.257     156.9
354
 2013 04 20 12 26 54.367     2013 04 20 12 30  9.345     195.0
 2013 04 20 19 01 55.126     2013 04 20 19 04 29.497     154.4
355
 2013 04 20 12 19 29.622     2013 04 20 12 22 10.274     160.7
 2013 04 20 22 17 28.494     2013 04 20 22 20 36.617     188.1
356
357
 2013 04 20 12 28 21.005     2013 04 20 12 30 57.503     156.5
 2013 04 20 17 22 49.845     2013 04 20 17 26 21.392     211.5
 2013 04 20 19 00 24.654     2013 04 20 19 01 16.680      52.0
358
 2013 04 20 12 22 23.008     2013 04 20 12 25 43.705     200.7
 2013 04 20 20 37 52.234     2013 04 20 20 41  2.552     190.3
359
360
 2013 04 20 12 28 40.659     2013 04 20 12 32 22.157     221.5
 2013 04 20 17 24 29.956     2013 04 20 17 27 43.194     193.2
361
 2013 04 20 00 20 52.983     2013 04 20 00 21 56.953      64.0
 2013 04 20 12 13  9.807     2013 04 20 12 16  4.716     174.9
362
 2013 04 20 12 24 54.249     2013 04 20 12 28   .625     186.4
 2013 04 20 20 37  8.534     2013 04 20 20 37 11.266       2.7
363
 2013 04 20 10 38 36.243     2013 04 20 10 42 15.168     218.9
364
 2013 04 20 12 17 12.401     2013 04 20 12 20  7.670     175.3
 2013 04 20 22 19 26.775     2013 04 20 22 22 17.872     171.1
365
366
 2013 04 20 15 36 59.158     2013 04 20 15 40 23.727     204.6
 2013 04 20 22 10 28.922     2013 04 20 22 11 41.896      73.0
367
 2013 04 20 12 16 37.831     2013 04 20 12 19 12.122     154.3
 2013 04 20 22 22 37.789     2013 04 20 22 22 44.060       6.3
368
 2013 04 20 13 58 16.094     2013 04 20 14 01 35.626     199.5
 2013 04 20 22 12 17.897     2013 04 20 22 15  4.621     166.7
369
 2013 04 20 22 21 57.099     2013 04 20 22 25  9.411     192.3
370
 2013 04 20 12 23 52.061     2013 04 20 12 26 39.932     167.9
 2013 04 20 20 39 17.264     2013 04 20 20 42  6.988     169.7
371
 2013 04 20 22 16  6.495     2013 04 20 22 18 55.558     169.1
372
 2013 04 20 12 26 12.420     2013 04 20 12 28 49.889     157.5
 2013 04 20 19 00 49.582     2013 04 20 19 03 57.106     187.5
373
 2013 04 20 13 58 42.973     2013 04 20 14 02   .068     197.1
 2013 04 20 22 13 37.489     2013 04 20 22 17 21.640     224.2
374
 2013 04 20 13 58 16.134     2013 04 20 14 00 53.642     157.5
 2013 04 20 22 13 34.961     2013 04 20 22 16 15.222     160.3
375
 2013 04 20 12 15  1.917     2013 04 20 12 17 45.811     163.9
376
 2013 04 20 14 00 41.773     2013 04 20 14 04 27.942     226.2
 2013 04 20 15 38 31.565     2013 04 20 15 42 18.087     226.5
 2013 04 20 20 34 13.852     2013 04 20 20 36 48.366     154.5
377
 2013 04 20 10 42 41.177     2013 04 20 10 43 31.183      50.0
 2013 04 20 20 45 39.810     2013 04 20 20 48 10.831     151.0
378
 2013 04 20 12 28 45.552     2013 04 20 12 31 32.225     166.7
 2013 04 20 17 23 40.732     2013 04 20 17 26 55.056     194.3
379
 2013 04 20 09 04 13.077     2013 04 20 09 06 57.991     164.9
 2013 04 20 20 49 11.352     2013 04 20 20 52 37.915     206.6
380
 2013 04 20 14 00 28.547     2013 04 20 14 03  6.113     157.6
 2013 04 20 20 35  8.299     2013 04 20 20 38 32.039     203.7
381
 2013 04 20 12 20 42.593     2013 04 20 12 23 41.582     179.0
382
 2013 04 20 22 20 24.770     2013 04 20 22 22 58.319     153.5
383
 2013 04 20 22 15 55.614     2013 04 20 22 18 56.163     180.5
384
 2013 04 20 14 01  1.589     2013 04 20 14 03 47.787     166.2
 2013 04 20 20 34 57.367     2013 04 20 20 37 36.673     159.3
385
 2013 04 20 15 34 42.154     2013 04 20 15 35 23.967      41.8
 2013 04 20 22 11  2.617     2013 04 20 22 14  1.426     178.8
386
 2013 04 20 12 15   .349     2013 04 20 12 17 34.873     154.5
387
 2013 04 20 13 57  2.985     2013 04 20 13 59 38.175     155.2
 2013 04 20 22 13 26.785     2013 04 20 22 16 35.650     188.9
388
 2013 04 20 12 25 31.755     2013 04 20 12 28 15.625     163.9
 2013 04 20 19 04 27.567     2013 04 20 19 04 34.965       7.4
389
 2013 04 20 12 19 58.622     2013 04 20 12 22 49.909     171.3
 2013 04 20 22 16 43.729     2013 04 20 22 18 37.387     113.7
390
 2013 04 20 13 58 48.492     2013 04 20 14 01 23.712     155.2
 2013 04 20 22 13  5.147     2013 04 20 22 16 13.861     188.7
391
 2013 04 20 13 55 16.007     2013 04 20 13 58  3.203     167.2
392
 2013 04 20 12 19  9.203     2013 04 20 12 22 35.173     206.0
 2013 04 20 22 16 56.245     2013 04 20 22 19 47.269     171.0
393
 2013 04 20 12 13  8.329     2013 04 20 12 16 14.207     185.9
394
 2013 04 20 12 19  1.966     2013 04 20 12 21 42.700     160.7
 2013 04 20 22 17 52.255     2013 04 20 22 20 34.601     162.3
395
 2013 04 20 10 40 40.619     2013 04 20 10 43 30.350     169.7
396
397
 2013 04 20 14 03 36.392     2013 04 20 14 06 31.357     175.0
 2013 04 20 18 58 40.666     2013 04 20 19 01 31.384     170.7
398
 2013 04 20 12 21 36.708     2013 04 20 12 25 24.518     227.8
 2013 04 20 20 40  7.740     2013 04 20 20 43 27.499     199.8
399
 2013 04 20 10 45 17.783     2013 04 20 10 48 12.830     175.0
400
 2013 04 20 00 18  7.163     2013 04 20 00 20 57.642     170.5
401
 2013 04 20 12 18 23.958     2013 04 20 12 20 58.121     154.2
 2013 04 20 22 18 39.527     2013 04 20 22 21 10.533     151.0
402
 2013 04 20 12 27 31.808     2013 04 20 12 30 40.774     189.0
 2013 04 20 19 01 43.024     2013 04 20 19 04 41.561     178.5
403
 2013 04 20 22 15 21.432     2013 04 20 22 18 15.940     174.5
404
405
 2013 04 20 13 59 49.299     2013 04 20 14 03  2.567     193.3
 2013 04 20 20 33 52.429     2013 04 20 20 37 36.197     223.8
406
407
408
 2013 04 20 13 55 56.411     2013 04 20 13 58 35.902     159.5
409
 2013 04 20 12 24   .628     2013 04 20 12 27 26.554     205.9
 2013 04 20 20 39 24.221     2013 04 20 20 42 54.887     210.7
410
 2013 04 20 20 47 42.985     2013 04 20 20 51  9.500     206.5
411
412
 2013 04 20 20 46 40.778     2013 04 20 20 49 52.731     192.0
413
 2013 04 20 10 48 28.563     2013 04 20 10 51 12.596     164.0
 2013 04 20 19 04 59.846     2013 04 20 19 07 39.938     160.1
414
 2013 04 20 00 20 25.293     2013 04 20 00 22 56.673     151.4
415
416
 2013 04 20 20 46  1.619     2013 04 20 20 49  9.508     187.9
417
 2013 04 20 10 44 43.351     2013 04 20 10 48  3.323     200.0
 2013 04 20 20 43 50.945     2013 04 20 20 44 21.661      30.7
418
419
 2013 04 20 22 11 50.180     2013 04 20 22 14 23.740     153.6
420
 2013 04 20 12 22 55.361     2013 04 20 12 26 17.965     202.6
 2013 04 20 20 38   .685     2013 04 20 20 40 39.675     159.0
421
 2013 04 20 00 20 50.654     2013 04 20 00 23 21.653     151.0
422
 2013 04 20 13 57 17.120     2013 04 20 14 00  1.311     164.2
 2013 04 20 22 13   .077     2013 04 20 22 15 54.297     174.2
423
 2013 04 20 12 17  5.511     2013 04 20 12 20 28.632     203.1
 2013 04 20 22 17 25.103     2013 04 20 22 21  2.701     217.6
424
 2013 04 20 12 25 19.443     2013 04 20 12 27 55.530     156.1
425
 2013 04 20 00 19 55.439     2013 04 20 00 22 27.479     152.0
426
 2013 04 20 10 44 32.426     2013 04 20 10 45 21.303      48.9
427
 2013 04 20 13 58 26.117     2013 04 20 14 01 15.241     169.1
 2013 04 20 22 13 41.980     2013 04 20 22 16 38.678     176.7
428
 2013 04 20 10 41 29.934     2013 04 20 10 45 14.244     224.3
429
430
 2013 04 20 20 43 38.875     2013 04 20 20 44 17.101      38.2
431
 2013 04 20 10 39 11.619     2013 04 20 10 41 44.756     153.1
432
433
434
 2013 04 20 20 47 56.793     2013 04 20 20 50 39.810     163.0
435
 2013 04 20 20 47 24.528     2013 04 20 20 49 56.284     151.8
436
 2013 04 20 13 59 54.845     2013 04 20 14 02 44.455     169.6
437
 2013 04 20 12 24 49.455     2013 04 20 12 27 59.361     189.9
438
 2013 04 20 00 19 20.139     2013 04 20 00 22 50.977     210.8
439
 2013 04 20 09 04 22.098     2013 04 20 09 05 51.976      89.9
 2013 04 20 20 49 30.279     2013 04 20 20 52 22.682     172.4
440
 2013 04 20 12 17 24.140     2013 04 20 12 20 17.907     173.8
 2013 04 20 22 19 25.006     2013 04 20 22 22  7.827     162.8
441
 2013 04 20 20 40 39.598     2013 04 20 20 43 12.133     152.5
442
 2013 04 20 00 18 22.740     2013 04 20 00 20 57.560     154.8
443
 2013 04 20 10 47 28.342     2013 04 20 10 51 12.383     224.0
 2013 04 20 19 02 59.010     2013 04 20 19 06 34.220     215.2
444
 2013 04 20 12 18 22.131     2013 04 20 12 21 59.872     217.7
 2013 04 20 22 19  9.878     2013 04 20 22 22 21.464     191.6
445
 2013 04 20 00 19 20.685     2013 04 20 00 22  3.285     162.6
446
 2013 04 20 12 15 20.284     2013 04 20 12 18 56.899     216.6
447
448
 2013 04 20 10 41 18.255     2013 04 20 10 42  7.586      49.3
 2013 04 20 22 23  1.002     2013 04 20 22 25 56.513     175.5
449
 2013 04 20 12 14  1.971     2013 04 20 12 17 39.243     217.3
450
 2013 04 20 12 15  1.559     2013 04 20 12 18 16.875     195.3
451
 2013 04 20 12 28  8.702     2013 04 20 12 28 23.458      14.8
 2013 04 20 20 36 41.500     2013 04 20 20 40 25.326     223.8
452
 2013 04 20 12 21 40.203     2013 04 20 12 24 19.004     158.8
453
 2013 04 20 09 03 16.512     2013 04 20 09 05 57.391     160.9
 2013 04 20 20 50 10.415     2013 04 20 20 52 46.797     156.4
454
 2013 04 20 10 39 24.688     2013 04 20 10 42 23.289     178.6
455
 2013 04 20 12 25  9.111     2013 04 20 12 27 56.380     167.3
456
 2013 04 20 15 35 49.604     2013 04 20 15 35 55.891       6.3
 2013 04 20 22 11 23.442     2013 04 20 22 14 10.045     166.6
457
 2013 04 20 12 29  6.222     2013 04 20 12 32 13.690     187.5
 2013 04 20 17 24 23.714     2013 04 20 17 27 15.609     171.9
458
 2013 04 20 12 26 47.952     2013 04 20 12 29 25.580     157.6
 2013 04 20 19 01  9.643     2013 04 20 19 03 46.268     156.6
459
 2013 04 20 10 47 43.333     2013 04 20 10 50 22.549     159.2
 2013 04 20 19 04 33.112     2013 04 20 19 08  9.217     216.1
460
461
 2013 04 20 10 45  7.351     2013 04 20 10 48 52.840     225.5
 2013 04 20 20 41 45.288     2013 04 20 20 45  9.180     203.9
462
 2013 04 20 10 42 58.878     2013 04 20 10 44  3.714      64.8
463
 2013 04 20 22 18 39.891     2013 04 20 22 19  6.381      26.5
464
 2013 04 20 10 37 37.760     2013 04 20 10 40 39.902     182.1
 2013 04 20 22 24 17.420     2013 04 20 22 26 49.799     152.4
465
466
 2013 04 20 12 28  9.636     2013 04 20 12 31 37.781     208.1
 2013 04 20 17 27 10.060     2013 04 20 17 27 42.595      32.5
 2013 04 20 19 01 30.087     2013 04 20 19 01 44.126      14.0
467
 2013 04 20 10 45 40.265     2013 04 20 10 48 34.243     174.0
468
469
470
 2013 04 20 12 17 55.462     2013 04 20 12 21 17.914     202.5
 2013 04 20 22 17 32.886     2013 04 20 22 20 16.061     163.2
471
 2013 04 20 10 45 54.679     2013 04 20 10 49 18.281     203.6
472
 2013 04 20 15 37 54.825     2013 04 20 15 41 32.726     217.9
 2013 04 20 20 33 40.649     2013 04 20 20 36 34.922     174.3
473
 2013 04 20 22 20   .232     2013 04 20 22 23 34.786     214.6
474
 2013 04 20 13 57  7.515     2013 04 20 14 00  4.150     176.6
 2013 04 20 22 14  8.716     2013 04 20 22 16 54.639     165.9
475
 2013 04 20 09 03 26.650     2013 04 20 09 06 49.302     202.7
 2013 04 20 20 49 17.446     2013 04 20 20 51 58.281     160.8
476
 2013 04 20 00 16 17.300     2013 04 20 00 16 33.022      15.7
 2013 04 20 13 53  7.205     2013 04 20 13 56 51.562     224.4
477
 2013 04 20 13 56 23.263     2013 04 20 13 58 58.919     155.7
 2013 04 20 22 17  7.714     2013 04 20 22 17 15.162       7.4
478
 2013 04 20 10 49  3.176     2013 04 20 10 51 43.393     160.2
 2013 04 20 19 04 51.088     2013 04 20 19 07 24.723     153.6
479
 2013 04 20 10 37 54.523     2013 04 20 10 40 27.657     153.1
 2013 04 20 22 24 48.347     2013 04 20 22 27 37.177     168.8
480
 2013 04 20 14 00 16.500     2013 04 20 14 03 58.870     222.4
 2013 04 20 20 36 18.924     2013 04 20 20 39 24.869     185.9
481
 2013 04 20 12 16 25.008     2013 04 20 12 18 58.606     153.6
482
 2013 04 20 13 55 55.989     2013 04 20 13 59 10.512     194.5
483
 2013 04 20 14 02 13.233     2013 04 20 14 02 38.838      25.6
 2013 04 20 20 36 27.073     2013 04 20 20 37 50.516      83.4
484
 2013 04 20 12 18  3.162     2013 04 20 12 18  4.445       1.3
485
 2013 04 20 10 49 23.690     2013 04 20 10 50 22.176      58.5
486
487
 2013 04 20 00 22 13.130     2013 04 20 00 25 21.869     188.7
 2013 04 20 12 12 25.999     2013 04 20 12 14 59.271     153.3
488
 2013 04 20 22 20  8.870     2013 04 20 22 22 54.729     165.9
489
490
 2013 04 20 10 44 37.943     2013 04 20 10 47 17.870     159.9
 2013 04 20 20 43 22.678     2013 04 20 20 46  7.986     165.3
491
 2013 04 20 13 56 39.585     2013 04 20 13 59 14.283     154.7
 2013 04 20 22 13  5.194     2013 04 20 22 16 50.118     224.9
492
 2013 04 20 10 45 22.886     2013 04 20 10 47  5.652     102.8
493
 2013 04 20 12 22 16.814     2013 04 20 12 25 21.990     185.2
 2013 04 20 20 37 58.525     2013 04 20 20 41 24.907     206.4
494
 2013 04 20 13 57  9.671     2013 04 20 14 00  5.995     176.3
 2013 04 20 22 12 44.698     2013 04 20 22 15 43.051     178.4
495
 2013 04 20 19 02  7.976     2013 04 20 19 05 28.952     201.0
496
 2013 04 20 10 42 35.953     2013 04 20 10 45 10.245     154.3
 2013 04 20 20 43 58.955     2013 04 20 20 47 37.774     218.8
497
 2013 04 20 10 47 28.642     2013 04 20 10 47 49.738      21.1
 2013 04 20 19 02 55.650     2013 04 20 19 06 25.303     209.7
498
 2013 04 20 12 27 38.953     2013 04 20 12 30 43.294     184.3
 2013 04 20 19 01 36.851     2013 04 20 19 04 41.585     184.7
499
500
501
502
 2013 04 20 14 00 41.034     2013 04 20 14 03 40.897     179.9
 2013 04 20 20 35 53.111     2013 04 20 20 38 50.911     177.8
503
 2013 04 20 12 22 58.384     2013 04 20 12 26 23.190     204.8
 2013 04 20 20 37 59.415     2013 04 20 20 40 36.419     157.0
504
 2013 04 20 15 35 47.171     2013 04 20 15 36 19.851      32.7
 2013 04 20 22 11 20.490     2013 04 20 22 14  2.658     162.2
505
 2013 04 20 10 53 16.154     2013 04 20 10 53 22.915       6.8
 2013 04 20 19 02 40.942     2013 04 20 19 05 38.904     178.0
506
 2013 04 20 12 21 22.389     2013 04 20 12 24 41.024     198.6
507
508
 2013 04 20 13 56 32.391     2013 04 20 13 59  8.254     155.9
 2013 04 20 22 16 10.022     2013 04 20 22 16 50.905      40.9
509
 2013 04 20 20 41  4.591     2013 04 20 20 44  2.398     177.8
510
 2013 04 20 14 02 34.173     2013 04 20 14 06 18.285     224.1
 2013 04 20 19 01 52.721     2013 04 20 19 02 21.900      29.2
511
 2013 04 20 20 47 43.588     2013 04 20 20 50 43.580     180.0
512
 2013 04 20 10 44 21.930     2013 04 20 10 47  3.773     161.8
 2013 04 20 20 43 30.793     2013 04 20 20 46  6.097     155.3
513
 2013 04 20 20 45 50.887     2013 04 20 20 49  7.839     197.0
514
 2013 04 20 12 18 39.716     2013 04 20 12 19  3.738      24.0
 2013 04 20 22 18 46.471     2013 04 20 22 18 54.482       8.0
515
 2013 04 20 13 58  3.406     2013 04 20 14 00 58.579     175.2
 2013 04 20 22 12 48.436     2013 04 20 22 15 22.872     154.4
516
 2013 04 20 10 41 27.743     2013 04 20 10 44 12.339     164.6
517
 2013 04 20 09 03 44.887     2013 04 20 09 06 19.492     154.6
 2013 04 20 20 50  9.174     2013 04 20 20 53 23.848     194.7
518
 2013 04 20 10 43  1.183     2013 04 20 10 44 16.505      75.3
 2013 04 20 20 45 27.151     2013 04 20 20 48  3.368     156.2
519
 2013 04 20 12 26  4.644     2013 04 20 12 28 46.020     161.4
 2013 04 20 19 00 17.089     2013 04 20 19 03 27.044     190.0
520
 2013 04 20 12 23  9.879     2013 04 20 12 23 24.622      14.7
 2013 04 20 20 40 11.703     2013 04 20 20 43 10.881     179.2
521
 2013 04 20 12 17 45.300     2013 04 20 12 21 18.724     213.4
 2013 04 20 22 17 24.479     2013 04 20 22 20 14.022     169.5
522
 2013 04 20 14 03 47.501     2013 04 20 14 06 54.491     187.0
 2013 04 20 18 59  2.109     2013 04 20 19 01 44.154     162.0
523
 2013 04 20 13 58 56.891     2013 04 20 14 00 35.868      99.0
524
 2013 04 20 00 17 43.892     2013 04 20 00 19 20.582      96.7
525
 2013 04 20 13 56  1.217     2013 04 20 13 59  7.854     186.6
 2013 04 20 22 17 42.180     2013 04 20 22 17 54.792      12.6
526
527
 2013 04 20 12 19 55.868     2013 04 20 12 23 10.932     195.1
 2013 04 20 22 16 20.631     2013 04 20 22 18 26.103     125.5
528
 2013 04 20 13 58  1.321     2013 04 20 14 00 36.439     155.1
 2013 04 20 22 13 25.148     2013 04 20 22 15 58.151     153.0
529
 2013 04 20 22 11 24.802     2013 04 20 22 11 39.223      14.4
530
 2013 04 20 12 19 29.155     2013 04 20 12 23 14.089     224.9
 2013 04 20 22 16 20.000     2013 04 20 22 19 36.189     196.2
531
 2013 04 20 13 55 39.915     2013 04 20 13 58 14.570     154.7
532
533
 2013 04 20 13 56 53.056     2013 04 20 14 00 19.463     206.4
 2013 04 20 22 14 33.796     2013 04 20 22 17 15.816     162.0
534
 2013 04 20 22 19 23.660     2013 04 20 22 23  3.793     220.1
535
 2013 04 20 00 19 49.819     2013 04 20 00 22 23.288     153.5
536
 2013 04 20 22 16 18.702     2013 04 20 22 19  2.541     163.8
537
 2013 04 20 13 58 44.763     2013 04 20 13 59 34.570      49.8
538
 2013 04 20 10 45 50.321     2013 04 20 10 46 49.524      59.2
539
 2013 04 20 12 21  2.925     2013 04 20 12 23 37.488     154.6
540
 2013 04 20 13 55 20.588     2013 04 20 13 55 29.205       8.6
 2013 04 20 22 18 23.530     2013 04 20 22 18 38.202      14.7
541
 2013 04 20 12 13 35.978     2013 04 20 12 16  9.657     153.7
542
 2013 04 20 20 41 13.715     2013 04 20 20 44 15.855     182.1
543
 2013 04 20 15 37  5.147     2013 04 20 15 39 50.243     165.1
 2013 04 20 20 31 27.411     2013 04 20 20 34 56.467     209.1
 2013 04 20 22 09  5.293     2013 04 20 22 12 52.863     227.6
544
 2013 04 20 12 17 17.248     2013 04 20 12 20 37.733     200.5
 2013 04 20 22 19 47.679     2013 04 20 22 22 21.319     153.6
545
 2013 04 20 22 19 42.956     2013 04 20 22 20 16.060      33.1
546
 2013 04 20 20 39 49.983     2013 04 20 20 40  3.387      13.4
547
548
 2013 04 20 13 54 56.172     2013 04 20 13 57 47.226     171.1
549
 2013 04 20 14 01   .881     2013 04 20 14 03 39.130     158.2
 2013 04 20 20 35 32.825     2013 04 20 20 38 18.669     165.8
550
 2013 04 20 13 54 59.653     2013 04 20 13 57 35.597     155.9
551
 2013 04 20 20 49 47.894     2013 04 20 20 50 21.328      33.4
552
 2013 04 20 10 50  3.159     2013 04 20 10 53 33.215     210.1
 2013 04 20 19 02 36.957     2013 04 20 19 06 22.387     225.4
553
 2013 04 20 13 59 40.445     2013 04 20 14 02 15.759     155.3
554
 2013 04 20 12 19 29.726     2013 04 20 12 22  6.572     156.8
 2013 04 20 22 17 35.373     2013 04 20 22 20 45.325     190.0
555
 2013 04 20 10 41 29.196     2013 04 20 10 44  2.814     153.6
556
557
 2013 04 20 12 22 56.105     2013 04 20 12 26  2.979     186.9
 2013 04 20 20 39 51.975     2013 04 20 20 42 25.256     153.3
558
 2013 04 20 10 46 18.861     2013 04 20 10 49 32.031     193.2
559
 2013 04 20 10 46 34.213     2013 04 20 10 47 18.882      44.7
 2013 04 20 19 09  4.370     2013 04 20 19 09 33.035      28.7
560
 2013 04 20 22 15  7.079     2013 04 20 22 17 39.635     152.6
561
 2013 04 20 22 21 13.859     2013 04 20 22 24 35.483     201.6
562
563
 2013 04 20 10 45 59.207     2013 04 20 10 48 56.460     177.3
564
565
 2013 04 20 13 57 38.820     2013 04 20 14 00 41.538     182.7
 2013 04 20 22 14 14.438     2013 04 20 22 16 47.153     152.7
566
567
 2013 04 20 15 35 41.288     2013 04 20 15 36   .821      19.5
 2013 04 20 22 11 23.370     2013 04 20 22 14  2.742     159.4
568
 2013 04 20 12 15 52.077     2013 04 20 12 18 32.368     160.3
569
 2013 04 20 20 51 16.419     2013 04 20 20 51 19.600       3.2
570
 2013 04 20 22 14 39.879     2013 04 20 22 18 18.017     218.1
571
 2013 04 20 10 37 22.062     2013 04 20 10 41  7.132     225.1
 2013 04 20 22 23 47.758     2013 04 20 22 26 17.809     150.1
572
 2013 04 20 14 03  5.698     2013 04 20 14 06  2.674     177.0
 2013 04 20 18 58 11.955     2013 04 20 19 01 36.876     204.9
573
 2013 04 20 10 42 46.113     2013 04 20 10 45 27.184     161.1
 2013 04 20 20 44 38.716     2013 04 20 20 47 43.111     184.4
574
575
 2013 04 20 12 26 17.460     2013 04 20 12 29 45.907     208.4
 2013 04 20 14 03 51.579     2013 04 20 14 04  3.762      12.2
 2013 04 20 18 59 56.133     2013 04 20 19 02 31.596     155.5
576
 2013 04 20 14 00 36.247     2013 04 20 14 03 12.313     156.1
 2013 04 20 20 34 57.930     2013 04 20 20 38  8.920     191.0
577
 2013 04 20 14 01 47.617     2013 04 20 14 04 43.947     176.3
 2013 04 20 20 34 46.987     2013 04 20 20 37 38.311     171.3
578
 2013 04 20 10 43  3.664     2013 04 20 10 43 14.981      11.3
 2013 04 20 20 45 27.063     2013 04 20 20 48 13.623     166.6
579
 2013 04 20 13 58 11.194     2013 04 20 14 00 46.429     155.2
 2013 04 20 22 13 29.440     2013 04 20 22 16  5.589     156.1
580
581
 2013 04 20 09 06 16.864     2013 04 20 09 07  9.627      52.8
 2013 04 20 20 48 58.377     2013 04 20 20 51 33.590     155.2
582
 2013 04 20 12 17 55.879     2013 04 20 12 20 33.298     157.4
 2013 04 20 22 18 24.296     2013 04 20 22 21  8.250     164.0
583
 2013 04 20 12 21 23.756     2013 04 20 12 24 40.899     197.1
584
 2013 04 20 14 02 23.279     2013 04 20 14 04 59.071     155.8
 2013 04 20 20 35 15.445     2013 04 20 20 38 30.396     195.0
585
 2013 04 20 22 15 44.326     2013 04 20 22 18 48.982     184.7
586
 2013 04 20 13 59 19.943     2013 04 20 14 02  7.999     168.1
587
 2013 04 20 15 37 39.736     2013 04 20 15 40 37.637     177.9
 2013 04 20 20 32 47.502     2013 04 20 20 36  4.476     197.0
588
 2013 04 20 00 21  8.341     2013 04 20 00 23 47.013     158.7
589
 2013 04 20 14 03 15.779     2013 04 20 14 05 51.697     155.9
 2013 04 20 18 57 49.377     2013 04 20 19 00 51.761     182.4
590
 2013 04 20 12 16 25.049     2013 04 20 12 19  8.077     163.0
591
 2013 04 20 12 27   .717     2013 04 20 12 29 36.423     155.7
 2013 04 20 19 00 59.349     2013 04 20 19 03 33.376     154.0
592
 2013 04 20 13 59 25.616     2013 04 20 14 02 21.951     176.3
593
 2013 04 20 00 20 34.147     2013 04 20 00 23 10.356     156.2
594
 2013 04 20 19 06 14.848     2013 04 20 19 06 52.851      38.0
595
 2013 04 20 12 26 57.173     2013 04 20 12 30  4.083     186.9
 2013 04 20 19 01 48.816     2013 04 20 19 04 23.139     154.3
596
 2013 04 20 22 22  4.359     2013 04 20 22 25 21.096     196.7
597
 2013 04 20 20 42  1.000     2013 04 20 20 44 52.318     171.3
598
 2013 04 20 12 14 46.609     2013 04 20 12 17 38.983     172.4
599
 2013 04 20 22 11 17.154     2013 04 20 22 14 40.784     203.6
600
 2013 04 20 13 59 44.843     2013 04 20 14 03  8.726     203.9
 2013 04 20 20 33 46.481     2013 04 20 20 37 27.124     220.6
601
602
 2013 04 20 09 06 17.673     2013 04 20 09 07 10.284      52.6
 2013 04 20 20 48 57.898     2013 04 20 20 51 33.396     155.5
603
 2013 04 20 10 43  4.174     2013 04 20 10 45 37.832     153.7
 2013 04 20 20 44 11.834     2013 04 20 20 47 12.904     181.1
604
605
 2013 04 20 12 16 57.316     2013 04 20 12 17 53.001      55.7
 2013 04 20 22 20 12.062     2013 04 20 22 22 43.104     151.0
606
 2013 04 20 12 27   .724     2013 04 20 12 27 21.522      20.8
 2013 04 20 19 02 23.484     2013 04 20 19 05 14.668     171.2
607
 2013 04 20 12 24 46.867     2013 04 20 12 28 34.043     227.2
 2013 04 20 19 02 47.805     2013 04 20 19 02 55.480       7.7
608
 2013 04 20 22 16 15.269     2013 04 20 22 18 47.485     152.2
609
 2013 04 20 22 20 40.387     2013 04 20 22 23 16.209     155.8
610
 2013 04 20 10 36 58.067     2013 04 20 10 40 39.420     221.4
 2013 04 20 22 24   .407     2013 04 20 22 26 34.952     154.5
611
 2013 04 20 13 57 20.993     2013 04 20 13 59 56.104     155.1
 2013 04 20 22 13 22.206     2013 04 20 22 16 13.261     171.1
612
 2013 04 20 14 02 27.848     2013 04 20 14 03  7.296      39.4
 2013 04 20 20 37 10.500     2013 04 20 20 37 15.233       4.7
613
 2013 04 20 10 41  8.114     2013 04 20 10 44 50.782     222.7
 2013 04 20 20 49  3.072     2013 04 20 20 49 28.018      24.9
614
 2013 04 20 12 23 55.298     2013 04 20 12 26 37.663     162.4
 2013 04 20 20 38 29.314     2013 04 20 20 41 11.916     162.6
615
 2013 04 20 00 19 38.135     2013 04 20 00 22 22.711     164.6
616
 2013 04 20 19 02 31.467     2013 04 20 19 05 10.718     159.3
617
618
 2013 04 20 13 59 18.729     2013 04 20 14 00 51.678      92.9
619
 2013 04 20 12 17 21.191     2013 04 20 12 20 15.874     174.7
 2013 04 20 22 17 54.342     2013 04 20 22 21 15.972     201.6
620
 2013 04 20 10 45 33.970     2013 04 20 10 48 13.333     159.4
 2013 04 20 20 42 28.665     2013 04 20 20 43 32.107      63.4
621
 2013 04 20 12 19 39.840     2013 04 20 12 22 26.219     166.4
 2013 04 20 22 17 47.092     2013 04 20 22 18 27.478      40.4
622
 2013 04 20 22 15 14.512     2013 04 20 22 17 49.754     155.2
623
 2013 04 20 00 24  3.121     2013 04 20 00 24 14.964      11.8
624
 2013 04 20 00 17 45.138     2013 04 20 00 19  4.119      79.0
625
 2013 04 20 12 17 15.349     2013 04 20 12 17 37.147      21.8
 2013 04 20 22 17  9.554     2013 04 20 22 20 27.198     197.6
626
 2013 04 20 12 27 27.679     2013 04 20 12 27 59.289      31.6
 2013 04 20 19 02  9.753     2013 04 20 19 05 32.104     202.4
627
 2013 04 20 22 23 20.795     2013 04 20 22 26 18.026     177.2
628
 2013 04 20 14 01 50.274     2013 04 20 14 04 29.182     158.9
 2013 04 20 20 35 42.890     2013 04 20 20 38 23.754     160.9
629
 2013 04 20 12 19 33.945     2013 04 20 12 22 42.960     189.0
 2013 04 20 22 16 50.074     2013 04 20 22 20  4.077     194.0
630
 2013 04 20 12 16 38.527     2013 04 20 12 19 57.254     198.7
631
 2013 04 20 10 44  3.953     2013 04 20 10 46 47.829     163.9
 2013 04 20 20 43 36.946     2013 04 20 20 46  8.075     151.1
632
 2013 04 20 20 47 32.994     2013 04 20 20 51  2.817     209.8
633
634
 2013 04 20 12 20 46.161     2013 04 20 12 23 22.644     156.5
635
 2013 04 20 14 00 51.516     2013 04 20 14 03 34.108     162.6
 2013 04 20 20 34 56.361     2013 04 20 20 37 44.661     168.3
636
 2013 04 20 10 38 51.228     2013 04 20 10 41 30.736     159.5
637
 2013 04 20 10 47 33.874     2013 04 20 10 50 16.161     162.3
 2013 04 20 19 04 34.375     2013 04 20 19 05 17.967      43.6
638
639
 2013 04 20 12 28 16.732     2013 04 20 12 30 52.971     156.2
 2013 04 20 17 22 45.476     2013 04 20 17 26 24.284     218.8
 2013 04 20 19 00 29.243     2013 04 20 19 02 33.492     124.2
640
 2013 04 20 22 22 17.000     2013 04 20 22 25 11.661     174.7
641
 2013 04 20 14 01 54.253     2013 04 20 14 05 10.259     196.0
 2013 04 20 20 36 17.414     2013 04 20 20 39 13.022     175.6
642
 2013 04 20 20 48 23.244     2013 04 20 20 50 55.790     152.5
643
 2013 04 20 13 54 58.481     2013 04 20 13 57 45.135     166.7
644
 2013 04 20 12 24 47.842     2013 04 20 12 28 17.427     209.6
645
 2013 04 20 22 15  5.252     2013 04 20 22 17 59.618     174.4
646
 2013 04 20 00 21 34.433     2013 04 20 00 24 24.955     170.5
 2013 04 20 12 12 18.269     2013 04 20 12 15 25.939     187.7
647
 2013 04 20 10 46 27.728     2013 04 20 10 49 31.433     183.7
648
649
 2013 04 20 10 43  6.511     2013 04 20 10 46 10.555     184.0
 2013 04 20 20 43 19.521     2013 04 20 20 46 24.520     185.0
650
 2013 04 20 12 26 32.522     2013 04 20 12 29 55.980     203.5
 2013 04 20 14 04  5.160     2013 04 20 14 04 22.840      17.7
 2013 04 20 19 00  1.578     2013 04 20 19 02 36.143     154.6
651
652
 2013 04 20 12 23 23.549     2013 04 20 12 26 19.098     175.5
 2013 04 20 20 39 37.407     2013 04 20 20 42 12.035     154.6
653
 2013 04 20 12 27 36.634     2013 04 20 12 30 30.656     174.0
 2013 04 20 17 21 53.022     2013 04 20 17 21 54.004       1.0
 2013 04 20 19 00 14.883     2013 04 20 19 03 23.419     188.5
654
 2013 04 20 20 40 18.866     2013 04 20 20 43 38.893     200.0
655
 2013 04 20 14 02 23.489     2013 04 20 14 05 17.386     173.9
 2013 04 20 15 39 44.502     2013 04 20 15 40  2.004      17.5
 2013 04 20 18 56 43.580     2013 04 20 19 00 18.238     214.7
 2013 04 20 20 34 32.222     2013 04 20 20 38  7.160     214.9
656
 2013 04 20 14 01 47.603     2013 04 20 14 02 45.193      57.6
 2013 04 20 20 36 39.963     2013 04 20 20 39 48.278     188.3
657
 2013 04 20 10 42 57.280     2013 04 20 10 45 39.456     162.2
 2013 04 20 20 43 43.768     2013 04 20 20 46 59.924     196.2
658
 2013 04 20 10 46 10.824     2013 04 20 10 49 11.844     181.0
659
 2013 04 20 22 16 26.545     2013 04 20 22 19  4.489     157.9
660
 2013 04 20 20 40 59.063     2013 04 20 20 44  9.267     190.2
661
662
663
 2013 04 20 22 21 35.033     2013 04 20 22 24 13.628     158.6
664
 2013 04 20 22 20 49.417     2013 04 20 22 23 58.914     189.5
665
 2013 04 20 14 00 27.195     2013 04 20 14 03  3.049     155.9
 2013 04 20 20 35   .500     2013 04 20 20 38 26.268     205.8
666
 2013 04 20 12 22 39.486     2013 04 20 12 25 21.961     162.5
 2013 04 20 20 38 30.851     2013 04 20 20 41 36.316     185.5
667
 2013 04 20 20 49 42.697     2013 04 20 20 50  1.827      19.1
668
669
 2013 04 20 13 59  7.146     2013 04 20 14 02 41.700     214.6
 2013 04 20 22 11 20.057     2013 04 20 22 11 47.321      27.3
670
 2013 04 20 09 04 19.975     2013 04 20 09 07 22.383     182.4
 2013 04 20 20 48 44.350     2013 04 20 20 52 17.082     212.7
671
672
 2013 04 20 15 37 54.159     2013 04 20 15 40 56.890     182.7
 2013 04 20 20 33  7.324     2013 04 20 20 36  7.343     180.0
673
 2013 04 20 10 46 42.908     2013 04 20 10 50  6.626     203.7
674
 2013 04 20 12 19 48.544     2013 04 20 12 20 57.616      69.1
 2013 04 20 22 17  3.558     2013 04 20 22 20 35.250     211.7
675
 2013 04 20 12 16 36.203     2013 04 20 12 19 13.028     156.8
676
 2013 04 20 12 22 59.002     2013 04 20 12 25 39.235     160.2
 2013 04 20 20 39 21.519     2013 04 20 20 42  1.989     160.5
677
 2013 04 20 13 56 32.446     2013 04 20 14 00  6.469     214.0
 2013 04 20 22 12  3.908     2013 04 20 22 15 32.681     208.8
678
 2013 04 20 10 44  3.418     2013 04 20 10 44 14.693      11.3
 2013 04 20 20 44 27.226     2013 04 20 20 44 57.679      30.5
679
 2013 04 20 10 40 22.174     2013 04 20 10 43 58.163     216.0
680
 2013 04 20 12 27 45.411     2013 04 20 12 30 23.232     157.8
 2013 04 20 19 01  4.652     2013 04 20 19 04  6.466     181.8
681
 2013 04 20 12 26 32.456     2013 04 20 12 30 18.840     226.4
 2013 04 20 19 02 15.324     2013 04 20 19 04 48.964     153.6
682
 2013 04 20 12 25 35.585     2013 04 20 12 28 10.992     155.4
 2013 04 20 19 03 44.815     2013 04 20 19 04  7.978      23.2
683
 2013 04 20 10 44 16.903     2013 04 20 10 47  4.912     168.0
 2013 04 20 20 44 15.622     2013 04 20 20 47  6.175     170.6
684
 2013 04 20 13 54 35.681     2013 04 20 13 57 15.936     160.3
685
 2013 04 20 19 05 49.496     2013 04 20 19 09 33.937     224.4
686
 2013 04 20 10 48 55.400     2013 04 20 10 51 47.761     172.4
 2013 04 20 19 05  7.063     2013 04 20 19 07 40.925     153.9
687
 2013 04 20 12 26 27.361     2013 04 20 12 29 41.403     194.0
 2013 04 20 19 01 48.027     2013 04 20 19 04 28.277     160.2
688
 2013 04 20 14 01  4.868     2013 04 20 14 03 43.529     158.7
 2013 04 20 20 35 35.850     2013 04 20 20 38 18.581     162.7
689
690
 2013 04 20 12 19 25.403     2013 04 20 12 22 33.671     188.3
 2013 04 20 22 18  3.890     2013 04 20 22 18 15.115      11.2
691
 2013 04 20 12 27 14.122     2013 04 20 12 30 11.109     177.0
 2013 04 20 19 01 39.262     2013 04 20 19 04 18.675     159.4
692
 2013 04 20 12 26 52.316     2013 04 20 12 30  2.807     190.5
 2013 04 20 19 01 51.476     2013 04 20 19 04 25.310     153.8
693
 2013 04 20 12 26 33.655     2013 04 20 12 27   .191      26.5
 2013 04 20 19 02 27.401     2013 04 20 19 05  1.679     154.3
694
 2013 04 20 12 21 34.980     2013 04 20 12 24 12.002     157.0
695
 2013 04 20 20 48 13.477     2013 04 20 20 51  3.533     170.1
696
 2013 04 20 13 59 57.653     2013 04 20 14 02 45.949     168.3
 2013 04 20 20 39  4.596     2013 04 20 20 39  9.051       4.5
697
 2013 04 20 22 21 18.740     2013 04 20 22 24 33.932     195.2
698
 2013 04 20 22 23 21.330     2013 04 20 22 26 36.358     195.0
699
 2013 04 20 10 38 58.638     2013 04 20 10 41 59.792     181.2
700
 2013 04 20 12 26 48.618     2013 04 20 12 30 12.778     204.2
 2013 04 20 19 02  1.649     2013 04 20 19 04 35.637     154.0
701
 2013 04 20 12 27 27.003     2013 04 20 12 30 25.293     178.3
 2013 04 20 19 00 13.913     2013 04 20 19 03 14.164     180.3
702
 2013 04 20 14 03 22.988     2013 04 20 14 06 15.644     172.7
 2013 04 20 18 58 25.514     2013 04 20 19 01 29.329     183.8
703
 2013 04 20 12 21 19.819     2013 04 20 12 24 13.968     174.1
704
 2013 04 20 22 19 47.707     2013 04 20 22 19 59.391      11.7
705
 2013 04 20 00 20 10.589     2013 04 20 00 23 46.178     215.6
 2013 04 20 12 15 58.435     2013 04 20 12 16 52.579      54.1
706
 2013 04 20 20 42 23.580     2013 04 20 20 45  2.060     158.5
707
 2013 04 20 12 28 56.109     2013 04 20 12 31 40.060     164.0
 2013 04 20 17 23 47.927     2013 04 20 17 26 49.589     181.7
708
709
 2013 04 20 10 45 28.404     2013 04 20 10 48 35.243     186.8
710
 2013 04 20 20 41 13.423     2013 04 20 20 43 59.668     166.2
711
712
 2013 04 20 14 00 26.857     2013 04 20 14 03 21.881     175.0
 2013 04 20 20 35 36.510     2013 04 20 20 38 54.539     198.0
713
 2013 04 20 00 18  2.505     2013 04 20 00 20 47.681     165.2
714
 2013 04 20 22 15  7.849     2013 04 20 22 15 44.548      36.7
715
 2013 04 20 12 24 29.664     2013 04 20 12 27 20.414     170.8
 2013 04 20 20 38 48.531     2013 04 20 20 42 28.576     220.0
716
717
 2013 04 20 12 26 56.200     2013 04 20 12 27 14.120      17.9
 2013 04 20 19 02 25.316     2013 04 20 19 05 12.692     167.4
718
 2013 04 20 14 01  5.165     2013 04 20 14 04 33.048     207.9
 2013 04 20 20 36 30.765     2013 04 20 20 39  4.856     154.1
719
 2013 04 20 20 47 21.743     2013 04 20 20 50 29.585     187.8
720
721
 2013 04 20 22 21 42.808     2013 04 20 22 22 12.372      29.6
722
723
 2013 04 20 10 42 16.696     2013 04 20 10 45 47.713     211.0
 2013 04 20 20 45 30.534     2013 04 20 20 48 18.874     168.3
724
725
 2013 04 20 10 41 15.319     2013 04 20 10 41 25.453      10.1
 2013 04 20 20 45 55.276     2013 04 20 20 49 14.819     199.5
726
 2013 04 20 14 01 54.498     2013 04 20 14 04 30.543     156.0
 2013 04 20 20 35 32.141     2013 04 20 20 38 15.836     163.7
727
 2013 04 20 12 14 44.273     2013 04 20 12 17 18.056     153.8
728
 2013 04 20 00 17 47.914     2013 04 20 00 20 59.069     191.2
729
 2013 04 20 12 14 15.675     2013 04 20 12 17 53.552     217.9
730
 2013 04 20 12 17 55.503     2013 04 20 12 21 32.379     216.9
 2013 04 20 22 19 33.677     2013 04 20 22 22 18.421     164.7
731
 2013 04 20 12 25 40.170     2013 04 20 12 28 15.586     155.4
 2013 04 20 19 00 11.155     2013 04 20 19 00 22.485      11.3
732
 2013 04 20 10 44 38.618     2013 04 20 10 47 37.553     178.9
 2013 04 20 20 43 57.196     2013 04 20 20 47 23.591     206.4
733
 2013 04 20 12 16  5.790     2013 04 20 12 19 20.702     194.9
734
 2013 04 20 10 38 22.762     2013 04 20 10 41 41.164     198.4
735
736
 2013 04 20 12 26 45.871     2013 04 20 12 29 21.807     155.9
 2013 04 20 19 00 53.250     2013 04 20 19 03 30.328     157.1
737
 2013 04 20 12 19 40.302     2013 04 20 12 22 21.943     161.6
 2013 04 20 22 17 16.281     2013 04 20 22 20 36.980     200.7
738
739
740
 2013 04 20 14 01 13.279     2013 04 20 14 04 24.193     190.9
 2013 04 20 20 36 18.741     2013 04 20 20 38 52.742     154.0
741
 2013 04 20 13 57 53.238     2013 04 20 14 00 36.043     162.8
 2013 04 20 22 13 52.273     2013 04 20 22 16 25.188     152.9
742
 2013 04 20 12 26 23.058     2013 04 20 12 29  6.187     163.1
 2013 04 20 19 01  9.128     2013 04 20 19 04  2.770     173.6
743
 2013 04 20 13 57 30.809     2013 04 20 14 00  5.797     155.0
 2013 04 20 22 13 33.113     2013 04 20 22 16 14.809     161.7
744
 2013 04 20 15 37  5.576     2013 04 20 15 40 24.944     199.4
 2013 04 20 20 36  8.765     2013 04 20 20 36 32.244      23.5
 2013 04 20 22 10 22.255     2013 04 20 22 10 58.100      35.8
745
 2013 04 20 14 00 56.865     2013 04 20 14 04  2.613     185.7
 2013 04 20 20 36  8.555     2013 04 20 20 38 50.042     161.5
746
 2013 04 20 14 01  4.142     2013 04 20 14 01  8.991       4.8
 2013 04 20 22 11 55.747     2013 04 20 22 14 39.549     163.8
747
 2013 04 20 20 44 50.720     2013 04 20 20 44 54.702       4.0
748
 2013 04 20 22 20  6.908     2013 04 20 22 23 19.868     193.0
749
 2013 04 20 10 48 43.134     2013 04 20 10 51 34.272     171.1
 2013 04 20 19 04   .337     2013 04 20 19 06 36.772     156.4
750
 2013 04 20 00 17 24.793     2013 04 20 00 20 16.666     171.9
 2013 04 20 13 52   .481     2013 04 20 13 52 58.049      57.6
751
 2013 04 20 10 48 54.454     2013 04 20 10 51 42.828     168.4
 2013 04 20 19 04  3.259     2013 04 20 19 06 36.541     153.3
752
753
 2013 04 20 20 37 11.124     2013 04 20 20 39 51.733     160.6
754
755
 2013 04 20 13 54   .668     2013 04 20 13 55 17.092      76.4
756
 2013 04 20 14 02 40.021     2013 04 20 14 05 47.018     187.0
 2013 04 20 19 01 25.198     2013 04 20 19 01 53.770      28.6
 2013 04 20 20 35 46.661     2013 04 20 20 36 42.928      56.3
757
 2013 04 20 13 57  9.304     2013 04 20 14 00 38.964     209.7
 2013 04 20 22 12 21.558     2013 04 20 22 15  8.649     167.1
758
 2013 04 20 12 21 15.661     2013 04 20 12 24 27.827     192.2
759
 2013 04 20 20 47 33.386     2013 04 20 20 50 37.498     184.1
760
 2013 04 20 22 20 32.390     2013 04 20 22 23  8.573     156.2
761
 2013 04 20 15 37 43.583     2013 04 20 15 40 20.169     156.6
 2013 04 20 20 32 21.751     2013 04 20 20 35 27.871     186.1
762
 2013 04 20 12 21  5.920     2013 04 20 12 24 29.668     203.7
763
 2013 04 20 13 58 35.512     2013 04 20 14 01 35.774     180.3
 2013 04 20 22 12 25.465     2013 04 20 22 15 24.267     178.8
764
 2013 04 20 20 40 56.769     2013 04 20 20 41   .564       3.8
765
 2013 04 20 20 41 43.653     2013 04 20 20 44 43.543     179.9
766
 2013 04 20 12 20  1.973     2013 04 20 12 22 51.151     169.2
 2013 04 20 22 16 42.591     2013 04 20 22 17 55.864      73.3
767
 2013 04 20 12 19 48.334     2013 04 20 12 22 22.466     154.1
 2013 04 20 22 17 27.288     2013 04 20 22 21  8.468     221.2
768
 2013 04 20 10 48 11.386     2013 04 20 10 51  5.644     174.3
 2013 04 20 19 05 10.080     2013 04 20 19 07 57.594     167.5
769
 2013 04 20 10 39 25.660     2013 04 20 10 42 18.681     173.0
770
 2013 04 20 10 38 27.478     2013 04 20 10 40 15.091     107.6
771
 2013 04 20 12 24 47.999     2013 04 20 12 28 18.722     210.7
772
 2013 04 20 12 16  2.592     2013 04 20 12 18 40.003     157.4
773
 2013 04 20 12 17 58.023     2013 04 20 12 18 28.429      30.4
774
 2013 04 20 10 43  2.067     2013 04 20 10 46  3.212     181.1
 2013 04 20 20 43 21.551     2013 04 20 20 46 31.929     190.4
775
 2013 04 20 12 23 51.398     2013 04 20 12 26 29.176     157.8
 2013 04 20 20 38 40.578     2013 04 20 20 41 20.073     159.5
776
 2013 04 20 14 01 39.350     2013 04 20 14 04 42.931     183.6
 2013 04 20 20 34 41.557     2013 04 20 20 37 29.507     168.0
777
 2013 04 20 12 24 16.272     2013 04 20 12 27 59.897     223.6
 2013 04 20 20 37  4.742     2013 04 20 20 40 35.639     210.9
778
 2013 04 20 13 59 51.787     2013 04 20 14 03 17.612     205.8
 2013 04 20 20 33 52.434     2013 04 20 20 37 20.552     208.1
779
780
 2013 04 20 12 25 57.434     2013 04 20 12 29 44.072     226.6
 2013 04 20 14 03 44.345     2013 04 20 14 05  2.915      78.6
 2013 04 20 18 59 41.321     2013 04 20 19 02 20.493     159.2
781
 2013 04 20 10 43  6.095     2013 04 20 10 46 36.200     210.1
 2013 04 20 20 45 18.278     2013 04 20 20 47 49.776     151.5
782
 2013 04 20 10 41 40.319     2013 04 20 10 44 46.691     186.4
783
 2013 04 20 12 28 14.852     2013 04 20 12 29 14.346      59.5
 2013 04 20 17 24 15.397     2013 04 20 17 27 59.225     223.8
784
 2013 04 20 22 14 13.280     2013 04 20 22 15 16.852      63.6
785
 2013 04 20 10 40 33.545     2013 04 20 10 43 26.249     172.7
786
 2013 04 20 22 11 28.423     2013 04 20 22 14  5.439     157.0
787
788
 2013 04 20 00 21 25.256     2013 04 20 00 23 55.112     149.9
 2013 04 20 12 14 41.619     2013 04 20 12 15 27.174      45.6
789
 2013 04 20 10 41 43.824     2013 04 20 10 44 23.041     159.2
790
 2013 04 20 00 16 20.383     2013 04 20 00 19 38.794     198.4
 2013 04 20 13 53  8.232     2013 04 20 13 56 12.340     184.1
791
 2013 04 20 13 57 20.837     2013 04 20 13 58  9.174      48.3
 2013 04 20 22 14 48.011     2013 04 20 22 17 27.233     159.2
792
 2013 04 20 10 47 43.688     2013 04 20 10 50 18.522     154.8
 2013 04 20 19 04 16.437     2013 04 20 19 07 59.428     223.0
793
 2013 04 20 22 20 58.569     2013 04 20 22 23 56.108     177.5
794
795
 2013 04 20 12 21 20.570     2013 04 20 12 23 55.014     154.4
796
 2013 04 20 22 16 16.735     2013 04 20 22 19 56.264     219.5
797
 2013 04 20 10 49 57.863     2013 04 20 10 52 40.383     162.5
 2013 04 20 19 03 40.042     2013 04 20 19 06 54.383     194.3
798
 2013 04 20 22 22 20.567     2013 04 20 22 25 49.551     209.0
799
 2013 04 20 20 47 24.247     2013 04 20 20 50 19.386     175.1
800
 2013 04 20 10 48 20.248     2013 04 20 10 51 59.774     219.5
 2013 04 20 19 03 21.023     2013 04 20 19 06   .475     159.5
801
 2013 04 20 10 41 13.943     2013 04 20 10 44 45.707     211.8
802
 2013 04 20 10 40 43.125     2013 04 20 10 43 19.406     156.3
803
804
 2013 04 20 10 42 12.473     2013 04 20 10 45 12.748     180.3
 2013 04 20 20 45   .509     2013 04 20 20 48 21.360     200.9
805
 2013 04 20 14 02 40.279     2013 04 20 14 05 16.550     156.3
 2013 04 20 18 57 13.216     2013 04 20 18 58  4.408      51.2
 2013 04 20 20 35 11.330     2013 04 20 20 38 50.428     219.1
806
 2013 04 20 12 24 47.606     2013 04 20 12 25  4.992      17.4
807
 2013 04 20 12 20  1.029     2013 04 20 12 23 21.710     200.7
 2013 04 20 22 16  9.124     2013 04 20 22 17  5.405      56.3
808
 2013 04 20 20 47 47.965     2013 04 20 20 50 18.115     150.1
809
810
 2013 04 20 12 20 48.623     2013 04 20 12 23 35.055     166.4
811
 2013 04 20 22 26  2.479     2013 04 20 22 26 48.434      46.0
812
 2013 04 20 14 00 40.809     2013 04 20 14 03 25.059     164.2
 2013 04 20 20 35 31.905     2013 04 20 20 38 36.686     184.8
813
 2013 04 20 13 53 39.091     2013 04 20 13 56 58.398     199.3
814
 2013 04 20 10 38 21.424     2013 04 20 10 41 58.552     217.1
815
816
817
 2013 04 20 10 44 56.826     2013 04 20 10 45 13.149      16.3
818
 2013 04 20 20 46 57.389     2013 04 20 20 50 34.771     217.4
819
 2013 04 20 12 26  3.999     2013 04 20 12 29 46.680     222.7
 2013 04 20 19 02  1.632     2013 04 20 19 04 50.578     168.9
820
 2013 04 20 10 42 59.426     2013 04 20 10 45 34.468     155.0
 2013 04 20 20 44  1.162     2013 04 20 20 47 11.028     189.9
821
 2013 04 20 12 28 11.325     2013 04 20 12 28 57.215      45.9
 2013 04 20 17 24 13.428     2013 04 20 17 28  1.740     228.3
822
 2013 04 20 12 25 28.788     2013 04 20 12 28  5.448     156.7
823
 2013 04 20 13 58 19.303     2013 04 20 14 01  3.974     164.7
 2013 04 20 22 12 55.521     2013 04 20 22 15 35.836     160.3
824
 2013 04 20 13 59 54.007     2013 04 20 14 02 33.867     159.9
825
 2013 04 20 12 14 22.720     2013 04 20 12 17 54.644     211.9
826
 2013 04 20 20 41 12.866     2013 04 20 20 43 50.832     158.0
827
 2013 04 20 10 46 28.944     2013 04 20 10 50 12.007     223.1
828
 2013 04 20 10 43 34.281     2013 04 20 10 47 13.444     219.2
 2013 04 20 20 45   .425     2013 04 20 20 47 52.270     171.8
829
 2013 04 20 12 19 11.553     2013 04 20 12 21 45.556     154.0
 2013 04 20 22 18  2.312     2013 04 20 22 20 57.363     175.1
830
 2013 04 20 22 14 44.479     2013 04 20 22 17 45.034     180.6
831
 2013 04 20 20 48 24.380     2013 04 20 20 51 31.811     187.4
832
 2013 04 20 12 22 56.018     2013 04 20 12 25 45.640     169.6
 2013 04 20 20 38 27.689     2013 04 20 20 41 14.160     166.5
833
 2013 04 20 10 39 39.684     2013 04 20 10 42 23.022     163.3
834
 2013 04 20 12 26 24.388     2013 04 20 12 29 52.340     208.0
 2013 04 20 14 03 59.579     2013 04 20 14 04 23.904      24.3
 2013 04 20 18 59 57.835     2013 04 20 19 02 32.261     154.4
835
 2013 04 20 14 02 29.740     2013 04 20 14 05 12.772     163.0
 2013 04 20 18 56 51.243     2013 04 20 19 00 34.532     223.3
 2013 04 20 20 34 46.237     2013 04 20 20 38 19.745     213.5
836
 2013 04 20 12 27 11.677     2013 04 20 12 27 32.208      20.5
 2013 04 20 20 37 21.548     2013 04 20 20 40  5.047     163.5
837
 2013 04 20 10 41 43.824     2013 04 20 10 45  4.091     200.3
838
 2013 04 20 20 36 48.322     2013 04 20 20 39 42.705     174.4
839
 2013 04 20 10 50 22.236     2013 04 20 10 53 27.677     185.4
 2013 04 20 19 02 45.898     2013 04 20 19 03 11.340      25.4
840
 2013 04 20 14 00 54.523     2013 04 20 14 04 32.959     218.4
 2013 04 20 20 36 36.089     2013 04 20 20 39 11.736     155.6
841
 2013 04 20 12 27 47.430     2013 04 20 12 30 32.628     165.2
 2013 04 20 17 22  5.735     2013 04 20 17 22 12.977       7.2
 2013 04 20 19 00 22.655     2013 04 20 19 03 37.711     195.1
842
 2013 04 20 12 20 45.857     2013 04 20 12 24 33.097     227.2
843
 2013 04 20 22 21 37.062     2013 04 20 22 24  8.865     151.8
844
 2013 04 20 20 41  6.789     2013 04 20 20 41 58.970      52.2
845
 2013 04 20 20 41 10.625     2013 04 20 20 44  7.445     176.8
846
 2013 04 20 14 01 29.622     2013 04 20 14 04 53.853     204.2
 2013 04 20 15 39  9.292     2013 04 20 15 42 57.744     228.5
 2013 04 20 20 34 24.764     2013 04 20 20 37 15.216     170.5
847
 2013 04 20 12 17 46.230     2013 04 20 12 20 47.159     180.9
 2013 04 20 22 17 51.754     2013 04 20 22 20 45.024     173.3
848
 2013 04 20 12 20 38.560     2013 04 20 12 23 24.186     165.6
849
850
851
 2013 04 20 00 18 30.998     2013 04 20 00 21  3.167     152.2
852
853
 2013 04 20 12 17 16.543     2013 04 20 12 19 55.732     159.2
 2013 04 20 22 19  3.108     2013 04 20 22 22  7.353     184.2
854
 2013 04 20 12 27 40.066     2013 04 20 12 31  9.942     209.9
 2013 04 20 19 01 49.902     2013 04 20 19 05  9.604     199.7
855
856
 2013 04 20 15 37 52.973     2013 04 20 15 40 40.720     167.7
 2013 04 20 20 32 49.580     2013 04 20 20 35 50.934     181.4
857
858
 2013 04 20 12 18 22.129     2013 04 20 12 20 57.626     155.5
 2013 04 20 22 18 45.437     2013 04 20 22 21 16.517     151.1
859
860
 2013 04 20 00 22 29.880     2013 04 20 00 23 37.840      68.0
861
 2013 04 20 20 41 23.555     2013 04 20 20 44 58.064     214.5
862
 2013 04 20 13 59 56.222     2013 04 20 14 02 40.538     164.3
 2013 04 20 20 37 48.085     2013 04 20 20 38 12.403      24.3
863
 2013 04 20 10 41 16.632     2013 04 20 10 44 34.953     198.3
864
 2013 04 20 22 11 20.790     2013 04 20 22 14 35.837     195.0
865
 2013 04 20 20 41 48.160     2013 04 20 20 44 26.079     157.9
866
 2013 04 20 20 37 12.826     2013 04 20 20 39 46.684     153.9
867
 2013 04 20 15 38 11.536     2013 04 20 15 41 44.290     212.8
 2013 04 20 20 33 50.243     2013 04 20 20 36 32.325     162.1
868
 2013 04 20 12 24 40.832     2013 04 20 12 28 25.478     224.6
869
 2013 04 20 00 20 10.374     2013 04 20 00 22 52.414     162.0
870
 2013 04 20 13 57  8.960     2013 04 20 13 59 49.323     160.4
 2013 04 20 22 13  2.732     2013 04 20 22 16  6.891     184.2
871
 2013 04 20 00 20 12.645     2013 04 20 00 20 50.166      37.5
872
 2013 04 20 13 59 50.893     2013 04 20 14 02 26.232     155.3
873
874
 2013 04 20 12 30  7.614     2013 04 20 12 30 14.743       7.1
 2013 04 20 14 04 12.883     2013 04 20 14 07 36.706     203.8
 2013 04 20 18 59 32.139     2013 04 20 19 02  6.805     154.7
875
 2013 04 20 12 15 11.264     2013 04 20 12 17 44.567     153.3
876
 2013 04 20 00 15 51.533     2013 04 20 00 19 22.988     211.5
 2013 04 20 13 53 34.025     2013 04 20 13 56 21.655     167.6
877
 2013 04 20 10 50 12.568     2013 04 20 10 51 10.476      57.9
 2013 04 20 19 02 44.805     2013 04 20 19 03  9.846      25.0
878
 2013 04 20 15 37 11.194     2013 04 20 15 40 13.397     182.2
 2013 04 20 20 32 18.868     2013 04 20 20 32 36.631      17.8
 2013 04 20 22 10  9.548     2013 04 20 22 10 54.465      44.9
879
 2013 04 20 22 15 19.269     2013 04 20 22 17 57.560     158.3
880
 2013 04 20 15 38  2.436     2013 04 20 15 41 34.524     212.1
 2013 04 20 20 33 42.336     2013 04 20 20 36 30.932     168.6
881
882
 2013 04 20 10 48 22.774     2013 04 20 10 52 10.657     227.9
 2013 04 20 19 03 16.086     2013 04 20 19 05 52.611     156.5
883
 2013 04 20 13 59 28.865     2013 04 20 14 02  4.172     155.3
 2013 04 20 22 12 23.932     2013 04 20 22 12 29.396       5.5
884
 2013 04 20 12 20 16.763     2013 04 20 12 23  5.290     168.5
885
 2013 04 20 13 59 22.912     2013 04 20 14 02 49.946     207.0
886
 2013 04 20 14 01 23.335     2013 04 20 14 04  5.030     161.7
 2013 04 20 20 35  8.974     2013 04 20 20 37 43.137     154.2
887
 2013 04 20 12 15 30.861     2013 04 20 12 18  4.646     153.8
888
 2013 04 20 20 45 12.892     2013 04 20 20 48 29.648     196.8
889
 2013 04 20 20 48 29.742     2013 04 20 20 51 40.985     191.2
890
 2013 04 20 10 42 21.228     2013 04 20 10 45 55.167     213.9
 2013 04 20 20 46  9.143     2013 04 20 20 46 42.512      33.4
891
 2013 04 20 22 15  8.002     2013 04 20 22 18 20.154     192.2
892
 2013 04 20 12 25 29.479     2013 04 20 12 28  5.146     155.7
893
 2013 04 20 10 42 59.717     2013 04 20 10 43 27.237      27.5
 2013 04 20 20 42 44.124     2013 04 20 20 45 47.726     183.6
894
 2013 04 20 12 19 10.613     2013 04 20 12 22 49.872     219.3
 2013 04 20 22 16 42.759     2013 04 20 22 19 37.505     174.7
895
896
 2013 04 20 20 52  4.651     2013 04 20 20 52 17.329      12.7
897
 2013 04 20 12 17 51.108     2013 04 20 12 18 38.643      47.5
898
899
 2013 04 20 10 50 34.692     2013 04 20 10 50 42.592       7.9
900
901
902
 2013 04 20 10 41 23.139     2013 04 20 10 44 27.859     184.7
903
 2013 04 20 15 37 53.956     2013 04 20 15 40 29.911     156.0
 2013 04 20 20 32 28.175     2013 04 20 20 35 21.474     173.3
904
 2013 04 20 12 15  8.060     2013 04 20 12 18 14.595     186.5
905
 2013 04 20 13 59 33.701     2013 04 20 14 02 28.063     174.4
906
 2013 04 20 15 36 14.897     2013 04 20 15 39 18.530     183.6
 2013 04 20 22 10 39.503     2013 04 20 22 13 23.935     164.4
907
 2013 04 20 00 19 23.261     2013 04 20 00 23  2.810     219.5
908
 2013 04 20 10 44 46.197     2013 04 20 10 47 22.657     156.5
 2013 04 20 20 43 41.173     2013 04 20 20 46 46.936     185.8
909
910
 2013 04 20 20 41 30.061     2013 04 20 20 44  3.385     153.3
911
 2013 04 20 12 14 44.460     2013 04 20 12 18  1.335     196.9
912
 2013 04 20 12 24 16.957     2013 04 20 12 26 57.281     160.3
 2013 04 20 20 38 52.079     2013 04 20 20 42  3.103     191.0
913
 2013 04 20 22 20 56.680     2013 04 20 22 24 16.997     200.3
914
 2013 04 20 15 37 13.225     2013 04 20 15 39 56.596     163.4
 2013 04 20 20 31 36.796     2013 04 20 20 34 57.949     201.2
 2013 04 20 22 09  3.057     2013 04 20 22 09 41.051      38.0
915
 2013 04 20 10 46 21.090     2013 04 20 10 46 52.624      31.5
 2013 04 20 20 42 33.152     2013 04 20 20 45 44.807     191.7
916
 2013 04 20 20 47  8.007     2013 04 20 20 49 38.368     150.4
917
 2013 04 20 20 47  6.382     2013 04 20 20 47 27.121      20.7
918
 2013 04 20 12 25  5.579     2013 04 20 12 27 58.652     173.1
919
 2013 04 20 10 49 43.337     2013 04 20 10 53  1.145     197.8
 2013 04 20 19 03  7.488     2013 04 20 19 06 18.054     190.6
920
 2013 04 20 14 00 43.560     2013 04 20 14 03 24.064     160.5
 2013 04 20 20 34 53.992     2013 04 20 20 37 51.647     177.7
921
 2013 04 20 13 55 10.420     2013 04 20 13 57 50.777     160.4
922
 2013 04 20 10 46 40.232     2013 04 20 10 47 25.518      45.3
 2013 04 20 20 42 37.508     2013 04 20 20 45 16.819     159.3
923
 2013 04 20 15 36  5.362     2013 04 20 15 38 51.308     165.9
 2013 04 20 22 10 23.742     2013 04 20 22 12 59.359     155.6
924
 2013 04 20 00 18 53.857     2013 04 20 00 21 29.368     155.5
925
 2013 04 20 10 42 49.742     2013 04 20 10 46  6.486     196.7
 2013 04 20 20 45 17.241     2013 04 20 20 47 51.993     154.8
926
 2013 04 20 10 45 25.579     2013 04 20 10 48  9.975     164.4
927
 2013 04 20 14 03 13.011     2013 04 20 14 03 17.308       4.3
 2013 04 20 15 36 58.624     2013 04 20 15 37 11.538      12.9
 2013 04 20 20 33  6.116     2013 04 20 20 33 11.627       5.5
928
 2013 04 20 22 22 38.487     2013 04 20 22 25 33.131     174.6
929
 2013 04 20 00 20 38.044     2013 04 20 00 23  9.579     151.5
930
 2013 04 20 20 37  6.644     2013 04 20 20 39 40.380     153.7
931
 2013 04 20 12 25 39.683     2013 04 20 12 28 15.113     155.4
 2013 04 20 19 00 11.083     2013 04 20 19 00 17.532       6.4
932
 2013 04 20 13 59  5.341     2013 04 20 14 02 39.360     214.0
933
 2013 04 20 20 40 32.990     2013 04 20 20 43  8.952     156.0
934
 2013 04 20 10 49 14.371     2013 04 20 10 51 49.430     155.1
 2013 04 20 19 04 32.616     2013 04 20 19 07  8.195     155.6
935
 2013 04 20 10 49  1.183     2013 04 20 10 51 45.345     164.2
 2013 04 20 19 04 57.087     2013 04 20 19 07 30.976     153.9
936
 2013 04 20 09 09  9.621     2013 04 20 09 09 20.282      10.7
937
 2013 04 20 00 21 54.138     2013 04 20 00 24 25.147     151.0
 2013 04 20 12 11 42.335     2013 04 20 12 14 58.238     195.9
938
 2013 04 20 22 21 29.347     2013 04 20 22 24 53.855     204.5
939
 2013 04 20 10 50  6.368     2013 04 20 10 53 19.645     193.3
 2013 04 20 19 02 52.201     2013 04 20 19 06 32.920     220.7
940
941
 2013 04 20 22 11 31.646     2013 04 20 22 14 16.870     165.2
942
 2013 04 20 10 52 33.959     2013 04 20 10 53 25.436      51.5
 2013 04 20 19 02 40.812     2013 04 20 19 05 50.406     189.6
943
 2013 04 20 10 49 24.179     2013 04 20 10 52 15.894     171.7
 2013 04 20 19 03 49.633     2013 04 20 19 06 31.806     162.2
944
945
 2013 04 20 12 15 39.637     2013 04 20 12 18 42.379     182.7
946
 2013 04 20 13 58 37.833     2013 04 20 13 58 57.179      19.3
947
 2013 04 20 13 57 13.805     2013 04 20 13 59 55.200     161.4
 2013 04 20 22 13  2.954     2013 04 20 22 16  1.345     178.4
948
 2013 04 20 14 02 21.974     2013 04 20 14 05 11.877     169.9
 2013 04 20 20 35 45.845     2013 04 20 20 39  3.085     197.2
949
 2013 04 20 10 41 33.903     2013 04 20 10 44 36.355     182.5
950
 2013 04 20 14 01 32.849     2013 04 20 14 04 23.995     171.1
 2013 04 20 20 36  2.065     2013 04 20 20 38 36.856     154.8
951
 2013 04 20 20 42 11.480     2013 04 20 20 44 56.418     164.9
952
953
 2013 04 20 10 44 48.719     2013 04 20 10 48 17.054     208.3
 2013 04 20 20 42 19.581     2013 04 20 20 45 18.012     178.4
954
 2013 04 20 12 21 36.297     2013 04 20 12 24 48.434     192.1
955
 2013 04 20 10 37 49.071     2013 04 20 10 40 50.542     181.5
 2013 04 20 22 24 10.137     2013 04 20 22 26 47.292     157.2
956
 2013 04 20 10 46 40.928     2013 04 20 10 50  4.929     204.0
957
958
 2013 04 20 10 37 28.864     2013 04 20 10 40 29.769     180.9
 2013 04 20 22 24 24.100     2013 04 20 22 26 54.471     150.4
959
 2013 04 20 14 03  8.906     2013 04 20 14 05 53.624     164.7
 2013 04 20 18 58  1.126     2013 04 20 19 01 20.914     199.8
960
 2013 04 20 10 46 37.084     2013 04 20 10 50 24.470     227.4
 2013 04 20 19 09 28.710     2013 04 20 19 09 30.417       1.7
961
 2013 04 20 20 44 32.799     2013 04 20 20 45 36.754      64.0
962
 2013 04 20 12 27  7.105     2013 04 20 12 29 52.891     165.8
 2013 04 20 19 00 35.271     2013 04 20 19 03 12.805     157.5
963
 2013 04 20 12 20 12.923     2013 04 20 12 23 40.290     207.4
964
 2013 04 20 10 46 16.787     2013 04 20 10 48 55.804     159.0
965
 2013 04 20 22 22 10.216     2013 04 20 22 25  6.250     176.0
966
 2013 04 20 22 15  7.660     2013 04 20 22 18 39.983     212.3
967
 2013 04 20 13 56 19.549     2013 04 20 13 59  7.380     167.8
 2013 04 20 22 16 46.351     2013 04 20 22 17 30.703      44.4
968
 2013 04 20 20 39 56.287     2013 04 20 20 41  4.843      68.6
969
 2013 04 20 22 20 40.650     2013 04 20 22 23 15.236     154.6
970
 2013 04 20 20 41 29.815     2013 04 20 20 44 30.924     181.1
971
 2013 04 20 13 58 31.889     2013 04 20 14 02 18.122     226.2
 2013 04 20 22 13 50.712     2013 04 20 22 14 39.167      48.5
972
 2013 04 20 14 04 37.526     2013 04 20 14 07 49.045     191.5
 2013 04 20 18 59 28.540     2013 04 20 19 02 11.699     163.2
973
 2013 04 20 19 05 44.093     2013 04 20 19 05 52.253       8.2
974
 2013 04 20 12 19 12.081     2013 04 20 12 21 51.194     159.1
 2013 04 20 22 17 47.004     2013 04 20 22 20 37.720     170.7
975
 2013 04 20 12 26 38.179     2013 04 20 12 29 53.370     195.2
 2013 04 20 19 01 52.884     2013 04 20 19 04 27.962     155.1
976
 2013 04 20 10 48 10.869     2013 04 20 10 50 48.709     157.8
 2013 04 20 19 04 10.953     2013 04 20 19 07 18.172     187.2
977
 2013 04 20 12 23 54.845     2013 04 20 12 27 17.109     202.3
 2013 04 20 20 37 43.059     2013 04 20 20 40 36.891     173.8
978
 2013 04 20 10 42 29.043     2013 04 20 10 45  2.907     153.9
 2013 04 20 20 43 59.773     2013 04 20 20 43 59.145       -.6
979
980
 2013 04 20 12 20 17.886     2013 04 20 12 20 32.332      14.4
981
 2013 04 20 12 14  3.826     2013 04 20 12 14 25.416      21.6
982
 2013 04 20 12 25  6.149     2013 04 20 12 28 55.490     229.3
 2013 04 20 18 59  6.049     2013 04 20 19 02 39.765     213.7
983
 2013 04 20 00 20 55.102     2013 04 20 00 23 34.103     159.0
984
 2013 04 20 00 19 10.408     2013 04 20 00 21 44.924     154.5
985
 2013 04 20 10 49 27.952     2013 04 20 10 52  6.963     159.0
 2013 04 20 19 04  7.470     2013 04 20 19 06 49.982     162.5
986
 2013 04 20 12 12 53.424     2013 04 20 12 16 34.346     220.9
987
 2013 04 20 12 14 35.926     2013 04 20 12 15   .510      24.6
988
 2013 04 20 20 40 45.766     2013 04 20 20 43 43.677     177.9
989
 2013 04 20 12 21 55.639     2013 04 20 12 25 34.126     218.5
 2013 04 20 20 37 28.896     2013 04 20 20 41  8.382     219.5
990
 2013 04 20 13 59 36.402     2013 04 20 14 03  3.920     207.5
 2013 04 20 20 33 38.036     2013 04 20 20 34 36.647      58.6
991
 2013 04 20 13 53 48.504     2013 04 20 13 54 14.160      25.7
992
 2013 04 20 00 18 39.975     2013 04 20 00 19 44.209      64.2
993
 2013 04 20 22 15 11.359     2013 04 20 22 18 49.460     218.1
994
 2013 04 20 13 57 36.252     2013 04 20 14 00 44.861     188.6
 2013 04 20 22 12 39.828     2013 04 20 22 15 15.137     155.3
995
 2013 04 20 20 40 39.714     2013 04 20 20 41 30.487      50.8
996
 2013 04 20 22 20 12.656     2013 04 20 22 23 18.085     185.4
997
 2013 04 20 14 00 28.354     2013 04 20 14 04 16.645     228.3
 2013 04 20 20 36 32.222     2013 04 20 20 39 22.333     170.1
998
 2013 04 20 09 03 23.352     2013 04 20 09 06 19.048     175.7
 2013 04 20 20 49 46.643     2013 04 20 20 52 25.162     158.5
999
 2013 04 20 10 44 14.919     2013 04 20 10 48  1.719     226.8
 2013 04 20 20 42 29.334     2013 04 20 20 45  5.381     156.0
