s2
0
 2013 04 20 13 53 45.906     2013 04 20 13 56 36.601     170.7
 2013 04 20 20 28 14.143     2013 04 20 20 31  8.002     173.9
1
2
 2013 04 20 13 56 22.676     2013 04 20 14 00  3.051     220.4
 2013 04 20 18 52 29.792     2013 04 20 18 55 32.801     183.0
3
4
 2013 04 20 13 49 18.182     2013 04 20 13 51 57.051     158.9
5
 2013 04 20 22 14 25.581     2013 04 20 22 17 28.137     182.6
6
 2013 04 20 10 31 26.728     2013 04 20 10 34 31.257     184.5
 2013 04 20 22 16 58.442     2013 04 20 22 20 24.711     206.3
7
 2013 04 20 22 05 24.520     2013 04 20 22 08  4.721     160.2
8
 2013 04 20 10 30 47.629     2013 04 20 10 33 50.260     182.6
 2013 04 20 22 17 38.778     2013 04 20 22 20 27.018     168.2
9
 2013 04 20 13 50 34.511     2013 04 20 13 53 25.379     170.9
 2013 04 20 22 07 39.612     2013 04 20 22 10 17.220     157.6
10
 2013 04 20 22 13  4.273     2013 04 20 22 16 50.715     226.4
11
 2013 04 20 12 19 25.991     2013 04 20 12 20  1.887      35.9
 2013 04 20 20 31  1.858     2013 04 20 20 33 38.926     157.1
12
 2013 04 20 12 19 26.613     2013 04 20 12 23 18.353     231.7
 2013 04 20 13 57 29.815     2013 04 20 14 01  3.719     213.9
 2013 04 20 18 53  5.231     2013 04 20 18 55 48.027     162.8
13
 2013 04 20 12 10 47.538     2013 04 20 12 14  8.509     201.0
 2013 04 20 22 13  9.534     2013 04 20 22 15 49.057     159.5
14
 2013 04 20 15 30 49.521     2013 04 20 15 34  5.813     196.3
 2013 04 20 20 26 34.433     2013 04 20 20 29 50.183     195.7
15
16
 2013 04 20 13 56 51.137     2013 04 20 13 59 35.643     164.5
 2013 04 20 18 51 57.519     2013 04 20 18 54 41.478     164.0
17
 2013 04 20 22 09 20.529     2013 04 20 22 12 18.334     177.8
18
 2013 04 20 10 34 25.046     2013 04 20 10 37 12.924     167.9
19
 2013 04 20 12 10 37.065     2013 04 20 12 13 29.298     172.2
 2013 04 20 22 12 58.150     2013 04 20 22 15 35.559     157.4
20
21
 2013 04 20 10 33 24.411     2013 04 20 10 36 33.409     189.0
22
23
 2013 04 20 12 11 33.504     2013 04 20 12 15 10.683     217.2
 2013 04 20 22 12 29.543     2013 04 20 22 16  6.000     216.5
24
 2013 04 20 00 16 13.320     2013 04 20 00 16 30.015      16.7
25
 2013 04 20 00 10 38.659     2013 04 20 00 13 46.271     187.6
26
 2013 04 20 20 34  4.060     2013 04 20 20 35 59.156     115.1
27
 2013 04 20 20 30 34.832     2013 04 20 20 33 12.112     157.3
28
 2013 04 20 12 17 35.785     2013 04 20 12 20 59.601     203.8
 2013 04 20 20 30 32.324     2013 04 20 20 31 32.721      60.4
29
30
 2013 04 20 10 42 33.793     2013 04 20 10 43 35.611      61.8
 2013 04 20 18 55 55.210     2013 04 20 18 59 28.771     213.6
31
 2013 04 20 12 08 13.810     2013 04 20 12 11 33.353     199.5
32
 2013 04 20 20 41 57.013     2013 04 20 20 45 10.549     193.5
33
34
 2013 04 20 13 55 27.646     2013 04 20 13 55 56.370      28.7
 2013 04 20 18 55 42.485     2013 04 20 18 56  1.898      19.4
 2013 04 20 20 29 46.756     2013 04 20 20 29 49.105       2.3
35
 2013 04 20 12 10 30.968     2013 04 20 12 13 40.901     189.9
 2013 04 20 22 11 20.139     2013 04 20 22 14 25.130     185.0
36
 2013 04 20 20 34 21.420     2013 04 20 20 38 11.489     230.1
37
 2013 04 20 12 15 57.409     2013 04 20 12 19  8.764     191.4
 2013 04 20 20 33 23.254     2013 04 20 20 35 59.496     156.2
38
 2013 04 20 13 47 17.844     2013 04 20 13 50 19.067     181.2
39
 2013 04 20 15 30 12.890     2013 04 20 15 32 51.218     158.3
 2013 04 20 20 24 58.832     2013 04 20 20 28 49.165     230.3
 2013 04 20 22 03  1.099     2013 04 20 22 06 41.603     220.5
40
41
 2013 04 20 12 08 26.083     2013 04 20 12 11 40.087     194.0
42
 2013 04 20 12 17 51.493     2013 04 20 12 20 57.424     185.9
 2013 04 20 20 30 37.159     2013 04 20 20 30 41.179       4.0
43
 2013 04 20 10 37 21.732     2013 04 20 10 37 27.319       5.6
44
45
 2013 04 20 22 05 21.085     2013 04 20 22 07 58.132     157.0
46
 2013 04 20 12 10 37.573     2013 04 20 12 12   .894      83.3
 2013 04 20 22 13 22.001     2013 04 20 22 16 10.908     168.9
47
 2013 04 20 20 35 37.568     2013 04 20 20 39 19.362     221.8
48
49
 2013 04 20 12 18 43.739     2013 04 20 12 21 21.875     158.1
 2013 04 20 18 53 50.281     2013 04 20 18 57 35.644     225.4
50
 2013 04 20 10 35 19.237     2013 04 20 10 38 15.074     175.8
 2013 04 20 20 39 25.666     2013 04 20 20 40 45.307      79.6
51
 2013 04 20 20 34 16.262     2013 04 20 20 37  2.104     165.8
52
 2013 04 20 22 15 28.203     2013 04 20 22 18  8.822     160.6
53
 2013 04 20 12 11 29.913     2013 04 20 12 12  7.699      37.8
 2013 04 20 22 12 29.304     2013 04 20 22 13 22.456      53.2
54
 2013 04 20 12 14 20.870     2013 04 20 12 17  3.437     162.6
55
 2013 04 20 13 46  4.292     2013 04 20 13 46 32.210      27.9
56
57
 2013 04 20 12 14 29.136     2013 04 20 12 17 12.448     163.3
58
 2013 04 20 12 19 29.567     2013 04 20 12 19 49.321      19.8
 2013 04 20 20 31   .772     2013 04 20 20 33 39.895     159.1
59
 2013 04 20 13 54 31.010     2013 04 20 13 57 10.944     159.9
 2013 04 20 20 28 43.780     2013 04 20 20 31 21.626     157.8
60
 2013 04 20 12 10 38.675     2013 04 20 12 13 24.879     166.2
 2013 04 20 22 12 51.433     2013 04 20 22 15 30.666     159.2
61
 2013 04 20 13 54 24.986     2013 04 20 13 58  1.643     216.7
 2013 04 20 20 30  5.169     2013 04 20 20 32 46.381     161.2
62
 2013 04 20 20 35 40.197     2013 04 20 20 38 35.798     175.6
63
 2013 04 20 20 30 21.129     2013 04 20 20 34  1.852     220.7
64
 2013 04 20 15 29 46.332     2013 04 20 15 33  3.601     197.3
 2013 04 20 22 04 12.354     2013 04 20 22 07 31.070     198.7
65
 2013 04 20 22 18  1.419     2013 04 20 22 19  1.718      60.3
66
 2013 04 20 20 42  2.012     2013 04 20 20 42  6.609       4.6
67
 2013 04 20 13 51  4.824     2013 04 20 13 54 43.037     218.2
 2013 04 20 22 07 50.747     2013 04 20 22 11  1.026     190.3
68
 2013 04 20 10 33  3.395     2013 04 20 10 36  9.846     186.5
69
70
 2013 04 20 10 38 12.767     2013 04 20 10 40 51.182     158.4
 2013 04 20 20 36 32.234     2013 04 20 20 37  9.499      37.3
71
 2013 04 20 00 11  4.406     2013 04 20 00 13 58.287     173.9
72
 2013 04 20 13 46 44.598     2013 04 20 13 50  4.146     199.5
73
 2013 04 20 22 09 10.380     2013 04 20 22 12 30.138     199.8
74
 2013 04 20 12 12 17.965     2013 04 20 12 14 52.870     154.9
 2013 04 20 22 11 33.005     2013 04 20 22 14 49.082     196.1
75
 2013 04 20 00 10 57.050     2013 04 20 00 13 55.615     178.6
76
 2013 04 20 12 09 10.318     2013 04 20 12 12 37.606     207.3
77
 2013 04 20 12 07 39.102     2013 04 20 12 10 12.437     153.3
78
 2013 04 20 13 47 39.290     2013 04 20 13 51  5.656     206.4
 2013 04 20 23 44  3.771     2013 04 20 23 44 16.011      12.2
79
 2013 04 20 10 31 40.047     2013 04 20 10 34 17.451     157.4
80
81
 2013 04 20 10 31  3.474     2013 04 20 10 33 49.069     165.6
 2013 04 20 22 17 43.280     2013 04 20 22 20 46.244     183.0
82
 2013 04 20 12 07 21.452     2013 04 20 12 10 27.839     186.4
83
 2013 04 20 12 07 47.784     2013 04 20 12 11  7.597     199.8
84
 2013 04 20 12 12  3.420     2013 04 20 12 12 35.814      32.4
85
 2013 04 20 12 12 22.811     2013 04 20 12 15 36.904     194.1
86
 2013 04 20 10 40 39.759     2013 04 20 10 41  3.271      23.5
 2013 04 20 20 35 47.773     2013 04 20 20 38 26.992     159.2
87
 2013 04 20 15 30 32.037     2013 04 20 15 34  2.749     210.7
 2013 04 20 20 26 28.782     2013 04 20 20 30  4.505     215.7
88
 2013 04 20 12 12 26.165     2013 04 20 12 16  5.558     219.4
 2013 04 20 22 09 59.642     2013 04 20 22 13 21.322     201.7
89
 2013 04 20 12 10 43.889     2013 04 20 12 13 25.164     161.3
 2013 04 20 22 12 43.793     2013 04 20 22 15 23.238     159.4
90
 2013 04 20 12 15   .341     2013 04 20 12 18 32.628     212.3
 2013 04 20 20 31  7.132     2013 04 20 20 34 39.026     211.9
91
92
 2013 04 20 22 09  9.889     2013 04 20 22 11 54.672     164.8
93
94
 2013 04 20 12 19 53.651     2013 04 20 12 23  2.730     189.1
 2013 04 20 18 53 34.565     2013 04 20 18 56 18.229     163.7
95
 2013 04 20 15 30 38.328     2013 04 20 15 33 50.628     192.3
 2013 04 20 20 26 18.351     2013 04 20 20 29 49.148     210.8
96
97
 2013 04 20 00 13 54.512     2013 04 20 00 16 48.189     173.7
 2013 04 20 12 05 17.333     2013 04 20 12 08 11.212     173.9
98
 2013 04 20 12 15 42.719     2013 04 20 12 18 59.247     196.5
 2013 04 20 20 31 33.316     2013 04 20 20 34 22.806     169.5
99
 2013 04 20 10 34   .921     2013 04 20 10 37 29.274     208.4
100
 2013 04 20 20 40 21.603     2013 04 20 20 43 36.288     194.7
101
 2013 04 20 12 21  6.246     2013 04 20 12 23 45.929     159.7
 2013 04 20 17 16  3.555     2013 04 20 17 16 27.252      23.7
 2013 04 20 18 54 13.505     2013 04 20 18 57 53.759     220.3
102
103
 2013 04 20 12 18 51.917     2013 04 20 12 22 37.782     225.9
 2013 04 20 18 55 21.355     2013 04 20 18 58 19.947     178.6
104
 2013 04 20 22 14 30.434     2013 04 20 22 17 36.308     185.9
105
 2013 04 20 12 11 55.401     2013 04 20 12 14 31.061     155.7
 2013 04 20 22 11 41.181     2013 04 20 22 14 28.845     167.7
106
 2013 04 20 20 39 37.297     2013 04 20 20 41 30.218     112.9
107
 2013 04 20 00 11 13.845     2013 04 20 00 13 59.225     165.4
108
 2013 04 20 12 07 46.332     2013 04 20 12 09  8.467      82.1
109
 2013 04 20 10 39  6.819     2013 04 20 10 42  5.435     178.6
110
 2013 04 20 10 36 56.509     2013 04 20 10 40  9.216     192.7
 2013 04 20 20 36 33.838     2013 04 20 20 39  9.681     155.8
111
 2013 04 20 13 48 59.096     2013 04 20 13 52  6.863     187.8
112
 2013 04 20 10 39 31.739     2013 04 20 10 43  9.488     217.7
 2013 04 20 19 02 38.298     2013 04 20 19 02 50.891      12.6
113
 2013 04 20 10 36 15.174     2013 04 20 10 38 53.763     158.6
 2013 04 20 20 37 25.281     2013 04 20 20 40 13.717     168.4
114
 2013 04 20 13 51  3.939     2013 04 20 13 53 40.596     156.7
 2013 04 20 22 07 10.962     2013 04 20 22 09 48.364     157.4
115
 2013 04 20 13 53 36.516     2013 04 20 13 56 26.349     169.8
 2013 04 20 20 28  8.689     2013 04 20 20 31 12.886     184.2
116
 2013 04 20 20 34 37.770     2013 04 20 20 37 23.650     165.9
117
 2013 04 20 13 48   .696     2013 04 20 13 50 40.185     159.5
118
 2013 04 20 20 41 26.758     2013 04 20 20 44  1.180     154.4
119
 2013 04 20 20 40 32.603     2013 04 20 20 43 21.257     168.7
120
 2013 04 20 13 51 21.932     2013 04 20 13 55  7.263     225.3
 2013 04 20 22 05 26.663     2013 04 20 22 08 30.729     184.1
121
 2013 04 20 12 08 32.243     2013 04 20 12 11 36.169     183.9
122
 2013 04 20 10 35 45.789     2013 04 20 10 38 19.874     154.1
 2013 04 20 20 37 38.475     2013 04 20 20 40 51.230     192.8
123
 2013 04 20 18 55 57.465     2013 04 20 18 58 40.656     163.2
124
125
 2013 04 20 15 28   .856     2013 04 20 15 29  4.288      63.4
 2013 04 20 22 04 41.598     2013 04 20 22 07 34.031     172.4
126
 2013 04 20 08 56  4.442     2013 04 20 08 59  1.661     177.2
 2013 04 20 20 43 17.614     2013 04 20 20 46   .188     162.6
127
 2013 04 20 22 13 12.232     2013 04 20 22 13 51.862      39.6
128
 2013 04 20 00 10 42.986     2013 04 20 00 13 35.400     172.4
129
 2013 04 20 10 36 54.735     2013 04 20 10 39 54.310     179.6
 2013 04 20 20 37 58.890     2013 04 20 20 40 54.139     175.2
130
 2013 04 20 00 09 58.565     2013 04 20 00 12 37.742     159.2
 2013 04 20 13 44  8.043     2013 04 20 13 45 58.294     110.3
131
 2013 04 20 10 34 39.537     2013 04 20 10 37 22.939     163.4
132
 2013 04 20 12 07 38.977     2013 04 20 12 10 58.859     199.9
133
 2013 04 20 10 36 24.675     2013 04 20 10 39 40.129     195.5
 2013 04 20 20 38 26.266     2013 04 20 20 41  9.346     163.1
134
 2013 04 20 13 48 28.184     2013 04 20 13 51 10.844     162.7
135
 2013 04 20 12 08 24.250     2013 04 20 12 10 58.406     154.2
136
 2013 04 20 13 56 26.109     2013 04 20 13 59 19.017     172.9
 2013 04 20 18 51 47.092     2013 04 20 18 54 52.353     185.3
137
138
 2013 04 20 13 51   .840     2013 04 20 13 54 30.227     209.4
 2013 04 20 22 07 51.790     2013 04 20 22 10 51.370     179.6
139
 2013 04 20 08 56  6.179     2013 04 20 08 58 42.496     156.3
 2013 04 20 20 43 44.018     2013 04 20 20 46 31.145     167.1
140
 2013 04 20 10 39 33.007     2013 04 20 10 43 12.730     219.7
 2013 04 20 19 02 24.301     2013 04 20 19 02 49.573      25.3
141
 2013 04 20 20 40 51.371     2013 04 20 20 44 11.337     200.0
142
 2013 04 20 12 19 50.432     2013 04 20 12 22 43.356     172.9
 2013 04 20 18 53 50.527     2013 04 20 18 56 28.864     158.3
143
 2013 04 20 22 08 27.227     2013 04 20 22 11 27.653     180.4
144
 2013 04 20 12 20 16.484     2013 04 20 12 23 17.706     181.2
 2013 04 20 18 53 36.440     2013 04 20 18 56 34.683     178.2
145
146
 2013 04 20 10 33 58.688     2013 04 20 10 34 17.556      18.9
 2013 04 20 20 39 23.680     2013 04 20 20 42 55.075     211.4
147
 2013 04 20 12 21 10.358     2013 04 20 12 23 55.269     164.9
 2013 04 20 17 15 53.782     2013 04 20 17 19 20.853     207.1
 2013 04 20 18 53 30.998     2013 04 20 18 54 44.347      73.3
148
 2013 04 20 10 31 44.250     2013 04 20 10 34 17.460     153.2
 2013 04 20 22 17 23.693     2013 04 20 22 17 37.969      14.3
149
 2013 04 20 13 53 53.051     2013 04 20 13 56 56.367     183.3
 2013 04 20 20 28  9.096     2013 04 20 20 30 51.812     162.7
150
 2013 04 20 12 16 47.250     2013 04 20 12 19 54.734     187.5
 2013 04 20 20 32 56.042     2013 04 20 20 36  3.099     187.1
151
 2013 04 20 12 17 32.298     2013 04 20 12 20 13.908     161.6
 2013 04 20 20 32  3.597     2013 04 20 20 35 47.469     223.9
152
 2013 04 20 22 14 46.747     2013 04 20 22 18  7.448     200.7
153
154
 2013 04 20 12 16  2.568     2013 04 20 12 19 50.489     227.9
 2013 04 20 20 31 12.231     2013 04 20 20 33 49.150     156.9
155
 2013 04 20 12 09 37.440     2013 04 20 12 12 35.770     178.3
156
 2013 04 20 13 55 57.921     2013 04 20 13 58 36.633     158.7
 2013 04 20 18 50 46.415     2013 04 20 18 54  8.930     202.5
 2013 04 20 20 28 12.434     2013 04 20 20 28 22.850      10.4
157
 2013 04 20 22 08 21.932     2013 04 20 22 12 11.777     229.8
158
159
 2013 04 20 13 48 17.033     2013 04 20 13 51  5.887     168.9
160
 2013 04 20 22 09 58.705     2013 04 20 22 12 34.296     155.6
161
 2013 04 20 22 15 42.388     2013 04 20 22 18 52.731     190.3
162
 2013 04 20 12 12 31.659     2013 04 20 12 15 23.622     172.0
 2013 04 20 22 11 27.643     2013 04 20 22 12  3.940      36.3
163
 2013 04 20 12 17 10.373     2013 04 20 12 19 46.517     156.1
 2013 04 20 20 32 10.048     2013 04 20 20 35 16.198     186.1
164
 2013 04 20 12 20 37.709     2013 04 20 12 23 16.455     158.7
 2013 04 20 18 54 26.501     2013 04 20 18 57 28.240     181.7
165
 2013 04 20 20 34 40.033     2013 04 20 20 37 18.110     158.1
166
 2013 04 20 00 11 10.477     2013 04 20 00 14 15.913     185.4
167
 2013 04 20 13 49 46.625     2013 04 20 13 52 37.421     170.8
 2013 04 20 22 06 14.599     2013 04 20 22 09 50.298     215.7
168
 2013 04 20 12 20 58.084     2013 04 20 12 23 44.892     166.8
 2013 04 20 17 15 39.445     2013 04 20 17 19 20.123     220.7
 2013 04 20 18 53 35.493     2013 04 20 18 57 16.057     220.6
169
 2013 04 20 12 19 45.800     2013 04 20 12 23 31.636     225.8
 2013 04 20 18 55 36.965     2013 04 20 18 58 17.627     160.7
170
 2013 04 20 12 19 44.958     2013 04 20 12 22 22.075     157.1
 2013 04 20 18 54 17.738     2013 04 20 18 56 56.905     159.2
171
 2013 04 20 13 50 11.875     2013 04 20 13 52 54.598     162.7
 2013 04 20 22 06 36.643     2013 04 20 22 09 41.644     185.0
172
 2013 04 20 12 12 29.335     2013 04 20 12 15 24.553     175.2
 2013 04 20 22 10 41.371     2013 04 20 22 13 58.815     197.4
173
174
 2013 04 20 13 49 20.301     2013 04 20 13 52  8.146     167.8
175
176
177
 2013 04 20 20 38 24.379     2013 04 20 20 39  8.488      44.1
178
 2013 04 20 13 47 46.872     2013 04 20 13 50 28.299     161.4
179
 2013 04 20 22 09 20.863     2013 04 20 22 11 58.851     158.0
180
 2013 04 20 13 51 24.522     2013 04 20 13 54 13.450     168.9
 2013 04 20 22 07 18.675     2013 04 20 22 10 15.493     176.8
181
 2013 04 20 13 53 18.580     2013 04 20 13 57  6.458     227.9
 2013 04 20 20 29 52.165     2013 04 20 20 32 58.299     186.1
182
 2013 04 20 00 09 42.658     2013 04 20 00 12 24.745     162.1
 2013 04 20 13 44 20.770     2013 04 20 13 47 46.876     206.1
183
 2013 04 20 08 56  8.900     2013 04 20 08 59 51.377     222.5
 2013 04 20 20 42 31.403     2013 04 20 20 45 18.475     167.1
184
 2013 04 20 10 41 18.495     2013 04 20 10 43 54.286     155.8
 2013 04 20 18 57 51.778     2013 04 20 19 00 41.883     170.1
185
 2013 04 20 13 49  2.500     2013 04 20 13 51 38.635     156.1
186
 2013 04 20 18 56  3.171     2013 04 20 18 58 52.878     169.7
187
188
 2013 04 20 22 17 13.140     2013 04 20 22 20 12.590     179.4
189
 2013 04 20 10 39  8.392     2013 04 20 10 42 30.678     202.3
190
 2013 04 20 10 40  4.979     2013 04 20 10 42 42.957     158.0
191
 2013 04 20 12 17  3.251     2013 04 20 12 19 40.001     156.7
 2013 04 20 20 32  6.592     2013 04 20 20 35  3.620     177.0
192
193
 2013 04 20 12 11  8.241     2013 04 20 12 13 52.417     164.2
 2013 04 20 22 11 47.484     2013 04 20 22 14 25.850     158.4
194
 2013 04 20 10 32 12.735     2013 04 20 10 34 46.191     153.5
195
 2013 04 20 12 07   .120     2013 04 20 12 10 13.887     193.8
196
 2013 04 20 12 15 58.753     2013 04 20 12 19 47.092     228.3
 2013 04 20 20 33 40.118     2013 04 20 20 36 25.477     165.4
197
 2013 04 20 12 20 28.053     2013 04 20 12 24 15.773     227.7
 2013 04 20 18 55 22.991     2013 04 20 18 58 45.455     202.5
198
 2013 04 20 13 52 43.073     2013 04 20 13 55 22.152     159.1
199
 2013 04 20 10 38 47.799     2013 04 20 10 39  8.716      20.9
200
 2013 04 20 20 40  9.207     2013 04 20 20 43 33.422     204.2
201
 2013 04 20 13 56 42.348     2013 04 20 13 59 51.127     188.8
 2013 04 20 18 52 18.540     2013 04 20 18 55  8.395     169.9
202
 2013 04 20 12 12 29.180     2013 04 20 12 15 44.198     195.0
 2013 04 20 22 10 20.266     2013 04 20 22 13 40.185     199.9
203
204
 2013 04 20 13 47 21.545     2013 04 20 13 50 11.215     169.7
205
 2013 04 20 13 53 42.092     2013 04 20 13 56 53.582     191.5
 2013 04 20 20 29 32.904     2013 04 20 20 32 29.968     177.1
206
 2013 04 20 10 36 15.634     2013 04 20 10 38 49.722     154.1
 2013 04 20 20 37 49.150     2013 04 20 20 40 32.042     162.9
207
 2013 04 20 12 16 33.750     2013 04 20 12 16 35.865       2.1
 2013 04 20 20 30 49.941     2013 04 20 20 33 45.141     175.2
208
 2013 04 20 00 10 26.495     2013 04 20 00 13 42.475     196.0
209
 2013 04 20 12 12  7.070     2013 04 20 12 14 54.984     167.9
 2013 04 20 22 11 54.023     2013 04 20 22 15 18.475     204.5
210
 2013 04 20 12 19 28.640     2013 04 20 12 22  5.498     156.9
 2013 04 20 18 54 14.114     2013 04 20 18 57  2.613     168.5
211
212
 2013 04 20 13 47 46.669     2013 04 20 13 50 49.986     183.3
213
 2013 04 20 12 17 45.162     2013 04 20 12 21 30.683     225.5
214
 2013 04 20 10 38 31.302     2013 04 20 10 42  8.212     216.9
215
 2013 04 20 00 08 56.590     2013 04 20 00 11 52.340     175.8
 2013 04 20 13 45 41.481     2013 04 20 13 48 55.535     194.1
216
 2013 04 20 10 35 21.755     2013 04 20 10 38 52.472     210.7
 2013 04 20 20 36 22.015     2013 04 20 20 40  6.064     224.0
217
 2013 04 20 13 49  3.230     2013 04 20 13 51 39.051     155.8
218
219
220
 2013 04 20 13 49 45.816     2013 04 20 13 52 36.427     170.6
 2013 04 20 22 06 14.317     2013 04 20 22 09 51.306     217.0
221
 2013 04 20 12 18 36.755     2013 04 20 12 18 38.764       2.0
 2013 04 20 13 56 38.882     2013 04 20 14 00 27.885     229.0
 2013 04 20 18 52 51.416     2013 04 20 18 55 39.018     167.6
222
 2013 04 20 22 19  9.844     2013 04 20 22 20   .573      50.7
223
 2013 04 20 13 53 45.849     2013 04 20 13 56 23.122     157.3
 2013 04 20 20 28 43.419     2013 04 20 20 31 49.318     185.9
224
225
 2013 04 20 12 08 24.773     2013 04 20 12 11 25.491     180.7
226
 2013 04 20 12 17 59.355     2013 04 20 12 18 37.139      37.8
 2013 04 20 18 58  4.415     2013 04 20 18 58 57.664      53.2
227
228
 2013 04 20 12 22 18.723     2013 04 20 12 22 26.721       8.0
 2013 04 20 13 56 21.524     2013 04 20 14 00  9.367     227.8
 2013 04 20 18 52 35.182     2013 04 20 18 55 37.864     182.7
229
 2013 04 20 12 19 59.979     2013 04 20 12 23 32.099     212.1
 2013 04 20 13 57 52.570     2013 04 20 14 01 32.592     220.0
 2013 04 20 17 14 37.846     2013 04 20 17 15  2.974      25.1
 2013 04 20 18 53 11.794     2013 04 20 18 56 12.253     180.5
230
 2013 04 20 12 18 19.175     2013 04 20 12 21 41.415     202.2
 2013 04 20 18 52 47.633     2013 04 20 18 56 22.855     215.2
231
 2013 04 20 13 53 37.763     2013 04 20 13 56 24.096     166.3
 2013 04 20 20 28 12.373     2013 04 20 20 31 17.816     185.4
232
 2013 04 20 12 16 19.048     2013 04 20 12 19 37.587     198.5
 2013 04 20 20 33 18.802     2013 04 20 20 36  5.487     166.7
233
 2013 04 20 12 08 33.379     2013 04 20 12 11 23.931     170.6
234
 2013 04 20 12 16 25.048     2013 04 20 12 19 32.305     187.3
 2013 04 20 20 33 10.501     2013 04 20 20 35 56.313     165.8
235
236
 2013 04 20 12 13  4.541     2013 04 20 12 15 51.115     166.6
237
 2013 04 20 10 32 38.982     2013 04 20 10 35 57.584     198.6
238
 2013 04 20 13 56  5.692     2013 04 20 13 58 54.693     169.0
 2013 04 20 18 51 20.931     2013 04 20 18 54 50.644     209.7
239
 2013 04 20 12 09 50.729     2013 04 20 12 12 56.760     186.0
 2013 04 20 22 13 15.069     2013 04 20 22 16 15.130     180.1
240
 2013 04 20 10 40 47.608     2013 04 20 10 44  4.427     196.8
 2013 04 20 18 56 51.900     2013 04 20 19 00  2.775     190.9
241
242
 2013 04 20 22 16 11.903     2013 04 20 22 19 15.588     183.7
243
 2013 04 20 12 07 51.229     2013 04 20 12 10 37.964     166.7
244
 2013 04 20 20 35  1.225     2013 04 20 20 37 54.848     173.6
245
 2013 04 20 22 14 48.615     2013 04 20 22 18 19.751     211.1
246
 2013 04 20 22 08 52.051     2013 04 20 22 08 59.399       7.3
247
 2013 04 20 10 40  9.556     2013 04 20 10 43 17.722     188.2
 2013 04 20 18 58 27.833     2013 04 20 19 02 10.153     222.3
248
 2013 04 20 00 12 41.288     2013 04 20 00 14  3.243      82.0
 2013 04 20 12 06 10.308     2013 04 20 12 09 21.036     190.7
249
 2013 04 20 12 12 55.903     2013 04 20 12 13 32.837      36.9
250
 2013 04 20 00 14  6.229     2013 04 20 00 15 15.131      68.9
 2013 04 20 12 05 45.417     2013 04 20 12 08 23.051     157.6
251
 2013 04 20 00 13  8.818     2013 04 20 00 15 57.207     168.4
252
 2013 04 20 12 17 26.832     2013 04 20 12 20 24.560     177.7
 2013 04 20 20 31 11.202     2013 04 20 20 34 43.125     211.9
253
254
 2013 04 20 12 08 14.364     2013 04 20 12 11  2.889     168.5
255
 2013 04 20 12 10 23.243     2013 04 20 12 13  8.228     165.0
 2013 04 20 22 12 51.524     2013 04 20 22 15 41.007     169.5
256
 2013 04 20 13 49 28.065     2013 04 20 13 52 45.457     197.4
 2013 04 20 22 07 51.967     2013 04 20 22 11 11.144     199.2
257
 2013 04 20 00 08 37.465     2013 04 20 00 11 18.156     160.7
 2013 04 20 13 45 50.693     2013 04 20 13 48 32.880     162.2
258
 2013 04 20 00 07  5.579     2013 04 20 00 10 50.186     224.6
 2013 04 20 13 47 10.873     2013 04 20 13 49 45.956     155.1
259
 2013 04 20 22 09 22.967     2013 04 20 22 12 46.222     203.3
260
 2013 04 20 13 50 48.761     2013 04 20 13 53 34.515     165.8
 2013 04 20 22 07 31.863     2013 04 20 22 10  8.231     156.4
261
 2013 04 20 12 17 36.473     2013 04 20 12 21  7.868     211.4
262
 2013 04 20 10 43   .322     2013 04 20 10 43  9.609       9.3
263
 2013 04 20 10 40 42.013     2013 04 20 10 43 33.810     171.8
 2013 04 20 18 58 23.176     2013 04 20 19 01 35.640     192.5
264
 2013 04 20 12 15 44.798     2013 04 20 12 18 22.663     157.9
 2013 04 20 20 32 14.765     2013 04 20 20 35 12.715     178.0
265
 2013 04 20 22 14 35.231     2013 04 20 22 17 36.140     180.9
266
 2013 04 20 22 16 10.554     2013 04 20 22 19 30.111     199.6
267
268
269
 2013 04 20 13 51 53.038     2013 04 20 13 52 32.394      39.4
270
 2013 04 20 13 48 11.264     2013 04 20 13 51   .171     168.9
271
 2013 04 20 00 11 30.798     2013 04 20 00 14 31.638     180.8
272
273
 2013 04 20 00 11 37.049     2013 04 20 00 14 14.615     157.6
274
 2013 04 20 13 47 33.031     2013 04 20 13 49  2.738      89.7
275
276
 2013 04 20 09 00 57.268     2013 04 20 09 01  2.948       5.7
 2013 04 20 20 41 24.309     2013 04 20 20 44 56.181     211.9
277
 2013 04 20 12 21 52.938     2013 04 20 12 24 53.239     180.3
 2013 04 20 17 17 22.136     2013 04 20 17 20 26.196     184.1
278
279
 2013 04 20 00 15  6.903     2013 04 20 00 15 43.171      36.3
280
 2013 04 20 13 48  8.900     2013 04 20 13 50 59.434     170.5
281
282
 2013 04 20 12 21 31.605     2013 04 20 12 24  9.865     158.3
 2013 04 20 17 16 29.641     2013 04 20 17 19 52.690     203.0
283
 2013 04 20 00 09 20.426     2013 04 20 00 12 38.401     198.0
 2013 04 20 13 45 14.862     2013 04 20 13 45 18.423       3.6
284
 2013 04 20 22 14 12.130     2013 04 20 22 17 33.600     201.5
285
 2013 04 20 12 18 34.145     2013 04 20 12 22 24.044     229.9
 2013 04 20 13 56 25.332     2013 04 20 13 57  2.298      37.0
 2013 04 20 18 52 53.201     2013 04 20 18 55 48.751     175.5
286
 2013 04 20 22 14 28.611     2013 04 20 22 18  2.300     213.7
287
288
 2013 04 20 12 17 31.026     2013 04 20 12 21  5.572     214.5
289
 2013 04 20 12 12 50.152     2013 04 20 12 14  2.330      72.2
 2013 04 20 22 10 43.854     2013 04 20 22 14  5.107     201.3
290
 2013 04 20 15 30 41.038     2013 04 20 15 33 18.503     157.5
 2013 04 20 20 25 34.293     2013 04 20 20 28 51.914     197.6
291
 2013 04 20 20 40  9.650     2013 04 20 20 43 35.963     206.3
292
 2013 04 20 13 51 25.044     2013 04 20 13 54 12.449     167.4
 2013 04 20 22 07 17.146     2013 04 20 22 10 13.396     176.3
293
 2013 04 20 10 35 58.432     2013 04 20 10 36 46.646      48.2
 2013 04 20 20 36 17.169     2013 04 20 20 39 13.794     176.6
294
 2013 04 20 10 39 11.073     2013 04 20 10 41 58.538     167.5
295
 2013 04 20 10 37 59.061     2013 04 20 10 40 39.942     160.9
 2013 04 20 20 36 49.264     2013 04 20 20 39 13.581     144.3
296
 2013 04 20 20 34  9.866     2013 04 20 20 37 37.729     207.9
297
 2013 04 20 00 12  2.697     2013 04 20 00 14 39.298     156.6
298
299
 2013 04 20 10 38 20.803     2013 04 20 10 40 55.391     154.6
 2013 04 20 20 36 14.114     2013 04 20 20 37  4.265      50.2
300
 2013 04 20 12 15 19.010     2013 04 20 12 18 29.403     190.4
 2013 04 20 20 31 28.832     2013 04 20 20 34 46.149     197.3
301
 2013 04 20 12 06 22.030     2013 04 20 12 08 55.554     153.5
302
 2013 04 20 12 10 10.936     2013 04 20 12 13 41.213     210.3
 2013 04 20 22 13 30.848     2013 04 20 22 16  6.237     155.4
303
 2013 04 20 12 22  5.033     2013 04 20 12 24 56.898     171.9
 2013 04 20 17 17 23.781     2013 04 20 17 20 16.552     172.8
304
 2013 04 20 12 10  5.447     2013 04 20 12 12 43.911     158.5
 2013 04 20 22 11 53.621     2013 04 20 22 15 29.388     215.8
305
 2013 04 20 13 48 34.357     2013 04 20 13 51  9.266     154.9
306
 2013 04 20 12 15  9.192     2013 04 20 12 17 59.486     170.3
 2013 04 20 20 32 51.866     2013 04 20 20 36 14.903     203.0
307
 2013 04 20 00 12 32.586     2013 04 20 00 15 46.509     193.9
 2013 04 20 12 09 14.230     2013 04 20 12 09 38.507      24.3
308
 2013 04 20 12 18 58.750     2013 04 20 12 22  8.925     190.2
 2013 04 20 18 53 21.237     2013 04 20 18 56 15.810     174.6
309
 2013 04 20 13 54 28.659     2013 04 20 13 58  5.667     217.0
 2013 04 20 20 30  4.864     2013 04 20 20 32 48.125     163.3
310
 2013 04 20 10 37 28.305     2013 04 20 10 40 49.578     201.3
 2013 04 20 20 36  4.559     2013 04 20 20 38 57.783     173.2
311
 2013 04 20 12 11  9.283     2013 04 20 12 14 21.565     192.3
 2013 04 20 22 12 51.914     2013 04 20 22 15 40.240     168.3
312
 2013 04 20 12 22 10.129     2013 04 20 12 24 56.607     166.5
 2013 04 20 17 17 21.103     2013 04 20 17 20  9.534     168.4
313
 2013 04 20 13 50 43.995     2013 04 20 13 53 37.733     173.7
 2013 04 20 22 06 29.772     2013 04 20 22 09  8.228     158.5
314
 2013 04 20 13 53 18.193     2013 04 20 13 56 31.672     193.5
 2013 04 20 20 29 17.389     2013 04 20 20 32 43.118     205.7
315
 2013 04 20 12 17 16.954     2013 04 20 12 17 24.815       7.9
316
 2013 04 20 00 11 55.785     2013 04 20 00 15 21.265     205.5
317
 2013 04 20 12 18 36.655     2013 04 20 12 21 14.195     157.5
 2013 04 20 18 53 27.434     2013 04 20 18 57 21.196     233.8
318
 2013 04 20 10 40 17.513     2013 04 20 10 43 36.590     199.1
 2013 04 20 18 56 34.359     2013 04 20 18 57 40.308      65.9
319
 2013 04 20 12 20 28.031     2013 04 20 12 23  5.385     157.4
 2013 04 20 18 54 23.411     2013 04 20 18 57 15.678     172.3
320
321
 2013 04 20 22 16 19.751     2013 04 20 22 18 54.028     154.3
322
 2013 04 20 12 21  1.771     2013 04 20 12 23 39.692     157.9
 2013 04 20 17 15 48.041     2013 04 20 17 17 10.362      82.3
 2013 04 20 18 53 56.750     2013 04 20 18 57 32.416     215.7
323
 2013 04 20 13 55 51.709     2013 04 20 13 59  1.659     189.9
 2013 04 20 18 51 27.469     2013 04 20 18 55 16.415     228.9
 2013 04 20 20 29  8.724     2013 04 20 20 29  8.095       -.6
324
 2013 04 20 22 16 22.198     2013 04 20 22 20  3.893     221.7
325
 2013 04 20 12 21 30.651     2013 04 20 12 22 17.587      46.9
 2013 04 20 13 56 14.002     2013 04 20 13 57 16.818      62.8
 2013 04 20 18 52 38.307     2013 04 20 18 55 46.259     188.0
326
 2013 04 20 15 27 53.739     2013 04 20 15 31 45.388     231.6
 2013 04 20 22 04 30.427     2013 04 20 22 07 33.556     183.1
327
 2013 04 20 20 39 46.987     2013 04 20 20 42 15.528     148.5
328
 2013 04 20 12 10 29.486     2013 04 20 12 11 44.441      75.0
 2013 04 20 22 13 28.253     2013 04 20 22 16 12.239     164.0
329
 2013 04 20 13 54 50.461     2013 04 20 13 55  1.447      11.0
 2013 04 20 22 05 23.949     2013 04 20 22 08  8.696     164.7
330
 2013 04 20 00 08 42.220     2013 04 20 00 11 26.871     164.7
 2013 04 20 13 45 50.361     2013 04 20 13 48 39.108     168.7
331
 2013 04 20 10 34 31.577     2013 04 20 10 37 12.334     160.8
332
 2013 04 20 20 34 37.577     2013 04 20 20 38 25.250     227.7
333
 2013 04 20 15 30 23.547     2013 04 20 15 33 20.308     176.8
 2013 04 20 20 25 44.943     2013 04 20 20 29 38.812     233.9
 2013 04 20 22 03 36.508     2013 04 20 22 04 20.054      43.5
334
 2013 04 20 15 31 49.709     2013 04 20 15 34 54.228     184.5
 2013 04 20 20 27  9.461     2013 04 20 20 29 47.451     158.0
335
 2013 04 20 20 35  1.472     2013 04 20 20 38 15.371     193.9
336
 2013 04 20 12 18 42.475     2013 04 20 12 18 51.107       8.6
 2013 04 20 18 55 38.879     2013 04 20 18 58 35.029     176.2
337
 2013 04 20 18 55 42.712     2013 04 20 18 58 49.124     186.4
338
 2013 04 20 22 09 21.013     2013 04 20 22 12 22.966     182.0
339
 2013 04 20 13 52 40.389     2013 04 20 13 52 49.659       9.3
340
 2013 04 20 10 40 32.089     2013 04 20 10 43 42.822     190.7
 2013 04 20 18 56 47.780     2013 04 20 19 00 22.730     214.9
341
 2013 04 20 10 31 28.668     2013 04 20 10 34 48.936     200.3
 2013 04 20 22 16 40.988     2013 04 20 22 20 10.240     209.3
342
 2013 04 20 20 35 40.600     2013 04 20 20 38 35.813     175.2
343
 2013 04 20 20 33 57.515     2013 04 20 20 34 22.699      25.2
344
 2013 04 20 22 15 45.262     2013 04 20 22 19  6.290     201.0
345
 2013 04 20 13 50 15.830     2013 04 20 13 53 33.196     197.4
 2013 04 20 22 06  6.652     2013 04 20 22 08 56.806     170.2
346
 2013 04 20 22 09 57.816     2013 04 20 22 12 36.055     158.2
347
 2013 04 20 12 19 48.528     2013 04 20 12 22 25.720     157.2
 2013 04 20 18 54 18.160     2013 04 20 18 56 56.374     158.2
348
 2013 04 20 10 32 18.168     2013 04 20 10 35 55.744     217.6
349
 2013 04 20 13 53 55.808     2013 04 20 13 55 10.817      75.0
 2013 04 20 20 30 17.492     2013 04 20 20 32 54.883     157.4
350
 2013 04 20 13 55 41.578     2013 04 20 13 59 14.266     212.7
 2013 04 20 18 51 37.183     2013 04 20 18 52 13.363      36.2
 2013 04 20 20 29 25.968     2013 04 20 20 29 30.704       4.7
351
352
 2013 04 20 12 20 27.103     2013 04 20 12 23 41.126     194.0
 2013 04 20 13 58  8.581     2013 04 20 14 01 58.537     230.0
 2013 04 20 17 15  5.829     2013 04 20 17 18 51.975     226.1
 2013 04 20 18 53 17.093     2013 04 20 18 56 37.385     200.3
353
 2013 04 20 20 41 17.107     2013 04 20 20 43 51.346     154.2
354
 2013 04 20 12 19 42.154     2013 04 20 12 22 42.356     180.2
 2013 04 20 18 55  2.296     2013 04 20 18 57 40.396     158.1
355
 2013 04 20 12 12   .256     2013 04 20 12 15  1.346     181.1
 2013 04 20 22 11   .834     2013 04 20 22 13 50.000     169.2
356
 2013 04 20 20 39 47.214     2013 04 20 20 39 49.803       2.6
357
 2013 04 20 12 21   .192     2013 04 20 12 23 42.243     162.1
 2013 04 20 17 15 42.947     2013 04 20 17 19 29.597     226.6
 2013 04 20 18 53 43.915     2013 04 20 18 57 22.565     218.6
358
 2013 04 20 12 14 50.246     2013 04 20 12 15 52.720      62.5
 2013 04 20 20 30 53.570     2013 04 20 20 34 30.043     216.5
359
360
 2013 04 20 12 21 27.784     2013 04 20 12 24 55.339     207.6
 2013 04 20 17 17 22.326     2013 04 20 17 20 52.947     210.6
361
 2013 04 20 00 13  5.216     2013 04 20 00 16 14.465     189.2
 2013 04 20 12 05 33.194     2013 04 20 12 09  1.670     208.5
362
 2013 04 20 12 17 25.446     2013 04 20 12 20 54.098     208.7
 2013 04 20 20 30 37.112     2013 04 20 20 34 23.438     226.3
363
 2013 04 20 10 31 28.127     2013 04 20 10 34 29.802     181.7
364
 2013 04 20 12 10  1.547     2013 04 20 12 12 38.384     156.8
 2013 04 20 22 12 33.244     2013 04 20 22 15 55.391     202.1
365
366
 2013 04 20 15 29 59.228     2013 04 20 15 33 10.335     191.1
 2013 04 20 22 04  1.623     2013 04 20 22 07 35.166     213.5
367
 2013 04 20 12 09 16.102     2013 04 20 12 11 54.288     158.2
368
 2013 04 20 13 50 51.774     2013 04 20 13 54 37.521     225.7
 2013 04 20 22 05 43.599     2013 04 20 22 08 23.885     160.3
369
 2013 04 20 22 14 59.890     2013 04 20 22 15  6.523       6.6
370
 2013 04 20 12 16 37.595     2013 04 20 12 19 15.569     158.0
 2013 04 20 20 32 37.859     2013 04 20 20 35 18.603     160.7
371
 2013 04 20 22 09 34.103     2013 04 20 22 12 13.185     159.1
372
 2013 04 20 12 18 53.995     2013 04 20 12 21 30.818     156.8
 2013 04 20 18 53 47.099     2013 04 20 18 57 15.138     208.0
373
 2013 04 20 13 51 39.306     2013 04 20 13 54 36.926     177.6
 2013 04 20 22 07 12.145     2013 04 20 22 10 33.465     201.3
374
 2013 04 20 13 51  4.194     2013 04 20 13 53 40.343     156.1
 2013 04 20 22 06 58.949     2013 04 20 22 09 35.962     157.0
375
 2013 04 20 12 07 47.266     2013 04 20 12 10 20.461     153.2
376
 2013 04 20 13 57 11.090     2013 04 20 13 57 29.329      18.2
 2013 04 20 15 31 30.461     2013 04 20 15 35  5.503     215.0
 2013 04 20 20 27 26.289     2013 04 20 20 30  6.427     160.1
377
 2013 04 20 10 35 33.259     2013 04 20 10 38 53.592     200.3
 2013 04 20 20 38 51.790     2013 04 20 20 41 30.928     159.1
378
 2013 04 20 12 21 29.354     2013 04 20 12 24 10.851     161.5
 2013 04 20 17 16 33.952     2013 04 20 17 20  3.819     209.9
379
 2013 04 20 08 56 25.543     2013 04 20 08 59 39.855     194.3
 2013 04 20 20 42 42.183     2013 04 20 20 45 40.422     178.2
380
 2013 04 20 13 53 16.667     2013 04 20 13 55 53.378     156.7
 2013 04 20 20 28 11.141     2013 04 20 20 31 57.196     226.1
381
 2013 04 20 12 13 31.706     2013 04 20 12 16 12.617     160.9
382
 2013 04 20 12 09 52.980     2013 04 20 12 11 25.249      92.3
 2013 04 20 22 13 46.367     2013 04 20 22 16 21.989     155.6
383
 2013 04 20 22 09 25.893     2013 04 20 22 12 11.413     165.5
384
 2013 04 20 13 53 43.319     2013 04 20 13 56 43.327     180.0
 2013 04 20 20 28  6.468     2013 04 20 20 30 57.391     170.9
385
 2013 04 20 15 27 45.777     2013 04 20 15 31 25.397     219.6
 2013 04 20 22 04 13.201     2013 04 20 22 07 32.826     199.6
386
 2013 04 20 12 07 32.520     2013 04 20 12 10 23.143     170.6
387
 2013 04 20 13 49 48.875     2013 04 20 13 52 26.994     158.1
 2013 04 20 22 06 34.000     2013 04 20 22 10 10.485     216.5
388
 2013 04 20 12 18 15.831     2013 04 20 12 20 53.339     157.5
389
 2013 04 20 12 12 26.721     2013 04 20 12 15 44.052     197.3
 2013 04 20 22 10 20.399     2013 04 20 22 13 37.816     197.4
390
 2013 04 20 13 51 34.232     2013 04 20 13 54 13.274     159.0
 2013 04 20 22 06 35.477     2013 04 20 22 09 29.247     173.8
391
 2013 04 20 13 48  8.432     2013 04 20 13 50 44.299     155.9
392
 2013 04 20 12 14 55.063     2013 04 20 12 15 34.549      39.5
 2013 04 20 22 10 24.657     2013 04 20 22 13  4.196     159.5
393
 2013 04 20 12 06   .994     2013 04 20 12 08 41.348     160.4
394
 2013 04 20 12 11 32.245     2013 04 20 12 14 33.995     181.8
 2013 04 20 22 11 18.101     2013 04 20 22 13 53.933     155.8
395
 2013 04 20 10 32 59.140     2013 04 20 10 36 19.612     200.5
396
 2013 04 20 10 37 15.696     2013 04 20 10 38 44.691      89.0
397
 2013 04 20 13 56 27.419     2013 04 20 13 59 15.363     167.9
 2013 04 20 18 51 42.299     2013 04 20 18 54 45.742     183.4
398
 2013 04 20 12 14 31.126     2013 04 20 12 17 49.136     198.0
 2013 04 20 20 33  6.119     2013 04 20 20 33 58.142      52.0
399
 2013 04 20 10 37 59.862     2013 04 20 10 40 37.914     158.1
 2013 04 20 20 36 46.603     2013 04 20 20 40 31.144     224.5
400
 2013 04 20 00 10  6.562     2013 04 20 00 12 42.303     155.7
401
 2013 04 20 12 11  1.788     2013 04 20 12 13 41.075     159.3
 2013 04 20 22 11 56.996     2013 04 20 22 14 37.742     160.7
402
 2013 04 20 12 20 18.666     2013 04 20 12 23 15.054     176.4
 2013 04 20 18 54 57.668     2013 04 20 18 57 46.463     168.8
403
 2013 04 20 22 08 50.181     2013 04 20 22 11 32.547     162.4
404
405
 2013 04 20 13 52 27.218     2013 04 20 13 56  2.666     215.4
 2013 04 20 20 26 55.372     2013 04 20 20 26 56.050        .7
406
407
 2013 04 20 22 12 57.211     2013 04 20 22 16 44.003     226.8
408
 2013 04 20 13 48 35.632     2013 04 20 13 51 31.881     176.2
409
 2013 04 20 12 16 51.551     2013 04 20 12 19 55.542     184.0
 2013 04 20 20 32 51.468     2013 04 20 20 36   .922     189.5
410
 2013 04 20 20 41 13.495     2013 04 20 20 44 12.185     178.7
411
 2013 04 20 00 09 45.864     2013 04 20 00 09 46.648        .8
412
 2013 04 20 20 39 36.881     2013 04 20 20 39 49.057      12.2
413
 2013 04 20 10 41  6.681     2013 04 20 10 43 42.673     156.0
 2013 04 20 18 57 58.800     2013 04 20 19 00 58.204     179.4
414
 2013 04 20 00 12 13.289     2013 04 20 00 14 52.715     159.4
415
416
 2013 04 20 10 34 13.844     2013 04 20 10 37 49.367     215.5
 2013 04 20 20 38 58.339     2013 04 20 20 42 43.875     225.5
417
 2013 04 20 10 37 30.357     2013 04 20 10 40 22.807     172.5
 2013 04 20 20 37 23.467     2013 04 20 20 40 50.421     207.0
418
 2013 04 20 20 40 27.175     2013 04 20 20 41 41.537      74.4
419
 2013 04 20 22 05  7.723     2013 04 20 22 07 49.816     162.1
420
 2013 04 20 12 15 23.133     2013 04 20 12 16 13.022      49.9
 2013 04 20 20 31  7.695     2013 04 20 20 34  2.765     175.1
421
 2013 04 20 00 12 38.157     2013 04 20 00 15 18.291     160.1
422
 2013 04 20 13 49 55.904     2013 04 20 13 52 58.423     182.5
 2013 04 20 22 06  9.695     2013 04 20 22 09 27.111     197.4
423
 2013 04 20 12 12 49.432     2013 04 20 12 13 28.710      39.3
 2013 04 20 22 14 41.544     2013 04 20 22 14 43.522       2.0
424
 2013 04 20 12 17 59.946     2013 04 20 12 20 37.478     157.5
425
 2013 04 20 00 11 44.213     2013 04 20 00 14 22.640     158.4
426
427
 2013 04 20 13 51 18.379     2013 04 20 13 53 57.083     158.7
 2013 04 20 22 07 10.535     2013 04 20 22 09 55.498     165.0
428
429
 2013 04 20 12 07 11.286     2013 04 20 12 08 56.006     104.7
430
 2013 04 20 12 13 42.024     2013 04 20 12 14 57.535      75.5
431
 2013 04 20 10 31 40.186     2013 04 20 10 34 23.445     163.3
 2013 04 20 22 17  6.867     2013 04 20 22 20 53.014     226.1
432
433
434
 2013 04 20 20 41 17.445     2013 04 20 20 43 52.066     154.6
435
 2013 04 20 20 40 31.215     2013 04 20 20 43 21.862     170.6
436
 2013 04 20 13 52 46.768     2013 04 20 13 55 26.960     160.2
437
 2013 04 20 12 17 38.296     2013 04 20 12 20 31.063     172.8
 2013 04 20 20 32  4.897     2013 04 20 20 32 34.900      30.0
438
439
 2013 04 20 20 42 29.333     2013 04 20 20 45 56.387     207.1
440
 2013 04 20 12 10 12.813     2013 04 20 12 12 49.140     156.3
 2013 04 20 22 12 33.499     2013 04 20 22 15 43.505     190.0
441
 2013 04 20 12 15 17.516     2013 04 20 12 19  8.045     230.5
 2013 04 20 20 33 52.111     2013 04 20 20 36 30.925     158.8
442
 2013 04 20 00 10   .180     2013 04 20 00 13  3.111     182.9
 2013 04 20 13 43 36.157     2013 04 20 13 45 21.729     105.6
443
 2013 04 20 18 59 15.554     2013 04 20 18 59 56.542      41.0
444
 2013 04 20 12 11 17.955     2013 04 20 12 14 23.109     185.2
 2013 04 20 22 12 43.463     2013 04 20 22 15 33.720     170.3
445
 2013 04 20 00 10 54.296     2013 04 20 00 14 12.762     198.5
446
447
448
 2013 04 20 22 16 32.218     2013 04 20 22 19 11.404     159.2
449
 2013 04 20 12 06 59.642     2013 04 20 12 10   .917     181.3
450
 2013 04 20 12 07 55.731     2013 04 20 12 10 42.226     166.5
451
 2013 04 20 13 54 55.570     2013 04 20 13 55 22.966      27.4
 2013 04 20 20 30  7.901     2013 04 20 20 33 32.673     204.8
452
 2013 04 20 12 14 22.542     2013 04 20 12 16 57.802     155.3
453
 2013 04 20 08 55 30.368     2013 04 20 08 58 37.733     187.4
 2013 04 20 20 43 28.275     2013 04 20 20 46  2.314     154.0
454
 2013 04 20 10 31 40.816     2013 04 20 10 35 14.711     213.9
 2013 04 20 22 16 14.602     2013 04 20 22 20   .565     226.0
455
 2013 04 20 12 17 42.756     2013 04 20 12 20 46.663     183.9
 2013 04 20 20 30 48.452     2013 04 20 20 31 49.782      61.3
456
 2013 04 20 15 28 52.086     2013 04 20 15 32 43.749     231.7
 2013 04 20 22 04 48.792     2013 04 20 22 07 29.617     160.8
457
 2013 04 20 12 21 51.748     2013 04 20 12 24 49.690     177.9
 2013 04 20 17 17 18.449     2013 04 20 17 20 23.851     185.4
458
 2013 04 20 12 19 29.626     2013 04 20 12 22  6.563     156.9
 2013 04 20 18 54 12.767     2013 04 20 18 57   .294     167.5
459
 2013 04 20 10 40 19.424     2013 04 20 10 42 54.749     155.3
 2013 04 20 19 01  9.201     2013 04 20 19 01 33.467      24.3
460
 2013 04 20 12 07 34.429     2013 04 20 12 09  9.149      94.7
461
 2013 04 20 20 35 13.128     2013 04 20 20 38 14.395     181.3
462
463
464
 2013 04 20 10 29 52.777     2013 04 20 10 33 32.059     219.3
 2013 04 20 22 17 38.830     2013 04 20 22 20 14.595     155.8
465
466
 2013 04 20 12 20 56.962     2013 04 20 12 24 11.074     194.1
 2013 04 20 18 54 51.033     2013 04 20 18 58 35.902     224.9
467
 2013 04 20 10 38 21.965     2013 04 20 10 40 59.793     157.8
 2013 04 20 20 36 21.011     2013 04 20 20 36 22.008       1.0
468
 2013 04 20 20 40 39.296     2013 04 20 20 44 17.535     218.2
469
470
 2013 04 20 12 13 30.584     2013 04 20 12 14 17.574      47.0
 2013 04 20 22 10 42.022     2013 04 20 22 13 50.603     188.6
471
 2013 04 20 10 41 12.385     2013 04 20 10 42 10.535      58.1
 2013 04 20 20 34 45.932     2013 04 20 20 36  9.000      83.1
472
 2013 04 20 15 30 54.317     2013 04 20 15 34 19.684     205.4
 2013 04 20 20 26 47.899     2013 04 20 20 29 56.524     188.6
473
 2013 04 20 22 13 37.360     2013 04 20 22 16 43.759     186.4
474
 2013 04 20 13 50  1.848     2013 04 20 13 52 43.354     161.5
 2013 04 20 22 07 19.140     2013 04 20 22 10 27.140     188.0
475
 2013 04 20 08 59 15.010     2013 04 20 08 59 37.977      23.0
 2013 04 20 20 42 37.425     2013 04 20 20 45 11.484     154.1
476
 2013 04 20 00 08 29.495     2013 04 20 00 11 53.232     203.7
 2013 04 20 13 46  9.758     2013 04 20 13 49 20.943     191.2
477
 2013 04 20 13 49  9.765     2013 04 20 13 51 46.856     157.1
478
 2013 04 20 10 41 39.720     2013 04 20 10 44 15.413     155.7
 2013 04 20 18 57 58.192     2013 04 20 19 00 35.949     157.8
479
 2013 04 20 10 30 22.194     2013 04 20 10 33  7.190     165.0
 2013 04 20 22 18 17.965     2013 04 20 22 20 54.006     156.0
480
 2013 04 20 13 53 13.124     2013 04 20 13 56 34.999     201.9
 2013 04 20 20 29 22.230     2013 04 20 20 32 50.289     208.1
481
 2013 04 20 12 09  1.702     2013 04 20 12 11 42.391     160.7
482
 2013 04 20 13 48 29.316     2013 04 20 13 52 13.605     224.3
483
 2013 04 20 13 55  8.210     2013 04 20 13 58 56.040     227.8
 2013 04 20 20 29 53.766     2013 04 20 20 33 24.778     211.0
484
 2013 04 20 00 11  6.128     2013 04 20 00 11 29.789      23.7
485
486
 2013 04 20 10 38 33.062     2013 04 20 10 38 57.930      24.9
487
 2013 04 20 00 14 18.758     2013 04 20 00 17   .963     162.2
 2013 04 20 12 04 59.767     2013 04 20 12 07 45.678     165.9
488
 2013 04 20 12 10 15.073     2013 04 20 12 11 59.971     104.9
 2013 04 20 22 13 36.550     2013 04 20 22 16 12.591     156.0
489
 2013 04 20 22 08 13.402     2013 04 20 22 10 17.078     123.7
490
 2013 04 20 10 37  1.932     2013 04 20 10 40  2.503     180.6
 2013 04 20 20 36 43.173     2013 04 20 20 39 19.797     156.6
491
 2013 04 20 13 49 23.210     2013 04 20 13 52  5.535     162.3
 2013 04 20 22 10 25.645     2013 04 20 22 10 26.897       1.3
492
 2013 04 20 10 38 12.564     2013 04 20 10 41 29.459     196.9
493
 2013 04 20 12 14 45.159     2013 04 20 12 18 17.204     212.0
 2013 04 20 20 30 58.183     2013 04 20 20 31 31.178      33.0
494
 2013 04 20 13 49 46.130     2013 04 20 13 53  5.897     199.8
 2013 04 20 22 05 53.875     2013 04 20 22 09 16.123     202.2
495
 2013 04 20 12 18  9.792     2013 04 20 12 18 59.214      49.4
 2013 04 20 18 55  2.813     2013 04 20 18 58 49.426     226.6
496
 2013 04 20 10 35  2.787     2013 04 20 10 37 51.226     168.4
497
 2013 04 20 18 55 48.905     2013 04 20 18 56  4.642      15.7
498
 2013 04 20 12 20 25.350     2013 04 20 12 23 18.235     172.9
 2013 04 20 18 54 52.385     2013 04 20 18 57 45.819     173.4
499
500
 2013 04 20 00 11 34.313     2013 04 20 00 15  6.004     211.7
501
 2013 04 20 00 08 57.740     2013 04 20 00 12 38.196     220.5
 2013 04 20 13 45 37.477     2013 04 20 13 45 59.251      21.8
502
 2013 04 20 13 53 34.257     2013 04 20 13 56 21.842     167.6
 2013 04 20 20 28 57.839     2013 04 20 20 32 15.144     197.3
503
 2013 04 20 12 15 26.099     2013 04 20 12 15 51.853      25.8
 2013 04 20 20 31  7.265     2013 04 20 20 33 58.811     171.5
504
 2013 04 20 15 28 49.587     2013 04 20 15 32 33.804     224.2
 2013 04 20 22 04 44.574     2013 04 20 22 07 23.264     158.7
505
 2013 04 20 18 55 56.000     2013 04 20 18 58 43.379     167.4
506
 2013 04 20 12 14 14.372     2013 04 20 12 17  8.751     174.4
507
 2013 04 20 12 07 57.853     2013 04 20 12 11 30.577     212.7
508
 2013 04 20 13 49 14.182     2013 04 20 13 52  1.542     167.4
509
 2013 04 20 20 34  5.054     2013 04 20 20 37 31.738     206.7
510
 2013 04 20 13 55 28.393     2013 04 20 13 58 57.180     208.8
 2013 04 20 20 29 33.706     2013 04 20 20 33 23.677     230.0
511
 2013 04 20 20 40 41.225     2013 04 20 20 44 17.835     216.6
512
 2013 04 20 10 36 44.967     2013 04 20 10 39 49.355     184.4
 2013 04 20 20 36 46.660     2013 04 20 20 39 22.194     155.5
513
 2013 04 20 20 39 19.439     2013 04 20 20 42 12.292     172.9
514
 2013 04 20 12 11 37.562     2013 04 20 12 15  6.862     209.3
 2013 04 20 22 12 26.033     2013 04 20 22 15 59.487     213.5
515
 2013 04 20 13 50 40.920     2013 04 20 13 53 57.723     196.8
 2013 04 20 22 06  9.086     2013 04 20 22 08 46.437     157.4
516
 2013 04 20 10 34  6.868     2013 04 20 10 36 40.270     153.4
517
 2013 04 20 08 56 10.617     2013 04 20 08 58 47.924     157.3
 2013 04 20 20 43 38.348     2013 04 20 20 46 28.141     169.8
518
 2013 04 20 10 35 52.658     2013 04 20 10 39  8.998     196.3
 2013 04 20 20 38 43.991     2013 04 20 20 41 18.834     154.8
519
 2013 04 20 12 18 40.381     2013 04 20 12 21 34.140     173.8
 2013 04 20 18 53 14.926     2013 04 20 18 56 44.602     209.7
520
 2013 04 20 12 16  3.916     2013 04 20 12 19 44.135     220.2
 2013 04 20 20 33 34.809     2013 04 20 20 36 20.304     165.5
521
 2013 04 20 12 14 12.744     2013 04 20 12 14 19.437       6.7
 2013 04 20 22 10 32.107     2013 04 20 22 13 49.846     197.7
522
 2013 04 20 13 56 39.236     2013 04 20 13 59 37.318     178.1
 2013 04 20 18 52  4.966     2013 04 20 18 54 57.831     172.9
523
 2013 04 20 13 51 55.251     2013 04 20 13 55 23.165     207.9
 2013 04 20 22 07  3.180     2013 04 20 22 07  5.403       2.2
524
 2013 04 20 00 09 54.647     2013 04 20 00 13  2.236     187.6
525
 2013 04 20 13 48 57.795     2013 04 20 13 51 44.314     166.5
526
527
 2013 04 20 12 12 20.845     2013 04 20 12 16  8.793     227.9
 2013 04 20 22 09 57.036     2013 04 20 22 13 14.498     197.5
528
 2013 04 20 13 50 45.265     2013 04 20 13 53 27.811     162.5
 2013 04 20 22 06 44.182     2013 04 20 22 09 23.169     159.0
529
530
 2013 04 20 22 09 53.139     2013 04 20 22 12 48.905     175.8
531
 2013 04 20 13 48 22.574     2013 04 20 13 51  6.573     164.0
532
533
 2013 04 20 13 49 51.538     2013 04 20 13 52 53.621     182.1
 2013 04 20 22 07 44.980     2013 04 20 22 10 47.789     182.8
534
 2013 04 20 12 11  1.197     2013 04 20 12 12 26.813      85.6
 2013 04 20 22 13  1.172     2013 04 20 22 16 12.424     191.3
535
 2013 04 20 00 11 27.874     2013 04 20 00 14 28.732     180.9
536
 2013 04 20 22 09 44.718     2013 04 20 22 12 21.607     156.9
537
 2013 04 20 13 51 43.610     2013 04 20 13 55 17.847     214.2
 2013 04 20 22 07 15.360     2013 04 20 22 07 58.468      43.1
538
 2013 04 20 10 38 40.112     2013 04 20 10 42  3.549     203.4
539
 2013 04 20 12 13 39.113     2013 04 20 12 16 22.942     163.8
540
 2013 04 20 13 48 23.195     2013 04 20 13 52  1.352     218.2
541
 2013 04 20 00 13  6.762     2013 04 20 00 14 29.243      82.5
 2013 04 20 12 06  8.971     2013 04 20 12 08 56.918     167.9
542
 2013 04 20 20 34 13.411     2013 04 20 20 37 45.878     212.5
543
 2013 04 20 15 29 55.016     2013 04 20 15 32 51.007     176.0
 2013 04 20 17 07 22.137     2013 04 20 17 07 39.698      17.6
 2013 04 20 20 24 34.206     2013 04 20 20 28 17.000     222.8
 2013 04 20 22 02 36.382     2013 04 20 22 06  8.623     212.2
544
 2013 04 20 12 10 11.495     2013 04 20 12 13  2.860     171.4
 2013 04 20 22 12 59.983     2013 04 20 22 15 53.596     173.6
545
546
 2013 04 20 12 16 29.893     2013 04 20 12 16 39.950      10.1
 2013 04 20 20 33 20.520     2013 04 20 20 36 58.386     217.9
547
548
 2013 04 20 13 47 49.830     2013 04 20 13 50 26.899     157.1
549
 2013 04 20 13 53 49.348     2013 04 20 13 56 26.124     156.8
 2013 04 20 20 28 39.822     2013 04 20 20 31 41.125     181.3
550
 2013 04 20 13 47 40.224     2013 04 20 13 50 29.700     169.5
 2013 04 20 23 44 42.834     2013 04 20 23 45  8.895      26.1
551
552
 2013 04 20 10 42 25.978     2013 04 20 10 42 41.986      16.0
 2013 04 20 18 55 57.523     2013 04 20 18 59 22.668     205.1
553
 2013 04 20 13 52 26.149     2013 04 20 13 55  5.667     159.5
 2013 04 20 22 05 50.979     2013 04 20 22 06 33.124      42.1
554
 2013 04 20 12 12  2.285     2013 04 20 12 14 55.519     173.2
 2013 04 20 22 11  8.079     2013 04 20 22 13 58.377     170.3
555
 2013 04 20 10 33 59.560     2013 04 20 10 36 39.892     160.3
556
 2013 04 20 12 06 45.919     2013 04 20 12 07 33.926      48.0
557
 2013 04 20 12 15 45.660     2013 04 20 12 18 33.704     168.0
 2013 04 20 20 33  1.083     2013 04 20 20 35 46.929     165.8
558
 2013 04 20 10 38 38.163     2013 04 20 10 42 22.968     224.8
559
 2013 04 20 10 39 23.601     2013 04 20 10 42 51.287     207.7
560
 2013 04 20 13 49 52.290     2013 04 20 13 53 42.596     230.3
 2013 04 20 22 08 26.161     2013 04 20 22 11  4.817     158.7
561
 2013 04 20 22 17 35.804     2013 04 20 22 18 17.853      42.0
562
 2013 04 20 12 12 32.112     2013 04 20 12 13 42.104      70.0
563
 2013 04 20 10 38 41.631     2013 04 20 10 41 21.236     159.6
564
 2013 04 20 22 15  9.237     2013 04 20 22 18 51.818     222.6
565
 2013 04 20 13 50 34.010     2013 04 20 13 53 19.782     165.8
 2013 04 20 22 07 33.352     2013 04 20 22 10 12.374     159.0
566
 2013 04 20 00 10 14.009     2013 04 20 00 10 37.304      23.3
567
 2013 04 20 15 28 43.880     2013 04 20 15 32 31.255     227.4
 2013 04 20 22 04 46.485     2013 04 20 22 07 24.146     157.7
568
 2013 04 20 12 08 20.707     2013 04 20 12 11 24.490     183.8
569
570
 2013 04 20 22 08 14.694     2013 04 20 22 11 29.504     194.8
571
 2013 04 20 22 17  5.426     2013 04 20 22 19 46.124     160.7
572
 2013 04 20 13 55 57.212     2013 04 20 13 58 45.986     168.8
 2013 04 20 18 51 10.950     2013 04 20 18 54 52.511     221.6
 2013 04 20 20 28 49.814     2013 04 20 20 29  2.335      12.5
573
 2013 04 20 10 35 23.409     2013 04 20 10 37 57.150     153.7
 2013 04 20 20 37 36.305     2013 04 20 20 41 16.157     219.9
574
575
 2013 04 20 12 18 49.361     2013 04 20 12 22 40.021     230.7
 2013 04 20 13 56 44.428     2013 04 20 13 58 38.464     114.0
 2013 04 20 18 53   .762     2013 04 20 18 55 44.222     163.5
576
 2013 04 20 13 53 20.899     2013 04 20 13 56  3.863     163.0
 2013 04 20 20 28  2.070     2013 04 20 20 31 33.153     211.1
577
 2013 04 20 13 54 28.937     2013 04 20 13 57 40.690     191.8
 2013 04 20 15 32   .937     2013 04 20 15 32  7.993       7.1
 2013 04 20 20 28  6.044     2013 04 20 20 30 51.388     165.3
578
 2013 04 20 10 35 56.324     2013 04 20 10 39 27.336     211.0
 2013 04 20 20 38 48.502     2013 04 20 20 41 24.747     156.2
579
 2013 04 20 13 50 57.076     2013 04 20 13 53 35.618     158.5
 2013 04 20 22 06 51.440     2013 04 20 22 09 28.047     156.6
580
 2013 04 20 20 38 47.397     2013 04 20 20 42 33.291     225.9
581
 2013 04 20 20 42 15.277     2013 04 20 20 44 49.728     154.5
582
 2013 04 20 12 10 27.068     2013 04 20 12 13 23.245     176.2
 2013 04 20 22 11 32.834     2013 04 20 22 14 43.576     190.7
583
 2013 04 20 12 13 50.107     2013 04 20 12 17 38.073     228.0
584
 2013 04 20 13 55  9.688     2013 04 20 13 57 49.113     159.4
 2013 04 20 20 28 38.037     2013 04 20 20 31 40.829     182.8
585
 2013 04 20 22 09 15.311     2013 04 20 22 12  3.616     168.3
586
 2013 04 20 13 52 11.701     2013 04 20 13 54 50.604     158.9
 2013 04 20 22 06 29.293     2013 04 20 22 10 17.509     228.2
587
 2013 04 20 15 30 37.695     2013 04 20 15 33 27.458     169.8
 2013 04 20 20 25 53.503     2013 04 20 20 29 26.365     212.9
588
 2013 04 20 00 12 43.376     2013 04 20 00 15 55.858     192.5
589
 2013 04 20 13 56  2.447     2013 04 20 13 58 41.728     159.3
 2013 04 20 18 50 50.528     2013 04 20 18 54  5.988     195.5
590
 2013 04 20 12 08 52.877     2013 04 20 12 12  1.189     188.3
591
 2013 04 20 12 19 40.025     2013 04 20 12 22 20.440     160.4
 2013 04 20 18 54  5.319     2013 04 20 18 56 45.137     159.8
592
 2013 04 20 13 52 18.958     2013 04 20 13 55  2.637     163.7
 2013 04 20 22 06 27.476     2013 04 20 22 06 58.689      31.2
593
 2013 04 20 00 12 26.847     2013 04 20 00 15  1.859     155.0
594
595
 2013 04 20 12 19 44.282     2013 04 20 12 22 38.065     173.8
 2013 04 20 18 54 55.902     2013 04 20 18 57 34.097     158.2
596
 2013 04 20 22 18   .637     2013 04 20 22 19  3.456      62.8
597
 2013 04 20 20 35  2.049     2013 04 20 20 38 21.470     199.4
598
 2013 04 20 12 07 11.098     2013 04 20 12 10 35.172     204.1
599
 2013 04 20 22 04 24.883     2013 04 20 22 08 14.308     229.4
600
 2013 04 20 13 52 22.177     2013 04 20 13 56  9.738     227.6
 2013 04 20 20 26 49.736     2013 04 20 20 27  9.158      19.4
601
602
 2013 04 20 20 42 14.982     2013 04 20 20 44 49.352     154.4
603
 2013 04 20 10 35 33.045     2013 04 20 10 38 16.759     163.7
 2013 04 20 20 37 10.082     2013 04 20 20 40 45.207     215.1
604
605
 2013 04 20 12 09 55.650     2013 04 20 12 13 15.127     199.5
 2013 04 20 22 13 26.887     2013 04 20 22 16 13.130     166.2
606
 2013 04 20 12 19 50.292     2013 04 20 12 23 37.366     227.1
 2013 04 20 18 55 37.066     2013 04 20 18 58 20.351     163.3
607
 2013 04 20 12 21 26.776     2013 04 20 12 21 30.627       3.9
 2013 04 20 20 29 59.705     2013 04 20 20 31  1.035      61.3
608
 2013 04 20 22 09 30.857     2013 04 20 22 12 15.965     165.1
609
 2013 04 20 22 14  3.642     2013 04 20 22 16 38.351     154.7
610
 2013 04 20 22 17 11.645     2013 04 20 22 20  9.622     178.0
611
 2013 04 20 13 50  4.325     2013 04 20 13 52 47.933     163.6
 2013 04 20 22 06 32.102     2013 04 20 22 09 45.969     193.9
612
 2013 04 20 15 29 50.636     2013 04 20 15 30 29.139      38.5
 2013 04 20 22 04 28.144     2013 04 20 22 06  3.835      95.7
613
 2013 04 20 10 33 59.548     2013 04 20 10 37  5.456     185.9
614
 2013 04 20 12 16 28.918     2013 04 20 12 19 27.266     178.3
 2013 04 20 20 31 47.561     2013 04 20 20 34 25.540     158.0
615
 2013 04 20 00 11 35.406     2013 04 20 00 14  9.596     154.2
616
 2013 04 20 12 19 32.377     2013 04 20 12 23 25.506     233.1
 2013 04 20 18 55 41.657     2013 04 20 18 58 19.172     157.5
617
 2013 04 20 20 38 36.882     2013 04 20 20 42 13.897     217.0
618
 2013 04 20 13 52 16.746     2013 04 20 13 55 46.082     209.3
619
 2013 04 20 12 09 46.635     2013 04 20 12 13 11.869     205.2
 2013 04 20 22 13 56.897     2013 04 20 22 14 56.056      59.2
620
 2013 04 20 10 37 58.882     2013 04 20 10 40 57.290     178.4
 2013 04 20 20 35 59.808     2013 04 20 20 39 21.936     202.1
621
 2013 04 20 12 12 25.709     2013 04 20 12 15   .729     155.0
 2013 04 20 22 11 25.359     2013 04 20 22 14 51.184     205.8
622
 2013 04 20 13 49 27.147     2013 04 20 13 50 31.797      64.6
 2013 04 20 22 08 28.039     2013 04 20 22 11 19.864     171.8
623
624
 2013 04 20 00 09 56.211     2013 04 20 00 13  5.657     189.4
625
 2013 04 20 22 10 13.174     2013 04 20 22 10 30.205      17.0
626
 2013 04 20 12 20 16.642     2013 04 20 12 24  2.036     225.4
 2013 04 20 18 55 27.827     2013 04 20 18 58 34.328     186.5
627
 2013 04 20 22 16 25.686     2013 04 20 22 19 58.553     212.9
628
 2013 04 20 13 54 38.990     2013 04 20 13 57 16.085     157.1
 2013 04 20 20 28 59.797     2013 04 20 20 31 38.456     158.7
629
 2013 04 20 12 11 59.150     2013 04 20 12 15 40.304     221.2
 2013 04 20 22 10 23.117     2013 04 20 22 13 16.850     173.7
630
 2013 04 20 12 11 59.668     2013 04 20 12 12 57.046      57.4
631
 2013 04 20 10 36 26.091     2013 04 20 10 39 34.291     188.2
 2013 04 20 20 36 47.461     2013 04 20 20 39 29.133     161.7
632
 2013 04 20 20 41  3.902     2013 04 20 20 44  5.107     181.2
633
 2013 04 20 22 08  1.611     2013 04 20 22 08 11.763      10.2
634
 2013 04 20 12 13 26.894     2013 04 20 12 16  3.001     156.1
635
 2013 04 20 13 53 33.784     2013 04 20 13 56 28.820     175.0
 2013 04 20 20 28  3.394     2013 04 20 20 31  6.894     183.5
636
 2013 04 20 10 31 27.813     2013 04 20 10 34  1.252     153.4
 2013 04 20 22 17 37.582     2013 04 20 22 21 17.529     219.9
637
 2013 04 20 10 40 11.427     2013 04 20 10 42 46.680     155.3
638
639
 2013 04 20 12 20 56.086     2013 04 20 12 23 37.455     161.4
 2013 04 20 17 15 38.263     2013 04 20 17 19 32.571     234.3
 2013 04 20 18 53 48.078     2013 04 20 18 57 19.784     211.7
640
 2013 04 20 22 15 47.838     2013 04 20 22 18 26.800     159.0
641
 2013 04 20 13 54 48.057     2013 04 20 13 57 50.303     182.2
 2013 04 20 20 29 37.994     2013 04 20 20 32 24.803     166.8
642
 2013 04 20 20 41 37.947     2013 04 20 20 44 13.918     156.0
643
 2013 04 20 00 05 51.847     2013 04 20 00 05 57.728       5.9
 2013 04 20 13 47 34.703     2013 04 20 13 50 44.135     189.4
 2013 04 20 23 44 26.462     2013 04 20 23 45 14.587      48.1
644
 2013 04 20 12 17 38.389     2013 04 20 12 20 46.825     188.4
645
 2013 04 20 13 49  6.372     2013 04 20 13 52 55.896     229.5
 2013 04 20 22 08 13.304     2013 04 20 22 11 34.360     201.1
646
 2013 04 20 00 13 34.522     2013 04 20 00 16  9.430     154.9
 2013 04 20 12 04 39.258     2013 04 20 12 05 16.255      37.0
647
 2013 04 20 10 39 11.329     2013 04 20 10 41 54.917     163.6
648
 2013 04 20 10 33  8.740     2013 04 20 10 35 22.148     133.4
649
 2013 04 20 10 35 23.885     2013 04 20 10 39  1.927     218.0
 2013 04 20 20 36 17.586     2013 04 20 20 39 56.657     219.1
650
 2013 04 20 12 19  4.909     2013 04 20 12 22 49.538     224.6
 2013 04 20 13 56 57.701     2013 04 20 14 00 52.046     234.3
 2013 04 20 18 53  8.443     2013 04 20 18 55 47.091     158.6
651
652
 2013 04 20 12 16 10.980     2013 04 20 12 18 52.416     161.4
 2013 04 20 20 32 51.995     2013 04 20 20 35 28.885     156.9
653
 2013 04 20 12 20 11.884     2013 04 20 12 23 20.535     188.7
 2013 04 20 13 57 44.675     2013 04 20 13 58 10.367      25.7
 2013 04 20 18 53 29.994     2013 04 20 18 56 28.209     178.2
654
 2013 04 20 12 15 59.650     2013 04 20 12 16  5.510       5.9
 2013 04 20 20 33 45.412     2013 04 20 20 36 45.370     180.0
655
 2013 04 20 13 55  5.639     2013 04 20 13 58 13.380     187.7
 2013 04 20 15 32 41.828     2013 04 20 15 34  9.262      87.4
 2013 04 20 18 49 43.824     2013 04 20 18 53 32.124     228.3
 2013 04 20 20 27 56.017     2013 04 20 20 31 16.992     201.0
656
 2013 04 20 13 54 43.004     2013 04 20 13 58 23.091     220.1
 2013 04 20 20 30  2.725     2013 04 20 20 32 58.320     175.6
657
 2013 04 20 10 35 19.274     2013 04 20 10 38 25.691     186.4
 2013 04 20 20 36 40.259     2013 04 20 20 36 50.104       9.8
658
 2013 04 20 10 38 31.286     2013 04 20 10 42  1.237     210.0
 2013 04 20 20 34 51.319     2013 04 20 20 34 59.603       8.3
659
 2013 04 20 22 09 50.126     2013 04 20 22 12 25.768     155.6
660
 2013 04 20 20 34 24.528     2013 04 20 20 37 16.605     172.1
661
 2013 04 20 20 39 50.810     2013 04 20 20 43 37.838     227.0
662
 2013 04 20 10 31 45.212     2013 04 20 10 35 29.736     224.5
663
 2013 04 20 22 14 44.456     2013 04 20 22 17 49.155     184.7
664
 2013 04 20 22 14 23.162     2013 04 20 22 17 11.100     167.9
665
 2013 04 20 13 53 13.978     2013 04 20 13 55 51.931     158.0
 2013 04 20 20 28  3.327     2013 04 20 20 31 51.361     228.0
666
 2013 04 20 12 15 11.985     2013 04 20 12 18 12.268     180.3
 2013 04 20 20 31 32.189     2013 04 20 20 35  4.060     211.9
667
 2013 04 20 10 33 24.364     2013 04 20 10 37 10.266     225.9
668
669
 2013 04 20 13 54 52.531     2013 04 20 13 55 43.965      51.4
 2013 04 20 22 04 54.150     2013 04 20 22 08 34.327     220.2
670
 2013 04 20 08 56 28.439     2013 04 20 09 00  8.334     219.9
 2013 04 20 20 42 15.897     2013 04 20 20 45 18.835     182.9
671
672
 2013 04 20 15 30 52.326     2013 04 20 15 33 46.354     174.0
 2013 04 20 20 26 14.441     2013 04 20 20 29 28.772     194.3
673
 2013 04 20 10 39 29.277     2013 04 20 10 42 26.850     177.6
674
 2013 04 20 22 13 53.741     2013 04 20 22 14 15.366      21.6
675
 2013 04 20 12 09  7.041     2013 04 20 12 12  2.998     176.0
676
 2013 04 20 12 15 42.036     2013 04 20 12 18 17.569     155.5
 2013 04 20 20 32 27.057     2013 04 20 20 35 26.613     179.6
677
 2013 04 20 13 52 40.984     2013 04 20 13 53 10.804      29.8
 2013 04 20 22 05 10.429     2013 04 20 22 05 34.153      23.7
678
 2013 04 20 10 36 55.383     2013 04 20 10 40 27.808     212.4
 2013 04 20 20 38   .029     2013 04 20 20 41 26.323     206.3
679
680
 2013 04 20 12 20 27.187     2013 04 20 12 23  4.361     157.2
 2013 04 20 18 54 19.434     2013 04 20 18 57 11.347     171.9
681
 2013 04 20 12 19 22.108     2013 04 20 12 22 48.967     206.9
 2013 04 20 18 55 20.358     2013 04 20 18 58  1.650     161.3
682
 2013 04 20 12 18 14.435     2013 04 20 12 20 55.019     160.6
683
 2013 04 20 10 36 57.059     2013 04 20 10 39 31.990     154.9
 2013 04 20 20 37 38.025     2013 04 20 20 40 16.286     158.3
684
 2013 04 20 00 06 52.427     2013 04 20 00 07 13.832      21.4
 2013 04 20 13 47 25.373     2013 04 20 13 49 59.928     154.6
685
 2013 04 20 10 39 23.010     2013 04 20 10 43  7.075     224.1
686
 2013 04 20 10 41 35.758     2013 04 20 10 44 15.326     159.6
 2013 04 20 18 58 14.475     2013 04 20 19 00 51.908     157.4
687
 2013 04 20 12 19 15.433     2013 04 20 12 22 14.067     178.6
 2013 04 20 18 54 49.287     2013 04 20 18 57 43.904     174.6
688
 2013 04 20 13 53 53.517     2013 04 20 13 56 30.315     156.8
 2013 04 20 20 28 43.514     2013 04 20 20 31 40.552     177.0
689
 2013 04 20 12 17  3.661     2013 04 20 12 18 10.822      67.2
690
 2013 04 20 12 12 16.803     2013 04 20 12 15  2.013     165.2
 2013 04 20 22 11 43.024     2013 04 20 22 15 16.292     213.3
691
 2013 04 20 12 20   .021     2013 04 20 12 22 46.757     166.7
 2013 04 20 18 54 49.315     2013 04 20 18 57 27.219     157.9
692
 2013 04 20 12 19 39.789     2013 04 20 12 22 36.278     176.5
 2013 04 20 18 54 57.768     2013 04 20 18 57 36.919     159.2
693
 2013 04 20 12 19 23.753     2013 04 20 12 23  8.242     224.5
 2013 04 20 18 55 34.603     2013 04 20 18 58 12.602     158.0
694
 2013 04 20 12 14  8.941     2013 04 20 12 17   .146     171.2
695
 2013 04 20 20 41 36.676     2013 04 20 20 44 13.372     156.7
696
 2013 04 20 13 52 49.283     2013 04 20 13 55 28.821     159.5
697
 2013 04 20 22 14 53.614     2013 04 20 22 17 45.080     171.5
698
 2013 04 20 22 19 10.144     2013 04 20 22 20 19.104      69.0
699
 2013 04 20 10 31 43.719     2013 04 20 10 34 21.567     157.8
700
 2013 04 20 12 19 37.059     2013 04 20 12 22 44.816     187.8
 2013 04 20 18 55  8.340     2013 04 20 18 57 46.939     158.6
701
 2013 04 20 12 20  1.733     2013 04 20 12 23 15.847     194.1
 2013 04 20 13 57 37.784     2013 04 20 13 58 15.714      37.9
 2013 04 20 18 53 27.949     2013 04 20 18 56 19.720     171.8
702
 2013 04 20 13 56 13.912     2013 04 20 13 58 59.815     165.9
 2013 04 20 18 51 25.910     2013 04 20 18 54 44.326     198.4
703
 2013 04 20 12 14  7.631     2013 04 20 12 16 46.554     158.9
704
 2013 04 20 22 13 27.592     2013 04 20 22 16 58.788     211.2
705
 2013 04 20 00 12 20.882     2013 04 20 00 15 20.455     179.6
706
 2013 04 20 20 35 27.976     2013 04 20 20 38 28.401     180.4
707
 2013 04 20 12 21 39.406     2013 04 20 12 24 19.413     160.0
 2013 04 20 17 16 42.116     2013 04 20 17 19 57.877     195.8
708
709
 2013 04 20 10 38 12.986     2013 04 20 10 40 57.530     164.5
 2013 04 20 20 36 34.443     2013 04 20 20 36 36.904       2.5
710
 2013 04 20 20 34 16.082     2013 04 20 20 37 27.212     191.1
711
712
 2013 04 20 13 53 19.531     2013 04 20 13 56  3.518     164.0
 2013 04 20 20 28 39.322     2013 04 20 20 32 19.966     220.6
713
 2013 04 20 00 09 59.745     2013 04 20 00 12 34.390     154.6
 2013 04 20 13 44 22.541     2013 04 20 13 44 58.531      36.0
714
 2013 04 20 22 08 44.677     2013 04 20 22 12 15.386     210.7
715
 2013 04 20 12 17 15.709     2013 04 20 12 19 55.555     159.8
 2013 04 20 20 32 16.291     2013 04 20 20 35 34.329     198.0
716
 2013 04 20 22 14 14.140     2013 04 20 22 14 35.063      20.9
717
 2013 04 20 12 19 45.876     2013 04 20 12 23 33.571     227.7
 2013 04 20 18 55 38.023     2013 04 20 18 58 19.082     161.1
718
 2013 04 20 13 54   .349     2013 04 20 13 57 11.175     190.8
 2013 04 20 20 29 41.713     2013 04 20 20 32 24.438     162.7
719
 2013 04 20 20 40 18.289     2013 04 20 20 44  4.687     226.4
720
 2013 04 20 13 46 47.939     2013 04 20 13 47 49.630      61.7
721
 2013 04 20 22 15 22.832     2013 04 20 22 18 47.334     204.5
722
 2013 04 20 12 16 52.237     2013 04 20 12 17  4.955      12.7
 2013 04 20 20 32 58.870     2013 04 20 20 33 10.173      11.3
723
 2013 04 20 10 35  6.301     2013 04 20 10 38  4.332     178.0
 2013 04 20 20 38 30.708     2013 04 20 20 41 49.930     199.2
724
725
 2013 04 20 10 34  9.085     2013 04 20 10 37 38.386     209.3
 2013 04 20 20 41 57.792     2013 04 20 20 42 50.314      52.5
726
 2013 04 20 13 54 41.565     2013 04 20 13 57 19.564     158.0
 2013 04 20 20 28 49.833     2013 04 20 20 31 29.920     160.1
727
 2013 04 20 12 07 21.772     2013 04 20 12 10   .804     159.0
728
 2013 04 20 00 09 53.114     2013 04 20 00 12 38.212     165.1
729
 2013 04 20 12 07 13.344     2013 04 20 12 10 15.188     181.8
730
 2013 04 20 12 10 51.482     2013 04 20 12 13 55.474     184.0
 2013 04 20 22 13   .825     2013 04 20 22 15 36.714     155.9
731
 2013 04 20 12 18 19.487     2013 04 20 12 20 59.077     159.6
732
 2013 04 20 10 37 21.846     2013 04 20 10 40  1.302     159.5
 2013 04 20 20 37 26.410     2013 04 20 20 40 27.434     181.0
733
 2013 04 20 12 11  3.444     2013 04 20 12 12 20.243      76.8
734
 2013 04 20 10 31 11.684     2013 04 20 10 33 59.003     167.3
 2013 04 20 22 18  7.948     2013 04 20 22 19  3.272      55.3
735
736
 2013 04 20 12 19 24.586     2013 04 20 12 22  6.470     161.9
 2013 04 20 18 53 56.350     2013 04 20 18 56 44.314     168.0
737
 2013 04 20 12 12 10.691     2013 04 20 12 15 13.356     182.7
 2013 04 20 22 10 50.507     2013 04 20 22 13 48.682     178.2
738
739
740
 2013 04 20 13 54  7.263     2013 04 20 13 57  4.089     176.8
 2013 04 20 20 29 30.016     2013 04 20 20 32 12.028     162.0
741
 2013 04 20 13 50 43.759     2013 04 20 13 53 19.807     156.0
 2013 04 20 22 07 11.389     2013 04 20 22 09 50.189     158.8
742
 2013 04 20 12 19  6.767     2013 04 20 12 21 44.537     157.8
 2013 04 20 18 54  8.080     2013 04 20 18 57 19.937     191.9
743
 2013 04 20 13 50 16.256     2013 04 20 13 52 55.265     159.0
 2013 04 20 22 06 45.078     2013 04 20 22 09 45.875     180.8
744
 2013 04 20 15 30  5.325     2013 04 20 15 33 12.063     186.7
 2013 04 20 22 03 55.329     2013 04 20 22 07 35.522     220.2
745
 2013 04 20 13 53 50.581     2013 04 20 13 56 42.903     172.3
 2013 04 20 20 29 16.131     2013 04 20 20 32 12.227     176.1
746
 2013 04 20 22 05  8.304     2013 04 20 22 08  9.716     181.4
747
748
 2013 04 20 22 13 41.049     2013 04 20 22 16 31.637     170.6
749
 2013 04 20 10 41  7.566     2013 04 20 10 44 20.335     192.8
 2013 04 20 18 57  1.520     2013 04 20 18 59 52.950     171.4
750
 2013 04 20 00 09 24.532     2013 04 20 00 12   .955     156.4
 2013 04 20 13 45  4.703     2013 04 20 13 48 25.024     200.3
751
 2013 04 20 10 41 19.566     2013 04 20 10 44 28.156     188.6
 2013 04 20 18 57  6.957     2013 04 20 18 59 50.605     163.6
752
 2013 04 20 00 09 46.867     2013 04 20 00 10 35.345      48.5
753
 2013 04 20 20 30 18.181     2013 04 20 20 33 14.590     176.4
754
 2013 04 20 12 06 53.833     2013 04 20 12 08 37.160     103.3
755
 2013 04 20 13 47  3.350     2013 04 20 13 50 23.592     200.2
756
 2013 04 20 13 55 32.631     2013 04 20 13 58 28.734     176.1
 2013 04 20 20 29 13.040     2013 04 20 20 32 49.250     216.2
757
 2013 04 20 13 52 47.954     2013 04 20 13 53 42.523      54.6
 2013 04 20 22 05 33.026     2013 04 20 22 08 39.801     186.8
758
 2013 04 20 12 14  6.850     2013 04 20 12 16 56.501     169.7
759
 2013 04 20 20 41   .041     2013 04 20 20 43 43.891     163.8
760
 2013 04 20 12 09 45.783     2013 04 20 12 10  5.139      19.4
 2013 04 20 22 13 55.838     2013 04 20 22 16 30.507     154.7
761
 2013 04 20 15 30 37.704     2013 04 20 15 33 15.346     157.6
 2013 04 20 20 25 29.070     2013 04 20 20 28 48.770     199.7
762
 2013 04 20 12 16 19.740     2013 04 20 12 17 27.663      67.9
763
 2013 04 20 13 51 12.999     2013 04 20 13 54 35.344     202.3
 2013 04 20 22 05 53.831     2013 04 20 22 08 41.323     167.5
764
765
 2013 04 20 20 35  7.540     2013 04 20 20 37 52.233     164.7
766
 2013 04 20 12 12 30.554     2013 04 20 12 15 44.766     194.2
 2013 04 20 22 10 19.695     2013 04 20 22 13 41.134     201.4
767
 2013 04 20 12 12 25.517     2013 04 20 12 15  6.458     160.9
 2013 04 20 22 11  4.023     2013 04 20 22 14 17.935     193.9
768
 2013 04 20 10 40 52.411     2013 04 20 10 43 32.312     159.9
 2013 04 20 18 58  6.841     2013 04 20 19 01 17.730     190.9
769
 2013 04 20 10 31 42.911     2013 04 20 10 35  8.952     206.0
 2013 04 20 22 16 19.464     2013 04 20 22 18 25.304     125.8
770
 2013 04 20 10 31 20.423     2013 04 20 10 34 29.011     188.6
771
 2013 04 20 12 17 17.813     2013 04 20 12 17 38.064      20.3
 2013 04 20 20 30 15.793     2013 04 20 20 34  6.924     231.1
772
 2013 04 20 12 08 32.787     2013 04 20 12 11 30.523     177.7
773
774
 2013 04 20 10 35 19.798     2013 04 20 10 38 54.149     214.4
 2013 04 20 20 36 18.894     2013 04 20 20 40  4.689     225.8
775
 2013 04 20 12 16 26.679     2013 04 20 12 19 16.747     170.1
 2013 04 20 20 31 57.699     2013 04 20 20 34 34.665     157.0
776
 2013 04 20 13 54 20.010     2013 04 20 13 57 40.612     200.6
 2013 04 20 15 31 58.884     2013 04 20 15 32 39.238      40.4
 2013 04 20 20 27 59.924     2013 04 20 20 30 43.104     163.2
777
 2013 04 20 12 20 45.587     2013 04 20 12 20 56.770      11.2
 2013 04 20 20 30 30.341     2013 04 20 20 33 43.455     193.1
778
 2013 04 20 13 52 29.199     2013 04 20 13 56 18.658     229.5
 2013 04 20 20 26 56.389     2013 04 20 20 30 44.285     227.9
779
780
 2013 04 20 12 22 25.930     2013 04 20 12 22 39.479      13.5
 2013 04 20 13 56 37.307     2013 04 20 14 00 19.529     222.2
 2013 04 20 18 52 44.470     2013 04 20 18 55 34.154     169.7
781
 2013 04 20 10 35 55.209     2013 04 20 10 38 53.313     178.1
 2013 04 20 20 38 30.966     2013 04 20 20 41  9.131     158.2
782
 2013 04 20 10 33 56.370     2013 04 20 10 37 38.918     222.5
783
 2013 04 20 12 21  2.751     2013 04 20 12 24 44.620     221.9
 2013 04 20 17 17  5.930     2013 04 20 17 17 15.643       9.7
 2013 04 20 18 54 58.370     2013 04 20 18 55  6.822       8.5
784
 2013 04 20 13 51  9.124     2013 04 20 13 53  7.584     118.5
 2013 04 20 22 07 49.025     2013 04 20 22 11 16.167     207.1
785
 2013 04 20 10 33 15.887     2013 04 20 10 35 50.792     154.9
786
 2013 04 20 15 28  3.501     2013 04 20 15 29  3.812      60.3
 2013 04 20 22 04 43.533     2013 04 20 22 07 33.449     169.9
787
 2013 04 20 22 13 37.980     2013 04 20 22 17 20.812     222.8
788
 2013 04 20 00 13  9.619     2013 04 20 00 15 54.992     165.4
789
 2013 04 20 10 34 20.084     2013 04 20 10 36 53.994     153.9
790
 2013 04 20 00 08 26.550     2013 04 20 00 11 17.077     170.5
 2013 04 20 13 46  5.496     2013 04 20 13 48 47.831     162.3
791
 2013 04 20 13 50 21.085     2013 04 20 13 53 52.565     211.5
 2013 04 20 22 08 11.843     2013 04 20 22 10 48.167     156.3
792
 2013 04 20 10 40 15.890     2013 04 20 10 42 55.091     159.2
 2013 04 20 19 01 20.111     2013 04 20 19 01 23.723       3.6
793
 2013 04 20 22 14 29.831     2013 04 20 22 17 10.668     160.8
794
 2013 04 20 00 08 24.787     2013 04 20 00 08 30.090       5.3
 2013 04 20 13 46  8.317     2013 04 20 13 47  5.990      57.7
795
 2013 04 20 12 13 57.778     2013 04 20 12 16 39.430     161.7
796
 2013 04 20 22 13 35.000     2013 04 20 22 13 36.159       1.2
797
 2013 04 20 10 42 25.284     2013 04 20 10 45 23.452     178.2
 2013 04 20 18 56 58.198     2013 04 20 18 59 56.254     178.1
798
 2013 04 20 22 19 19.959     2013 04 20 22 19 33.099      13.1
799
 2013 04 20 20 40 22.709     2013 04 20 20 43 52.736     210.0
800
 2013 04 20 10 44 38.652     2013 04 20 10 44 51.468      12.8
 2013 04 20 18 56 21.393     2013 04 20 18 59 17.184     175.8
801
 2013 04 20 10 37 37.910     2013 04 20 10 37 40.907       3.0
802
 2013 04 20 10 33 17.209     2013 04 20 10 35 52.542     155.3
803
804
 2013 04 20 10 34 56.680     2013 04 20 10 37 35.312     158.6
 2013 04 20 20 41  5.629     2013 04 20 20 41 56.361      50.7
805
 2013 04 20 13 55 27.624     2013 04 20 13 58  5.465     157.8
 2013 04 20 18 54   .713     2013 04 20 18 54 21.431      20.7
 2013 04 20 20 28 36.038     2013 04 20 20 31 59.437     203.4
806
 2013 04 20 12 17 39.847     2013 04 20 12 21 22.783     222.9
807
 2013 04 20 12 12 25.638     2013 04 20 12 12 26.699       1.1
 2013 04 20 22 09 46.200     2013 04 20 22 13 11.226     205.0
808
 2013 04 20 20 40 57.951     2013 04 20 20 43 40.643     162.7
809
810
 2013 04 20 12 13 18.484     2013 04 20 12 16 27.557     189.1
811
812
 2013 04 20 13 53 31.303     2013 04 20 13 56  9.467     158.2
 2013 04 20 20 28 36.112     2013 04 20 20 32  1.138     205.0
813
 2013 04 20 00 07 58.056     2013 04 20 00 11 37.523     219.5
 2013 04 20 13 46 38.664     2013 04 20 13 49 31.287     172.6
814
 2013 04 20 10 31 13.150     2013 04 20 10 34 13.410     180.3
815
816
 2013 04 20 00 08 47.817     2013 04 20 00 12 35.696     227.9
 2013 04 20 13 45 47.509     2013 04 20 13 46 29.783      42.3
817
818
819
 2013 04 20 12 18 54.023     2013 04 20 12 22 16.454     202.4
 2013 04 20 18 55   .613     2013 04 20 18 58  8.023     187.4
820
 2013 04 20 10 35 25.539     2013 04 20 10 38 16.306     170.8
 2013 04 20 20 36 58.268     2013 04 20 20 40 44.247     226.0
821
 2013 04 20 12 20 59.327     2013 04 20 12 24 43.442     224.1
 2013 04 20 17 20 46.807     2013 04 20 17 21 12.431      25.6
 2013 04 20 18 55  1.587     2013 04 20 18 55 23.350      21.8
822
 2013 04 20 12 18  9.800     2013 04 20 12 20 46.835     157.0
823
 2013 04 20 13 50 58.879     2013 04 20 13 54   .670     181.8
 2013 04 20 22 06 19.371     2013 04 20 22 08 56.671     157.3
824
 2013 04 20 13 52 43.215     2013 04 20 13 55 19.661     156.4
825
 2013 04 20 12 10 55.241     2013 04 20 12 10 56.325       1.1
826
 2013 04 20 20 34 29.825     2013 04 20 20 37  5.704     155.9
827
828
 2013 04 20 10 36 24.155     2013 04 20 10 39 29.628     185.5
 2013 04 20 20 38 23.404     2013 04 20 20 41  1.901     158.5
829
 2013 04 20 12 11 47.578     2013 04 20 12 14 30.640     163.1
 2013 04 20 22 11 32.117     2013 04 20 22 14 13.063     160.9
830
 2013 04 20 13 50 33.786     2013 04 20 13 54 23.416     229.6
 2013 04 20 22 08 14.255     2013 04 20 22 11   .761     166.5
831
 2013 04 20 20 41 20.978     2013 04 20 20 45  7.345     226.4
832
 2013 04 20 12 15 27.108     2013 04 20 12 18 37.800     190.7
 2013 04 20 20 31 32.227     2013 04 20 20 34 39.375     187.1
833
 2013 04 20 10 31 59.712     2013 04 20 10 35 10.488     190.8
 2013 04 20 22 16 14.194     2013 04 20 22 16 31.480      17.3
834
 2013 04 20 12 18 56.460     2013 04 20 12 22 46.314     229.9
 2013 04 20 13 56 52.246     2013 04 20 14 00 44.643     232.4
 2013 04 20 18 53  3.679     2013 04 20 18 55 43.977     160.3
835
 2013 04 20 13 55 13.284     2013 04 20 13 58  6.745     173.5
 2013 04 20 18 49 50.878     2013 04 20 18 50 50.835      60.0
 2013 04 20 20 28 10.133     2013 04 20 20 31 29.430     199.3
836
 2013 04 20 20 30 39.760     2013 04 20 20 33 18.695     158.9
837
 2013 04 20 10 37 13.177     2013 04 20 10 37 58.033      44.9
838
 2013 04 20 13 53  7.561     2013 04 20 13 54 23.090      75.5
 2013 04 20 20 29 52.719     2013 04 20 20 33  7.517     194.8
839
 2013 04 20 10 42 46.802     2013 04 20 10 46 14.823     208.0
 2013 04 20 18 56  7.798     2013 04 20 18 59 46.920     219.1
840
 2013 04 20 13 53 50.353     2013 04 20 13 57 10.103     199.8
 2013 04 20 20 29 45.640     2013 04 20 20 32 32.463     166.8
841
 2013 04 20 12 20 23.874     2013 04 20 12 23 20.859     177.0
 2013 04 20 18 53 38.588     2013 04 20 18 56 41.897     183.3
842
843
 2013 04 20 22 14 57.260     2013 04 20 22 17 34.127     156.9
844
845
 2013 04 20 20 34 11.184     2013 04 20 20 37 36.739     205.6
846
 2013 04 20 13 54  9.232     2013 04 20 13 57 53.311     224.1
 2013 04 20 15 32  7.428     2013 04 20 15 35 45.979     218.6
 2013 04 20 20 27 43.484     2013 04 20 20 30 28.572     165.1
847
 2013 04 20 12 10 10.933     2013 04 20 12 13 44.155     213.2
 2013 04 20 22 10 58.413     2013 04 20 22 14 21.838     203.4
848
 2013 04 20 12 13 24.013     2013 04 20 12 15 59.311     155.3
849
850
 2013 04 20 12 11 20.047     2013 04 20 12 12 26.742      66.7
 2013 04 20 22 12 41.489     2013 04 20 22 16 19.452     218.0
851
 2013 04 20 00 10 10.571     2013 04 20 00 13  6.754     176.2
 2013 04 20 13 43 31.734     2013 04 20 13 44  3.994      32.3
852
 2013 04 20 00 09  9.518     2013 04 20 00 10 29.830      80.3
853
 2013 04 20 12 09 59.240     2013 04 20 12 12 33.324     154.1
 2013 04 20 22 12  7.502     2013 04 20 22 15 46.566     219.1
854
 2013 04 20 12 20 27.955     2013 04 20 12 23 42.521     194.6
 2013 04 20 18 55  7.441     2013 04 20 18 58 12.298     184.9
855
856
 2013 04 20 15 30 49.739     2013 04 20 15 33 32.284     162.5
 2013 04 20 20 25 56.856     2013 04 20 20 29 12.115     195.3
857
 2013 04 20 12 13 16.770     2013 04 20 12 17  1.333     224.6
858
 2013 04 20 12 11  1.916     2013 04 20 12 13 38.481     156.6
 2013 04 20 22 12  3.331     2013 04 20 22 14 43.351     160.0
859
860
861
 2013 04 20 20 38 14.260     2013 04 20 20 38 31.016      16.8
862
 2013 04 20 13 52 37.317     2013 04 20 13 55 36.239     178.9
863
 2013 04 20 10 34  4.785     2013 04 20 10 36 53.269     168.5
864
 2013 04 20 22 04 29.241     2013 04 20 22 08  8.891     219.6
865
 2013 04 20 20 34 53.114     2013 04 20 20 37 51.782     178.7
866
 2013 04 20 13 53 43.093     2013 04 20 13 53 47.060       4.0
 2013 04 20 20 30 26.056     2013 04 20 20 33  4.477     158.4
867
 2013 04 20 15 31 10.622     2013 04 20 15 34 31.861     201.2
 2013 04 20 20 26 59.396     2013 04 20 20 29 52.693     173.3
868
 2013 04 20 12 21 11.248     2013 04 20 12 21 22.028      10.8
 2013 04 20 20 30  8.073     2013 04 20 20 33 56.614     228.5
869
 2013 04 20 00 12  6.513     2013 04 20 00 14 40.490     154.0
870
 2013 04 20 13 49 48.790     2013 04 20 13 52 45.126     176.3
 2013 04 20 22 06 10.862     2013 04 20 22 09 40.877     210.0
871
872
 2013 04 20 13 52 36.584     2013 04 20 13 55 16.220     159.6
873
874
 2013 04 20 13 57  4.849     2013 04 20 14 00 18.787     193.9
 2013 04 20 18 52 38.986     2013 04 20 18 55 17.709     158.7
875
 2013 04 20 12 07 46.415     2013 04 20 12 10 29.784     163.4
876
 2013 04 20 00 07 59.680     2013 04 20 00 10 59.501     179.8
 2013 04 20 13 46 26.883     2013 04 20 13 49  2.027     155.1
877
878
 2013 04 20 15 30  9.818     2013 04 20 15 33  2.271     172.5
 2013 04 20 20 29 36.685     2013 04 20 20 29 38.713       2.0
 2013 04 20 22 03 42.290     2013 04 20 22 07 21.056     218.8
879
 2013 04 20 22 08 42.783     2013 04 20 22 11 18.810     156.0
880
 2013 04 20 15 31  1.672     2013 04 20 15 34 21.938     200.3
 2013 04 20 20 26 50.364     2013 04 20 20 29 52.029     181.7
881
882
 2013 04 20 18 56 17.752     2013 04 20 18 59  8.239     170.5
883
 2013 04 20 13 52 13.842     2013 04 20 13 54 54.879     161.0
 2013 04 20 22 05 59.401     2013 04 20 22 09 43.679     224.3
884
 2013 04 20 12 12 45.691     2013 04 20 12 15 58.620     192.9
 2013 04 20 22 10  5.075     2013 04 20 22 13 45.953     220.9
885
 2013 04 20 13 51 59.652     2013 04 20 13 53 14.323      74.7
 2013 04 20 22 04 47.245     2013 04 20 22 05 45.367      58.1
886
 2013 04 20 13 54  6.247     2013 04 20 13 56 59.196     172.9
 2013 04 20 20 28 21.531     2013 04 20 20 31  1.236     159.7
887
 2013 04 20 12 08  4.394     2013 04 20 12 10 51.584     167.2
888
 2013 04 20 10 36 11.329     2013 04 20 10 38  3.858     112.5
 2013 04 20 20 38 41.200     2013 04 20 20 41 34.312     173.1
889
 2013 04 20 20 41 25.879     2013 04 20 20 41 31.583       5.7
890
 2013 04 20 10 38 49.802     2013 04 20 10 38 49.173       -.6
891
 2013 04 20 13 48 42.425     2013 04 20 13 49 21.640      39.2
 2013 04 20 22 08 13.520     2013 04 20 22 11 56.958     223.4
892
 2013 04 20 12 18  7.610     2013 04 20 12 20 50.004     162.4
893
 2013 04 20 20 35 42.691     2013 04 20 20 39 19.222     216.5
894
 2013 04 20 22 10 12.052     2013 04 20 22 12 53.633     161.6
895
 2013 04 20 22 07 50.986     2013 04 20 22 08 54.206      63.2
896
897
898
899
900
901
902
 2013 04 20 10 34  8.609     2013 04 20 10 36 49.071     160.5
903
 2013 04 20 15 30 47.434     2013 04 20 15 33 26.022     158.6
 2013 04 20 20 25 36.645     2013 04 20 20 28 41.768     185.1
904
 2013 04 20 12 07 30.272     2013 04 20 12 11 13.290     223.0
905
 2013 04 20 13 52 26.652     2013 04 20 13 55  9.249     162.6
906
 2013 04 20 15 29 14.267     2013 04 20 15 32  6.400     172.1
 2013 04 20 22 04  4.034     2013 04 20 22 06 44.181     160.1
907
908
 2013 04 20 10 37 20.396     2013 04 20 10 39 56.252     155.9
 2013 04 20 20 37  6.997     2013 04 20 20 39 53.870     166.9
909
910
 2013 04 20 20 34 43.896     2013 04 20 20 37 21.095     157.2
911
 2013 04 20 12 07 38.984     2013 04 20 12 10 26.333     167.3
912
 2013 04 20 12 16 59.954     2013 04 20 12 19 35.983     156.0
 2013 04 20 20 32 16.550     2013 04 20 20 35 11.481     174.9
913
 2013 04 20 22 17 10.209     2013 04 20 22 17 59.088      48.9
914
 2013 04 20 15 30  3.465     2013 04 20 15 32 56.908     173.4
 2013 04 20 17 07 29.642     2013 04 20 17 07 46.787      17.1
 2013 04 20 20 24 43.868     2013 04 20 20 28 18.474     214.6
 2013 04 20 22 02 34.823     2013 04 20 22 06 17.445     222.6
915
 2013 04 20 20 35 30.767     2013 04 20 20 39 17.026     226.3
916
 2013 04 20 20 40 17.177     2013 04 20 20 43  1.493     164.3
917
 2013 04 20 20 40 40.392     2013 04 20 20 44  6.870     206.5
918
 2013 04 20 12 17 51.880     2013 04 20 12 20 33.574     161.7
 2013 04 20 20 31 44.194     2013 04 20 20 31 47.206       3.0
919
 2013 04 20 10 42  6.287     2013 04 20 10 45 50.070     223.8
 2013 04 20 18 56 24.789     2013 04 20 18 59 20.688     175.9
920
 2013 04 20 13 53 26.245     2013 04 20 13 56 18.156     171.9
 2013 04 20 20 27 59.664     2013 04 20 20 31 14.823     195.2
921
 2013 04 20 13 48   .132     2013 04 20 13 50 34.861     154.7
922
 2013 04 20 20 35 41.459     2013 04 20 20 38 43.614     182.2
923
 2013 04 20 15 29  2.451     2013 04 20 15 31 42.220     159.8
 2013 04 20 22 03 44.824     2013 04 20 22 06 22.369     157.5
924
 2013 04 20 00 10 45.747     2013 04 20 00 13 21.311     155.6
925
 2013 04 20 10 35 37.086     2013 04 20 10 38 25.614     168.5
 2013 04 20 20 38 22.188     2013 04 20 20 41 18.591     176.4
926
 2013 04 20 10 38  4.217     2013 04 20 10 40 38.873     154.7
 2013 04 20 20 36 36.171     2013 04 20 20 40 16.846     220.7
927
 2013 04 20 15 29 59.634     2013 04 20 15 33 51.859     232.2
 2013 04 20 22 04 18.218     2013 04 20 22 05 12.223      54.0
928
 2013 04 20 22 16  9.397     2013 04 20 22 18 48.257     158.9
929
 2013 04 20 00 12 17.833     2013 04 20 00 15 13.637     175.8
930
 2013 04 20 13 53 37.519     2013 04 20 13 54 12.338      34.8
 2013 04 20 20 30 17.580     2013 04 20 20 33   .064     162.5
931
 2013 04 20 12 18 19.091     2013 04 20 12 20 58.491     159.4
932
 2013 04 20 13 52  2.665     2013 04 20 13 55 14.816     192.2
 2013 04 20 22 06 53.958     2013 04 20 22 07  7.929      14.0
933
 2013 04 20 12 15 31.220     2013 04 20 12 19 17.544     226.3
 2013 04 20 20 33 48.694     2013 04 20 20 36 24.896     156.2
934
 2013 04 20 10 41 46.825     2013 04 20 10 44 26.215     159.4
 2013 04 20 18 57 41.298     2013 04 20 19 00 18.025     156.7
935
 2013 04 20 10 41 39.266     2013 04 20 10 44 15.581     156.3
 2013 04 20 18 58  4.487     2013 04 20 19 00 41.954     157.5
936
 2013 04 20 20 40 17.951     2013 04 20 20 40 30.920      13.0
937
 2013 04 20 00 13 41.912     2013 04 20 00 16 21.839     159.9
 2013 04 20 12 07  3.494     2013 04 20 12 07 58.489      55.0
938
 2013 04 20 22 15  5.677     2013 04 20 22 18  3.622     177.9
939
 2013 04 20 10 42 30.065     2013 04 20 10 46  7.835     217.8
 2013 04 20 18 56 12.587     2013 04 20 18 59 33.252     200.7
940
941
 2013 04 20 15 28 44.708     2013 04 20 15 29 22.461      37.8
 2013 04 20 22 04 56.682     2013 04 20 22 07 36.695     160.0
942
 2013 04 20 18 55 57.700     2013 04 20 18 58 53.434     175.7
943
 2013 04 20 10 41 49.207     2013 04 20 10 45  1.643     192.4
 2013 04 20 18 57  1.246     2013 04 20 18 59 39.090     157.8
944
 2013 04 20 10 38 47.406     2013 04 20 10 41 12.621     145.2
945
 2013 04 20 12 08 31.060     2013 04 20 12 11 10.641     159.6
946
 2013 04 20 13 51 37.065     2013 04 20 13 55 18.402     221.3
 2013 04 20 22 07 22.231     2013 04 20 22 08 20.991      58.8
947
 2013 04 20 13 49 53.346     2013 04 20 13 52 51.382     178.0
 2013 04 20 22 06 11.877     2013 04 20 22 09 34.720     202.8
948
 2013 04 20 13 55 13.034     2013 04 20 13 57 55.816     162.8
 2013 04 20 20 29  9.061     2013 04 20 20 32 12.957     183.9
949
 2013 04 20 10 33 50.445     2013 04 20 10 37 28.006     217.6
950
 2013 04 20 13 54 24.441     2013 04 20 13 57  7.146     162.7
 2013 04 20 20 29 16.052     2013 04 20 20 31 53.916     157.9
951
 2013 04 20 20 35 13.900     2013 04 20 20 38 24.440     190.5
952
 2013 04 20 10 39  3.199     2013 04 20 10 42 46.855     223.7
953
 2013 04 20 10 40 41.584     2013 04 20 10 41 10.390      28.8
 2013 04 20 20 35 43.381     2013 04 20 20 38 26.776     163.4
954
 2013 04 20 12 14  3.273     2013 04 20 12 17 44.940     221.7
955
 2013 04 20 10 30  4.239     2013 04 20 10 33 42.585     218.3
 2013 04 20 22 17 34.856     2013 04 20 22 20  8.799     153.9
956
 2013 04 20 10 39 27.349     2013 04 20 10 42 25.090     177.7
957
958
 2013 04 20 10 29 44.070     2013 04 20 10 33 21.712     217.6
 2013 04 20 22 17 42.913     2013 04 20 22 20 21.856     158.9
959
 2013 04 20 13 55 58.861     2013 04 20 13 58 39.159     160.3
 2013 04 20 18 51   .686     2013 04 20 18 54 36.128     215.4
 2013 04 20 20 28 36.358     2013 04 20 20 28 53.250      16.9
960
 2013 04 20 10 39 25.613     2013 04 20 10 42 41.965     196.4
961
962
 2013 04 20 12 19 42.850     2013 04 20 12 22 41.646     178.8
 2013 04 20 18 53 44.318     2013 04 20 18 56 22.113     157.8
963
 2013 04 20 12 15 58.109     2013 04 20 12 16 39.168      41.1
 2013 04 20 22 09 27.002     2013 04 20 22 13  9.537     222.5
964
 2013 04 20 10 38 42.397     2013 04 20 10 41 39.261     176.9
965
 2013 04 20 22 15 15.273     2013 04 20 22 18 46.105     210.8
966
 2013 04 20 13 48 20.829     2013 04 20 13 48 25.265       4.4
 2013 04 20 22 11 47.811     2013 04 20 22 12 18.297      30.5
967
 2013 04 20 13 49 11.969     2013 04 20 13 51 48.662     156.7
968
 2013 04 20 12 16 23.738     2013 04 20 12 16 45.431      21.7
 2013 04 20 20 33 25.824     2013 04 20 20 36 51.460     205.6
969
 2013 04 20 22 14  3.089     2013 04 20 22 16 38.155     155.1
970
 2013 04 20 20 34 53.861     2013 04 20 20 37 39.479     165.6
971
 2013 04 20 13 51 30.380     2013 04 20 13 54 52.003     201.6
 2013 04 20 22 07 26.437     2013 04 20 22 10 56.952     210.5
972
 2013 04 20 13 57 28.743     2013 04 20 14 00 32.389     183.6
 2013 04 20 18 52 39.127     2013 04 20 18 55 19.830     160.7
973
 2013 04 20 12 17 38.919     2013 04 20 12 18  9.474      30.6
974
 2013 04 20 12 11 43.177     2013 04 20 12 14 41.649     178.5
 2013 04 20 22 11 15.588     2013 04 20 22 13 54.528     158.9
975
 2013 04 20 12 19 26.196     2013 04 20 12 22 26.087     179.9
 2013 04 20 18 54 56.426     2013 04 20 18 57 41.798     165.4
976
 2013 04 20 10 40 38.558     2013 04 20 10 43 30.588     172.0
 2013 04 20 18 57  5.262     2013 04 20 19 00 39.926     214.7
977
 2013 04 20 12 16 23.862     2013 04 20 12 20 12.881     229.0
 2013 04 20 20 31  3.975     2013 04 20 20 33 48.296     164.3
978
 2013 04 20 10 34 56.607     2013 04 20 10 37 43.093     166.5
979
980
 2013 04 20 12 13 14.631     2013 04 20 12 16 49.445     214.8
981
982
 2013 04 20 13 55 38.791     2013 04 20 13 56 15.863      37.1
 2013 04 20 18 52  3.366     2013 04 20 18 55 56.935     233.6
983
 2013 04 20 00 12 49.690     2013 04 20 00 15 23.842     154.2
984
 2013 04 20 00 11  1.541     2013 04 20 00 13 37.646     156.1
985
 2013 04 20 10 41 56.123     2013 04 20 10 44 48.861     172.7
 2013 04 20 18 57 19.282     2013 04 20 18 59 57.100     157.8
986
 2013 04 20 12 05 51.849     2013 04 20 12 08 55.423     183.6
987
 2013 04 20 12 07 36.081     2013 04 20 12 11   .515     204.4
988
 2013 04 20 20 34  8.847     2013 04 20 20 36 53.101     164.3
989
 2013 04 20 12 18 20.490     2013 04 20 12 18 32.654      12.2
 2013 04 20 20 34 12.458     2013 04 20 20 34 37.251      24.8
990
 2013 04 20 13 52 13.417     2013 04 20 13 53 33.363      79.9
 2013 04 20 20 30 39.231     2013 04 20 20 30 53.103      13.9
991
 2013 04 20 13 46 52.076     2013 04 20 13 50 22.427     210.4
992
 2013 04 20 00 10 51.675     2013 04 20 00 14  2.289     190.6
993
 2013 04 20 22 08 46.503     2013 04 20 22 12   .586     194.1
994
 2013 04 20 13 50 11.892     2013 04 20 13 53 46.174     214.3
 2013 04 20 22 05 55.033     2013 04 20 22 08 43.304     168.3
995
996
 2013 04 20 22 13 45.443     2013 04 20 22 16 31.133     165.7
997
 2013 04 20 13 53 24.992     2013 04 20 13 56 52.634     207.6
 2013 04 20 20 29 37.571     2013 04 20 20 32 46.338     188.8
998
 2013 04 20 08 55 32.825     2013 04 20 08 59  3.783     211.0
 2013 04 20 20 43  5.603     2013 04 20 20 45 39.487     153.9
999
 2013 04 20 20 35 45.475     2013 04 20 20 38 21.107     155.6
