0 48.0710 92.1668 9 27 9
2  45.0 45.0 0.00
1 23.6374 104.3818 6 28 9
2  45.0 45.0 0.00
2 50.0804 110.8186 7 21 7
2  45.0 45.0 0.00
3 4.9803 118.3189 1 29 9
2  45.0 45.0 0.00
4 34.2107 79.2486 2 27 7
2  45.0 45.0 0.00
5 13.1368 98.7281 4 27 8
2  45.0 45.0 0.00
6 7.8427 108.9473 10 17 7
2  45.0 45.0 0.00
7 42.5580 78.5769 9 23 6
2  45.0 45.0 0.00
8 5.5758 107.9200 4 25 6
2  45.0 45.0 0.00
9 36.3892 85.5503 1 27 7
2  45.0 45.0 0.00
10 20.6174 103.2515 10 19 9
2  45.0 45.0 0.00
11 42.8638 104.0931 2 20 7
2  45.0 45.0 0.00
12 52.1973 116.0794 4 17 5
2  45.0 45.0 0.00
13 20.1243 99.3026 6 15 8
2  45.0 45.0 0.00
14 50.3329 84.5249 3 26 7
2  45.0 45.0 0.00
15 5.1107 96.9291 2 23 6
2  45.0 45.0 0.00
16 52.6783 108.5608 8 18 8
2  45.0 45.0 0.00
17 32.6331 92.9357 6 20 6
2  45.0 45.0 0.00
18 16.6471 114.6245 1 16 9
2  45.0 45.0 0.00
19 19.6763 97.2651 4 24 8
2  45.0 45.0 0.00
20 14.4704 83.2407 8 16 6
2  45.0 45.0 0.00
21 11.0134 117.3781 1 25 8
2  45.0 45.0 0.00
22 22.9229 128.8850 2 15 8
2  45.0 45.0 0.00
23 22.5633 101.7037 4 21 7
2  45.0 45.0 0.00
24 3.5112 76.1428 10 27 8
2  45.0 45.0 0.00
25 15.6458 79.4277 10 27 5
2  45.0 45.0 0.00
26 34.8898 118.5758 9 28 8
2  45.0 45.0 0.00
27 44.1443 102.6501 6 28 8
2  45.0 45.0 0.00
28 45.6514 109.6776 4 25 5
2  45.0 45.0 0.00
29 20.0763 110.9962 7 20 7
2  45.0 45.0 0.00
30 45.7566 131.7115 10 16 8
2  45.0 45.0 0.00
31 11.8514 94.4207 8 21 7
2  45.0 45.0 0.00
32 5.6570 126.0303 8 23 9
2  45.0 45.0 0.00
33 34.9430 73.0553 5 21 6
2  45.0 45.0 0.00
34 47.8549 108.2822 5 25 5
2  45.0 45.0 0.00
35 22.9465 92.7486 2 25 5
2  45.0 45.0 0.00
36 33.9823 119.1502 7 18 5
2  45.0 45.0 0.00
37 35.9636 110.8700 10 18 9
2  45.0 45.0 0.00
38 26.2938 78.2415 4 22 9
2  45.0 45.0 0.00
39 51.4595 76.9377 4 28 7
2  45.0 45.0 0.00
40 20.0302 84.3121 1 16 5
2  45.0 45.0 0.00
41 16.3548 88.8576 1 15 7
2  45.0 45.0 0.00
42 45.3942 110.9164 4 20 9
2  45.0 45.0 0.00
43 17.1985 110.6275 2 20 9
2  45.0 45.0 0.00
44 3.3847 118.6769 9 23 9
2  45.0 45.0 0.00
45 43.4870 79.2187 1 26 8
2  45.0 45.0 0.00
46 19.6650 100.5410 2 17 5
2  45.0 45.0 0.00
47 24.5555 113.5799 3 17 5
2  45.0 45.0 0.00
48 22.7489 110.1095 7 24 7
2  45.0 45.0 0.00
49 44.6968 116.4876 5 25 8
2  45.0 45.0 0.00
50 20.1032 115.9567 1 29 8
2  45.0 45.0 0.00
51 31.9662 111.8058 1 17 5
2  45.0 45.0 0.00
52 11.1725 101.4769 3 18 7
2  45.0 45.0 0.00
53 22.4434 102.8217 10 19 7
2  45.0 45.0 0.00
54 33.3819 101.9622 8 18 6
2  45.0 45.0 0.00
55 22.4601 79.0041 5 29 7
2  45.0 45.0 0.00
56 7.2473 98.4090 2 15 8
2  45.0 45.0 0.00
57 33.8677 102.2489 9 20 5
2  45.0 45.0 0.00
58 42.2173 103.2260 7 15 9
2  45.0 45.0 0.00
59 49.0182 95.7801 6 18 8
2  45.0 45.0 0.00
60 19.8454 96.8728 1 17 5
2  45.0 45.0 0.00
61 45.9680 101.8012 5 26 6
2  45.0 45.0 0.00
62 26.9628 114.6467 7 25 9
2  45.0 45.0 0.00
63 39.9983 99.5215 2 22 8
2  45.0 45.0 0.00
64 48.0693 79.7867 4 19 9
2  45.0 45.0 0.00
65 8.1935 98.7796 10 20 8
2  45.0 45.0 0.00
66 3.4767 125.4428 6 20 6
2  45.0 45.0 0.00
67 37.3533 90.1847 9 15 6
2  45.0 45.0 0.00
68 9.8667 116.6269 10 16 7
2  45.0 45.0 0.00
69 7.5117 119.4706 3 17 8
2  45.0 45.0 0.00
70 26.9169 124.4060 8 23 6
2  45.0 45.0 0.00
71 14.1899 79.3430 2 19 5
2  45.0 45.0 0.00
72 24.4850 78.1223 4 16 8
2  45.0 45.0 0.00
73 33.2604 94.0022 7 20 5
2  45.0 45.0 0.00
74 25.6778 98.8102 6 18 8
2  45.0 45.0 0.00
75 11.7135 75.1603 3 28 8
2  45.0 45.0 0.00
76 19.4680 89.8609 9 26 9
2  45.0 45.0 0.00
77 10.6384 89.9228 1 16 5
2  45.0 45.0 0.00
78 32.0675 73.6370 7 29 9
2  45.0 45.0 0.00
79 5.5981 112.2365 6 19 9
2  45.0 45.0 0.00
80 40.0099 97.0281 6 16 5
2  45.0 45.0 0.00
81 5.4085 108.9694 4 28 5
2  45.0 45.0 0.00
82 12.3896 87.1962 1 24 6
2  45.0 45.0 0.00
83 10.4343 93.6676 1 17 8
2  45.0 45.0 0.00
84 19.1581 88.0808 5 18 7
2  45.0 45.0 0.00
85 25.1470 102.2225 10 20 5
2  45.0 45.0 0.00
86 29.0165 117.5132 2 15 5
2  45.0 45.0 0.00
87 49.4447 84.2019 2 23 7
2  45.0 45.0 0.00
88 30.6639 95.9353 10 16 5
2  45.0 45.0 0.00
89 20.2374 96.6124 5 26 9
2  45.0 45.0 0.00
90 38.3751 102.0373 4 23 6
2  45.0 45.0 0.00
91 27.4426 84.6958 3 24 6
2  45.0 45.0 0.00
92 31.0564 88.6851 9 25 9
2  45.0 45.0 0.00
93 25.2952 84.3024 5 23 5
2  45.0 45.0 0.00
94 51.0994 118.4092 1 23 8
2  45.0 45.0 0.00
95 50.0454 83.3313 9 15 9
2  45.0 45.0 0.00
96 5.4700 118.0520 6 21 9
2  45.0 45.0 0.00
97 4.8187 84.1163 5 25 8
2  45.0 45.0 0.00
98 39.6981 104.2262 7 20 8
2  45.0 45.0 0.00
99 17.5929 112.7537 5 18 8
2  45.0 45.0 0.00
100 10.8187 123.2700 10 24 9
2  45.0 45.0 0.00
101 50.5341 126.2024 5 27 7
2  45.0 45.0 0.00
102 18.8332 81.7275 4 25 8
2  45.0 45.0 0.00
103 43.5131 122.5292 9 28 6
2  45.0 45.0 0.00
104 16.0316 103.6977 5 26 7
2  45.0 45.0 0.00
105 25.0776 97.1996 4 28 6
2  45.0 45.0 0.00
106 16.9173 129.3201 7 20 9
2  45.0 45.0 0.00
107 13.5783 79.0041 5 24 7
2  45.0 45.0 0.00
108 10.4833 95.1307 6 18 7
2  45.0 45.0 0.00
109 32.4252 123.6249 4 25 9
2  45.0 45.0 0.00
110 26.3186 118.5725 7 27 6
2  45.0 45.0 0.00
111 35.2373 77.1583 8 17 7
2  45.0 45.0 0.00
112 30.3678 131.4810 10 22 9
2  45.0 45.0 0.00
113 21.8997 118.5966 1 25 6
2  45.0 45.0 0.00
114 38.5096 85.2117 7 22 9
2  45.0 45.0 0.00
115 47.5893 91.6148 4 19 5
2  45.0 45.0 0.00
116 32.8902 115.5768 8 15 8
2  45.0 45.0 0.00
117 28.9403 78.0638 2 17 6
2  45.0 45.0 0.00
118 10.1130 127.1155 8 17 7
2  45.0 45.0 0.00
119 11.7492 124.3852 10 19 6
2  45.0 45.0 0.00
120 44.4280 82.8433 10 21 6
2  45.0 45.0 0.00
121 16.1422 89.3056 10 29 9
2  45.0 45.0 0.00
122 19.7250 118.2806 9 15 8
2  45.0 45.0 0.00
123 44.8871 127.5865 4 27 8
2  45.0 45.0 0.00
124 17.6799 107.9588 6 21 7
2  45.0 45.0 0.00
125 43.4134 75.4800 5 15 9
2  45.0 45.0 0.00
126 4.7683 131.7979 2 28 5
2  45.0 45.0 0.00
127 24.6875 88.4608 10 27 8
2  45.0 45.0 0.00
128 15.3523 78.6199 9 19 7
2  45.0 45.0 0.00
129 22.3792 123.4223 5 22 5
2  45.0 45.0 0.00
130 16.2605 74.3243 2 23 9
2  45.0 45.0 0.00
131 15.2957 117.9648 7 29 8
2  45.0 45.0 0.00
132 14.0756 87.3598 2 16 8
2  45.0 45.0 0.00
133 20.7268 123.3406 9 27 8
2  45.0 45.0 0.00
134 32.0032 76.9261 10 16 9
2  45.0 45.0 0.00
135 12.9966 91.4499 3 29 5
2  45.0 45.0 0.00
136 51.3948 107.3921 1 29 8
2  45.0 45.0 0.00
137 3.6647 95.9735 9 15 7
2  45.0 45.0 0.00
138 37.2168 89.4565 7 16 8
2  45.0 45.0 0.00
139 3.3858 132.8873 7 22 8
2  45.0 45.0 0.00
140 30.4287 131.6406 1 25 5
2  45.0 45.0 0.00
141 12.9887 130.0038 6 26 7
2  45.0 45.0 0.00
142 49.9208 118.5799 5 29 8
2  45.0 45.0 0.00
143 35.4155 91.0104 2 19 9
2  45.0 45.0 0.00
144 51.5822 120.1706 8 19 5
2  45.0 45.0 0.00
145 18.2894 130.4426 3 21 6
2  45.0 45.0 0.00
146 13.0905 121.2049 3 20 9
2  45.0 45.0 0.00
147 52.5277 124.7193 6 26 6
2  45.0 45.0 0.00
148 6.1616 111.6390 7 22 5
2  45.0 45.0 0.00
149 49.2336 92.2391 8 22 7
2  45.0 45.0 0.00
150 38.3771 113.0293 1 23 9
2  45.0 45.0 0.00
151 41.1198 113.1021 2 24 9
2  45.0 45.0 0.00
152 15.1199 104.9758 3 23 6
2  45.0 45.0 0.00
153 9.7500 96.4009 3 15 5
2  45.0 45.0 0.00
154 42.3161 104.5574 2 16 6
2  45.0 45.0 0.00
155 19.3830 91.4256 8 17 6
2  45.0 45.0 0.00
156 52.2568 102.3340 4 28 5
2  45.0 45.0 0.00
157 29.7327 85.2711 6 23 9
2  45.0 45.0 0.00
158 19.1093 85.9881 8 27 9
2  45.0 45.0 0.00
159 29.5150 79.5821 5 17 9
2  45.0 45.0 0.00
160 29.7328 91.7554 7 20 6
2  45.0 45.0 0.00
161 12.0793 106.0131 3 20 5
2  45.0 45.0 0.00
162 25.7652 101.1345 8 19 8
2  45.0 45.0 0.00
163 40.6749 110.8662 3 20 8
2  45.0 45.0 0.00
164 49.5240 123.9381 8 17 6
2  45.0 45.0 0.00
165 31.4927 113.3610 9 17 9
2  45.0 45.0 0.00
166 13.8980 80.2234 2 19 8
2  45.0 45.0 0.00
167 36.6273 79.7126 8 23 9
2  45.0 45.0 0.00
168 52.2218 123.6824 4 21 5
2  45.0 45.0 0.00
169 45.6638 126.0296 4 18 8
2  45.0 45.0 0.00
170 47.9599 119.4894 7 22 5
2  45.0 45.0 0.00
171 37.2844 81.2514 7 16 7
2  45.0 45.0 0.00
172 28.4451 97.1531 7 23 9
2  45.0 45.0 0.00
173 19.7457 81.1741 6 24 9
2  45.0 45.0 0.00
174 35.0811 78.7338 6 20 6
2  45.0 45.0 0.00
175 7.2887 97.4953 8 16 9
2  45.0 45.0 0.00
176 37.3014 98.2620 10 21 5
2  45.0 45.0 0.00
177 25.1568 112.1343 3 17 5
2  45.0 45.0 0.00
178 29.7511 75.4344 1 29 6
2  45.0 45.0 0.00
179 32.0942 91.0166 9 23 7
2  45.0 45.0 0.00
180 38.8520 87.7750 10 21 5
2  45.0 45.0 0.00
181 43.1816 98.2267 1 17 7
2  45.0 45.0 0.00
182 16.8717 73.6323 7 16 7
2  45.0 45.0 0.00
183 7.3935 130.8720 10 20 8
2  45.0 45.0 0.00
184 37.1338 130.7364 2 24 8
2  45.0 45.0 0.00
185 33.0524 78.9689 1 15 7
2  45.0 45.0 0.00
186 42.2748 125.1947 2 24 9
2  45.0 45.0 0.00
187 24.9889 132.1801 3 19 5
2  45.0 45.0 0.00
188 4.1345 103.6239 5 26 7
2  45.0 45.0 0.00
189 29.2242 129.6739 9 21 6
2  45.0 45.0 0.00
190 33.8676 127.0612 8 29 6
2  45.0 45.0 0.00
191 40.7384 109.9843 4 25 5
2  45.0 45.0 0.00
192 38.2076 96.8511 5 25 6
2  45.0 45.0 0.00
193 23.3761 94.8810 9 16 6
2  45.0 45.0 0.00
194 8.0767 111.9451 6 19 5
2  45.0 45.0 0.00
195 11.6138 86.4029 2 18 9
2  45.0 45.0 0.00
196 35.8241 113.1579 6 24 8
2  45.0 45.0 0.00
197 47.2238 129.1100 6 19 8
2  45.0 45.0 0.00
198 44.1687 89.1767 6 18 8
2  45.0 45.0 0.00
199 34.2587 121.6920 8 21 7
2  45.0 45.0 0.00
200 10.9901 122.7003 5 16 9
2  45.0 45.0 0.00
201 51.4134 110.1012 7 27 6
2  45.0 45.0 0.00
202 29.5693 96.5639 2 27 7
2  45.0 45.0 0.00
203 4.7427 117.5811 8 15 8
2  45.0 45.0 0.00
204 26.6178 77.5686 10 21 9
2  45.0 45.0 0.00
205 44.5962 97.2492 7 23 6
2  45.0 45.0 0.00
206 21.0372 119.6686 5 24 7
2  45.0 45.0 0.00
207 44.4072 105.9101 4 27 9
2  45.0 45.0 0.00
208 16.3062 79.5330 6 15 7
2  45.0 45.0 0.00
209 24.5321 99.9591 10 25 9
2  45.0 45.0 0.00
210 47.1077 118.6104 8 25 8
2  45.0 45.0 0.00
211 7.1829 95.7433 10 19 5
2  45.0 45.0 0.00
212 31.2058 74.4843 9 22 8
2  45.0 45.0 0.00
213 40.6788 118.5502 8 20 5
2  45.0 45.0 0.00
214 27.3176 129.0223 10 16 6
2  45.0 45.0 0.00
215 21.1736 75.6276 7 28 9
2  45.0 45.0 0.00
216 22.1303 115.1300 3 25 7
2  45.0 45.0 0.00
217 33.0285 79.0693 6 29 7
2  45.0 45.0 0.00
218 25.4545 87.1205 3 24 5
2  45.0 45.0 0.00
219 15.0692 109.0047 10 18 8
2  45.0 45.0 0.00
220 36.5736 79.6858 3 22 9
2  45.0 45.0 0.00
221 50.4224 112.7430 3 21 9
2  45.0 45.0 0.00
222 4.9932 100.3692 6 22 9
2  45.0 45.0 0.00
223 46.0974 93.9473 5 29 5
2  45.0 45.0 0.00
224 35.6210 120.0478 2 26 9
2  45.0 45.0 0.00
225 15.5504 89.1825 5 15 6
2  45.0 45.0 0.00
226 41.1697 120.5010 5 17 8
2  45.0 45.0 0.00
227 16.5588 83.5215 6 25 6
2  45.0 45.0 0.00
228 49.9094 111.2370 7 29 9
2  45.0 45.0 0.00
229 52.6468 118.5675 3 26 8
2  45.0 45.0 0.00
230 47.6131 112.1572 2 15 7
2  45.0 45.0 0.00
231 47.3672 91.8570 6 24 7
2  45.0 45.0 0.00
232 36.9370 112.3693 1 18 7
2  45.0 45.0 0.00
233 15.4090 89.7890 9 27 6
2  45.0 45.0 0.00
234 37.3294 111.9155 3 24 7
2  45.0 45.0 0.00
235 3.7569 121.1290 3 27 8
2  45.0 45.0 0.00
236 27.5775 101.9079 6 20 5
2  45.0 45.0 0.00
237 8.5387 116.5608 6 24 5
2  45.0 45.0 0.00
238 50.8446 105.3770 8 18 6
2  45.0 45.0 0.00
239 17.1016 96.6505 10 21 5
2  45.0 45.0 0.00
240 38.6560 127.2438 10 22 7
2  45.0 45.0 0.00
241 15.1836 132.8035 5 22 6
2  45.0 45.0 0.00
242 7.2597 101.7809 6 29 9
2  45.0 45.0 0.00
243 12.8471 88.7251 6 17 5
2  45.0 45.0 0.00
244 29.1083 113.2480 8 26 7
2  45.0 45.0 0.00
245 10.3486 98.7594 3 20 7
2  45.0 45.0 0.00
246 34.0481 96.3491 10 25 8
2  45.0 45.0 0.00
247 32.3743 131.3334 8 29 8
2  45.0 45.0 0.00
248 8.7025 85.0863 3 19 7
2  45.0 45.0 0.00
249 26.8605 106.0416 7 18 8
2  45.0 45.0 0.00
250 3.9974 87.5057 8 20 7
2  45.0 45.0 0.00
251 5.1160 79.2875 5 29 5
2  45.0 45.0 0.00
252 43.7174 109.8175 3 29 6
2  45.0 45.0 0.00
253 37.8021 120.5695 10 20 5
2  45.0 45.0 0.00
254 14.2359 89.3164 10 22 8
2  45.0 45.0 0.00
255 19.0364 96.2826 6 19 9
2  45.0 45.0 0.00
256 32.8139 84.4261 8 24 9
2  45.0 45.0 0.00
257 21.9601 73.7991 10 18 5
2  45.0 45.0 0.00
258 27.1348 74.8341 8 27 6
2  45.0 45.0 0.00
259 28.0212 88.0808 5 28 7
2  45.0 45.0 0.00
260 37.2192 85.7513 10 15 9
2  45.0 45.0 0.00
261 40.4004 117.1935 6 24 9
2  45.0 45.0 0.00
262 35.7138 121.7448 2 29 6
2  45.0 45.0 0.00
263 34.1956 131.5658 8 17 7
2  45.0 45.0 0.00
264 37.1363 105.9813 6 17 7
2  45.0 45.0 0.00
265 12.7074 99.0632 5 17 6
2  45.0 45.0 0.00
266 6.4691 101.3512 1 25 5
2  45.0 45.0 0.00
267 22.1878 81.6494 1 27 6
2  45.0 45.0 0.00
268 35.1321 96.1904 2 20 5
2  45.0 45.0 0.00
269 36.5141 74.8971 1 21 8
2  45.0 45.0 0.00
270 29.2163 79.3643 9 22 5
2  45.0 45.0 0.00
271 9.7348 76.0721 3 23 6
2  45.0 45.0 0.00
272 18.6810 107.9235 4 20 8
2  45.0 45.0 0.00
273 12.0879 78.9197 1 29 6
2  45.0 45.0 0.00
274 26.9878 81.6644 4 28 6
2  45.0 45.0 0.00
275 17.8110 82.6176 10 17 6
2  45.0 45.0 0.00
276 11.1265 131.5178 8 22 7
2  45.0 45.0 0.00
277 51.1655 132.1090 6 25 8
2  45.0 45.0 0.00
278 19.6278 105.7024 10 22 9
2  45.0 45.0 0.00
279 6.0292 75.0952 9 24 9
2  45.0 45.0 0.00
280 31.5810 75.7719 10 17 6
2  45.0 45.0 0.00
281 21.9960 86.2398 4 18 5
2  45.0 45.0 0.00
282 51.7201 127.8136 10 18 7
2  45.0 45.0 0.00
283 19.9162 77.6815 2 28 5
2  45.0 45.0 0.00
284 12.8304 97.8684 2 18 6
2  45.0 45.0 0.00
285 49.7358 112.6908 10 29 6
2  45.0 45.0 0.00
286 16.0650 105.1054 9 17 7
2  45.0 45.0 0.00
287 8.8166 121.2958 3 17 5
2  45.0 45.0 0.00
288 40.1324 117.0916 2 23 9
2  45.0 45.0 0.00
289 23.9498 91.1150 10 28 8
2  45.0 45.0 0.00
290 52.1280 79.5204 6 21 9
2  45.0 45.0 0.00
291 10.8573 122.6714 8 27 6
2  45.0 45.0 0.00
292 38.9204 87.6592 5 28 6
2  45.0 45.0 0.00
293 24.9657 115.9485 7 26 6
2  45.0 45.0 0.00
294 29.6697 127.4792 1 28 5
2  45.0 45.0 0.00
295 26.0873 124.2056 4 21 6
2  45.0 45.0 0.00
296 34.6399 117.4396 6 18 9
2  45.0 45.0 0.00
297 10.6313 79.5309 9 20 8
2  45.0 45.0 0.00
298 17.4238 131.0943 1 27 8
2  45.0 45.0 0.00
299 27.9164 123.6521 5 19 5
2  45.0 45.0 0.00
300 38.1594 103.3223 6 23 8
2  45.0 45.0 0.00
301 6.7287 87.2585 1 21 7
2  45.0 45.0 0.00
302 18.1860 98.5818 3 22 8
2  45.0 45.0 0.00
303 51.8874 132.3263 9 16 7
2  45.0 45.0 0.00
304 19.5232 93.2480 6 15 6
2  45.0 45.0 0.00
305 31.2578 78.2812 8 18 7
2  45.0 45.0 0.00
306 33.8773 107.1808 9 19 9
2  45.0 45.0 0.00
307 9.3714 83.0027 9 24 9
2  45.0 45.0 0.00
308 48.7492 114.7759 8 29 7
2  45.0 45.0 0.00
309 46.1056 102.0749 8 15 9
2  45.0 45.0 0.00
310 28.4778 119.4425 5 28 7
2  45.0 45.0 0.00
311 21.2861 99.5559 3 19 9
2  45.0 45.0 0.00
312 52.3276 132.1847 5 27 7
2  45.0 45.0 0.00
313 39.7020 82.1674 7 25 9
2  45.0 45.0 0.00
314 43.5518 95.9247 7 18 8
2  45.0 45.0 0.00
315 34.7100 97.0421 7 23 7
2  45.0 45.0 0.00
316 7.0287 76.1923 10 21 5
2  45.0 45.0 0.00
317 45.1752 114.9974 4 25 8
2  45.0 45.0 0.00
318 37.2415 125.9007 5 26 6
2  45.0 45.0 0.00
319 49.4286 122.8265 9 20 9
2  45.0 45.0 0.00
320 38.4662 121.7578 1 16 5
2  45.0 45.0 0.00
321 9.3739 104.1188 7 18 9
2  45.0 45.0 0.00
322 51.2510 124.7522 6 26 9
2  45.0 45.0 0.00
323 49.6674 106.1423 4 27 5
2  45.0 45.0 0.00
324 4.7042 101.2497 8 16 7
2  45.0 45.0 0.00
325 49.4679 111.4466 10 28 9
2  45.0 45.0 0.00
326 43.1879 74.5607 7 25 7
2  45.0 45.0 0.00
327 16.3972 129.5083 3 19 6
2  45.0 45.0 0.00
328 19.2429 100.3332 3 25 5
2  45.0 45.0 0.00
329 44.1146 80.8774 6 26 5
2  45.0 45.0 0.00
330 21.8100 74.3336 9 17 5
2  45.0 45.0 0.00
331 14.9247 117.4911 10 25 5
2  45.0 45.0 0.00
332 27.3350 111.2462 8 21 6
2  45.0 45.0 0.00
333 49.9504 80.9006 8 18 8
2  45.0 45.0 0.00
334 52.5772 88.6200 1 21 9
2  45.0 45.0 0.00
335 31.9266 118.5496 5 15 9
2  45.0 45.0 0.00
336 42.9035 123.6111 2 28 9
2  45.0 45.0 0.00
337 42.0766 123.6069 4 25 7
2  45.0 45.0 0.00
338 29.3213 88.4683 10 17 8
2  45.0 45.0 0.00
339 37.3710 75.0588 8 21 6
2  45.0 45.0 0.00
340 37.5308 126.7191 6 15 9
2  45.0 45.0 0.00
341 8.7933 108.6104 9 18 7
2  45.0 45.0 0.00
342 26.9667 114.6748 5 26 9
2  45.0 45.0 0.00
343 35.1591 119.2243 10 22 9
2  45.0 45.0 0.00
344 7.7780 100.6003 10 25 8
2  45.0 45.0 0.00
345 39.6869 80.1964 6 26 5
2  45.0 45.0 0.00
346 30.2109 92.5022 8 26 6
2  45.0 45.0 0.00
347 48.1375 119.6965 5 29 5
2  45.0 45.0 0.00
348 12.4012 109.6325 3 16 5
2  45.0 45.0 0.00
349 44.5923 101.2130 5 17 8
2  45.0 45.0 0.00
350 48.8508 107.0461 2 22 6
2  45.0 45.0 0.00
351 14.5305 84.2572 5 19 6
2  45.0 45.0 0.00
352 52.7963 120.7316 2 15 9
2  45.0 45.0 0.00
353 10.7149 126.9347 9 22 7
2  45.0 45.0 0.00
354 46.2454 122.5293 1 20 8
2  45.0 45.0 0.00
355 27.2509 95.9424 9 23 6
2  45.0 45.0 0.00
356 16.1761 130.7876 8 16 5
2  45.0 45.0 0.00
357 51.8391 124.1144 9 23 9
2  45.0 45.0 0.00
358 38.7565 101.2908 3 23 9
2  45.0 45.0 0.00
359 22.6249 107.2912 3 18 6
2  45.0 45.0 0.00
360 49.6467 132.2232 4 24 8
2  45.0 45.0 0.00
361 7.5764 83.6594 3 25 7
2  45.0 45.0 0.00
362 45.4119 109.0349 1 15 8
2  45.0 45.0 0.00
363 4.6400 113.6560 9 29 9
2  45.0 45.0 0.00
364 18.1196 94.7883 9 25 6
2  45.0 45.0 0.00
365 22.6697 87.2229 4 21 7
2  45.0 45.0 0.00
366 48.6749 80.2629 5 19 9
2  45.0 45.0 0.00
367 16.8234 91.7467 9 22 9
2  45.0 45.0 0.00
368 42.9563 81.3453 8 16 8
2  45.0 45.0 0.00
369 8.7274 98.7423 4 29 5
2  45.0 45.0 0.00
370 38.7449 109.8279 2 19 6
2  45.0 45.0 0.00
371 31.4897 91.7136 1 20 6
2  45.0 45.0 0.00
372 45.7240 116.2872 9 17 5
2  45.0 45.0 0.00
373 39.3594 89.2483 1 16 9
2  45.0 45.0 0.00
374 39.0177 84.5074 7 16 5
2  45.0 45.0 0.00
375 11.1652 90.0347 1 28 9
2  45.0 45.0 0.00
376 51.2178 89.2778 3 21 6
2  45.0 45.0 0.00
377 17.9850 121.9190 7 29 9
2  45.0 45.0 0.00
378 51.2287 128.2632 3 17 9
2  45.0 45.0 0.00
379 6.8836 131.9095 10 15 8
2  45.0 45.0 0.00
380 45.1872 91.6568 7 17 7
2  45.0 45.0 0.00
381 29.1554 102.3819 5 16 6
2  45.0 45.0 0.00
382 17.2942 98.9997 9 22 5
2  45.0 45.0 0.00
383 32.1591 92.1293 9 26 6
2  45.0 45.0 0.00
384 48.5936 91.7006 8 18 7
2  45.0 45.0 0.00
385 42.9650 73.3176 7 17 6
2  45.0 45.0 0.00
386 12.0739 88.0226 1 17 5
2  45.0 45.0 0.00
387 35.6705 80.6423 4 29 9
2  45.0 45.0 0.00
388 43.5001 114.7595 2 25 5
2  45.0 45.0 0.00
389 29.5623 96.4211 10 16 5
2  45.0 45.0 0.00
390 40.9425 85.4898 4 25 9
2  45.0 45.0 0.00
391 29.6033 77.7839 8 23 9
2  45.0 45.0 0.00
392 28.8908 93.6961 7 27 6
2  45.0 45.0 0.00
393 4.7753 88.2071 7 20 8
2  45.0 45.0 0.00
394 25.7905 94.9738 3 27 5
2  45.0 45.0 0.00
395 13.7940 111.1424 10 18 8
2  45.0 45.0 0.00
396 23.4474 126.9909 2 15 9
2  45.0 45.0 0.00
397 51.6657 106.9950 3 19 7
2  45.0 45.0 0.00
398 31.6839 107.4527 9 17 6
2  45.0 45.0 0.00
399 26.2533 123.9018 7 21 6
2  45.0 45.0 0.00
400 16.8897 75.9356 10 20 9
2  45.0 45.0 0.00
401 22.6310 94.9897 9 22 9
2  45.0 45.0 0.00
402 47.8180 124.6712 6 28 8
2  45.0 45.0 0.00
403 33.8983 90.3749 3 28 5
2  45.0 45.0 0.00
404 26.4461 131.4435 8 28 9
2  45.0 45.0 0.00
405 47.0799 86.4828 7 23 7
2  45.0 45.0 0.00
406 21.3758 86.9847 6 28 8
2  45.0 45.0 0.00
407 21.0011 103.0567 9 18 5
2  45.0 45.0 0.00
408 33.3409 76.5812 9 20 9
2  45.0 45.0 0.00
409 38.6246 112.9981 10 21 5
2  45.0 45.0 0.00
410 11.7742 129.4546 1 20 8
2  45.0 45.0 0.00
411 18.1869 81.2340 5 23 5
2  45.0 45.0 0.00
412 11.3954 121.2713 10 29 6
2  45.0 45.0 0.00
413 36.1640 130.7549 2 17 9
2  45.0 45.0 0.00
414 8.8511 78.2270 9 27 5
2  45.0 45.0 0.00
415 23.4618 109.4165 2 15 9
2  45.0 45.0 0.00
416 13.7482 120.1936 10 22 7
2  45.0 45.0 0.00
417 24.3304 124.1695 4 19 6
2  45.0 45.0 0.00
418 14.1395 130.9680 6 15 5
2  45.0 45.0 0.00
419 43.1148 77.4793 7 29 8
2  45.0 45.0 0.00
420 40.4955 102.6981 3 23 5
2  45.0 45.0 0.00
421 7.4184 78.8749 10 18 7
2  45.0 45.0 0.00
422 37.8398 79.6966 1 24 6
2  45.0 45.0 0.00
423 22.0674 89.7332 8 22 5
2  45.0 45.0 0.00
424 43.5228 112.8704 8 28 6
2  45.0 45.0 0.00
425 10.5445 77.4822 7 26 7
2  45.0 45.0 0.00
426 19.7291 110.7378 4 19 8
2  45.0 45.0 0.00
427 38.9998 86.3110 3 20 7
2  45.0 45.0 0.00
428 19.4346 111.1959 3 27 6
2  45.0 45.0 0.00
429 8.5589 93.9596 9 26 6
2  45.0 45.0 0.00
430 29.1705 107.4655 4 29 9
2  45.0 45.0 0.00
431 7.2702 110.1074 5 18 7
2  45.0 45.0 0.00
432 3.6832 92.5159 8 26 5
2  45.0 45.0 0.00
433 6.3917 120.7547 7 29 5
2  45.0 45.0 0.00
434 10.9749 127.3754 1 29 8
2  45.0 45.0 0.00
435 11.6929 124.2618 5 24 7
2  45.0 45.0 0.00
436 43.0782 91.1194 6 22 5
2  45.0 45.0 0.00
437 41.0079 114.5482 8 20 5
2  45.0 45.0 0.00
438 8.0769 73.2640 2 28 8
2  45.0 45.0 0.00
439 3.1714 126.6377 3 24 7
2  45.0 45.0 0.00
440 18.7633 95.0630 8 26 6
2  45.0 45.0 0.00
441 33.8577 111.3373 2 17 7
2  45.0 45.0 0.00
442 14.5520 73.3353 3 25 9
2  45.0 45.0 0.00
443 38.5837 123.6284 10 23 6
2  45.0 45.0 0.00
444 21.7682 99.4359 10 27 9
2  45.0 45.0 0.00
445 10.7549 74.5651 10 17 7
2  45.0 45.0 0.00
446 16.9948 86.3113 5 15 8
2  45.0 45.0 0.00
447 24.6923 107.1123 3 18 5
2  45.0 45.0 0.00
448 9.0601 105.2905 2 27 9
2  45.0 45.0 0.00
449 7.7975 91.2894 9 29 9
2  45.0 45.0 0.00
450 10.9811 91.9494 6 18 8
2  45.0 45.0 0.00
451 46.7334 105.9374 4 27 6
2  45.0 45.0 0.00
452 32.5534 102.9457 10 24 5
2  45.0 45.0 0.00
453 3.4593 130.5656 1 29 8
2  45.0 45.0 0.00
454 10.1568 108.6631 6 23 6
2  45.0 45.0 0.00
455 44.8595 110.4894 9 29 5
2  45.0 45.0 0.00
456 45.5138 78.3406 9 19 5
2  45.0 45.0 0.00
457 51.2036 131.8057 3 21 6
2  45.0 45.0 0.00
458 47.2445 118.5588 4 29 5
2  45.0 45.0 0.00
459 34.1054 128.2274 6 25 9
2  45.0 45.0 0.00
460 9.8262 94.6941 9 18 6
2  45.0 45.0 0.00
461 31.2618 118.1554 4 15 9
2  45.0 45.0 0.00
462 15.4923 108.6731 6 26 7
2  45.0 45.0 0.00
463 28.1029 84.2353 2 24 9
2  45.0 45.0 0.00
464 4.4545 105.5919 1 23 6
2  45.0 45.0 0.00
465 22.1911 110.1631 7 23 8
2  45.0 45.0 0.00
466 48.8367 128.8701 2 16 5
2  45.0 45.0 0.00
467 27.4354 124.6558 8 15 8
2  45.0 45.0 0.00
468 13.5741 130.5608 7 24 9
2  45.0 45.0 0.00
469 17.5169 132.4193 2 23 9
2  45.0 45.0 0.00
470 24.7426 91.3221 1 27 8
2  45.0 45.0 0.00
471 32.6663 120.3068 9 28 8
2  45.0 45.0 0.00
472 50.2926 85.5859 1 20 8
2  45.0 45.0 0.00
473 18.9339 102.1542 7 24 8
2  45.0 45.0 0.00
474 35.0564 83.1815 7 15 5
2  45.0 45.0 0.00
475 6.4872 129.4794 9 26 6
2  45.0 45.0 0.00
476 22.6750 76.4282 4 24 7
2  45.0 45.0 0.00
477 33.5683 79.1100 8 19 6
2  45.0 45.0 0.00
478 38.0130 131.9449 2 20 8
2  45.0 45.0 0.00
479 3.0858 107.8566 8 29 5
2  45.0 45.0 0.00
480 43.2217 96.2051 8 28 6
2  45.0 45.0 0.00
481 16.2580 91.1258 5 24 9
2  45.0 45.0 0.00
482 35.6001 75.1876 8 24 6
2  45.0 45.0 0.00
483 47.4357 105.5879 7 27 9
2  45.0 45.0 0.00
484 13.8422 83.1094 1 19 7
2  45.0 45.0 0.00
485 35.9357 120.8533 10 20 7
2  45.0 45.0 0.00
486 27.4401 130.6204 9 23 7
2  45.0 45.0 0.00
487 3.3375 83.9499 6 21 5
2  45.0 45.0 0.00
488 18.4634 99.6557 5 20 7
2  45.0 45.0 0.00
489 36.1900 93.6330 5 16 9
2  45.0 45.0 0.00
490 25.9292 119.0965 9 16 5
2  45.0 45.0 0.00
491 34.7972 79.1732 6 19 6
2  45.0 45.0 0.00
492 26.3802 127.2191 8 18 5
2  45.0 45.0 0.00
493 37.5831 101.4006 3 17 8
2  45.0 45.0 0.00
494 38.3108 78.8306 7 25 6
2  45.0 45.0 0.00
495 41.6291 120.9560 8 26 5
2  45.0 45.0 0.00
496 18.7415 115.7397 3 21 7
2  45.0 45.0 0.00
497 39.0264 123.4977 4 20 9
2  45.0 45.0 0.00
498 48.1932 124.8192 10 17 6
2  45.0 45.0 0.00
499 23.2808 85.7043 1 18 6
2  45.0 45.0 0.00
500 12.5229 82.2654 8 20 6
2  45.0 45.0 0.00
501 21.0704 78.1518 2 26 7
2  45.0 45.0 0.00
502 44.8339 94.7651 9 18 9
2  45.0 45.0 0.00
503 40.7638 102.7927 5 24 8
2  45.0 45.0 0.00
504 45.5017 77.6917 6 19 9
2  45.0 45.0 0.00
505 45.1281 127.9988 8 19 6
2  45.0 45.0 0.00
506 31.0422 105.2144 4 22 6
2  45.0 45.0 0.00
507 11.0204 94.5959 2 15 7
2  45.0 45.0 0.00
508 34.7332 78.5043 1 29 5
2  45.0 45.0 0.00
509 30.0556 110.2472 1 18 9
2  45.0 45.0 0.00
510 48.4536 105.7762 3 23 8
2  45.0 45.0 0.00
511 8.6131 123.3984 10 23 8
2  45.0 45.0 0.00
512 25.2381 118.4163 4 21 5
2  45.0 45.0 0.00
513 17.9886 125.7506 3 29 9
2  45.0 45.0 0.00
514 22.7672 101.4421 4 18 8
2  45.0 45.0 0.00
515 40.9147 81.3630 10 18 8
2  45.0 45.0 0.00
516 14.0887 115.6054 2 21 5
2  45.0 45.0 0.00
517 3.7287 132.9202 4 26 6
2  45.0 45.0 0.00
518 19.0217 122.3337 10 20 5
2  45.0 45.0 0.00
519 46.8863 114.0892 6 26 9
2  45.0 45.0 0.00
520 36.0967 112.9446 8 20 7
2  45.0 45.0 0.00
521 24.7518 90.7645 9 27 8
2  45.0 45.0 0.00
522 51.6439 108.9431 2 27 7
2  45.0 45.0 0.00
523 39.7336 92.1741 1 20 8
2  45.0 45.0 0.00
524 18.0550 78.1309 3 24 9
2  45.0 45.0 0.00
525 31.6558 80.9949 10 17 5
2  45.0 45.0 0.00
526 6.6737 94.0537 1 21 9
2  45.0 45.0 0.00
527 30.8016 95.5909 5 27 5
2  45.0 45.0 0.00
528 38.9249 82.7934 10 15 5
2  45.0 45.0 0.00
529 39.0691 74.0657 1 27 5
2  45.0 45.0 0.00
530 30.9079 94.0181 9 15 8
2  45.0 45.0 0.00
531 31.8209 76.6243 5 21 8
2  45.0 45.0 0.00
532 18.0894 82.1161 4 25 8
2  45.0 45.0 0.00
533 34.0992 84.4613 2 27 5
2  45.0 45.0 0.00
534 20.9079 101.3331 6 17 8
2  45.0 45.0 0.00
535 9.8938 75.9872 6 21 9
2  45.0 45.0 0.00
536 30.7677 91.7451 3 16 6
2  45.0 45.0 0.00
537 39.1586 91.9471 5 27 7
2  45.0 45.0 0.00
538 27.7813 128.6313 10 18 9
2  45.0 45.0 0.00
539 31.3282 100.2397 7 19 5
2  45.0 45.0 0.00
540 29.5179 82.8907 4 27 7
2  45.0 45.0 0.00
541 7.2970 85.7771 5 18 5
2  45.0 45.0 0.00
542 29.3316 110.4968 4 23 6
2  45.0 45.0 0.00
543 52.4685 74.5842 8 21 6
2  45.0 45.0 0.00
544 18.3100 96.3892 4 20 5
2  45.0 45.0 0.00
545 24.5485 87.0278 1 18 5
2  45.0 45.0 0.00
546 37.1941 116.0640 10 20 7
2  45.0 45.0 0.00
547 22.5255 103.7028 8 24 9
2  45.0 45.0 0.00
548 28.5111 77.3287 5 25 5
2  45.0 45.0 0.00
549 46.5339 93.7753 4 28 5
2  45.0 45.0 0.00
550 30.0081 74.7453 7 16 8
2  45.0 45.0 0.00
551 10.0269 119.9735 1 25 7
2  45.0 45.0 0.00
552 45.6071 131.2396 1 16 5
2  45.0 45.0 0.00
553 43.4449 88.1810 7 16 8
2  45.0 45.0 0.00
554 26.8828 96.2842 4 24 8
2  45.0 45.0 0.00
555 14.7027 114.2728 9 18 8
2  45.0 45.0 0.00
556 7.2357 93.6752 2 16 7
2  45.0 45.0 0.00
557 35.7397 108.5957 5 25 6
2  45.0 45.0 0.00
558 33.3810 121.4634 6 17 8
2  45.0 45.0 0.00
559 29.9781 130.5915 6 23 7
2  45.0 45.0 0.00
560 33.8831 87.3909 6 19 8
2  45.0 45.0 0.00
561 10.6046 97.2857 2 19 9
2  45.0 45.0 0.00
562 25.6329 104.7516 9 15 6
2  45.0 45.0 0.00
563 28.3778 125.6000 10 24 8
2  45.0 45.0 0.00
564 13.7819 106.6861 1 25 5
2  45.0 45.0 0.00
565 36.4966 85.0687 8 28 6
2  45.0 45.0 0.00
566 16.7098 81.6523 4 26 5
2  45.0 45.0 0.00
567 45.2432 77.5141 6 19 6
2  45.0 45.0 0.00
568 15.5016 88.9726 3 28 7
2  45.0 45.0 0.00
569 6.9213 121.2200 2 28 8
2  45.0 45.0 0.00
570 36.1448 91.4904 1 26 7
2  45.0 45.0 0.00
571 5.8113 104.2179 4 18 5
2  45.0 45.0 0.00
572 50.5473 104.6946 6 16 7
2  45.0 45.0 0.00
573 18.4227 117.6954 6 28 8
2  45.0 45.0 0.00
574 24.6161 107.4835 2 20 7
2  45.0 45.0 0.00
575 50.4714 113.6346 8 17 9
2  45.0 45.0 0.00
576 46.3132 91.0312 7 16 5
2  45.0 45.0 0.00
577 51.3012 94.4772 7 19 8
2  45.0 45.0 0.00
578 19.2283 123.2153 5 18 8
2  45.0 45.0 0.00
579 39.0894 83.7137 3 21 9
2  45.0 45.0 0.00
580 19.6751 127.6998 9 17 8
2  45.0 45.0 0.00
581 7.4085 128.4398 7 19 8
2  45.0 45.0 0.00
582 21.9491 93.0393 5 20 6
2  45.0 45.0 0.00
583 35.5213 98.8886 7 28 9
2  45.0 45.0 0.00
584 50.5250 98.5629 7 17 6
2  45.0 45.0 0.00
585 32.7699 91.9725 8 24 6
2  45.0 45.0 0.00
586 41.5433 89.0228 1 18 5
2  45.0 45.0 0.00
587 50.7301 81.3247 4 21 7
2  45.0 45.0 0.00
588 5.1013 77.8227 6 24 6
2  45.0 45.0 0.00
589 52.5289 102.6095 2 28 5
2  45.0 45.0 0.00
590 17.5156 89.7916 7 24 6
2  45.0 45.0 0.00
591 48.3727 118.5681 9 28 9
2  45.0 45.0 0.00
592 41.5981 90.0501 1 16 8
2  45.0 45.0 0.00
593 8.5967 79.0900 7 19 5
2  45.0 45.0 0.00
594 28.5841 132.4761 8 19 6
2  45.0 45.0 0.00
595 46.5061 122.1138 6 27 5
2  45.0 45.0 0.00
596 8.0954 98.8547 9 23 7
2  45.0 45.0 0.00
597 27.5503 112.6207 8 28 5
2  45.0 45.0 0.00
598 12.7566 86.4759 5 23 7
2  45.0 45.0 0.00
599 40.8929 73.8207 9 28 8
2  45.0 45.0 0.00
600 47.4539 86.0342 1 27 6
2  45.0 45.0 0.00
601 17.9522 130.1178 2 20 8
2  45.0 45.0 0.00
602 7.4445 128.4561 1 26 5
2  45.0 45.0 0.00
603 20.0525 116.9072 10 22 9
2  45.0 45.0 0.00
604 25.5795 85.5664 2 16 8
2  45.0 45.0 0.00
605 17.3541 97.5396 6 26 7
2  45.0 45.0 0.00
606 45.8221 126.4154 9 17 5
2  45.0 45.0 0.00
607 47.2335 107.9281 10 17 7
2  45.0 45.0 0.00
608 29.9521 89.4883 5 16 5
2  45.0 45.0 0.00
609 16.5432 99.7504 4 22 8
2  45.0 45.0 0.00
610 4.3036 103.6288 5 29 7
2  45.0 45.0 0.00
611 36.9820 80.8571 6 18 9
2  45.0 45.0 0.00
612 47.5025 83.3279 9 29 9
2  45.0 45.0 0.00
613 12.9316 118.2467 2 24 5
2  45.0 45.0 0.00
614 40.9458 106.8735 1 16 7
2  45.0 45.0 0.00
615 11.8393 78.1863 7 28 6
2  45.0 45.0 0.00
616 45.0622 125.5962 3 17 9
2  45.0 45.0 0.00
617 20.2981 126.9536 8 24 7
2  45.0 45.0 0.00
618 40.6859 93.4378 3 19 7
2  45.0 45.0 0.00
619 21.3455 91.0034 6 17 5
2  45.0 45.0 0.00
620 28.8376 121.1298 2 21 7
2  45.0 45.0 0.00
621 26.0757 99.1052 8 22 9
2  45.0 45.0 0.00
622 32.6601 86.6532 4 29 8
2  45.0 45.0 0.00
623 3.6723 74.1720 1 15 5
2  45.0 45.0 0.00
624 17.9703 78.2833 9 15 9
2  45.0 45.0 0.00
625 23.9143 89.5191 3 22 9
2  45.0 45.0 0.00
626 46.8364 128.1391 3 28 5
2  45.0 45.0 0.00
627 4.9540 101.5079 8 23 6
2  45.0 45.0 0.00
628 48.5439 97.1569 4 26 6
2  45.0 45.0 0.00
629 29.3083 94.9626 7 24 7
2  45.0 45.0 0.00
630 20.3688 89.0069 6 29 6
2  45.0 45.0 0.00
631 24.4349 117.6911 9 22 6
2  45.0 45.0 0.00
632 12.3098 129.3332 3 23 8
2  45.0 45.0 0.00
633 36.7109 94.3839 5 27 9
2  45.0 45.0 0.00
634 29.9157 100.4802 10 27 9
2  45.0 45.0 0.00
635 47.8395 91.2518 9 27 6
2  45.0 45.0 0.00
636 5.6121 110.6659 8 28 7
2  45.0 45.0 0.00
637 33.4973 128.1786 10 24 6
2  45.0 45.0 0.00
638 17.7114 130.9148 3 18 9
2  45.0 45.0 0.00
639 51.5995 123.8567 2 17 8
2  45.0 45.0 0.00
640 11.4884 103.9988 10 25 8
2  45.0 45.0 0.00
641 47.4686 100.8745 1 17 6
2  45.0 45.0 0.00
642 9.2251 127.1187 10 18 7
2  45.0 45.0 0.00
643 30.9216 73.8709 3 17 8
2  45.0 45.0 0.00
644 40.7287 115.7684 9 23 8
2  45.0 45.0 0.00
645 31.6534 85.3060 7 27 8
2  45.0 45.0 0.00
646 5.4589 81.8528 10 16 6
2  45.0 45.0 0.00
647 29.7798 127.1411 6 19 7
2  45.0 45.0 0.00
648 10.2686 118.7494 1 19 6
2  45.0 45.0 0.00
649 22.6125 115.0495 2 25 8
2  45.0 45.0 0.00
650 50.8738 114.6913 6 21 9
2  45.0 45.0 0.00
651 25.8480 130.0073 3 16 9
2  45.0 45.0 0.00
652 37.2136 109.0790 5 21 7
2  45.0 45.0 0.00
653 51.8477 119.7003 9 29 9
2  45.0 45.0 0.00
654 35.8040 114.6208 8 26 8
2  45.0 45.0 0.00
655 52.6042 97.1788 8 18 7
2  45.0 45.0 0.00
656 46.6121 103.2726 3 17 5
2  45.0 45.0 0.00
657 20.7161 115.6294 10 19 5
2  45.0 45.0 0.00
658 32.2737 121.4936 2 20 9
2  45.0 45.0 0.00
659 30.2027 91.4677 4 28 7
2  45.0 45.0 0.00
660 33.6956 115.5972 2 26 9
2  45.0 45.0 0.00
661 16.1898 129.5977 10 26 5
2  45.0 45.0 0.00
662 5.6990 116.2565 3 24 8
2  45.0 45.0 0.00
663 11.9865 99.2279 6 20 7
2  45.0 45.0 0.00
664 16.3233 102.3207 6 29 9
2  45.0 45.0 0.00
665 45.3926 91.1394 2 26 6
2  45.0 45.0 0.00
666 37.2144 103.3061 2 26 6
2  45.0 45.0 0.00
667 11.1145 119.1892 7 17 5
2  45.0 45.0 0.00
668 23.5514 131.4870 8 17 9
2  45.0 45.0 0.00
669 46.2267 83.7427 1 26 7
2  45.0 45.0 0.00
670 8.3462 131.4558 2 21 9
2  45.0 45.0 0.00
671 9.2616 119.5180 10 28 9
2  45.0 45.0 0.00
672 51.0736 82.8971 1 20 9
2  45.0 45.0 0.00
673 30.4439 128.9652 6 20 9
2  45.0 45.0 0.00
674 23.4954 89.0642 4 17 8
2  45.0 45.0 0.00
675 17.5841 90.5869 2 16 8
2  45.0 45.0 0.00
676 36.4404 106.5180 3 20 6
2  45.0 45.0 0.00
677 38.5013 76.2903 1 28 6
2  45.0 45.0 0.00
678 22.3495 125.2829 6 19 5
2  45.0 45.0 0.00
679 15.3038 109.3875 8 19 6
2  45.0 45.0 0.00
680 49.5890 122.5246 6 26 5
2  45.0 45.0 0.00
681 44.9593 123.2005 8 25 8
2  45.0 45.0 0.00
682 44.6059 113.2965 7 17 8
2  45.0 45.0 0.00
683 23.1419 121.2450 5 17 9
2  45.0 45.0 0.00
684 27.7020 75.6117 9 15 7
2  45.0 45.0 0.00
685 29.9264 131.4597 1 15 5
2  45.0 45.0 0.00
686 37.2611 132.7492 9 27 6
2  45.0 45.0 0.00
687 45.1699 120.6826 4 20 7
2  45.0 45.0 0.00
688 46.6675 94.0988 3 16 8
2  45.0 45.0 0.00
689 38.7691 117.0192 8 25 8
2  45.0 45.0 0.00
690 25.0996 100.0765 4 22 7
2  45.0 45.0 0.00
691 47.4126 122.4636 1 19 5
2  45.0 45.0 0.00
692 46.2429 122.0599 3 25 9
2  45.0 45.0 0.00
693 44.8149 124.4749 10 28 6
2  45.0 45.0 0.00
694 33.4064 101.0345 6 25 7
2  45.0 45.0 0.00
695 10.1197 128.3360 10 19 8
2  45.0 45.0 0.00
696 43.2437 91.1579 3 19 8
2  45.0 45.0 0.00
697 14.6974 103.4733 5 20 6
2  45.0 45.0 0.00
698 3.9503 101.0731 5 19 6
2  45.0 45.0 0.00
699 5.7842 112.3874 4 18 8
2  45.0 45.0 0.00
700 45.8733 122.7966 9 20 5
2  45.0 45.0 0.00
701 51.7375 118.8939 8 28 7
2  45.0 45.0 0.00
702 51.2993 105.6848 9 24 8
2  45.0 45.0 0.00
703 31.1113 103.5207 5 15 7
2  45.0 45.0 0.00
704 19.4205 103.1966 8 25 9
2  45.0 45.0 0.00
705 10.0122 81.8780 6 21 5
2  45.0 45.0 0.00
706 27.2969 114.0425 10 22 9
2  45.0 45.0 0.00
707 51.7465 128.8092 5 17 9
2  45.0 45.0 0.00
708 26.4525 107.7760 5 27 6
2  45.0 45.0 0.00
709 26.7129 125.0566 5 23 9
2  45.0 45.0 0.00
710 30.3503 110.9822 9 26 5
2  45.0 45.0 0.00
711 20.7095 80.6560 6 22 7
2  45.0 45.0 0.00
712 44.3392 93.4915 6 26 7
2  45.0 45.0 0.00
713 17.0972 75.4270 5 26 6
2  45.0 45.0 0.00
714 34.6037 93.6732 5 16 9
2  45.0 45.0 0.00
715 40.4405 112.0065 3 20 6
2  45.0 45.0 0.00
716 16.6317 106.3107 1 23 6
2  45.0 45.0 0.00
717 45.6451 126.1553 4 21 6
2  45.0 45.0 0.00
718 45.3665 98.3593 1 23 6
2  45.0 45.0 0.00
719 9.3763 122.5657 7 18 9
2  45.0 45.0 0.00
720 24.6904 80.1781 2 19 7
2  45.0 45.0 0.00
721 13.1227 106.1971 2 27 9
2  45.0 45.0 0.00
722 38.2041 117.1819 8 16 7
2  45.0 45.0 0.00
723 16.5803 119.8134 4 21 6
2  45.0 45.0 0.00
724 22.8011 108.9654 6 21 6
2  45.0 45.0 0.00
725 13.4709 119.7481 6 25 6
2  45.0 45.0 0.00
726 49.1357 96.7900 2 22 6
2  45.0 45.0 0.00
727 10.6499 88.3158 7 16 5
2  45.0 45.0 0.00
728 17.9809 76.5835 2 24 7
2  45.0 45.0 0.00
729 8.5483 91.7128 4 15 5
2  45.0 45.0 0.00
730 20.3651 98.4843 4 15 6
2  45.0 45.0 0.00
731 44.7193 113.6870 8 16 9
2  45.0 45.0 0.00
732 24.1660 122.7605 10 22 8
2  45.0 45.0 0.00
733 18.3790 88.1150 9 28 9
2  45.0 45.0 0.00
734 3.8171 112.2997 2 18 5
2  45.0 45.0 0.00
735 19.8149 131.7185 3 28 9
2  45.0 45.0 0.00
736 47.8770 117.4318 5 25 9
2  45.0 45.0 0.00
737 27.8988 96.2535 8 16 7
2  45.0 45.0 0.00
738 26.7441 83.1280 9 19 5
2  45.0 45.0 0.00
739 26.5138 106.8433 8 28 8
2  45.0 45.0 0.00
740 45.9525 97.6912 1 17 9
2  45.0 45.0 0.00
741 37.6154 84.0981 4 28 5
2  45.0 45.0 0.00
742 45.7872 117.7613 5 18 6
2  45.0 45.0 0.00
743 37.1395 81.7589 1 23 9
2  45.0 45.0 0.00
744 49.0012 80.3704 4 22 5
2  45.0 45.0 0.00
745 45.3771 96.2302 7 15 6
2  45.0 45.0 0.00
746 41.6121 76.7565 8 19 8
2  45.0 45.0 0.00
747 27.3010 108.4390 7 27 8
2  45.0 45.0 0.00
748 18.6504 101.2501 1 15 9
2  45.0 45.0 0.00
749 39.4430 128.2266 10 28 5
2  45.0 45.0 0.00
750 19.2147 74.7472 1 29 6
2  45.0 45.0 0.00
751 39.8105 128.8773 2 15 5
2  45.0 45.0 0.00
752 18.2569 80.5386 6 23 6
2  45.0 45.0 0.00
753 42.6568 99.9420 7 22 8
2  45.0 45.0 0.00
754 7.6070 93.4588 6 28 9
2  45.0 45.0 0.00
755 25.4594 78.8400 1 22 5
2  45.0 45.0 0.00
756 49.3550 103.5427 10 29 6
2  45.0 45.0 0.00
757 40.1561 77.9875 5 15 8
2  45.0 45.0 0.00
758 30.7365 104.5477 9 24 5
2  45.0 45.0 0.00
759 12.3683 128.0326 8 25 6
2  45.0 45.0 0.00
760 16.9914 99.5460 2 16 7
2  45.0 45.0 0.00
761 52.1657 79.0881 10 16 5
2  45.0 45.0 0.00
762 34.9438 98.0319 7 28 6
2  45.0 45.0 0.00
763 42.8046 82.7896 6 18 9
2  45.0 45.0 0.00
764 38.5006 97.6486 10 27 9
2  45.0 45.0 0.00
765 31.3173 116.6194 1 27 5
2  45.0 45.0 0.00
766 29.5989 96.6324 9 18 9
2  45.0 45.0 0.00
767 27.2333 97.7181 7 21 6
2  45.0 45.0 0.00
768 35.0827 130.8582 5 27 9
2  45.0 45.0 0.00
769 9.8766 108.8803 3 20 7
2  45.0 45.0 0.00
770 4.2103 113.8208 10 27 6
2  45.0 45.0 0.00
771 46.4509 108.2219 5 17 7
2  45.0 45.0 0.00
772 15.8162 89.5118 4 15 6
2  45.0 45.0 0.00
773 15.2502 84.2499 2 29 7
2  45.0 45.0 0.00
774 22.2062 114.9961 1 28 6
2  45.0 45.0 0.00
775 40.2854 107.0810 3 28 8
2  45.0 45.0 0.00
776 51.4170 93.7319 10 19 5
2  45.0 45.0 0.00
777 45.5815 106.3136 9 28 7
2  45.0 45.0 0.00
778 47.8817 86.4097 9 15 9
2  45.0 45.0 0.00
779 21.3229 129.1236 3 22 8
2  45.0 45.0 0.00
780 50.5017 112.1476 10 27 7
2  45.0 45.0 0.00
781 19.2136 121.3629 6 21 5
2  45.0 45.0 0.00
782 18.0501 112.3412 7 22 7
2  45.0 45.0 0.00
783 48.5396 131.2897 5 28 7
2  45.0 45.0 0.00
784 37.4888 91.2141 4 21 8
2  45.0 45.0 0.00
785 11.0314 114.5868 2 28 5
2  45.0 45.0 0.00
786 43.5158 75.6811 10 17 8
2  45.0 45.0 0.00
787 18.7940 104.0767 10 28 7
2  45.0 45.0 0.00
788 5.2791 79.4487 6 27 9
2  45.0 45.0 0.00
789 15.0974 115.6036 6 21 7
2  45.0 45.0 0.00
790 22.7481 74.3041 4 15 7
2  45.0 45.0 0.00
791 35.3233 87.6611 3 16 6
2  45.0 45.0 0.00
792 34.5578 127.3881 5 19 5
2  45.0 45.0 0.00
793 15.8158 101.9095 9 27 7
2  45.0 45.0 0.00
794 22.6424 78.7736 2 20 9
2  45.0 45.0 0.00
795 32.1149 101.1060 3 23 6
2  45.0 45.0 0.00
796 25.5284 87.2426 10 20 9
2  45.0 45.0 0.00
797 42.4290 132.3431 6 25 6
2  45.0 45.0 0.00
798 6.5764 99.0757 4 24 5
2  45.0 45.0 0.00
799 9.9557 122.9821 9 25 9
2  45.0 45.0 0.00
800 41.0061 125.9859 3 27 7
2  45.0 45.0 0.00
801 17.9368 110.9676 10 16 5
2  45.0 45.0 0.00
802 11.9016 113.4746 8 27 6
2  45.0 45.0 0.00
803 22.6890 106.7257 10 21 7
2  45.0 45.0 0.00
804 16.3632 118.0302 2 21 6
2  45.0 45.0 0.00
805 50.9126 100.1730 1 19 5
2  45.0 45.0 0.00
806 40.4631 118.0951 2 24 9
2  45.0 45.0 0.00
807 31.3735 95.6461 2 28 9
2  45.0 45.0 0.00
808 10.7894 125.4176 3 23 8
2  45.0 45.0 0.00
809 22.8476 108.2105 2 20 5
2  45.0 45.0 0.00
810 31.8509 98.5057 6 17 9
2  45.0 45.0 0.00
811 3.4810 99.6295 10 23 7
2  45.0 45.0 0.00
812 45.2927 93.3196 10 16 5
2  45.0 45.0 0.00
813 24.3224 76.2611 10 27 5
2  45.0 45.0 0.00
814 3.8172 113.1580 5 21 6
2  45.0 45.0 0.00
815 22.6819 84.5415 10 26 5
2  45.0 45.0 0.00
816 21.5705 78.2144 7 17 7
2  45.0 45.0 0.00
817 19.2083 110.0483 6 26 9
2  45.0 45.0 0.00
818 9.1822 121.2681 2 22 9
2  45.0 45.0 0.00
819 43.8564 121.1244 4 22 8
2  45.0 45.0 0.00
820 20.1300 116.3421 8 19 8
2  45.0 45.0 0.00
821 48.3859 131.1823 5 26 9
2  45.0 45.0 0.00
822 43.8631 113.5451 6 21 8
2  45.0 45.0 0.00
823 40.9473 82.5997 6 22 7
2  45.0 45.0 0.00
824 43.4488 90.0083 7 27 9
2  45.0 45.0 0.00
825 13.5939 84.7589 3 21 9
2  45.0 45.0 0.00
826 32.5782 113.6285 2 15 7
2  45.0 45.0 0.00
827 35.4521 121.2319 3 22 5
2  45.0 45.0 0.00
828 20.7231 122.7569 7 27 7
2  45.0 45.0 0.00
829 25.3946 96.2610 4 25 7
2  45.0 45.0 0.00
830 35.8566 89.3103 7 15 5
2  45.0 45.0 0.00
831 5.9564 124.3671 9 20 7
2  45.0 45.0 0.00
832 38.5868 103.6698 3 27 8
2  45.0 45.0 0.00
833 10.0060 109.6992 10 29 7
2  45.0 45.0 0.00
834 50.7540 114.0957 10 22 9
2  45.0 45.0 0.00
835 51.9847 98.0513 3 21 7
2  45.0 45.0 0.00
836 44.2097 103.4195 9 15 6
2  45.0 45.0 0.00
837 18.9862 112.0975 5 15 7
2  45.0 45.0 0.00
838 42.6462 98.1365 3 15 8
2  45.0 45.0 0.00
839 45.1649 132.7631 10 16 7
2  45.0 45.0 0.00
840 44.8119 98.3645 3 17 7
2  45.0 45.0 0.00
841 51.6102 120.8027 7 17 8
2  45.0 45.0 0.00
842 35.0803 96.8004 10 27 7
2  45.0 45.0 0.00
843 13.2372 100.9106 5 22 6
2  45.0 45.0 0.00
844 27.4247 109.5082 7 21 6
2  45.0 45.0 0.00
845 29.8070 110.5141 2 25 9
2  45.0 45.0 0.00
846 52.1821 92.7527 5 15 6
2  45.0 45.0 0.00
847 23.0726 91.5868 1 23 8
2  45.0 45.0 0.00
848 29.1507 101.2176 5 18 8
2  45.0 45.0 0.00
849 22.8125 106.8750 6 22 6
2  45.0 45.0 0.00
850 21.9060 102.1463 8 26 8
2  45.0 45.0 0.00
851 14.3884 73.8563 8 29 6
2  45.0 45.0 0.00
852 20.3485 79.1415 2 19 6
2  45.0 45.0 0.00
853 18.6198 93.6509 10 23 7
2  45.0 45.0 0.00
854 47.7483 126.7898 1 27 9
2  45.0 45.0 0.00
855 3.9101 95.6564 2 26 8
2  45.0 45.0 0.00
856 51.5779 81.4347 8 20 5
2  45.0 45.0 0.00
857 27.8935 105.9032 1 19 7
2  45.0 45.0 0.00
858 22.3590 95.2555 8 18 7
2  45.0 45.0 0.00
859 24.0328 84.9623 2 28 8
2  45.0 45.0 0.00
860 5.6034 73.8014 3 28 6
2  45.0 45.0 0.00
861 27.0812 110.2902 9 29 7
2  45.0 45.0 0.00
862 45.5081 87.7962 8 19 7
2  45.0 45.0 0.00
863 13.3195 117.3184 2 16 6
2  45.0 45.0 0.00
864 41.2005 74.1108 5 29 8
2  45.0 45.0 0.00
865 29.2020 112.7677 7 20 8
2  45.0 45.0 0.00
866 43.9415 101.4256 8 15 6
2  45.0 45.0 0.00
867 50.9100 86.6121 7 16 6
2  45.0 45.0 0.00
868 46.8183 107.6257 6 26 9
2  45.0 45.0 0.00
869 10.0289 78.9167 10 24 6
2  45.0 45.0 0.00
870 37.1008 79.5896 10 24 6
2  45.0 45.0 0.00
871 4.6777 74.5796 6 16 8
2  45.0 45.0 0.00
872 43.9414 88.7475 4 19 9
2  45.0 45.0 0.00
873 21.8201 84.2621 10 28 9
2  45.0 45.0 0.00
874 51.9762 112.4122 3 26 8
2  45.0 45.0 0.00
875 12.3458 88.7534 6 17 9
2  45.0 45.0 0.00
876 24.2715 74.0797 6 15 8
2  45.0 45.0 0.00
877 38.4502 122.7851 1 26 9
2  45.0 45.0 0.00
878 49.5937 79.4664 7 21 5
2  45.0 45.0 0.00
879 33.6954 88.8612 8 28 9
2  45.0 45.0 0.00
880 50.6438 85.8053 6 26 5
2  45.0 45.0 0.00
881 4.2573 95.0556 10 29 8
2  45.0 45.0 0.00
882 41.5499 125.9653 4 18 5
2  45.0 45.0 0.00
883 43.0417 87.3637 9 23 8
2  45.0 45.0 0.00
884 30.3325 97.2044 2 15 6
2  45.0 45.0 0.00
885 46.5875 84.7325 3 25 9
2  45.0 45.0 0.00
886 49.1281 93.3909 10 18 6
2  45.0 45.0 0.00
887 13.6003 89.0853 6 28 8
2  45.0 45.0 0.00
888 20.0706 124.6016 1 16 7
2  45.0 45.0 0.00
889 5.4559 124.4280 9 20 5
2  45.0 45.0 0.00
890 21.7257 112.9345 10 17 8
2  45.0 45.0 0.00
891 30.4735 84.9969 1 22 9
2  45.0 45.0 0.00
892 44.4801 112.7586 1 15 8
2  45.0 45.0 0.00
893 24.5575 113.8441 5 28 7
2  45.0 45.0 0.00
894 29.6373 93.4769 7 27 8
2  45.0 45.0 0.00
895 37.3312 93.1553 9 22 6
2  45.0 45.0 0.00
896 3.7308 123.0236 3 23 9
2  45.0 45.0 0.00
897 15.8493 84.7568 6 21 6
2  45.0 45.0 0.00
898 3.6030 118.1572 1 15 8
2  45.0 45.0 0.00
899 36.9384 120.8716 2 19 5
2  45.0 45.0 0.00
900 21.4192 128.5111 5 27 7
2  45.0 45.0 0.00
901 4.6616 121.9414 5 20 9
2  45.0 45.0 0.00
902 13.6774 116.7816 4 17 8
2  45.0 45.0 0.00
903 52.7938 79.6230 1 16 6
2  45.0 45.0 0.00
904 14.7602 86.6420 2 24 7
2  45.0 45.0 0.00
905 42.0063 90.3372 7 17 7
2  45.0 45.0 0.00
906 47.4382 75.4818 2 19 9
2  45.0 45.0 0.00
907 7.4715 73.2022 9 16 7
2  45.0 45.0 0.00
908 25.0648 121.0931 6 23 9
2  45.0 45.0 0.00
909 17.1183 107.9281 9 21 7
2  45.0 45.0 0.00
910 31.4192 113.6413 3 16 9
2  45.0 45.0 0.00
911 10.0509 91.5290 3 19 9
2  45.0 45.0 0.00
912 40.2140 110.2827 7 27 8
2  45.0 45.0 0.00
913 11.6092 96.8035 5 19 8
2  45.0 45.0 0.00
914 52.6254 75.2933 10 24 8
2  45.0 45.0 0.00
915 24.6826 113.2694 8 24 8
2  45.0 45.0 0.00
916 12.8996 124.1420 4 24 6
2  45.0 45.0 0.00
917 13.5704 130.0215 7 20 8
2  45.0 45.0 0.00
918 42.0307 114.1534 8 18 9
2  45.0 45.0 0.00
919 43.9959 130.4181 8 27 7
2  45.0 45.0 0.00
920 47.2821 90.8996 7 25 7
2  45.0 45.0 0.00
921 29.5081 76.9222 3 21 6
2  45.0 45.0 0.00
922 26.4931 114.4926 8 24 7
2  45.0 45.0 0.00
923 47.5956 73.2364 5 22 5
2  45.0 45.0 0.00
924 14.0913 76.1259 3 24 5
2  45.0 45.0 0.00
925 18.3309 120.1377 3 26 9
2  45.0 45.0 0.00
926 26.8342 123.3629 9 15 5
2  45.0 45.0 0.00
927 47.9832 83.1917 5 15 5
2  45.0 45.0 0.00
928 10.3019 104.6059 1 15 9
2  45.0 45.0 0.00
929 7.4535 77.5751 3 27 7
2  45.0 45.0 0.00
930 43.7989 100.5026 9 25 6
2  45.0 45.0 0.00
931 44.6772 113.6857 5 24 6
2  45.0 45.0 0.00
932 40.2267 91.5329 10 23 6
2  45.0 45.0 0.00
933 34.5240 111.7382 4 23 9
2  45.0 45.0 0.00
934 39.1026 131.4462 6 20 5
2  45.0 45.0 0.00
935 37.7530 132.2896 1 26 8
2  45.0 45.0 0.00
936 14.5183 131.4665 2 20 9
2  45.0 45.0 0.00
937 3.9153 80.6622 1 25 8
2  45.0 45.0 0.00
938 14.0785 104.2477 7 24 6
2  45.0 45.0 0.00
939 44.8578 131.7235 4 25 7
2  45.0 45.0 0.00
940 25.1717 105.4961 7 27 9
2  45.0 45.0 0.00
941 45.0937 78.6680 2 24 6
2  45.0 45.0 0.00
942 45.2692 128.9192 8 27 6
2  45.0 45.0 0.00
943 41.5046 130.1718 7 23 6
2  45.0 45.0 0.00
944 28.1388 130.2872 3 28 6
2  45.0 45.0 0.00
945 13.0629 92.3925 4 17 8
2  45.0 45.0 0.00
946 38.8167 92.0308 3 17 5
2  45.0 45.0 0.00
947 37.4382 79.7281 7 22 8
2  45.0 45.0 0.00
948 49.1921 100.7167 3 21 9
2  45.0 45.0 0.00
949 17.4792 112.2630 9 20 7
2  45.0 45.0 0.00
950 47.2146 97.3774 6 20 6
2  45.0 45.0 0.00
951 27.4324 113.2550 2 23 7
2  45.0 45.0 0.00
952 28.9333 130.6324 10 29 5
2  45.0 45.0 0.00
953 29.4101 117.8342 10 25 7
2  45.0 45.0 0.00
954 35.8979 99.5172 10 26 5
2  45.0 45.0 0.00
955 5.0416 105.9227 4 28 7
2  45.0 45.0 0.00
956 30.3437 128.9000 1 23 5
2  45.0 45.0 0.00
957 18.5022 131.0443 4 28 5
2  45.0 45.0 0.00
958 3.8923 105.3839 2 29 9
2  45.0 45.0 0.00
959 51.1650 103.7477 8 20 9
2  45.0 45.0 0.00
960 30.1174 130.0194 3 27 7
2  45.0 45.0 0.00
961 25.1170 110.8938 10 18 9
2  45.0 45.0 0.00
962 49.9968 117.8939 1 16 7
2  45.0 45.0 0.00
963 32.3499 95.9364 5 26 8
2  45.0 45.0 0.00
964 31.0399 122.7632 7 24 6
2  45.0 45.0 0.00
965 8.9113 99.5412 10 29 6
2  45.0 45.0 0.00
966 29.4186 84.6576 5 29 5
2  45.0 45.0 0.00
967 32.8275 80.3994 6 15 6
2  45.0 45.0 0.00
968 36.9240 115.5371 10 15 9
2  45.0 45.0 0.00
969 16.4808 99.6180 3 22 6
2  45.0 45.0 0.00
970 32.0514 116.1821 2 24 6
2  45.0 45.0 0.00
971 38.6480 90.4655 8 21 8
2  45.0 45.0 0.00
972 52.9993 113.6745 8 28 7
2  45.0 45.0 0.00
973 40.2821 119.4347 6 28 9
2  45.0 45.0 0.00
974 26.1837 95.4459 9 23 8
2  45.0 45.0 0.00
975 45.5924 121.4691 1 25 5
2  45.0 45.0 0.00
976 36.7296 127.5914 7 23 6
2  45.0 45.0 0.00
977 43.4334 105.5623 9 25 7
2  45.0 45.0 0.00
978 18.2730 115.6403 8 21 7
2  45.0 45.0 0.00
979 3.0286 122.8363 10 22 7
2  45.0 45.0 0.00
980 27.7852 105.3070 6 23 7
2  45.0 45.0 0.00
981 13.3464 83.9244 7 27 6
2  45.0 45.0 0.00
982 48.2571 108.9995 9 18 9
2  45.0 45.0 0.00
983 7.5065 79.9334 2 24 8
2  45.0 45.0 0.00
984 13.1469 76.5024 8 21 5
2  45.0 45.0 0.00
985 40.6502 131.0981 6 15 9
2  45.0 45.0 0.00
986 4.0621 89.5128 1 19 8
2  45.0 45.0 0.00
987 9.8071 93.5560 3 15 7
2  45.0 45.0 0.00
988 34.3298 114.2475 7 22 7
2  45.0 45.0 0.00
989 38.2734 99.7683 9 22 6
2  45.0 45.0 0.00
990 47.2508 85.4891 9 28 8
2  45.0 45.0 0.00
991 24.8665 78.9750 3 20 5
2  45.0 45.0 0.00
992 14.9313 79.9723 10 29 6
2  45.0 45.0 0.00
993 34.4965 92.7220 9 24 8
2  45.0 45.0 0.00
994 40.3765 79.6778 10 15 5
2  45.0 45.0 0.00
995 28.7740 108.4305 2 27 6
2  45.0 45.0 0.00
996 18.3432 101.0068 9 25 5
2  45.0 45.0 0.00
997 43.6545 97.3169 2 23 6
2  45.0 45.0 0.00
998 4.8280 130.1007 8 29 8
2  45.0 45.0 0.00
999 28.5195 116.3232 4 18 8
2  45.0 45.0 0.00
