0 -45.1399 -152.1845 2 22 6
2  45.0 45.0 0.00
1 5.6746 32.8350 2 16 6
2  45.0 45.0 0.00
2 30.3962 53.0084 6 26 6
2  45.0 45.0 0.00
3 -11.2466 170.8878 5 17 6
2  45.0 45.0 0.00
4 -49.5361 -18.7894 9 15 8
2  45.0 45.0 0.00
5 15.2553 -77.8274 3 29 7
2  45.0 45.0 0.00
6 -18.1678 171.5526 7 22 7
2  45.0 45.0 0.00
7 51.3427 24.6050 2 29 9
2  45.0 45.0 0.00
8 21.7840 -89.7928 1 15 5
2  45.0 45.0 0.00
9 -9.1322 105.8831 10 26 8
2  45.0 45.0 0.00
10 48.1740 -138.4377 2 29 6
2  45.0 45.0 0.00
11 13.3925 -167.3912 2 28 5
2  45.0 45.0 0.00
12 -24.4096 47.4731 5 23 8
2  45.0 45.0 0.00
13 32.8835 -138.7579 3 19 5
2  45.0 45.0 0.00
14 34.5086 171.3339 5 20 6
2  45.0 45.0 0.00
15 29.9029 -40.7523 2 29 8
2  45.0 45.0 0.00
16 37.0786 -1.8553 8 20 6
2  45.0 45.0 0.00
17 -30.4055 -165.6288 7 19 6
2  45.0 45.0 0.00
18 47.6301 70.9533 6 29 6
2  45.0 45.0 0.00
19 -45.1942 65.7092 9 20 9
2  45.0 45.0 0.00
20 -21.2758 -6.0230 2 25 5
2  45.0 45.0 0.00
21 50.7257 98.2910 4 24 5
2  45.0 45.0 0.00
22 -27.6082 -156.9948 4 17 6
2  45.0 45.0 0.00
23 29.1367 -76.4423 7 17 5
2  45.0 45.0 0.00
24 28.6520 108.5871 1 29 7
2  45.0 45.0 0.00
25 -39.3832 174.7036 6 29 7
2  45.0 45.0 0.00
26 -42.4448 178.0871 2 16 7
2  45.0 45.0 0.00
27 -14.1479 97.0582 5 17 5
2  45.0 45.0 0.00
28 -6.3468 -31.6739 7 19 9
2  45.0 45.0 0.00
29 40.8564 11.5596 4 26 8
2  45.0 45.0 0.00
30 30.3138 -2.5375 1 20 9
2  45.0 45.0 0.00
31 -0.2486 4.6950 4 18 8
2  45.0 45.0 0.00
32 52.2851 110.2896 2 16 9
2  45.0 45.0 0.00
33 -27.0449 158.9095 3 23 8
2  45.0 45.0 0.00
34 -52.4415 -141.6167 3 17 6
2  45.0 45.0 0.00
35 -15.0218 6.0474 6 29 5
2  45.0 45.0 0.00
36 10.2131 -102.9008 7 18 7
2  45.0 45.0 0.00
37 11.3024 40.9704 4 19 6
2  45.0 45.0 0.00
38 37.4697 15.6795 10 22 9
2  45.0 45.0 0.00
39 14.1791 -78.0888 7 20 8
2  45.0 45.0 0.00
40 47.0664 159.2490 1 15 7
2  45.0 45.0 0.00
41 19.0121 -51.2163 1 15 6
2  45.0 45.0 0.00
42 50.9707 6.3333 1 15 5
2  45.0 45.0 0.00
43 29.5837 37.5546 6 24 7
2  45.0 45.0 0.00
44 13.8916 56.9621 7 20 8
2  45.0 45.0 0.00
45 -4.0583 31.0072 4 19 8
2  45.0 45.0 0.00
46 -45.0290 -128.8624 10 19 5
2  45.0 45.0 0.00
47 16.3231 -117.6343 7 25 7
2  45.0 45.0 0.00
48 -26.6173 23.4152 7 15 6
2  45.0 45.0 0.00
49 -17.3951 -2.9881 1 22 6
2  45.0 45.0 0.00
50 -49.8787 42.5756 10 26 5
2  45.0 45.0 0.00
51 -22.7058 24.1548 5 19 5
2  45.0 45.0 0.00
52 -43.1178 -150.7650 6 21 6
2  45.0 45.0 0.00
53 35.9136 -96.9642 10 29 6
2  45.0 45.0 0.00
54 11.2205 152.0329 10 18 9
2  45.0 45.0 0.00
55 -46.0029 52.2486 5 17 8
2  45.0 45.0 0.00
56 49.8216 -140.7557 1 15 8
2  45.0 45.0 0.00
57 -4.5652 -55.6754 10 18 8
2  45.0 45.0 0.00
58 -43.7891 133.5036 4 23 9
2  45.0 45.0 0.00
59 -35.2253 -121.4891 6 25 6
2  45.0 45.0 0.00
60 -41.8446 12.2075 2 16 6
2  45.0 45.0 0.00
61 -41.6439 -40.3352 4 28 8
2  45.0 45.0 0.00
62 14.9099 -34.6068 4 23 5
2  45.0 45.0 0.00
63 51.3269 -156.9355 6 24 7
2  45.0 45.0 0.00
64 -0.6931 177.3322 5 19 9
2  45.0 45.0 0.00
65 24.9111 -47.0731 9 20 6
2  45.0 45.0 0.00
66 42.7689 168.0096 3 28 7
2  45.0 45.0 0.00
67 -6.7728 -179.2429 10 25 7
2  45.0 45.0 0.00
68 -45.6887 -9.3551 8 23 6
2  45.0 45.0 0.00
69 19.4007 -73.3783 8 22 6
2  45.0 45.0 0.00
70 -42.0166 -0.1798 6 18 9
2  45.0 45.0 0.00
71 -41.0590 -100.4024 7 16 7
2  45.0 45.0 0.00
72 25.2165 -171.2580 6 22 6
2  45.0 45.0 0.00
73 18.4404 9.1511 5 15 5
2  45.0 45.0 0.00
74 51.1040 -50.0426 2 18 8
2  45.0 45.0 0.00
75 -50.9386 -38.6466 5 15 6
2  45.0 45.0 0.00
76 -6.4831 140.3612 2 16 8
2  45.0 45.0 0.00
77 -10.1782 78.0867 2 15 9
2  45.0 45.0 0.00
78 -30.2099 136.0945 9 18 9
2  45.0 45.0 0.00
79 -48.2627 168.6971 1 18 8
2  45.0 45.0 0.00
80 -36.2938 -80.2007 1 20 5
2  45.0 45.0 0.00
81 25.7182 -80.9871 6 24 7
2  45.0 45.0 0.00
82 23.3203 -118.7229 7 28 6
2  45.0 45.0 0.00
83 36.8879 154.5752 2 25 6
2  45.0 45.0 0.00
84 48.4482 -13.8886 1 17 6
2  45.0 45.0 0.00
85 -41.9683 -139.1188 10 20 7
2  45.0 45.0 0.00
86 -47.6105 -112.4025 4 19 5
2  45.0 45.0 0.00
87 -35.8684 12.3470 1 29 5
2  45.0 45.0 0.00
88 -39.3320 -145.1110 4 24 6
2  45.0 45.0 0.00
89 -48.2526 176.4426 2 29 8
2  45.0 45.0 0.00
90 -40.7765 -88.6025 3 29 8
2  45.0 45.0 0.00
91 20.7956 -131.2384 2 16 5
2  45.0 45.0 0.00
92 13.6810 152.3626 5 15 5
2  45.0 45.0 0.00
93 3.4166 144.5937 7 25 6
2  45.0 45.0 0.00
94 -19.7476 158.9306 10 22 9
2  45.0 45.0 0.00
95 38.1753 111.7877 10 28 5
2  45.0 45.0 0.00
96 -40.9208 -127.3078 10 24 6
2  45.0 45.0 0.00
97 31.4780 -94.1354 3 23 5
2  45.0 45.0 0.00
98 -50.2260 -12.5504 4 27 8
2  45.0 45.0 0.00
99 -31.1943 -163.5332 8 23 8
2  45.0 45.0 0.00
100 -37.8274 -84.3851 6 25 8
2  45.0 45.0 0.00
101 -34.5728 85.2235 9 16 8
2  45.0 45.0 0.00
102 40.8803 -103.7649 3 28 6
2  45.0 45.0 0.00
103 -1.8340 -65.8750 4 25 9
2  45.0 45.0 0.00
104 -21.8658 -57.6722 9 25 9
2  45.0 45.0 0.00
105 36.9478 -139.0252 10 27 5
2  45.0 45.0 0.00
106 33.3267 -102.2177 8 19 7
2  45.0 45.0 0.00
107 36.9259 -21.0152 8 27 7
2  45.0 45.0 0.00
108 -46.6155 -126.7001 1 27 8
2  45.0 45.0 0.00
109 33.3270 23.4350 5 23 6
2  45.0 45.0 0.00
110 41.2023 -53.8501 3 26 8
2  45.0 45.0 0.00
111 32.1539 31.9664 3 26 9
2  45.0 45.0 0.00
112 -46.6376 154.1182 1 29 5
2  45.0 45.0 0.00
113 17.9778 143.2504 5 19 7
2  45.0 45.0 0.00
114 -48.6461 -3.2618 6 18 8
2  45.0 45.0 0.00
115 -37.5597 13.6794 8 28 7
2  45.0 45.0 0.00
116 -22.9525 15.9972 2 22 9
2  45.0 45.0 0.00
117 -3.8174 -22.7887 9 22 6
2  45.0 45.0 0.00
118 -25.4864 63.9799 10 29 7
2  45.0 45.0 0.00
119 -38.9948 -126.4880 1 26 6
2  45.0 45.0 0.00
120 44.1477 -90.3270 8 16 9
2  45.0 45.0 0.00
121 -10.8373 -139.7992 3 15 5
2  45.0 45.0 0.00
122 -24.8740 73.5035 2 18 8
2  45.0 45.0 0.00
123 1.6521 -16.9513 8 17 5
2  45.0 45.0 0.00
124 -28.3122 -42.2557 10 15 7
2  45.0 45.0 0.00
125 -14.4847 2.0619 3 27 8
2  45.0 45.0 0.00
126 52.6840 91.9058 7 23 8
2  45.0 45.0 0.00
127 -49.3562 -9.1828 3 25 7
2  45.0 45.0 0.00
128 -15.6543 -34.2262 5 22 5
2  45.0 45.0 0.00
129 5.8709 -29.2625 7 19 8
2  45.0 45.0 0.00
130 18.9964 163.8811 5 24 6
2  45.0 45.0 0.00
131 3.5897 -98.7282 6 22 7
2  45.0 45.0 0.00
132 41.5555 -79.6349 9 19 7
2  45.0 45.0 0.00
133 1.0649 -118.5817 2 22 7
2  45.0 45.0 0.00
134 -48.6440 102.3909 8 24 8
2  45.0 45.0 0.00
135 34.7655 149.3369 7 28 9
2  45.0 45.0 0.00
136 47.1315 -94.8586 8 17 6
2  45.0 45.0 0.00
137 -48.5698 -129.8036 10 17 6
2  45.0 45.0 0.00
138 32.7137 161.4558 7 16 8
2  45.0 45.0 0.00
139 -45.2063 -139.2228 6 15 9
2  45.0 45.0 0.00
140 -12.2134 143.3737 2 26 9
2  45.0 45.0 0.00
141 41.8480 -63.4259 5 28 8
2  45.0 45.0 0.00
142 12.6183 -54.2212 8 25 9
2  45.0 45.0 0.00
143 16.4861 -149.5634 10 15 7
2  45.0 45.0 0.00
144 -13.7152 -176.0623 2 19 9
2  45.0 45.0 0.00
145 -43.1838 55.9628 10 29 5
2  45.0 45.0 0.00
146 22.7589 135.2132 6 28 8
2  45.0 45.0 0.00
147 -48.0841 -9.0422 4 19 8
2  45.0 45.0 0.00
148 23.1056 -95.0656 1 21 7
2  45.0 45.0 0.00
149 -4.3211 -80.5439 1 19 8
2  45.0 45.0 0.00
150 51.8319 -154.8602 10 23 9
2  45.0 45.0 0.00
151 -13.3728 29.8503 9 28 9
2  45.0 45.0 0.00
152 -27.6300 -45.4354 4 26 5
2  45.0 45.0 0.00
153 25.8055 -10.3319 10 29 7
2  45.0 45.0 0.00
154 -33.8515 106.5838 9 18 7
2  45.0 45.0 0.00
155 -38.7236 36.1233 4 27 8
2  45.0 45.0 0.00
156 33.5319 -52.4784 5 18 6
2  45.0 45.0 0.00
157 15.3566 -62.9258 6 29 9
2  45.0 45.0 0.00
158 -3.8733 16.6836 10 19 7
2  45.0 45.0 0.00
159 -16.5162 -6.3648 9 18 7
2  45.0 45.0 0.00
160 51.7210 -80.0217 4 27 9
2  45.0 45.0 0.00
161 -32.5511 116.5740 8 16 7
2  45.0 45.0 0.00
162 28.9909 96.2003 7 17 7
2  45.0 45.0 0.00
163 40.8220 -119.1043 6 22 8
2  45.0 45.0 0.00
164 -8.6664 -5.5400 4 17 7
2  45.0 45.0 0.00
165 14.2362 -3.9212 5 27 8
2  45.0 45.0 0.00
166 16.1504 -40.4941 1 19 7
2  45.0 45.0 0.00
167 4.0939 19.3448 5 20 7
2  45.0 45.0 0.00
168 34.0320 -101.2536 4 22 5
2  45.0 45.0 0.00
169 20.8010 -37.6543 2 26 9
2  45.0 45.0 0.00
170 -34.4466 169.8049 10 23 5
2  45.0 45.0 0.00
171 0.3523 -128.3978 9 18 7
2  45.0 45.0 0.00
172 21.6034 -173.8699 1 22 7
2  45.0 45.0 0.00
173 -12.0859 -14.2487 1 25 5
2  45.0 45.0 0.00
174 -17.8740 115.3058 1 29 6
2  45.0 45.0 0.00
175 -31.8528 -179.8538 6 29 6
2  45.0 45.0 0.00
176 -27.6767 71.5181 8 28 8
2  45.0 45.0 0.00
177 19.1523 111.6493 9 17 7
2  45.0 45.0 0.00
178 -11.1001 -71.7069 10 28 7
2  45.0 45.0 0.00
179 32.2270 90.2184 7 15 5
2  45.0 45.0 0.00
180 -28.0035 75.6123 8 26 9
2  45.0 45.0 0.00
181 -15.3978 171.9822 6 19 8
2  45.0 45.0 0.00
182 0.3092 -108.6061 7 28 8
2  45.0 45.0 0.00
183 -52.4547 -141.2597 9 26 7
2  45.0 45.0 0.00
184 8.0396 -66.0151 4 16 5
2  45.0 45.0 0.00
185 -49.7603 144.3790 7 23 8
2  45.0 45.0 0.00
186 -5.4171 170.6258 8 26 7
2  45.0 45.0 0.00
187 3.0596 161.1546 5 15 5
2  45.0 45.0 0.00
188 21.5131 -0.4342 6 22 9
2  45.0 45.0 0.00
189 -32.1217 -30.3136 5 18 7
2  45.0 45.0 0.00
190 20.8202 -179.8800 7 21 9
2  45.0 45.0 0.00
191 44.4343 34.7189 3 25 6
2  45.0 45.0 0.00
192 -4.9094 -32.9449 6 25 9
2  45.0 45.0 0.00
193 3.0694 -28.7301 3 19 6
2  45.0 45.0 0.00
194 -46.9058 -146.7595 4 24 5
2  45.0 45.0 0.00
195 -44.8325 111.9635 7 18 7
2  45.0 45.0 0.00
196 12.1654 65.3441 5 29 9
2  45.0 45.0 0.00
197 -5.4524 12.8095 1 29 6
2  45.0 45.0 0.00
198 45.8368 -85.5628 6 25 7
2  45.0 45.0 0.00
199 -21.7865 103.6383 1 23 8
2  45.0 45.0 0.00
200 29.3377 -142.2011 10 15 6
2  45.0 45.0 0.00
201 11.0327 -43.6235 7 20 5
2  45.0 45.0 0.00
202 -41.5328 -50.2785 2 16 9
2  45.0 45.0 0.00
203 28.8504 -32.0849 10 26 9
2  45.0 45.0 0.00
204 52.2977 -11.8078 8 29 8
2  45.0 45.0 0.00
205 31.2877 -49.2317 4 15 5
2  45.0 45.0 0.00
206 -22.3482 -99.8004 4 24 8
2  45.0 45.0 0.00
207 1.0357 60.3237 7 26 6
2  45.0 45.0 0.00
208 -45.6077 -118.6864 5 26 6
2  45.0 45.0 0.00
209 7.6411 -118.1345 5 27 8
2  45.0 45.0 0.00
210 40.6608 -173.8988 3 25 9
2  45.0 45.0 0.00
211 -20.1855 -125.7913 10 20 9
2  45.0 45.0 0.00
212 -27.4713 -62.0835 9 20 9
2  45.0 45.0 0.00
213 40.8529 92.2785 9 21 6
2  45.0 45.0 0.00
214 -41.9115 57.8449 5 21 7
2  45.0 45.0 0.00
215 34.2443 72.1863 8 26 5
2  45.0 45.0 0.00
216 13.0717 3.3684 9 21 8
2  45.0 45.0 0.00
217 -24.1447 9.9157 5 26 8
2  45.0 45.0 0.00
218 -14.9257 -77.6508 4 28 7
2  45.0 45.0 0.00
219 25.6724 114.0809 2 28 6
2  45.0 45.0 0.00
220 33.4702 84.3632 6 24 5
2  45.0 45.0 0.00
221 -29.3713 29.8866 2 18 5
2  45.0 45.0 0.00
222 11.5596 -31.7672 2 18 5
2  45.0 45.0 0.00
223 24.5369 144.9848 2 24 6
2  45.0 45.0 0.00
224 -15.0667 175.5307 6 25 9
2  45.0 45.0 0.00
225 33.9523 95.7994 1 28 6
2  45.0 45.0 0.00
226 -52.3462 99.2861 10 20 7
2  45.0 45.0 0.00
227 41.2315 142.7235 1 18 7
2  45.0 45.0 0.00
228 20.0554 -70.1961 3 24 7
2  45.0 45.0 0.00
229 47.4279 -156.6026 8 27 6
2  45.0 45.0 0.00
230 35.9825 -112.9630 5 23 8
2  45.0 45.0 0.00
231 34.7861 -179.5314 3 25 5
2  45.0 45.0 0.00
232 -4.5789 64.1865 4 28 5
2  45.0 45.0 0.00
233 35.3254 -166.7116 2 24 5
2  45.0 45.0 0.00
234 35.5127 61.3438 3 16 5
2  45.0 45.0 0.00
235 -47.3979 -62.2754 9 17 6
2  45.0 45.0 0.00
236 27.0630 146.6844 2 23 9
2  45.0 45.0 0.00
237 33.9151 -96.3816 2 23 6
2  45.0 45.0 0.00
238 41.0935 -108.0386 2 16 5
2  45.0 45.0 0.00
239 -51.8440 -44.7423 8 23 7
2  45.0 45.0 0.00
240 43.5153 -25.8094 9 27 5
2  45.0 45.0 0.00
241 -35.0799 -146.2335 7 21 9
2  45.0 45.0 0.00
242 0.1228 125.0217 2 22 9
2  45.0 45.0 0.00
243 5.2307 -137.4121 7 16 9
2  45.0 45.0 0.00
244 10.7044 -19.2082 3 19 9
2  45.0 45.0 0.00
245 14.3241 20.0649 5 28 6
2  45.0 45.0 0.00
246 18.7763 104.2962 9 25 6
2  45.0 45.0 0.00
247 -18.3375 -150.9218 3 22 6
2  45.0 45.0 0.00
248 23.9727 119.5584 10 25 5
2  45.0 45.0 0.00
249 -48.7184 73.4693 7 16 7
2  45.0 45.0 0.00
250 41.6162 -74.9970 3 23 5
2  45.0 45.0 0.00
251 -3.8290 -125.7187 3 29 8
2  45.0 45.0 0.00
252 12.0121 -116.8367 10 15 5
2  45.0 45.0 0.00
253 22.4134 -124.9175 5 17 8
2  45.0 45.0 0.00
254 -3.3312 38.7088 3 27 5
2  45.0 45.0 0.00
255 28.5011 90.2718 6 16 5
2  45.0 45.0 0.00
256 45.6915 -24.7047 4 20 5
2  45.0 45.0 0.00
257 -12.1413 -97.1141 10 23 5
2  45.0 45.0 0.00
258 -34.3204 -140.2998 8 28 6
2  45.0 45.0 0.00
259 5.3746 105.9302 4 25 8
2  45.0 45.0 0.00
260 41.0628 9.6073 10 20 6
2  45.0 45.0 0.00
261 -22.7814 -21.6247 8 23 7
2  45.0 45.0 0.00
262 22.5910 -157.7520 6 26 6
2  45.0 45.0 0.00
263 -33.7137 116.0338 1 28 5
2  45.0 45.0 0.00
264 -1.9919 42.8945 2 17 5
2  45.0 45.0 0.00
265 -15.0208 85.7303 2 23 8
2  45.0 45.0 0.00
266 50.3106 -154.8168 1 20 6
2  45.0 45.0 0.00
267 -10.1374 -151.0299 5 16 6
2  45.0 45.0 0.00
268 47.2260 61.9950 8 29 7
2  45.0 45.0 0.00
269 -40.8712 -64.3125 1 23 6
2  45.0 45.0 0.00
270 24.2091 139.3223 2 24 7
2  45.0 45.0 0.00
271 -24.5673 -40.9098 5 19 5
2  45.0 45.0 0.00
272 4.9758 123.3579 5 28 7
2  45.0 45.0 0.00
273 15.1759 60.4377 6 23 8
2  45.0 45.0 0.00
274 -42.2438 90.9059 7 23 6
2  45.0 45.0 0.00
275 32.7540 62.1180 2 24 9
2  45.0 45.0 0.00
276 -49.0843 -128.6254 10 20 7
2  45.0 45.0 0.00
277 -43.7121 -29.6811 3 27 8
2  45.0 45.0 0.00
278 -51.0917 90.0199 3 28 9
2  45.0 45.0 0.00
279 -42.0961 90.9205 2 20 9
2  45.0 45.0 0.00
280 -5.6667 90.2974 4 27 7
2  45.0 45.0 0.00
281 50.4424 -54.9902 1 19 7
2  45.0 45.0 0.00
282 10.1424 97.4288 7 20 5
2  45.0 45.0 0.00
283 -10.1511 -16.8874 4 21 6
2  45.0 45.0 0.00
284 -29.0846 129.9627 5 27 7
2  45.0 45.0 0.00
285 -15.7497 129.7478 7 23 5
2  45.0 45.0 0.00
286 -47.0170 -75.3332 1 24 7
2  45.0 45.0 0.00
287 -22.6719 -57.1775 6 27 6
2  45.0 45.0 0.00
288 25.4794 -146.8989 4 20 5
2  45.0 45.0 0.00
289 -26.7791 -35.9001 7 25 7
2  45.0 45.0 0.00
290 15.8763 -75.5400 8 16 7
2  45.0 45.0 0.00
291 9.0665 150.0227 2 18 9
2  45.0 45.0 0.00
292 -40.7611 97.2534 8 17 6
2  45.0 45.0 0.00
293 -20.6761 -128.9998 7 26 8
2  45.0 45.0 0.00
294 -46.3156 46.3725 1 16 9
2  45.0 45.0 0.00
295 -38.8310 -7.6742 8 26 9
2  45.0 45.0 0.00
296 47.8209 -124.2802 4 29 7
2  45.0 45.0 0.00
297 28.2253 -115.3256 5 16 7
2  45.0 45.0 0.00
298 -13.8452 -136.1812 10 28 8
2  45.0 45.0 0.00
299 49.8437 157.8511 3 15 7
2  45.0 45.0 0.00
300 -41.7958 48.4056 4 15 7
2  45.0 45.0 0.00
301 -50.7778 -106.0585 7 17 9
2  45.0 45.0 0.00
302 -41.6739 -127.4041 1 18 7
2  45.0 45.0 0.00
303 48.8325 103.6129 8 25 9
2  45.0 45.0 0.00
304 -39.7191 -162.2749 9 20 8
2  45.0 45.0 0.00
305 46.7822 88.3518 8 21 8
2  45.0 45.0 0.00
306 -32.3094 -13.9385 8 19 8
2  45.0 45.0 0.00
307 -19.4319 -147.2628 3 22 8
2  45.0 45.0 0.00
308 6.4536 -172.4120 4 18 6
2  45.0 45.0 0.00
309 -29.3317 132.5543 9 19 9
2  45.0 45.0 0.00
310 -33.6645 -105.5853 3 15 7
2  45.0 45.0 0.00
311 -47.0148 -78.6450 2 20 9
2  45.0 45.0 0.00
312 -23.7925 97.2035 8 21 5
2  45.0 45.0 0.00
313 15.4302 116.0691 9 23 6
2  45.0 45.0 0.00
314 39.1932 -65.3508 5 29 7
2  45.0 45.0 0.00
315 -41.9534 102.0580 3 29 9
2  45.0 45.0 0.00
316 -45.2476 -26.6831 5 23 7
2  45.0 45.0 0.00
317 51.7796 -36.3758 6 25 7
2  45.0 45.0 0.00
318 -49.2753 75.5067 3 25 9
2  45.0 45.0 0.00
319 30.8326 40.4212 2 17 7
2  45.0 45.0 0.00
320 -10.5077 -83.0011 3 15 7
2  45.0 45.0 0.00
321 38.5776 -104.6607 4 22 6
2  45.0 45.0 0.00
322 -24.0653 -70.5130 1 23 6
2  45.0 45.0 0.00
323 37.0642 -105.5050 7 28 7
2  45.0 45.0 0.00
324 -26.8591 -145.6460 9 16 5
2  45.0 45.0 0.00
325 -36.0393 53.9017 5 15 7
2  45.0 45.0 0.00
326 -0.8552 37.7339 5 21 8
2  45.0 45.0 0.00
327 32.1916 -36.4139 1 17 5
2  45.0 45.0 0.00
328 29.5963 145.0153 7 21 6
2  45.0 45.0 0.00
329 24.4869 -122.7984 10 20 6
2  45.0 45.0 0.00
330 8.8979 76.0334 3 24 8
2  45.0 45.0 0.00
331 -20.6230 -129.7723 10 29 9
2  45.0 45.0 0.00
332 -30.2934 -107.9444 3 15 9
2  45.0 45.0 0.00
333 17.8242 129.6101 6 28 6
2  45.0 45.0 0.00
334 -5.2140 -159.9297 9 26 9
2  45.0 45.0 0.00
335 -16.5581 63.2801 1 26 5
2  45.0 45.0 0.00
336 -52.8820 -74.7074 7 25 5
2  45.0 45.0 0.00
337 29.7572 164.1556 10 26 8
2  45.0 45.0 0.00
338 17.4023 -18.1950 8 17 9
2  45.0 45.0 0.00
339 8.3800 129.4312 5 24 8
2  45.0 45.0 0.00
340 39.3239 -96.6007 3 17 7
2  45.0 45.0 0.00
341 2.9884 160.3935 9 27 8
2  45.0 45.0 0.00
342 13.7445 -37.1677 7 27 6
2  45.0 45.0 0.00
343 44.7038 2.3231 3 27 9
2  45.0 45.0 0.00
344 22.4895 -145.6119 9 18 7
2  45.0 45.0 0.00
345 -52.8565 140.8334 3 27 6
2  45.0 45.0 0.00
346 -1.6684 -156.6088 5 29 9
2  45.0 45.0 0.00
347 28.5616 -122.9422 9 18 6
2  45.0 45.0 0.00
348 35.5302 -128.2559 4 17 5
2  45.0 45.0 0.00
349 -24.6539 48.8877 2 28 8
2  45.0 45.0 0.00
350 -45.3041 -178.0530 6 25 9
2  45.0 45.0 0.00
351 29.1985 168.4578 6 25 6
2  45.0 45.0 0.00
352 14.5207 -142.9277 9 21 5
2  45.0 45.0 0.00
353 6.8571 -17.5002 2 29 7
2  45.0 45.0 0.00
354 27.9034 -86.7689 5 22 7
2  45.0 45.0 0.00
355 7.2537 157.0006 10 18 6
2  45.0 45.0 0.00
356 -14.2513 -173.1486 10 16 9
2  45.0 45.0 0.00
357 -2.2417 -54.5492 5 29 6
2  45.0 45.0 0.00
358 31.9601 -12.6074 1 15 7
2  45.0 45.0 0.00
359 24.6145 68.0371 8 15 9
2  45.0 45.0 0.00
360 33.4990 66.2838 6 21 6
2  45.0 45.0 0.00
361 33.2446 9.9297 8 18 5
2  45.0 45.0 0.00
362 35.9706 90.5001 10 21 6
2  45.0 45.0 0.00
363 12.5034 170.0419 5 24 8
2  45.0 45.0 0.00
364 -30.0812 -2.0200 7 24 7
2  45.0 45.0 0.00
365 -21.3844 -89.0288 7 28 8
2  45.0 45.0 0.00
366 40.2206 139.0875 3 19 8
2  45.0 45.0 0.00
367 19.2318 41.7442 2 27 5
2  45.0 45.0 0.00
368 47.8346 -129.6285 7 29 6
2  45.0 45.0 0.00
369 -47.6871 -158.8279 3 25 5
2  45.0 45.0 0.00
370 27.5466 -167.6036 2 20 6
2  45.0 45.0 0.00
371 -18.9062 -168.1780 4 29 8
2  45.0 45.0 0.00
372 6.4586 41.2338 5 21 8
2  45.0 45.0 0.00
373 48.0170 -18.0171 2 25 5
2  45.0 45.0 0.00
374 -52.7880 -139.7243 8 24 5
2  45.0 45.0 0.00
375 -44.9128 18.6909 8 20 6
2  45.0 45.0 0.00
376 -27.6184 18.0048 6 26 8
2  45.0 45.0 0.00
377 36.5705 8.4258 5 15 6
2  45.0 45.0 0.00
378 15.7509 48.2968 8 18 7
2  45.0 45.0 0.00
379 -17.3065 68.3814 1 17 5
2  45.0 45.0 0.00
380 10.6179 -53.4405 3 22 6
2  45.0 45.0 0.00
381 15.6876 -41.0498 2 19 7
2  45.0 45.0 0.00
382 28.5903 67.9663 3 26 5
2  45.0 45.0 0.00
383 -51.8428 115.3131 3 27 6
2  45.0 45.0 0.00
384 -7.4639 -32.2502 3 20 6
2  45.0 45.0 0.00
385 -14.0087 137.2907 2 17 5
2  45.0 45.0 0.00
386 -12.0473 -42.3529 4 17 9
2  45.0 45.0 0.00
387 41.1168 -169.4364 10 21 7
2  45.0 45.0 0.00
388 -4.3426 -94.3015 9 22 5
2  45.0 45.0 0.00
389 48.7386 131.4582 1 17 6
2  45.0 45.0 0.00
390 1.7402 132.1731 1 28 9
2  45.0 45.0 0.00
391 -32.8862 169.5556 9 17 6
2  45.0 45.0 0.00
392 28.2631 -90.7998 8 18 5
2  45.0 45.0 0.00
393 -11.9391 13.7791 10 27 5
2  45.0 45.0 0.00
394 51.0468 -43.0626 4 19 7
2  45.0 45.0 0.00
395 -32.6973 155.1014 9 20 6
2  45.0 45.0 0.00
396 0.2842 68.6481 2 28 9
2  45.0 45.0 0.00
397 2.0351 1.4178 9 18 5
2  45.0 45.0 0.00
398 44.1921 140.6692 9 18 8
2  45.0 45.0 0.00
399 -30.6071 173.5235 1 19 5
2  45.0 45.0 0.00
400 -8.3185 -160.7457 7 17 9
2  45.0 45.0 0.00
401 -38.5802 15.1593 1 21 5
2  45.0 45.0 0.00
402 -25.5549 43.6273 7 26 5
2  45.0 45.0 0.00
403 -44.9499 -49.1503 3 18 6
2  45.0 45.0 0.00
404 40.6434 -67.4755 4 25 6
2  45.0 45.0 0.00
405 -43.3725 -115.6300 5 23 6
2  45.0 45.0 0.00
406 -30.7904 52.5616 6 18 8
2  45.0 45.0 0.00
407 -5.3852 17.9695 8 29 9
2  45.0 45.0 0.00
408 50.5715 -150.1493 8 16 7
2  45.0 45.0 0.00
409 -21.6537 -142.5575 6 16 7
2  45.0 45.0 0.00
410 36.8649 78.4491 10 29 8
2  45.0 45.0 0.00
411 -41.4507 -45.6382 8 28 7
2  45.0 45.0 0.00
412 48.4664 163.1761 10 15 7
2  45.0 45.0 0.00
413 11.9686 -38.6741 5 16 6
2  45.0 45.0 0.00
414 2.7591 -48.7561 9 19 8
2  45.0 45.0 0.00
415 31.8541 -107.2820 5 17 8
2  45.0 45.0 0.00
416 51.6028 -158.5983 2 16 6
2  45.0 45.0 0.00
417 -0.8893 74.5646 8 22 9
2  45.0 45.0 0.00
418 -44.9473 57.1876 7 23 9
2  45.0 45.0 0.00
419 -50.4748 -161.2183 8 23 5
2  45.0 45.0 0.00
420 42.7336 -170.5436 10 26 8
2  45.0 45.0 0.00
421 -1.7791 -39.6104 5 19 6
2  45.0 45.0 0.00
422 43.1378 -111.5900 10 17 6
2  45.0 45.0 0.00
423 42.1648 123.0245 10 24 8
2  45.0 45.0 0.00
424 43.0135 142.1146 10 16 8
2  45.0 45.0 0.00
425 38.9205 107.8145 8 20 9
2  45.0 45.0 0.00
426 26.3239 38.9269 4 16 8
2  45.0 45.0 0.00
427 48.8184 -76.4282 3 21 9
2  45.0 45.0 0.00
428 -42.2262 -35.4826 3 17 9
2  45.0 45.0 0.00
429 40.9098 -8.5550 8 19 9
2  45.0 45.0 0.00
430 -33.6987 -28.6132 9 27 5
2  45.0 45.0 0.00
431 -52.1112 143.3184 1 15 9
2  45.0 45.0 0.00
432 19.4755 -168.0434 6 21 9
2  45.0 45.0 0.00
433 -21.3240 -151.5429 3 21 5
2  45.0 45.0 0.00
434 11.6686 -36.7838 1 25 7
2  45.0 45.0 0.00
435 0.4611 77.2087 9 17 5
2  45.0 45.0 0.00
436 -11.5605 4.4520 9 20 5
2  45.0 45.0 0.00
437 -18.2511 100.9196 3 29 8
2  45.0 45.0 0.00
438 -46.3809 -94.3566 3 22 6
2  45.0 45.0 0.00
439 -45.7467 170.4299 6 18 8
2  45.0 45.0 0.00
440 32.5308 -153.4679 5 18 9
2  45.0 45.0 0.00
441 30.1321 80.2121 3 19 6
2  45.0 45.0 0.00
442 -21.8449 93.8192 6 15 5
2  45.0 45.0 0.00
443 -34.8353 61.0166 3 21 8
2  45.0 45.0 0.00
444 1.9608 -141.4586 9 24 8
2  45.0 45.0 0.00
445 -13.5486 139.6121 10 20 9
2  45.0 45.0 0.00
446 3.2790 -13.6003 8 20 7
2  45.0 45.0 0.00
447 -19.3727 -89.8197 1 20 8
2  45.0 45.0 0.00
448 11.1309 -17.5772 5 24 6
2  45.0 45.0 0.00
449 -21.0055 -111.1144 10 21 5
2  45.0 45.0 0.00
450 -10.7127 23.5131 5 22 9
2  45.0 45.0 0.00
451 21.1825 -25.6770 10 22 5
2  45.0 45.0 0.00
452 42.0241 -50.0131 9 21 7
2  45.0 45.0 0.00
453 35.1597 -34.8480 10 21 5
2  45.0 45.0 0.00
454 44.6116 -78.7660 9 24 6
2  45.0 45.0 0.00
455 -45.8637 -20.7088 3 21 9
2  45.0 45.0 0.00
456 -33.8316 -12.9882 7 18 7
2  45.0 45.0 0.00
457 49.3557 155.0308 4 21 8
2  45.0 45.0 0.00
458 41.1877 97.0417 4 20 9
2  45.0 45.0 0.00
459 -27.1430 -166.6939 6 16 6
2  45.0 45.0 0.00
460 42.2553 82.1463 2 20 6
2  45.0 45.0 0.00
461 -40.5205 154.6073 5 18 8
2  45.0 45.0 0.00
462 -25.7199 -171.7421 9 24 6
2  45.0 45.0 0.00
463 -7.1516 -133.8219 7 28 5
2  45.0 45.0 0.00
464 42.5117 159.5248 1 26 8
2  45.0 45.0 0.00
465 -36.9618 148.7532 1 26 8
2  45.0 45.0 0.00
466 -49.7816 -64.0312 1 17 8
2  45.0 45.0 0.00
467 -5.0191 -149.3029 8 29 5
2  45.0 45.0 0.00
468 -49.1676 70.7811 3 27 9
2  45.0 45.0 0.00
469 38.7562 -137.1117 1 15 6
2  45.0 45.0 0.00
470 -40.7399 -134.8691 1 29 6
2  45.0 45.0 0.00
471 48.2841 160.9329 3 25 6
2  45.0 45.0 0.00
472 -31.3201 -111.4612 4 21 7
2  45.0 45.0 0.00
473 46.1337 132.9132 9 29 8
2  45.0 45.0 0.00
474 -16.1902 -131.5415 3 28 9
2  45.0 45.0 0.00
475 -31.3294 -143.0512 10 28 8
2  45.0 45.0 0.00
476 -49.5900 148.3792 2 23 8
2  45.0 45.0 0.00
477 42.9299 -42.5465 10 28 7
2  45.0 45.0 0.00
478 0.5951 -32.1099 8 26 8
2  45.0 45.0 0.00
479 36.6516 -95.9474 1 18 5
2  45.0 45.0 0.00
480 52.6207 -115.0173 2 20 9
2  45.0 45.0 0.00
481 50.9918 -99.0307 8 15 6
2  45.0 45.0 0.00
482 37.4048 -175.0104 1 15 5
2  45.0 45.0 0.00
483 -22.0095 55.2343 4 26 8
2  45.0 45.0 0.00
484 5.6613 160.4887 9 21 9
2  45.0 45.0 0.00
485 46.2644 -43.6164 8 18 9
2  45.0 45.0 0.00
486 49.9218 125.2513 2 28 7
2  45.0 45.0 0.00
487 37.2762 8.4257 2 23 9
2  45.0 45.0 0.00
488 19.0889 -44.9924 10 25 7
2  45.0 45.0 0.00
489 -0.8741 -51.5378 10 24 6
2  45.0 45.0 0.00
490 -32.6119 -19.0404 8 23 5
2  45.0 45.0 0.00
491 -47.6343 84.9665 6 23 6
2  45.0 45.0 0.00
492 10.8344 178.3629 9 16 5
2  45.0 45.0 0.00
493 -52.4748 -135.0090 1 23 9
2  45.0 45.0 0.00
494 28.5096 -152.4258 5 27 8
2  45.0 45.0 0.00
495 -34.0909 -83.8003 3 29 9
2  45.0 45.0 0.00
496 8.4395 81.1341 3 27 5
2  45.0 45.0 0.00
497 2.5281 -86.1022 10 26 9
2  45.0 45.0 0.00
498 -40.7417 161.1901 1 20 5
2  45.0 45.0 0.00
499 19.5709 -86.4764 4 23 7
2  45.0 45.0 0.00
500 -14.1214 98.9657 10 25 9
2  45.0 45.0 0.00
501 -40.7309 32.6304 10 27 9
2  45.0 45.0 0.00
502 30.0402 98.0800 5 25 9
2  45.0 45.0 0.00
503 39.9449 -133.5655 3 29 5
2  45.0 45.0 0.00
504 25.8775 -42.5889 6 25 9
2  45.0 45.0 0.00
505 34.0480 80.4606 4 26 6
2  45.0 45.0 0.00
506 44.3716 69.7387 6 22 9
2  45.0 45.0 0.00
507 32.2996 -167.3979 9 29 5
2  45.0 45.0 0.00
508 45.9203 -34.4667 9 27 7
2  45.0 45.0 0.00
509 -16.6208 -93.9951 4 20 9
2  45.0 45.0 0.00
510 5.8986 -76.8554 5 21 9
2  45.0 45.0 0.00
511 51.4187 -154.8206 2 27 7
2  45.0 45.0 0.00
512 -11.4221 127.3182 2 21 6
2  45.0 45.0 0.00
513 -43.4940 -90.8912 5 26 5
2  45.0 45.0 0.00
514 36.2343 -119.0948 5 27 6
2  45.0 45.0 0.00
515 -16.9739 23.5545 6 18 7
2  45.0 45.0 0.00
516 8.7244 -54.1734 10 27 9
2  45.0 45.0 0.00
517 14.0012 -79.9590 10 24 8
2  45.0 45.0 0.00
518 24.8856 -101.0973 9 20 5
2  45.0 45.0 0.00
519 -44.5678 159.5990 5 21 9
2  45.0 45.0 0.00
520 -42.8584 -16.0136 3 19 7
2  45.0 45.0 0.00
521 -12.0346 -9.1616 7 16 6
2  45.0 45.0 0.00
522 -8.5168 117.1022 9 18 7
2  45.0 45.0 0.00
523 -48.4711 -178.0616 6 22 7
2  45.0 45.0 0.00
524 33.0495 51.4248 9 15 6
2  45.0 45.0 0.00
525 13.0018 99.1280 7 27 9
2  45.0 45.0 0.00
526 -10.9670 -128.8070 6 19 6
2  45.0 45.0 0.00
527 -39.5605 -152.3537 10 20 6
2  45.0 45.0 0.00
528 -36.3012 -112.2897 6 19 9
2  45.0 45.0 0.00
529 43.4055 170.1744 5 27 7
2  45.0 45.0 0.00
530 -45.1386 -28.8022 4 15 5
2  45.0 45.0 0.00
531 -5.0001 -35.8631 5 15 8
2  45.0 45.0 0.00
532 11.7777 59.2079 10 18 9
2  45.0 45.0 0.00
533 -23.5903 15.4283 5 28 8
2  45.0 45.0 0.00
534 49.3887 43.1029 5 18 9
2  45.0 45.0 0.00
535 13.1125 -45.6443 8 17 8
2  45.0 45.0 0.00
536 15.8949 162.0078 8 20 7
2  45.0 45.0 0.00
537 50.5137 -131.8687 5 17 9
2  45.0 45.0 0.00
538 23.9991 -175.4772 5 24 6
2  45.0 45.0 0.00
539 -0.7346 174.5584 10 21 7
2  45.0 45.0 0.00
540 -14.1372 -151.1597 2 17 9
2  45.0 45.0 0.00
541 -4.8300 -101.5077 5 17 6
2  45.0 45.0 0.00
542 -44.5604 -102.1886 8 19 9
2  45.0 45.0 0.00
543 17.0754 -79.5141 4 25 6
2  45.0 45.0 0.00
544 -37.7623 -51.5966 5 29 6
2  45.0 45.0 0.00
545 48.0569 -178.0590 8 28 9
2  45.0 45.0 0.00
546 14.7148 155.8666 3 26 7
2  45.0 45.0 0.00
547 7.4030 104.8926 5 21 5
2  45.0 45.0 0.00
548 27.4020 161.3016 10 26 5
2  45.0 45.0 0.00
549 1.0880 66.1344 4 24 9
2  45.0 45.0 0.00
550 -30.3221 -82.2218 4 15 9
2  45.0 45.0 0.00
551 -51.9449 -130.4331 1 29 6
2  45.0 45.0 0.00
552 -5.4015 -56.1973 5 20 5
2  45.0 45.0 0.00
553 -37.4545 -20.8815 2 26 7
2  45.0 45.0 0.00
554 39.1903 132.5483 8 24 7
2  45.0 45.0 0.00
555 -32.2567 20.9863 8 26 9
2  45.0 45.0 0.00
556 -24.4160 -43.0031 3 28 7
2  45.0 45.0 0.00
557 -14.0755 140.6219 1 27 7
2  45.0 45.0 0.00
558 -7.1917 126.1490 5 17 7
2  45.0 45.0 0.00
559 -9.0510 37.6359 6 24 5
2  45.0 45.0 0.00
560 -45.7636 142.0413 3 15 6
2  45.0 45.0 0.00
561 -16.3503 42.2980 5 24 6
2  45.0 45.0 0.00
562 -5.1242 -48.4463 9 16 5
2  45.0 45.0 0.00
563 -45.7395 -16.5686 3 27 5
2  45.0 45.0 0.00
564 -25.8598 33.7229 8 19 5
2  45.0 45.0 0.00
565 -50.9536 74.7778 4 16 9
2  45.0 45.0 0.00
566 9.6616 155.6403 4 26 8
2  45.0 45.0 0.00
567 -13.2393 -61.1985 2 25 5
2  45.0 45.0 0.00
568 26.4701 -83.1177 7 24 8
2  45.0 45.0 0.00
569 -45.9269 92.8061 10 16 6
2  45.0 45.0 0.00
570 48.8276 102.0578 5 21 6
2  45.0 45.0 0.00
571 -2.6931 33.5542 10 28 9
2  45.0 45.0 0.00
572 14.6318 16.2580 5 25 9
2  45.0 45.0 0.00
573 2.0484 43.9752 3 22 9
2  45.0 45.0 0.00
574 25.2801 98.8235 9 26 7
2  45.0 45.0 0.00
575 51.6137 160.3525 1 25 6
2  45.0 45.0 0.00
576 -25.2798 30.2522 3 25 7
2  45.0 45.0 0.00
577 32.6113 -8.1517 4 22 8
2  45.0 45.0 0.00
578 29.8809 -18.5311 7 27 8
2  45.0 45.0 0.00
579 -31.3169 14.5636 1 26 6
2  45.0 45.0 0.00
580 -5.8752 -75.3109 5 18 7
2  45.0 45.0 0.00
581 -33.2705 -167.4096 8 29 6
2  45.0 45.0 0.00
582 3.0920 152.4329 10 24 7
2  45.0 45.0 0.00
583 -47.2758 124.8765 2 19 7
2  45.0 45.0 0.00
584 -48.5514 -131.7974 5 27 6
2  45.0 45.0 0.00
585 -22.2635 166.9994 1 16 7
2  45.0 45.0 0.00
586 -5.6744 -113.0036 9 19 8
2  45.0 45.0 0.00
587 49.8951 -53.3745 9 17 8
2  45.0 45.0 0.00
588 28.9041 13.5637 2 18 8
2  45.0 45.0 0.00
589 37.9979 101.7104 2 18 7
2  45.0 45.0 0.00
590 -15.0861 -91.7599 10 18 9
2  45.0 45.0 0.00
591 -20.0682 -6.2023 4 15 7
2  45.0 45.0 0.00
592 -29.4425 154.2065 5 21 7
2  45.0 45.0 0.00
593 -16.6347 43.2503 6 28 8
2  45.0 45.0 0.00
594 21.4401 68.4080 2 23 6
2  45.0 45.0 0.00
595 0.4548 135.5054 7 16 5
2  45.0 45.0 0.00
596 0.7884 89.0016 2 24 7
2  45.0 45.0 0.00
597 -31.6562 167.4730 5 20 6
2  45.0 45.0 0.00
598 -1.2787 -57.5944 6 24 6
2  45.0 45.0 0.00
599 36.4989 -145.5669 10 27 5
2  45.0 45.0 0.00
600 -27.7369 143.1938 8 21 6
2  45.0 45.0 0.00
601 17.7715 58.3429 3 27 6
2  45.0 45.0 0.00
602 -6.9670 -52.5768 9 28 6
2  45.0 45.0 0.00
603 -2.6485 -73.9765 10 28 9
2  45.0 45.0 0.00
604 -12.9462 -98.6653 4 22 6
2  45.0 45.0 0.00
605 -14.6016 -171.4104 8 19 7
2  45.0 45.0 0.00
606 -9.6838 -169.2062 9 29 6
2  45.0 45.0 0.00
607 11.6258 -74.0810 10 20 6
2  45.0 45.0 0.00
608 4.1650 -137.3931 8 17 7
2  45.0 45.0 0.00
609 -38.7977 -33.3984 1 20 6
2  45.0 45.0 0.00
610 5.2808 -112.4562 5 28 9
2  45.0 45.0 0.00
611 -51.6855 -35.3043 5 18 7
2  45.0 45.0 0.00
612 15.2424 -50.3092 9 21 6
2  45.0 45.0 0.00
613 -10.1451 -46.4145 5 24 6
2  45.0 45.0 0.00
614 -33.8358 156.6135 4 24 5
2  45.0 45.0 0.00
615 -25.4916 -159.8209 8 29 5
2  45.0 45.0 0.00
616 48.2324 56.2075 6 29 9
2  45.0 45.0 0.00
617 -29.5717 -132.2578 3 17 9
2  45.0 45.0 0.00
618 -30.9791 -149.3156 10 26 6
2  45.0 45.0 0.00
619 -34.0217 73.2290 2 26 5
2  45.0 45.0 0.00
620 27.8688 91.7273 7 15 5
2  45.0 45.0 0.00
621 12.1668 18.7983 3 26 5
2  45.0 45.0 0.00
622 48.3729 -33.4628 2 15 9
2  45.0 45.0 0.00
623 51.6924 -30.2194 10 21 5
2  45.0 45.0 0.00
624 -24.2026 -107.2073 3 26 7
2  45.0 45.0 0.00
625 -42.8706 -129.7942 2 18 5
2  45.0 45.0 0.00
626 5.9466 -82.7650 7 29 7
2  45.0 45.0 0.00
627 -31.7762 47.8473 9 28 8
2  45.0 45.0 0.00
628 17.8933 -39.6191 7 17 8
2  45.0 45.0 0.00
629 31.8738 -167.4305 10 27 7
2  45.0 45.0 0.00
630 27.8762 -88.8248 2 25 8
2  45.0 45.0 0.00
631 6.4354 166.3283 5 24 9
2  45.0 45.0 0.00
632 -2.6160 -75.4908 2 26 7
2  45.0 45.0 0.00
633 19.7426 -23.8488 7 23 5
2  45.0 45.0 0.00
634 -15.3960 5.5927 8 26 7
2  45.0 45.0 0.00
635 40.4631 -160.3019 6 16 7
2  45.0 45.0 0.00
636 -46.5716 -60.7360 4 27 9
2  45.0 45.0 0.00
637 -20.8994 27.8889 9 18 5
2  45.0 45.0 0.00
638 -27.7506 -175.4414 3 29 7
2  45.0 45.0 0.00
639 -12.8789 54.5068 3 26 5
2  45.0 45.0 0.00
640 -14.1040 -13.6095 3 24 8
2  45.0 45.0 0.00
641 -26.7705 -6.6325 9 19 5
2  45.0 45.0 0.00
642 0.6354 132.3751 6 18 8
2  45.0 45.0 0.00
643 -37.7326 -15.2031 2 28 7
2  45.0 45.0 0.00
644 -41.4691 -99.4617 4 22 9
2  45.0 45.0 0.00
645 -16.7382 18.8954 6 19 6
2  45.0 45.0 0.00
646 -28.5862 -66.5903 3 15 5
2  45.0 45.0 0.00
647 10.4356 70.9002 10 17 5
2  45.0 45.0 0.00
648 34.0535 -71.1517 7 15 7
2  45.0 45.0 0.00
649 -13.7278 111.6767 8 19 6
2  45.0 45.0 0.00
650 44.5976 91.4758 1 17 8
2  45.0 45.0 0.00
651 -37.8180 164.7663 2 25 5
2  45.0 45.0 0.00
652 20.6658 -108.8705 5 15 9
2  45.0 45.0 0.00
653 -32.7575 132.0339 3 16 8
2  45.0 45.0 0.00
654 -5.6088 -68.1373 6 27 9
2  45.0 45.0 0.00
655 32.4811 -112.5310 5 29 5
2  45.0 45.0 0.00
656 3.3792 -100.2921 2 28 5
2  45.0 45.0 0.00
657 -2.5207 -132.2905 3 18 9
2  45.0 45.0 0.00
658 14.9211 174.0824 8 29 7
2  45.0 45.0 0.00
659 13.1098 -92.0635 10 16 6
2  45.0 45.0 0.00
660 0.3956 81.5871 6 24 9
2  45.0 45.0 0.00
661 11.6602 140.3552 7 18 6
2  45.0 45.0 0.00
662 48.3161 177.7376 4 23 5
2  45.0 45.0 0.00
663 -2.8038 -82.3832 10 28 8
2  45.0 45.0 0.00
664 -46.8053 56.4920 9 17 9
2  45.0 45.0 0.00
665 -3.8664 -56.3395 9 19 5
2  45.0 45.0 0.00
666 6.5887 -139.0261 9 25 8
2  45.0 45.0 0.00
667 32.3563 30.1491 7 16 7
2  45.0 45.0 0.00
668 9.1525 145.4603 7 28 7
2  45.0 45.0 0.00
669 15.5872 -20.0634 9 28 8
2  45.0 45.0 0.00
670 -15.6329 -55.1717 5 21 7
2  45.0 45.0 0.00
671 36.7618 25.8367 5 26 9
2  45.0 45.0 0.00
672 -24.7509 33.3658 2 17 7
2  45.0 45.0 0.00
673 36.2515 -81.7402 9 28 7
2  45.0 45.0 0.00
674 41.3190 -118.5732 2 20 9
2  45.0 45.0 0.00
675 -36.6353 92.5896 3 24 5
2  45.0 45.0 0.00
676 -50.9588 -28.4784 3 24 8
2  45.0 45.0 0.00
677 -30.1663 76.5474 6 19 5
2  45.0 45.0 0.00
678 -28.2511 123.8990 8 17 7
2  45.0 45.0 0.00
679 52.3281 79.7111 5 21 8
2  45.0 45.0 0.00
680 -13.3449 8.3368 10 22 7
2  45.0 45.0 0.00
681 -33.7197 -179.8501 6 21 5
2  45.0 45.0 0.00
682 -43.5007 166.2856 4 25 8
2  45.0 45.0 0.00
683 36.6344 154.2045 2 23 9
2  45.0 45.0 0.00
684 -39.2874 170.7276 7 27 8
2  45.0 45.0 0.00
685 -48.1623 -178.1678 9 29 7
2  45.0 45.0 0.00
686 -7.1058 -68.3091 3 28 5
2  45.0 45.0 0.00
687 -0.4135 148.1208 9 17 5
2  45.0 45.0 0.00
688 -30.2105 -70.7156 4 16 8
2  45.0 45.0 0.00
689 -24.2130 -121.2699 7 22 6
2  45.0 45.0 0.00
690 -46.0765 -126.0115 6 22 5
2  45.0 45.0 0.00
691 -10.6146 80.1957 9 28 8
2  45.0 45.0 0.00
692 -34.2592 -158.6036 5 27 9
2  45.0 45.0 0.00
693 29.6126 -152.8294 10 24 9
2  45.0 45.0 0.00
694 46.0211 96.4578 7 22 8
2  45.0 45.0 0.00
695 34.5344 130.6193 4 15 9
2  45.0 45.0 0.00
696 40.5449 11.0433 7 24 5
2  45.0 45.0 0.00
697 -23.0024 112.0670 2 26 5
2  45.0 45.0 0.00
698 28.9733 -169.0156 5 23 7
2  45.0 45.0 0.00
699 -36.5105 -9.7798 2 17 9
2  45.0 45.0 0.00
700 -32.2132 15.5336 10 24 8
2  45.0 45.0 0.00
701 -21.4780 52.1478 7 28 8
2  45.0 45.0 0.00
702 3.9252 72.0043 1 29 9
2  45.0 45.0 0.00
703 15.4891 -37.0046 7 27 8
2  45.0 45.0 0.00
704 49.6150 -69.7232 7 21 6
2  45.0 45.0 0.00
705 42.7868 -102.2352 9 29 7
2  45.0 45.0 0.00
706 -15.5860 71.1316 3 17 5
2  45.0 45.0 0.00
707 -17.0289 135.9484 5 15 6
2  45.0 45.0 0.00
708 14.6430 157.4693 9 15 5
2  45.0 45.0 0.00
709 -45.2280 -150.0994 10 23 9
2  45.0 45.0 0.00
710 27.3853 54.8091 5 20 6
2  45.0 45.0 0.00
711 41.3164 -138.2284 10 19 8
2  45.0 45.0 0.00
712 -44.3754 74.4744 8 20 7
2  45.0 45.0 0.00
713 35.9810 16.1207 7 28 7
2  45.0 45.0 0.00
714 28.4599 -42.0302 3 21 9
2  45.0 45.0 0.00
715 -49.7509 -85.2124 10 19 7
2  45.0 45.0 0.00
716 33.9827 53.5318 8 29 9
2  45.0 45.0 0.00
717 21.2758 -71.0254 5 28 5
2  45.0 45.0 0.00
718 -29.3283 27.3860 6 18 8
2  45.0 45.0 0.00
719 45.7144 15.2971 8 23 7
2  45.0 45.0 0.00
720 3.0254 -124.7715 1 15 8
2  45.0 45.0 0.00
721 -13.2392 -105.1968 8 22 6
2  45.0 45.0 0.00
722 13.4067 122.1927 10 28 5
2  45.0 45.0 0.00
723 -7.1376 78.9530 10 21 5
2  45.0 45.0 0.00
724 3.8940 46.7820 10 27 5
2  45.0 45.0 0.00
725 -32.6038 -122.2577 1 26 5
2  45.0 45.0 0.00
726 -1.2551 75.8886 1 27 6
2  45.0 45.0 0.00
727 17.7210 49.7618 3 19 6
2  45.0 45.0 0.00
728 -0.7496 107.9144 2 24 5
2  45.0 45.0 0.00
729 -12.3072 69.5257 10 18 8
2  45.0 45.0 0.00
730 -30.5328 -134.4456 4 23 7
2  45.0 45.0 0.00
731 42.2506 -74.1688 6 29 8
2  45.0 45.0 0.00
732 -30.2411 -32.7318 6 21 5
2  45.0 45.0 0.00
733 44.0617 -171.3877 5 23 8
2  45.0 45.0 0.00
734 31.2104 -34.2654 3 17 9
2  45.0 45.0 0.00
735 25.1192 167.9560 5 25 5
2  45.0 45.0 0.00
736 -0.0752 160.1314 7 15 8
2  45.0 45.0 0.00
737 -14.6683 -118.2281 9 20 8
2  45.0 45.0 0.00
738 -13.4404 52.7772 4 25 8
2  45.0 45.0 0.00
739 -44.1119 -38.9919 9 22 8
2  45.0 45.0 0.00
740 -14.8431 -131.2636 10 21 7
2  45.0 45.0 0.00
741 32.5564 164.9014 6 24 9
2  45.0 45.0 0.00
742 45.7969 31.6063 9 28 9
2  45.0 45.0 0.00
743 -24.3909 -55.3170 1 25 6
2  45.0 45.0 0.00
744 25.8733 65.1031 1 26 6
2  45.0 45.0 0.00
745 -37.3296 75.3647 9 21 5
2  45.0 45.0 0.00
746 -16.3999 -1.1330 5 29 5
2  45.0 45.0 0.00
747 -14.4254 -6.7699 4 23 5
2  45.0 45.0 0.00
748 -10.2226 15.6662 1 20 9
2  45.0 45.0 0.00
749 30.2533 94.4331 5 26 8
2  45.0 45.0 0.00
750 25.1759 77.0719 7 16 8
2  45.0 45.0 0.00
751 18.9877 -55.3880 3 16 8
2  45.0 45.0 0.00
752 -42.6343 -0.7316 5 24 7
2  45.0 45.0 0.00
753 -6.8695 38.1890 5 26 8
2  45.0 45.0 0.00
754 30.6025 99.7110 7 22 6
2  45.0 45.0 0.00
755 -31.7395 -66.8082 7 27 9
2  45.0 45.0 0.00
756 -12.1349 166.5903 1 26 7
2  45.0 45.0 0.00
757 13.9068 -44.9570 7 19 9
2  45.0 45.0 0.00
758 -51.1167 -31.3758 7 29 8
2  45.0 45.0 0.00
759 42.9928 158.0952 10 27 7
2  45.0 45.0 0.00
760 -33.9912 176.2277 10 16 9
2  45.0 45.0 0.00
761 48.8165 -109.0806 9 27 9
2  45.0 45.0 0.00
762 -14.3410 2.0568 1 16 7
2  45.0 45.0 0.00
763 -38.6859 74.3306 1 17 9
2  45.0 45.0 0.00
764 -46.6321 -78.6024 9 28 5
2  45.0 45.0 0.00
765 -13.1591 119.3690 7 26 6
2  45.0 45.0 0.00
766 -25.2897 4.5913 8 20 9
2  45.0 45.0 0.00
767 -11.0242 127.7483 10 26 7
2  45.0 45.0 0.00
768 -6.9751 22.5808 8 19 9
2  45.0 45.0 0.00
769 1.2777 -66.5636 3 21 8
2  45.0 45.0 0.00
770 -31.8934 86.7452 9 28 8
2  45.0 45.0 0.00
771 42.1528 -152.4689 10 16 6
2  45.0 45.0 0.00
772 -39.3310 -29.4153 5 21 6
2  45.0 45.0 0.00
773 37.3071 -129.7225 8 16 8
2  45.0 45.0 0.00
774 -23.3007 146.7710 7 24 5
2  45.0 45.0 0.00
775 -0.2809 162.3318 5 16 8
2  45.0 45.0 0.00
776 -46.5598 -26.5790 2 16 7
2  45.0 45.0 0.00
777 2.1686 36.5174 6 26 5
2  45.0 45.0 0.00
778 -19.1305 91.6617 1 21 5
2  45.0 45.0 0.00
779 -51.3139 -137.2185 6 16 5
2  45.0 45.0 0.00
780 -13.5262 -108.5409 5 26 5
2  45.0 45.0 0.00
781 -22.1093 -136.7643 6 26 6
2  45.0 45.0 0.00
782 47.3551 169.9190 5 20 5
2  45.0 45.0 0.00
783 21.4951 -57.1112 4 28 8
2  45.0 45.0 0.00
784 -26.4453 -34.2890 3 15 8
2  45.0 45.0 0.00
785 2.7100 -20.3310 4 22 7
2  45.0 45.0 0.00
786 -12.8777 128.1049 4 16 6
2  45.0 45.0 0.00
787 38.3995 56.1890 8 15 5
2  45.0 45.0 0.00
788 -10.5619 131.9780 3 22 8
2  45.0 45.0 0.00
789 -16.1623 -37.5518 1 19 8
2  45.0 45.0 0.00
790 18.5021 -94.4398 9 21 8
2  45.0 45.0 0.00
791 49.5700 -131.8886 2 17 8
2  45.0 45.0 0.00
792 36.8770 44.4951 1 17 9
2  45.0 45.0 0.00
793 -43.3646 139.0773 1 15 7
2  45.0 45.0 0.00
794 -48.0495 -62.7877 6 27 7
2  45.0 45.0 0.00
795 -12.3055 141.1054 9 21 7
2  45.0 45.0 0.00
796 -39.2331 -119.5566 10 26 8
2  45.0 45.0 0.00
797 -38.0704 -22.4875 8 20 5
2  45.0 45.0 0.00
798 24.2333 5.1557 9 19 5
2  45.0 45.0 0.00
799 29.3368 80.4037 5 25 7
2  45.0 45.0 0.00
800 -4.1128 -49.0715 10 27 6
2  45.0 45.0 0.00
801 -16.0104 -38.3025 9 15 9
2  45.0 45.0 0.00
802 -44.9777 67.8587 8 23 8
2  45.0 45.0 0.00
803 19.0798 129.3239 9 21 5
2  45.0 45.0 0.00
804 16.2567 18.0571 10 28 8
2  45.0 45.0 0.00
805 3.4324 -162.0361 9 27 9
2  45.0 45.0 0.00
806 17.0201 -105.0647 1 28 7
2  45.0 45.0 0.00
807 28.2158 -69.4252 6 23 9
2  45.0 45.0 0.00
808 26.2075 -25.7377 4 21 6
2  45.0 45.0 0.00
809 -48.7473 158.6326 8 22 5
2  45.0 45.0 0.00
810 44.2581 -75.7723 8 23 8
2  45.0 45.0 0.00
811 43.5704 -1.8906 4 18 7
2  45.0 45.0 0.00
812 -21.2997 31.1778 4 15 8
2  45.0 45.0 0.00
813 38.9580 111.4306 2 29 6
2  45.0 45.0 0.00
814 -13.4784 -73.0641 2 23 8
2  45.0 45.0 0.00
815 -29.1650 -145.9612 2 22 9
2  45.0 45.0 0.00
816 9.7240 14.6620 8 24 6
2  45.0 45.0 0.00
817 -13.6692 48.5124 2 18 6
2  45.0 45.0 0.00
818 -24.2276 -160.1053 7 17 7
2  45.0 45.0 0.00
819 -35.9726 -32.6958 1 25 6
2  45.0 45.0 0.00
820 -28.5574 167.6548 9 18 5
2  45.0 45.0 0.00
821 12.7714 82.6960 4 27 7
2  45.0 45.0 0.00
822 33.5478 -176.7947 1 20 8
2  45.0 45.0 0.00
823 27.3831 160.7412 8 26 8
2  45.0 45.0 0.00
824 -28.3262 30.2611 8 25 8
2  45.0 45.0 0.00
825 -19.3363 -131.1529 9 29 8
2  45.0 45.0 0.00
826 33.4621 -26.1626 1 18 5
2  45.0 45.0 0.00
827 13.3589 -77.1431 6 23 9
2  45.0 45.0 0.00
828 14.9814 108.7737 6 26 5
2  45.0 45.0 0.00
829 -25.1714 65.4803 8 22 9
2  45.0 45.0 0.00
830 -30.3020 50.3876 4 15 7
2  45.0 45.0 0.00
831 15.5324 -81.5309 7 24 6
2  45.0 45.0 0.00
832 -1.6114 86.7117 1 17 7
2  45.0 45.0 0.00
833 -11.7487 103.2346 3 20 5
2  45.0 45.0 0.00
834 -2.9025 -47.0450 1 28 5
2  45.0 45.0 0.00
835 -7.3540 124.7909 2 22 9
2  45.0 45.0 0.00
836 14.3834 41.0163 6 16 6
2  45.0 45.0 0.00
837 -34.3742 -45.4219 8 25 6
2  45.0 45.0 0.00
838 -15.6347 66.0734 9 20 9
2  45.0 45.0 0.00
839 42.4497 50.3176 1 18 9
2  45.0 45.0 0.00
840 -2.5682 -63.2813 4 21 8
2  45.0 45.0 0.00
841 36.5502 91.4861 9 29 7
2  45.0 45.0 0.00
842 31.7884 98.2712 2 26 8
2  45.0 45.0 0.00
843 39.3116 40.2031 5 27 8
2  45.0 45.0 0.00
844 -51.3745 -151.2079 1 29 6
2  45.0 45.0 0.00
845 30.6425 -171.8961 8 15 9
2  45.0 45.0 0.00
846 30.8302 33.2895 3 23 7
2  45.0 45.0 0.00
847 -19.9837 -107.5846 1 20 7
2  45.0 45.0 0.00
848 -8.3118 -43.2392 10 19 5
2  45.0 45.0 0.00
849 8.4298 161.7730 1 25 7
2  45.0 45.0 0.00
850 -22.3879 120.7413 2 23 9
2  45.0 45.0 0.00
851 -11.0459 -53.2049 4 17 5
2  45.0 45.0 0.00
852 34.1640 72.9032 1 15 6
2  45.0 45.0 0.00
853 -31.0135 -112.0984 5 18 7
2  45.0 45.0 0.00
854 17.9893 -87.5317 2 19 8
2  45.0 45.0 0.00
855 14.3570 101.3532 7 26 5
2  45.0 45.0 0.00
856 36.0094 -59.0147 2 24 8
2  45.0 45.0 0.00
857 48.2786 -168.8858 10 26 5
2  45.0 45.0 0.00
858 48.6822 -175.2325 7 19 7
2  45.0 45.0 0.00
859 23.2222 -44.5874 2 16 8
2  45.0 45.0 0.00
860 -11.5634 67.5153 9 16 6
2  45.0 45.0 0.00
861 -49.6147 17.7849 6 27 5
2  45.0 45.0 0.00
862 12.1112 23.9185 8 15 9
2  45.0 45.0 0.00
863 -1.4594 -154.2083 3 18 6
2  45.0 45.0 0.00
864 -34.2860 -28.5418 5 17 9
2  45.0 45.0 0.00
865 16.5855 159.7061 2 27 8
2  45.0 45.0 0.00
866 -25.5144 66.5614 10 15 6
2  45.0 45.0 0.00
867 -36.8702 -102.3258 8 19 6
2  45.0 45.0 0.00
868 -9.9580 -102.2450 9 24 6
2  45.0 45.0 0.00
869 -11.3605 167.7567 1 21 6
2  45.0 45.0 0.00
870 15.6280 -120.9281 7 27 6
2  45.0 45.0 0.00
871 49.8406 6.3807 8 18 5
2  45.0 45.0 0.00
872 -43.6393 83.2568 9 17 5
2  45.0 45.0 0.00
873 45.5126 21.0047 5 26 5
2  45.0 45.0 0.00
874 -24.3301 93.4351 1 29 6
2  45.0 45.0 0.00
875 48.8195 104.8100 1 27 8
2  45.0 45.0 0.00
876 20.1905 6.7453 8 23 9
2  45.0 45.0 0.00
877 -42.9078 134.0264 4 25 7
2  45.0 45.0 0.00
878 14.2511 166.7313 8 17 6
2  45.0 45.0 0.00
879 18.5275 -171.2695 8 21 9
2  45.0 45.0 0.00
880 35.4548 -114.2618 2 19 5
2  45.0 45.0 0.00
881 41.1166 -102.6272 4 21 6
2  45.0 45.0 0.00
882 -34.0201 70.2093 8 22 7
2  45.0 45.0 0.00
883 7.3746 -118.7381 2 18 9
2  45.0 45.0 0.00
884 -46.9507 134.9342 4 18 6
2  45.0 45.0 0.00
885 -20.4233 44.4527 5 23 8
2  45.0 45.0 0.00
886 46.2489 -57.3061 4 29 8
2  45.0 45.0 0.00
887 0.8343 -100.8576 10 20 8
2  45.0 45.0 0.00
888 40.3102 -15.1455 5 21 9
2  45.0 45.0 0.00
889 46.5783 -2.1501 7 25 6
2  45.0 45.0 0.00
890 0.4892 114.6029 3 23 7
2  45.0 45.0 0.00
891 48.7242 166.6244 1 29 8
2  45.0 45.0 0.00
892 -24.9723 56.2775 1 27 9
2  45.0 45.0 0.00
893 35.8533 84.1885 9 27 7
2  45.0 45.0 0.00
894 -15.9284 110.6852 7 23 7
2  45.0 45.0 0.00
895 10.5088 -11.2319 6 20 8
2  45.0 45.0 0.00
896 33.2098 148.8809 5 20 6
2  45.0 45.0 0.00
897 -40.4953 92.9231 9 22 7
2  45.0 45.0 0.00
898 4.7727 -88.2759 10 23 7
2  45.0 45.0 0.00
899 -29.2604 51.9436 2 22 5
2  45.0 45.0 0.00
900 -31.2105 55.2942 8 17 7
2  45.0 45.0 0.00
901 20.8986 -96.6961 9 17 9
2  45.0 45.0 0.00
902 -0.9687 24.1295 5 18 6
2  45.0 45.0 0.00
903 -15.8094 -69.6800 3 21 5
2  45.0 45.0 0.00
904 -44.5074 -92.2192 7 19 7
2  45.0 45.0 0.00
905 -42.9361 -101.1880 2 15 6
2  45.0 45.0 0.00
906 48.2143 168.4909 3 20 9
2  45.0 45.0 0.00
907 -36.0712 77.1687 3 27 7
2  45.0 45.0 0.00
908 40.9763 42.9520 2 22 5
2  45.0 45.0 0.00
909 50.6679 -176.2232 5 19 6
2  45.0 45.0 0.00
910 44.2565 -106.7629 9 21 6
2  45.0 45.0 0.00
911 48.9430 -56.1268 7 24 7
2  45.0 45.0 0.00
912 -2.3072 -106.5971 8 27 8
2  45.0 45.0 0.00
913 2.4201 -110.9603 6 19 5
2  45.0 45.0 0.00
914 14.4687 -3.1326 1 29 9
2  45.0 45.0 0.00
915 -4.1543 77.3514 8 19 5
2  45.0 45.0 0.00
916 -44.0482 151.1180 2 25 7
2  45.0 45.0 0.00
917 26.6500 1.7485 4 15 6
2  45.0 45.0 0.00
918 33.4550 -154.7568 4 21 8
2  45.0 45.0 0.00
919 19.3632 95.4234 7 27 7
2  45.0 45.0 0.00
920 30.3395 76.3532 10 19 6
2  45.0 45.0 0.00
921 -7.8211 -87.4181 2 23 7
2  45.0 45.0 0.00
922 -26.8327 -155.9141 3 23 6
2  45.0 45.0 0.00
923 6.1970 -3.7426 7 20 6
2  45.0 45.0 0.00
924 -51.0947 -125.3905 8 15 8
2  45.0 45.0 0.00
925 7.0359 -150.5039 3 18 5
2  45.0 45.0 0.00
926 20.7488 129.8907 2 26 5
2  45.0 45.0 0.00
927 -13.5299 47.0812 4 22 6
2  45.0 45.0 0.00
928 -0.6102 147.1634 10 22 5
2  45.0 45.0 0.00
929 26.3630 5.7420 1 17 5
2  45.0 45.0 0.00
930 -32.5348 -40.7123 2 23 8
2  45.0 45.0 0.00
931 14.2601 59.3485 10 23 9
2  45.0 45.0 0.00
932 -16.5061 -171.9959 7 21 7
2  45.0 45.0 0.00
933 -12.0783 -79.8219 6 21 9
2  45.0 45.0 0.00
934 45.3342 -179.2809 4 16 6
2  45.0 45.0 0.00
935 -41.4262 53.2584 3 15 8
2  45.0 45.0 0.00
936 -47.6548 153.8617 6 18 5
2  45.0 45.0 0.00
937 -20.2637 -67.3062 10 16 6
2  45.0 45.0 0.00
938 21.9953 -167.5991 8 22 8
2  45.0 45.0 0.00
939 -2.9670 -4.4776 6 16 7
2  45.0 45.0 0.00
940 -3.1338 -140.4782 7 18 8
2  45.0 45.0 0.00
941 -32.7465 -67.3658 3 17 6
2  45.0 45.0 0.00
942 51.5784 48.5491 9 29 7
2  45.0 45.0 0.00
943 -8.8098 107.9326 6 20 7
2  45.0 45.0 0.00
944 -45.2604 -113.0953 3 17 5
2  45.0 45.0 0.00
945 41.6828 -10.7400 7 20 8
2  45.0 45.0 0.00
946 12.8923 23.1678 9 23 9
2  45.0 45.0 0.00
947 46.7082 58.6600 1 23 9
2  45.0 45.0 0.00
948 52.5717 -133.5062 8 25 7
2  45.0 45.0 0.00
949 -45.2998 -158.3539 8 16 5
2  45.0 45.0 0.00
950 18.2529 -141.3417 2 23 6
2  45.0 45.0 0.00
951 -22.8335 153.9104 7 16 5
2  45.0 45.0 0.00
952 23.4158 157.4476 4 21 7
2  45.0 45.0 0.00
953 -8.2432 -149.7913 2 15 6
2  45.0 45.0 0.00
954 26.9181 -85.1548 7 23 8
2  45.0 45.0 0.00
955 47.0498 -3.0517 3 26 7
2  45.0 45.0 0.00
956 35.3092 -46.1126 6 18 7
2  45.0 45.0 0.00
957 1.5095 172.0234 2 19 6
2  45.0 45.0 0.00
958 -51.6098 21.0169 8 22 7
2  45.0 45.0 0.00
959 -46.7878 75.9652 1 16 6
2  45.0 45.0 0.00
960 51.8055 -171.6345 4 25 7
2  45.0 45.0 0.00
961 -9.6738 22.3695 5 27 5
2  45.0 45.0 0.00
962 31.0650 -124.4574 7 25 7
2  45.0 45.0 0.00
963 -16.0066 73.8665 5 27 7
2  45.0 45.0 0.00
964 -5.8945 101.7609 7 25 8
2  45.0 45.0 0.00
965 -32.2702 105.9210 7 15 8
2  45.0 45.0 0.00
966 -28.3178 -47.0849 2 23 5
2  45.0 45.0 0.00
967 32.8461 55.9651 6 25 5
2  45.0 45.0 0.00
968 47.9230 -123.7035 8 19 8
2  45.0 45.0 0.00
969 38.0360 133.2304 10 29 5
2  45.0 45.0 0.00
970 -15.5374 135.8628 7 25 7
2  45.0 45.0 0.00
971 -31.1575 -67.6072 9 16 9
2  45.0 45.0 0.00
972 12.1384 14.0182 3 16 9
2  45.0 45.0 0.00
973 -8.0711 34.8387 5 23 9
2  45.0 45.0 0.00
974 20.5148 -179.3390 7 25 8
2  45.0 45.0 0.00
975 -22.4707 -0.8154 8 15 8
2  45.0 45.0 0.00
976 -18.4992 124.4905 8 29 5
2  45.0 45.0 0.00
977 -15.3218 59.4020 9 15 6
2  45.0 45.0 0.00
978 -0.2474 19.3089 4 26 9
2  45.0 45.0 0.00
979 -9.2046 -148.0164 2 21 6
2  45.0 45.0 0.00
980 -25.2221 -80.3974 6 29 6
2  45.0 45.0 0.00
981 -15.7321 -107.6393 10 15 9
2  45.0 45.0 0.00
982 22.0826 -86.6461 6 21 5
2  45.0 45.0 0.00
983 28.4829 20.8850 10 29 5
2  45.0 45.0 0.00
984 27.4383 27.3452 1 20 8
2  45.0 45.0 0.00
985 -38.1706 -98.6771 2 26 7
2  45.0 45.0 0.00
986 -31.8881 -160.4433 4 27 5
2  45.0 45.0 0.00
987 -47.8266 129.8274 5 24 5
2  45.0 45.0 0.00
988 -36.6280 48.1514 5 18 8
2  45.0 45.0 0.00
989 -27.7349 -146.7613 7 23 5
2  45.0 45.0 0.00
990 37.6459 -139.2807 4 21 5
2  45.0 45.0 0.00
991 19.7263 144.4163 8 20 6
2  45.0 45.0 0.00
992 -39.6771 -17.9636 9 22 7
2  45.0 45.0 0.00
993 16.3243 -25.2992 4 20 8
2  45.0 45.0 0.00
994 43.2559 161.8028 9 27 7
2  45.0 45.0 0.00
995 -39.7396 -48.6337 10 26 9
2  45.0 45.0 0.00
996 -47.9576 48.5224 10 25 5
2  45.0 45.0 0.00
997 -43.8777 47.1857 5 25 6
2  45.0 45.0 0.00
998 -37.3492 -4.6122 8 21 6
2  45.0 45.0 0.00
999 21.6613 -127.8693 4 25 6
2  45.0 45.0 0.00
1000 32.7143 79.6628 10 28 5
2  45.0 45.0 0.00
1001 43.0040 -86.1890 5 28 6
2  45.0 45.0 0.00
1002 -18.9538 -124.3612 7 21 6
2  45.0 45.0 0.00
1003 -0.9643 78.6397 8 19 5
2  45.0 45.0 0.00
1004 -50.5693 87.8494 4 16 9
2  45.0 45.0 0.00
1005 -8.3861 14.7647 8 23 6
2  45.0 45.0 0.00
1006 50.9108 53.9450 3 22 9
2  45.0 45.0 0.00
1007 -18.4138 89.2701 2 23 8
2  45.0 45.0 0.00
1008 34.5002 92.9502 6 22 8
2  45.0 45.0 0.00
1009 52.2682 -150.3749 5 17 7
2  45.0 45.0 0.00
1010 51.5062 121.0413 9 25 9
2  45.0 45.0 0.00
1011 -46.1525 53.6762 10 29 7
2  45.0 45.0 0.00
1012 -14.3434 72.9302 1 24 9
2  45.0 45.0 0.00
1013 18.1624 52.9381 7 21 5
2  45.0 45.0 0.00
1014 25.7506 -126.5096 5 23 7
2  45.0 45.0 0.00
1015 -24.9379 -80.1813 5 21 7
2  45.0 45.0 0.00
1016 -17.1090 -36.4306 8 15 6
2  45.0 45.0 0.00
1017 -37.7291 169.9783 3 23 5
2  45.0 45.0 0.00
1018 18.7815 97.5710 1 16 8
2  45.0 45.0 0.00
1019 -39.9737 -147.0235 2 22 9
2  45.0 45.0 0.00
1020 -16.3191 56.4340 9 15 5
2  45.0 45.0 0.00
1021 35.7563 -88.5086 2 17 7
2  45.0 45.0 0.00
1022 30.4564 -104.5908 8 23 8
2  45.0 45.0 0.00
1023 49.3834 56.8735 7 19 8
2  45.0 45.0 0.00
1024 21.1132 -153.0365 6 21 5
2  45.0 45.0 0.00
1025 50.0214 -168.9381 8 28 6
2  45.0 45.0 0.00
1026 -34.6477 111.1941 4 22 8
2  45.0 45.0 0.00
1027 19.2743 -36.8791 4 29 6
2  45.0 45.0 0.00
1028 41.3317 100.4146 4 16 6
2  45.0 45.0 0.00
1029 -3.4224 -96.9408 3 20 9
2  45.0 45.0 0.00
1030 -3.7198 100.1157 3 25 7
2  45.0 45.0 0.00
1031 -24.2583 -92.0357 2 28 6
2  45.0 45.0 0.00
1032 32.4992 -48.3916 2 28 5
2  45.0 45.0 0.00
1033 50.7160 77.8966 6 28 6
2  45.0 45.0 0.00
1034 7.2422 61.9001 1 16 6
2  45.0 45.0 0.00
1035 44.5467 165.5349 7 16 9
2  45.0 45.0 0.00
1036 25.5651 53.3425 4 28 5
2  45.0 45.0 0.00
1037 -11.1262 -142.5121 9 16 7
2  45.0 45.0 0.00
1038 -6.6263 -8.4212 1 25 5
2  45.0 45.0 0.00
1039 2.5804 137.4889 6 15 8
2  45.0 45.0 0.00
1040 26.6414 -62.9483 3 15 9
2  45.0 45.0 0.00
1041 31.0541 74.6742 7 20 8
2  45.0 45.0 0.00
1042 -19.9992 -128.3292 2 16 9
2  45.0 45.0 0.00
1043 -36.2072 -8.5866 4 27 6
2  45.0 45.0 0.00
1044 39.6778 46.0365 2 20 6
2  45.0 45.0 0.00
1045 -43.2782 168.0551 6 29 8
2  45.0 45.0 0.00
1046 -48.9362 160.7123 2 19 7
2  45.0 45.0 0.00
1047 -8.9001 46.8969 6 28 7
2  45.0 45.0 0.00
1048 19.8864 95.6491 1 20 6
2  45.0 45.0 0.00
1049 -21.8405 -49.4602 8 26 8
2  45.0 45.0 0.00
1050 -47.8913 -158.8468 5 27 8
2  45.0 45.0 0.00
1051 -39.9138 162.5712 5 26 7
2  45.0 45.0 0.00
1052 34.5712 86.8421 6 23 8
2  45.0 45.0 0.00
1053 -14.3200 117.3371 2 24 7
2  45.0 45.0 0.00
1054 2.9842 26.3875 10 21 5
2  45.0 45.0 0.00
1055 -41.4855 -74.9012 5 15 7
2  45.0 45.0 0.00
1056 24.2851 -96.2393 3 18 6
2  45.0 45.0 0.00
1057 50.8354 -128.0775 1 25 5
2  45.0 45.0 0.00
1058 -3.7683 135.9034 5 22 9
2  45.0 45.0 0.00
1059 47.3162 -106.9992 3 25 6
2  45.0 45.0 0.00
1060 -3.3897 93.8434 5 19 8
2  45.0 45.0 0.00
1061 -2.6610 55.9559 10 25 6
2  45.0 45.0 0.00
1062 35.1405 153.9309 4 19 5
2  45.0 45.0 0.00
1063 9.9083 -6.3658 9 18 7
2  45.0 45.0 0.00
1064 -29.6083 -123.0405 2 22 9
2  45.0 45.0 0.00
1065 15.9682 -150.4926 6 23 9
2  45.0 45.0 0.00
1066 43.0198 29.1169 5 27 5
2  45.0 45.0 0.00
1067 49.6534 147.9194 9 22 7
2  45.0 45.0 0.00
1068 -18.6405 -15.9410 7 21 8
2  45.0 45.0 0.00
1069 3.9076 36.6183 7 20 5
2  45.0 45.0 0.00
1070 -3.8094 173.8987 7 17 5
2  45.0 45.0 0.00
1071 -20.1612 -89.9160 3 20 6
2  45.0 45.0 0.00
1072 -11.3493 -140.5375 3 27 8
2  45.0 45.0 0.00
1073 -26.4328 -140.7542 5 18 6
2  45.0 45.0 0.00
1074 19.3542 161.8388 9 26 9
2  45.0 45.0 0.00
1075 28.0854 70.0733 9 25 6
2  45.0 45.0 0.00
1076 -47.8138 79.5744 10 22 5
2  45.0 45.0 0.00
1077 44.8163 -30.5254 1 26 9
2  45.0 45.0 0.00
1078 23.1287 23.8773 6 19 5
2  45.0 45.0 0.00
1079 -30.2600 39.4266 3 26 6
2  45.0 45.0 0.00
1080 -7.6481 -43.3360 4 15 5
2  45.0 45.0 0.00
1081 1.5381 -107.1669 10 18 6
2  45.0 45.0 0.00
1082 12.2061 6.9621 5 29 6
2  45.0 45.0 0.00
1083 18.2205 31.7164 3 25 8
2  45.0 45.0 0.00
1084 35.5552 -60.7207 5 20 9
2  45.0 45.0 0.00
1085 -40.6763 45.4457 2 23 8
2  45.0 45.0 0.00
1086 -36.5235 156.9102 7 20 5
2  45.0 45.0 0.00
1087 17.9462 63.8776 6 20 5
2  45.0 45.0 0.00
1088 23.3710 -111.4819 6 23 7
2  45.0 45.0 0.00
1089 -31.9213 34.3258 9 16 9
2  45.0 45.0 0.00
1090 13.4013 153.9810 6 16 9
2  45.0 45.0 0.00
1091 -42.7693 -176.8934 6 18 5
2  45.0 45.0 0.00
1092 41.1568 38.5265 9 22 7
2  45.0 45.0 0.00
1093 19.0048 -121.7170 3 29 8
2  45.0 45.0 0.00
1094 52.4121 -98.6049 6 22 5
2  45.0 45.0 0.00
1095 15.3804 91.4877 8 29 9
2  45.0 45.0 0.00
1096 2.2167 11.7158 10 24 5
2  45.0 45.0 0.00
1097 -28.8623 124.7643 10 22 7
2  45.0 45.0 0.00
1098 17.0315 -18.7657 5 20 6
2  45.0 45.0 0.00
1099 -40.9729 70.0491 7 15 5
2  45.0 45.0 0.00
1100 -49.0824 52.1840 3 21 7
2  45.0 45.0 0.00
1101 -10.5651 -30.5907 6 29 5
2  45.0 45.0 0.00
1102 -16.7073 -161.6035 9 19 5
2  45.0 45.0 0.00
1103 -15.2928 177.3144 4 19 7
2  45.0 45.0 0.00
1104 35.2687 70.0587 1 21 6
2  45.0 45.0 0.00
1105 4.9376 135.7262 9 18 7
2  45.0 45.0 0.00
1106 47.7548 90.5571 7 27 8
2  45.0 45.0 0.00
1107 39.8514 -138.0647 10 17 8
2  45.0 45.0 0.00
1108 33.1449 146.1534 6 20 8
2  45.0 45.0 0.00
1109 11.6147 -128.0837 2 19 9
2  45.0 45.0 0.00
1110 -40.1821 -40.2500 3 21 5
2  45.0 45.0 0.00
1111 -16.7108 -108.8753 4 17 7
2  45.0 45.0 0.00
1112 2.4711 -110.7473 10 21 7
2  45.0 45.0 0.00
1113 9.6287 -99.0578 10 23 5
2  45.0 45.0 0.00
1114 -27.6404 116.4821 5 24 9
2  45.0 45.0 0.00
1115 45.2346 -52.3259 3 27 5
2  45.0 45.0 0.00
1116 -10.3489 33.5256 3 19 6
2  45.0 45.0 0.00
1117 6.6062 -63.3126 6 26 6
2  45.0 45.0 0.00
1118 18.9091 152.1360 6 23 8
2  45.0 45.0 0.00
1119 12.7539 -6.6269 1 27 8
2  45.0 45.0 0.00
1120 -12.2182 20.7403 6 16 7
2  45.0 45.0 0.00
1121 -21.4796 81.3068 1 21 9
2  45.0 45.0 0.00
1122 51.6963 -42.9442 5 16 6
2  45.0 45.0 0.00
1123 45.5997 144.5806 6 17 9
2  45.0 45.0 0.00
1124 -24.7293 -8.8708 4 18 7
2  45.0 45.0 0.00
1125 -19.4360 -98.8426 9 15 9
2  45.0 45.0 0.00
1126 -5.8142 -2.6388 7 16 7
2  45.0 45.0 0.00
1127 36.5442 -13.0858 9 27 6
2  45.0 45.0 0.00
1128 35.6658 134.1972 3 28 9
2  45.0 45.0 0.00
1129 -21.4462 121.6082 6 19 5
2  45.0 45.0 0.00
1130 23.1829 -73.2187 2 28 6
2  45.0 45.0 0.00
1131 43.3937 -67.6968 3 23 8
2  45.0 45.0 0.00
1132 -45.3760 75.1744 8 23 6
2  45.0 45.0 0.00
1133 -0.5267 -81.9284 1 22 7
2  45.0 45.0 0.00
1134 -3.5473 -158.1931 8 29 8
2  45.0 45.0 0.00
1135 -11.2429 21.9104 6 20 5
2  45.0 45.0 0.00
1136 -2.2429 155.9145 6 29 8
2  45.0 45.0 0.00
1137 -37.2553 28.8842 10 26 6
2  45.0 45.0 0.00
1138 3.4772 151.2595 10 17 7
2  45.0 45.0 0.00
1139 -39.4688 -64.2024 2 25 9
2  45.0 45.0 0.00
1140 -50.3229 -57.6571 1 28 6
2  45.0 45.0 0.00
1141 16.7620 -67.1374 7 17 9
2  45.0 45.0 0.00
1142 -16.0577 164.8289 9 23 5
2  45.0 45.0 0.00
1143 -38.2841 86.6603 3 26 6
2  45.0 45.0 0.00
1144 43.9685 4.7023 9 17 7
2  45.0 45.0 0.00
1145 4.9152 131.5648 3 22 7
2  45.0 45.0 0.00
1146 -45.3389 129.5542 4 22 9
2  45.0 45.0 0.00
1147 -38.2661 -156.1681 5 25 5
2  45.0 45.0 0.00
1148 35.5129 -40.9420 3 29 7
2  45.0 45.0 0.00
1149 7.9442 -42.4988 7 15 6
2  45.0 45.0 0.00
1150 -11.9855 9.0664 1 20 5
2  45.0 45.0 0.00
1151 1.2926 -117.6549 2 21 5
2  45.0 45.0 0.00
1152 31.0235 112.0924 2 24 7
2  45.0 45.0 0.00
1153 -1.2042 -3.2049 8 24 8
2  45.0 45.0 0.00
1154 -45.3013 -154.8152 2 25 5
2  45.0 45.0 0.00
1155 3.0236 28.6076 1 25 9
2  45.0 45.0 0.00
1156 -35.5712 111.6515 7 18 7
2  45.0 45.0 0.00
1157 4.9916 -10.9370 1 21 8
2  45.0 45.0 0.00
1158 49.3768 55.3627 10 23 9
2  45.0 45.0 0.00
1159 -50.4921 90.5901 5 22 8
2  45.0 45.0 0.00
1160 -44.1121 94.7903 2 20 5
2  45.0 45.0 0.00
1161 -19.4010 109.5343 10 19 5
2  45.0 45.0 0.00
1162 45.8692 -8.5640 7 23 7
2  45.0 45.0 0.00
1163 51.1483 17.3289 10 16 7
2  45.0 45.0 0.00
1164 -50.9839 -159.8481 3 28 8
2  45.0 45.0 0.00
1165 -8.6025 -8.0227 2 26 8
2  45.0 45.0 0.00
1166 29.3499 -152.5980 10 15 8
2  45.0 45.0 0.00
1167 -10.4817 -31.0437 6 16 7
2  45.0 45.0 0.00
1168 25.7398 -127.6329 7 21 5
2  45.0 45.0 0.00
1169 -1.1016 -153.5756 1 17 9
2  45.0 45.0 0.00
1170 -2.5945 56.1667 5 16 7
2  45.0 45.0 0.00
1171 -50.0457 141.6047 2 25 9
2  45.0 45.0 0.00
1172 35.9612 -170.5749 6 25 5
2  45.0 45.0 0.00
1173 37.8008 -14.5442 9 28 9
2  45.0 45.0 0.00
1174 7.2890 -28.5303 6 22 8
2  45.0 45.0 0.00
1175 39.5969 47.4593 5 26 8
2  45.0 45.0 0.00
1176 -16.3830 -64.7525 7 27 5
2  45.0 45.0 0.00
1177 -40.1881 177.9948 6 23 7
2  45.0 45.0 0.00
1178 0.8236 74.7584 6 16 5
2  45.0 45.0 0.00
1179 22.9646 -23.2406 9 21 6
2  45.0 45.0 0.00
1180 -49.8191 -111.1548 2 19 7
2  45.0 45.0 0.00
1181 -47.1939 -125.3795 10 20 9
2  45.0 45.0 0.00
1182 -11.0199 -133.3087 3 15 6
2  45.0 45.0 0.00
1183 2.0273 -99.8453 2 23 7
2  45.0 45.0 0.00
1184 38.3913 137.1972 8 19 6
2  45.0 45.0 0.00
1185 38.2768 -74.8927 1 21 9
2  45.0 45.0 0.00
1186 -6.5600 -100.2052 8 22 7
2  45.0 45.0 0.00
1187 -36.6541 -166.6096 7 20 6
2  45.0 45.0 0.00
1188 49.7292 51.4049 5 24 6
2  45.0 45.0 0.00
1189 -12.9244 56.1193 2 26 9
2  45.0 45.0 0.00
1190 -0.6365 133.2440 4 28 7
2  45.0 45.0 0.00
1191 -37.2161 141.3000 4 29 6
2  45.0 45.0 0.00
1192 27.8578 75.5679 1 22 5
2  45.0 45.0 0.00
1193 -34.5150 38.4760 9 23 8
2  45.0 45.0 0.00
1194 -1.9155 117.5405 1 19 5
2  45.0 45.0 0.00
1195 -29.7446 -93.1290 8 29 6
2  45.0 45.0 0.00
1196 -31.2472 5.0927 7 23 7
2  45.0 45.0 0.00
1197 7.2070 -70.5756 3 15 5
2  45.0 45.0 0.00
1198 -25.2591 -145.1656 5 15 6
2  45.0 45.0 0.00
1199 -25.5213 -119.2160 8 22 7
2  45.0 45.0 0.00
1200 28.7466 -151.5195 10 15 9
2  45.0 45.0 0.00
1201 17.7544 17.5805 9 28 8
2  45.0 45.0 0.00
1202 43.2052 156.9442 1 26 8
2  45.0 45.0 0.00
1203 -26.6417 -127.0149 9 28 9
2  45.0 45.0 0.00
1204 39.2656 28.8967 3 21 6
2  45.0 45.0 0.00
1205 -12.1723 100.1973 8 16 6
2  45.0 45.0 0.00
1206 -47.6421 92.6810 6 21 6
2  45.0 45.0 0.00
1207 -39.6331 -10.9202 10 25 8
2  45.0 45.0 0.00
1208 -50.9695 -31.6671 7 19 5
2  45.0 45.0 0.00
1209 -18.4705 -49.4183 6 20 6
2  45.0 45.0 0.00
1210 -41.1225 -93.8314 5 24 6
2  45.0 45.0 0.00
1211 -32.7619 57.6691 1 26 5
2  45.0 45.0 0.00
1212 41.2518 -24.4752 5 23 6
2  45.0 45.0 0.00
1213 -37.0842 6.6537 1 22 8
2  45.0 45.0 0.00
1214 29.5737 -23.6377 8 18 6
2  45.0 45.0 0.00
1215 -4.4102 -81.2169 3 20 8
2  45.0 45.0 0.00
1216 -50.6213 -37.1546 5 26 9
2  45.0 45.0 0.00
1217 32.9860 -129.3307 5 16 5
2  45.0 45.0 0.00
1218 -3.6135 68.3283 8 24 6
2  45.0 45.0 0.00
1219 9.2371 123.1165 8 16 5
2  45.0 45.0 0.00
1220 32.5704 134.4142 5 24 8
2  45.0 45.0 0.00
1221 18.8375 -178.9100 7 20 5
2  45.0 45.0 0.00
1222 44.1520 -71.5074 7 16 8
2  45.0 45.0 0.00
1223 -0.8082 66.7102 5 25 9
2  45.0 45.0 0.00
1224 -52.0035 -34.2188 3 20 5
2  45.0 45.0 0.00
1225 -43.5452 109.4042 3 15 7
2  45.0 45.0 0.00
1226 12.3388 -117.7113 7 20 6
2  45.0 45.0 0.00
1227 -37.1989 97.8351 7 16 5
2  45.0 45.0 0.00
1228 32.6651 97.1758 8 15 7
2  45.0 45.0 0.00
1229 -35.5585 40.8325 9 29 8
2  45.0 45.0 0.00
1230 42.5947 -130.1096 3 19 8
2  45.0 45.0 0.00
1231 -10.3541 13.4684 5 23 7
2  45.0 45.0 0.00
1232 39.6240 177.7395 6 27 7
2  45.0 45.0 0.00
1233 25.8114 163.9550 1 26 5
2  45.0 45.0 0.00
1234 23.3848 36.1670 3 22 5
2  45.0 45.0 0.00
1235 -27.6164 -43.4245 5 27 6
2  45.0 45.0 0.00
1236 -2.5681 113.0853 1 18 6
2  45.0 45.0 0.00
1237 -2.3511 133.9055 8 23 9
2  45.0 45.0 0.00
1238 11.8354 -113.7501 3 24 8
2  45.0 45.0 0.00
1239 33.3307 148.6411 9 23 7
2  45.0 45.0 0.00
1240 -30.8342 118.6402 1 29 7
2  45.0 45.0 0.00
1241 -21.0545 45.2088 6 18 6
2  45.0 45.0 0.00
1242 -50.5680 79.9028 2 20 6
2  45.0 45.0 0.00
1243 -46.6733 96.3870 2 23 8
2  45.0 45.0 0.00
1244 39.3837 -40.9116 6 28 8
2  45.0 45.0 0.00
1245 3.8779 156.6532 7 28 6
2  45.0 45.0 0.00
1246 -18.3829 112.6568 7 19 5
2  45.0 45.0 0.00
1247 15.4989 118.9967 9 26 8
2  45.0 45.0 0.00
1248 37.3374 52.1023 5 18 8
2  45.0 45.0 0.00
1249 41.3085 119.1234 3 19 7
2  45.0 45.0 0.00
1250 -48.0499 -61.2393 8 27 9
2  45.0 45.0 0.00
1251 34.2120 157.1838 2 18 9
2  45.0 45.0 0.00
1252 -14.1802 77.7363 10 15 8
2  45.0 45.0 0.00
1253 -30.7391 -32.2186 9 17 7
2  45.0 45.0 0.00
1254 -28.7112 -169.0334 5 27 6
2  45.0 45.0 0.00
1255 -28.9575 -120.1374 7 17 7
2  45.0 45.0 0.00
1256 21.8026 40.1618 8 21 7
2  45.0 45.0 0.00
1257 52.6487 172.3064 6 20 9
2  45.0 45.0 0.00
1258 22.2170 43.5646 1 28 8
2  45.0 45.0 0.00
1259 -38.5516 49.9194 1 22 9
2  45.0 45.0 0.00
1260 -2.2049 55.1504 10 27 5
2  45.0 45.0 0.00
1261 -51.2790 0.6505 6 22 6
2  45.0 45.0 0.00
1262 16.5858 98.1040 10 24 5
2  45.0 45.0 0.00
1263 26.9944 -72.5841 3 23 5
2  45.0 45.0 0.00
1264 -28.4738 -156.8168 9 17 7
2  45.0 45.0 0.00
1265 11.4614 -144.3917 8 15 6
2  45.0 45.0 0.00
1266 9.3440 65.4461 6 19 7
2  45.0 45.0 0.00
1267 -47.4361 93.9661 4 20 9
2  45.0 45.0 0.00
1268 -0.5429 -17.7002 6 16 5
2  45.0 45.0 0.00
1269 46.3309 171.4749 4 28 7
2  45.0 45.0 0.00
1270 35.8204 -158.1155 4 19 5
2  45.0 45.0 0.00
1271 -9.0311 -13.2180 8 21 6
2  45.0 45.0 0.00
1272 44.2363 -19.4038 10 19 8
2  45.0 45.0 0.00
1273 50.3156 0.6091 4 16 8
2  45.0 45.0 0.00
1274 52.3266 146.8285 3 25 8
2  45.0 45.0 0.00
1275 29.7380 178.9933 4 17 5
2  45.0 45.0 0.00
1276 13.9716 -115.2650 9 23 9
2  45.0 45.0 0.00
1277 2.9002 -48.1813 8 18 8
2  45.0 45.0 0.00
1278 9.4559 -58.4691 9 16 9
2  45.0 45.0 0.00
1279 -47.8295 -118.7467 7 20 8
2  45.0 45.0 0.00
1280 -6.8485 143.0165 5 18 6
2  45.0 45.0 0.00
1281 45.5875 -54.9846 4 25 8
2  45.0 45.0 0.00
1282 -8.7347 -71.8774 10 20 7
2  45.0 45.0 0.00
1283 25.1755 138.9303 4 20 5
2  45.0 45.0 0.00
1284 11.5023 -77.2859 9 19 8
2  45.0 45.0 0.00
1285 16.5425 104.0089 7 27 9
2  45.0 45.0 0.00
1286 11.7023 57.1670 3 22 8
2  45.0 45.0 0.00
1287 24.8612 165.2811 4 19 8
2  45.0 45.0 0.00
1288 -33.9099 60.8054 8 22 9
2  45.0 45.0 0.00
1289 -22.3802 162.6502 5 24 7
2  45.0 45.0 0.00
1290 -35.7368 119.4624 9 19 9
2  45.0 45.0 0.00
1291 -37.0921 41.7748 9 21 8
2  45.0 45.0 0.00
1292 -38.0373 15.2554 7 25 7
2  45.0 45.0 0.00
1293 27.4328 105.0111 4 26 5
2  45.0 45.0 0.00
1294 29.5094 34.8817 6 25 6
2  45.0 45.0 0.00
1295 46.5985 100.5905 7 22 6
2  45.0 45.0 0.00
1296 21.6511 -135.6577 4 18 5
2  45.0 45.0 0.00
1297 29.5272 -58.6862 2 25 9
2  45.0 45.0 0.00
1298 -40.4392 13.5093 3 24 9
2  45.0 45.0 0.00
1299 14.5982 164.4673 7 16 7
2  45.0 45.0 0.00
1300 -0.3002 -111.9989 8 23 9
2  45.0 45.0 0.00
1301 6.9925 -135.0645 2 16 5
2  45.0 45.0 0.00
1302 -13.7104 -127.6677 9 16 6
2  45.0 45.0 0.00
1303 -51.0936 -64.0013 10 24 6
2  45.0 45.0 0.00
1304 -8.2874 -146.8641 6 29 9
2  45.0 45.0 0.00
1305 -27.4684 159.7934 5 25 7
2  45.0 45.0 0.00
1306 51.1720 67.9696 1 15 7
2  45.0 45.0 0.00
1307 1.6285 9.9545 9 18 9
2  45.0 45.0 0.00
1308 16.2963 -90.1315 6 23 9
2  45.0 45.0 0.00
1309 50.1519 -23.9824 9 20 5
2  45.0 45.0 0.00
1310 -19.5569 -59.6325 7 27 9
2  45.0 45.0 0.00
1311 -10.0569 -92.6751 4 26 7
2  45.0 45.0 0.00
1312 12.9423 -38.1369 9 22 5
2  45.0 45.0 0.00
1313 19.2763 -140.9854 9 22 7
2  45.0 45.0 0.00
1314 -1.0247 -144.9262 5 24 8
2  45.0 45.0 0.00
1315 -34.7487 13.0199 10 29 9
2  45.0 45.0 0.00
1316 32.5931 29.0000 5 25 9
2  45.0 45.0 0.00
1317 15.7304 137.2129 8 18 6
2  45.0 45.0 0.00
1318 -24.0838 96.9987 5 25 5
2  45.0 45.0 0.00
1319 -25.4746 92.0830 10 21 5
2  45.0 45.0 0.00
1320 38.6643 152.5720 2 28 7
2  45.0 45.0 0.00
1321 -29.8842 66.2892 2 16 9
2  45.0 45.0 0.00
1322 39.1095 -91.3783 2 26 5
2  45.0 45.0 0.00
1323 -48.5966 67.9678 1 22 7
2  45.0 45.0 0.00
1324 31.8748 146.4288 3 18 9
2  45.0 45.0 0.00
1325 23.4146 -37.0314 2 23 8
2  45.0 45.0 0.00
1326 -8.8620 -145.2353 7 28 8
2  45.0 45.0 0.00
1327 40.6691 56.8168 7 16 9
2  45.0 45.0 0.00
1328 49.2119 104.4298 5 19 5
2  45.0 45.0 0.00
1329 -50.1780 175.0640 6 25 5
2  45.0 45.0 0.00
1330 7.5127 -96.3167 10 15 9
2  45.0 45.0 0.00
1331 48.5491 74.7926 4 28 7
2  45.0 45.0 0.00
1332 34.0194 -133.2729 5 19 6
2  45.0 45.0 0.00
1333 28.8732 -66.3167 8 29 6
2  45.0 45.0 0.00
1334 -12.3260 26.5028 2 25 9
2  45.0 45.0 0.00
1335 -51.8740 34.5279 3 15 7
2  45.0 45.0 0.00
1336 24.8680 80.4982 2 22 9
2  45.0 45.0 0.00
1337 -33.5021 -157.9477 2 16 7
2  45.0 45.0 0.00
1338 -34.3532 83.4035 7 25 7
2  45.0 45.0 0.00
1339 35.4534 -10.3153 7 16 7
2  45.0 45.0 0.00
1340 22.3486 179.2066 9 19 9
2  45.0 45.0 0.00
1341 52.7091 16.9156 6 16 7
2  45.0 45.0 0.00
1342 -14.6174 56.2855 4 22 6
2  45.0 45.0 0.00
1343 -42.6828 36.8691 7 21 5
2  45.0 45.0 0.00
1344 22.3800 -102.2746 6 23 8
2  45.0 45.0 0.00
1345 16.1163 138.9271 1 18 6
2  45.0 45.0 0.00
1346 4.1633 -3.2528 5 23 8
2  45.0 45.0 0.00
1347 25.1016 -20.2099 5 25 6
2  45.0 45.0 0.00
1348 14.5172 157.0709 2 23 5
2  45.0 45.0 0.00
1349 2.0739 -98.2555 4 20 8
2  45.0 45.0 0.00
1350 -28.4025 -172.0031 6 15 9
2  45.0 45.0 0.00
1351 -0.5372 -27.2633 1 23 9
2  45.0 45.0 0.00
1352 -41.1972 -76.4527 9 28 5
2  45.0 45.0 0.00
1353 39.3403 -159.4408 9 28 9
2  45.0 45.0 0.00
1354 16.2679 150.0250 10 16 9
2  45.0 45.0 0.00
1355 29.1314 63.0988 9 22 7
2  45.0 45.0 0.00
1356 -7.9529 -3.7162 5 22 8
2  45.0 45.0 0.00
1357 1.8086 -7.9630 3 25 7
2  45.0 45.0 0.00
1358 -19.8709 137.8561 10 27 7
2  45.0 45.0 0.00
1359 -15.9717 -162.4535 1 21 6
2  45.0 45.0 0.00
1360 -3.9797 -57.1157 5 22 9
2  45.0 45.0 0.00
1361 -19.5765 152.5234 10 15 5
2  45.0 45.0 0.00
1362 33.8837 142.7884 4 17 6
2  45.0 45.0 0.00
1363 12.8970 99.8031 5 18 9
2  45.0 45.0 0.00
1364 -11.3150 -42.6581 4 20 9
2  45.0 45.0 0.00
1365 28.6769 -157.1668 7 24 9
2  45.0 45.0 0.00
1366 23.9649 -87.4383 6 19 9
2  45.0 45.0 0.00
1367 -44.1355 165.5170 1 25 8
2  45.0 45.0 0.00
1368 9.8990 -21.6404 9 24 6
2  45.0 45.0 0.00
1369 -8.9141 82.0634 2 22 5
2  45.0 45.0 0.00
1370 7.6418 116.2444 4 22 9
2  45.0 45.0 0.00
1371 -44.4192 173.8748 1 23 5
2  45.0 45.0 0.00
1372 -26.2997 -68.8439 2 16 7
2  45.0 45.0 0.00
1373 6.6294 30.6354 6 17 6
2  45.0 45.0 0.00
1374 17.1614 -152.8418 4 22 5
2  45.0 45.0 0.00
1375 48.0569 85.6652 8 17 9
2  45.0 45.0 0.00
1376 -48.4862 18.9759 3 23 7
2  45.0 45.0 0.00
1377 42.7374 92.4111 10 21 9
2  45.0 45.0 0.00
1378 -42.3320 -48.2537 10 22 7
2  45.0 45.0 0.00
1379 -22.8303 -46.2379 7 17 8
2  45.0 45.0 0.00
1380 35.0655 13.3883 6 17 8
2  45.0 45.0 0.00
1381 -0.3548 -58.8202 8 22 5
2  45.0 45.0 0.00
1382 -16.6429 120.7049 1 26 9
2  45.0 45.0 0.00
1383 21.1130 84.7768 2 22 7
2  45.0 45.0 0.00
1384 32.4195 -116.3061 7 19 6
2  45.0 45.0 0.00
1385 -21.6305 19.6021 3 28 6
2  45.0 45.0 0.00
1386 8.6714 30.3175 5 22 6
2  45.0 45.0 0.00
1387 0.5717 -51.3810 4 28 9
2  45.0 45.0 0.00
1388 7.0567 -77.5424 5 18 9
2  45.0 45.0 0.00
1389 -24.8729 35.1677 7 23 7
2  45.0 45.0 0.00
1390 5.2076 140.0929 10 24 9
2  45.0 45.0 0.00
1391 16.3112 -85.6213 8 27 7
2  45.0 45.0 0.00
1392 46.8735 -22.2393 5 16 8
2  45.0 45.0 0.00
1393 27.4303 -69.2465 6 22 7
2  45.0 45.0 0.00
1394 -16.7581 124.3732 7 24 5
2  45.0 45.0 0.00
1395 2.2514 162.9993 2 21 8
2  45.0 45.0 0.00
1396 21.0145 -179.1502 10 21 7
2  45.0 45.0 0.00
1397 20.4218 162.0402 9 23 7
2  45.0 45.0 0.00
1398 -27.2176 11.0710 8 21 7
2  45.0 45.0 0.00
1399 -39.3951 -106.8079 6 22 6
2  45.0 45.0 0.00
1400 48.5163 -141.5076 9 29 9
2  45.0 45.0 0.00
1401 21.5866 -82.5154 6 23 9
2  45.0 45.0 0.00
1402 21.3169 110.7946 3 15 7
2  45.0 45.0 0.00
1403 46.6233 -173.2746 8 24 9
2  45.0 45.0 0.00
1404 32.7185 76.5454 9 29 9
2  45.0 45.0 0.00
1405 32.9821 -42.8362 4 17 7
2  45.0 45.0 0.00
1406 -19.2996 -7.9502 10 17 9
2  45.0 45.0 0.00
1407 9.6807 -166.2932 1 23 9
2  45.0 45.0 0.00
1408 -8.2820 -49.6299 2 26 6
2  45.0 45.0 0.00
1409 -6.8405 -10.8827 1 15 8
2  45.0 45.0 0.00
1410 -41.3754 26.8102 6 24 7
2  45.0 45.0 0.00
1411 -27.0220 -125.4645 1 16 7
2  45.0 45.0 0.00
1412 -18.8005 -147.3926 8 16 9
2  45.0 45.0 0.00
1413 -29.3422 57.8462 10 17 6
2  45.0 45.0 0.00
1414 42.5874 -9.2465 2 26 8
2  45.0 45.0 0.00
1415 -5.6682 154.5715 4 24 9
2  45.0 45.0 0.00
1416 -16.8136 -54.1068 10 22 9
2  45.0 45.0 0.00
1417 25.8063 132.0300 9 24 9
2  45.0 45.0 0.00
1418 -6.3770 156.3747 8 15 5
2  45.0 45.0 0.00
1419 -17.8830 -75.9630 9 29 7
2  45.0 45.0 0.00
1420 29.1271 -61.2970 9 24 7
2  45.0 45.0 0.00
1421 14.3472 108.5929 7 28 5
2  45.0 45.0 0.00
1422 -19.5348 3.7584 6 19 7
2  45.0 45.0 0.00
1423 50.1309 43.5018 5 17 9
2  45.0 45.0 0.00
1424 -15.2177 -179.8990 2 18 8
2  45.0 45.0 0.00
1425 49.5438 -19.9125 7 25 9
2  45.0 45.0 0.00
1426 -36.3014 167.5280 1 18 5
2  45.0 45.0 0.00
1427 -51.7650 78.0786 2 28 6
2  45.0 45.0 0.00
1428 46.8317 157.4372 3 23 6
2  45.0 45.0 0.00
1429 45.5164 59.4526 5 21 8
2  45.0 45.0 0.00
1430 22.3081 -129.8858 9 15 6
2  45.0 45.0 0.00
1431 29.0973 -153.1075 5 15 9
2  45.0 45.0 0.00
1432 -32.7897 -144.1641 8 16 5
2  45.0 45.0 0.00
1433 -15.8624 -78.9232 5 18 7
2  45.0 45.0 0.00
1434 -25.8589 81.0860 5 28 8
2  45.0 45.0 0.00
1435 -8.5742 -26.0010 3 29 5
2  45.0 45.0 0.00
1436 -20.9617 -178.2619 8 16 9
2  45.0 45.0 0.00
1437 -51.0572 157.5910 4 29 7
2  45.0 45.0 0.00
1438 46.3167 69.4639 4 15 7
2  45.0 45.0 0.00
1439 36.2800 118.9181 1 23 9
2  45.0 45.0 0.00
1440 15.7549 -26.1134 2 15 5
2  45.0 45.0 0.00
1441 51.4328 -99.6887 7 20 5
2  45.0 45.0 0.00
1442 -16.2468 -138.5004 1 28 5
2  45.0 45.0 0.00
1443 -33.3014 -171.2678 5 17 8
2  45.0 45.0 0.00
1444 -9.2642 -70.9496 5 24 5
2  45.0 45.0 0.00
1445 6.6879 74.6205 5 21 8
2  45.0 45.0 0.00
1446 9.4110 135.2453 4 16 5
2  45.0 45.0 0.00
1447 39.7272 -178.3617 2 28 6
2  45.0 45.0 0.00
1448 31.2956 35.6631 4 29 7
2  45.0 45.0 0.00
1449 34.0973 109.4489 1 28 5
2  45.0 45.0 0.00
1450 33.7089 57.3753 9 28 7
2  45.0 45.0 0.00
1451 -16.3544 98.9402 8 29 8
2  45.0 45.0 0.00
1452 -23.5388 114.6000 1 25 8
2  45.0 45.0 0.00
1453 -3.0691 -172.9495 5 28 9
2  45.0 45.0 0.00
1454 -33.7838 -128.3310 6 27 6
2  45.0 45.0 0.00
1455 33.2350 -50.7097 7 16 5
2  45.0 45.0 0.00
1456 27.4612 107.9498 7 19 8
2  45.0 45.0 0.00
1457 45.5172 175.3089 6 24 6
2  45.0 45.0 0.00
1458 -42.4052 -155.4582 8 17 6
2  45.0 45.0 0.00
1459 50.5522 141.2859 1 19 5
2  45.0 45.0 0.00
1460 32.0214 153.5607 6 28 7
2  45.0 45.0 0.00
1461 18.4952 105.8889 7 23 9
2  45.0 45.0 0.00
1462 51.5768 64.7569 9 28 5
2  45.0 45.0 0.00
1463 -2.3240 1.7610 4 29 5
2  45.0 45.0 0.00
1464 -1.6878 -45.3305 6 23 6
2  45.0 45.0 0.00
1465 -41.0100 166.3356 5 24 5
2  45.0 45.0 0.00
1466 44.6341 -153.3774 7 29 7
2  45.0 45.0 0.00
1467 35.2461 138.4255 9 26 5
2  45.0 45.0 0.00
1468 -38.6612 -39.6641 9 27 7
2  45.0 45.0 0.00
1469 -8.4725 -119.9751 8 17 9
2  45.0 45.0 0.00
1470 -2.9663 160.9015 7 17 8
2  45.0 45.0 0.00
1471 -7.6313 -54.1371 1 25 5
2  45.0 45.0 0.00
1472 22.5186 -119.7475 6 20 5
2  45.0 45.0 0.00
1473 43.7379 73.4423 10 21 5
2  45.0 45.0 0.00
1474 9.9174 85.4978 5 28 6
2  45.0 45.0 0.00
1475 -43.0089 21.7676 4 17 7
2  45.0 45.0 0.00
1476 47.3160 110.2233 1 25 7
2  45.0 45.0 0.00
1477 50.2576 140.3564 2 20 7
2  45.0 45.0 0.00
1478 -1.8135 -112.1440 5 25 7
2  45.0 45.0 0.00
1479 49.5978 176.5296 2 24 7
2  45.0 45.0 0.00
1480 22.9028 87.2403 9 15 7
2  45.0 45.0 0.00
1481 24.8593 -153.7853 1 29 6
2  45.0 45.0 0.00
1482 38.9593 -116.7074 10 18 5
2  45.0 45.0 0.00
1483 43.0640 -10.4757 7 27 5
2  45.0 45.0 0.00
1484 -50.5893 -58.3112 1 15 8
2  45.0 45.0 0.00
1485 -10.0625 -154.5039 10 20 5
2  45.0 45.0 0.00
1486 -41.9871 157.4428 5 26 7
2  45.0 45.0 0.00
1487 -31.3714 109.5754 4 18 7
2  45.0 45.0 0.00
1488 42.5388 152.6150 5 16 7
2  45.0 45.0 0.00
1489 -20.4496 153.2160 6 23 9
2  45.0 45.0 0.00
1490 -0.3177 -117.7995 3 24 7
2  45.0 45.0 0.00
1491 -12.9278 79.6088 9 19 7
2  45.0 45.0 0.00
1492 17.3522 69.6509 7 28 9
2  45.0 45.0 0.00
1493 45.6012 -25.6255 9 25 8
2  45.0 45.0 0.00
1494 -42.1999 -97.5337 5 18 7
2  45.0 45.0 0.00
1495 -42.5259 -105.1136 2 23 5
2  45.0 45.0 0.00
1496 -2.1760 -7.3328 7 22 8
2  45.0 45.0 0.00
1497 45.6983 -59.2813 10 19 8
2  45.0 45.0 0.00
1498 -1.8118 4.7172 10 26 9
2  45.0 45.0 0.00
1499 -30.9695 -178.0001 8 19 7
2  45.0 45.0 0.00
1500 40.0957 -99.9759 7 27 7
2  45.0 45.0 0.00
1501 -24.5994 149.3407 2 15 6
2  45.0 45.0 0.00
1502 -34.9777 -135.5167 8 17 8
2  45.0 45.0 0.00
1503 -33.4887 -115.6686 2 17 9
2  45.0 45.0 0.00
1504 10.0562 -141.6806 10 29 9
2  45.0 45.0 0.00
1505 9.4112 -18.3184 10 19 9
2  45.0 45.0 0.00
1506 -43.1147 146.8707 9 15 7
2  45.0 45.0 0.00
1507 -25.7387 55.7055 9 16 8
2  45.0 45.0 0.00
1508 -51.2742 -64.9530 7 29 9
2  45.0 45.0 0.00
1509 -14.9096 -51.7109 8 15 9
2  45.0 45.0 0.00
1510 -49.9116 133.3676 6 20 8
2  45.0 45.0 0.00
1511 28.8127 -98.0136 1 29 7
2  45.0 45.0 0.00
1512 33.7943 35.7680 6 18 7
2  45.0 45.0 0.00
1513 -25.2229 -153.3810 7 25 9
2  45.0 45.0 0.00
1514 3.1091 -143.1670 9 22 6
2  45.0 45.0 0.00
1515 -23.8187 -141.1906 10 15 5
2  45.0 45.0 0.00
1516 -28.3628 -19.6781 6 22 6
2  45.0 45.0 0.00
1517 -29.3841 10.3983 9 21 7
2  45.0 45.0 0.00
1518 -49.8791 59.4000 1 23 5
2  45.0 45.0 0.00
1519 -8.8059 -137.1888 9 23 6
2  45.0 45.0 0.00
1520 -22.7475 67.8031 5 15 9
2  45.0 45.0 0.00
1521 45.2432 -51.7453 1 16 8
2  45.0 45.0 0.00
1522 17.3855 -111.6187 8 28 9
2  45.0 45.0 0.00
1523 -13.4116 -148.0903 4 29 7
2  45.0 45.0 0.00
1524 24.7153 45.9732 5 18 9
2  45.0 45.0 0.00
1525 38.6191 7.5793 9 22 7
2  45.0 45.0 0.00
1526 -36.4243 14.3471 6 26 7
2  45.0 45.0 0.00
1527 4.6729 -32.2874 3 23 5
2  45.0 45.0 0.00
1528 38.8520 -25.3195 10 26 8
2  45.0 45.0 0.00
1529 35.9864 89.7474 4 25 8
2  45.0 45.0 0.00
1530 -18.2015 -127.3404 5 15 9
2  45.0 45.0 0.00
1531 16.7160 -15.0755 8 16 5
2  45.0 45.0 0.00
1532 -9.9885 140.1597 2 24 5
2  45.0 45.0 0.00
1533 -39.8389 -17.9401 7 20 8
2  45.0 45.0 0.00
1534 49.0953 0.7788 8 27 8
2  45.0 45.0 0.00
1535 -20.8295 128.3642 6 23 7
2  45.0 45.0 0.00
1536 -40.8065 126.3571 1 26 5
2  45.0 45.0 0.00
1537 -51.9296 13.9242 2 28 9
2  45.0 45.0 0.00
1538 -43.8882 -68.9663 7 22 9
2  45.0 45.0 0.00
1539 50.5828 103.7018 6 24 5
2  45.0 45.0 0.00
1540 -11.7313 -32.9186 3 15 9
2  45.0 45.0 0.00
1541 34.5692 -56.2003 5 20 6
2  45.0 45.0 0.00
1542 31.9198 140.4249 5 23 5
2  45.0 45.0 0.00
1543 5.8063 -133.7448 1 24 9
2  45.0 45.0 0.00
1544 9.0612 26.0781 7 22 9
2  45.0 45.0 0.00
1545 16.4020 175.9873 8 27 5
2  45.0 45.0 0.00
1546 1.6361 -90.2964 6 22 6
2  45.0 45.0 0.00
1547 21.8862 105.6980 7 27 7
2  45.0 45.0 0.00
1548 17.6183 -119.8116 4 23 6
2  45.0 45.0 0.00
1549 -32.2355 96.5105 9 21 9
2  45.0 45.0 0.00
1550 36.9632 -124.1020 10 24 7
2  45.0 45.0 0.00
1551 33.5902 135.6750 7 16 5
2  45.0 45.0 0.00
1552 35.7507 6.5984 9 19 8
2  45.0 45.0 0.00
1553 5.5071 -48.6293 10 18 7
2  45.0 45.0 0.00
1554 27.6842 -80.4165 4 16 8
2  45.0 45.0 0.00
1555 -8.6610 175.4422 10 17 5
2  45.0 45.0 0.00
1556 40.9851 13.3654 6 28 5
2  45.0 45.0 0.00
1557 -14.8227 44.0864 8 16 8
2  45.0 45.0 0.00
1558 34.9374 74.9046 9 24 8
2  45.0 45.0 0.00
1559 -37.3246 141.8642 6 28 6
2  45.0 45.0 0.00
1560 35.0831 15.0661 3 15 7
2  45.0 45.0 0.00
1561 7.6414 -163.5563 3 15 7
2  45.0 45.0 0.00
1562 34.9322 69.0591 3 29 8
2  45.0 45.0 0.00
1563 -21.1847 32.8341 10 17 9
2  45.0 45.0 0.00
1564 45.5261 -81.5361 6 23 8
2  45.0 45.0 0.00
1565 -47.3711 44.1334 6 21 5
2  45.0 45.0 0.00
1566 2.5679 -143.0511 8 26 9
2  45.0 45.0 0.00
1567 -16.4511 8.9010 7 21 9
2  45.0 45.0 0.00
1568 -19.6645 43.0123 2 24 7
2  45.0 45.0 0.00
1569 -38.3966 91.6865 10 29 8
2  45.0 45.0 0.00
1570 6.0076 87.3958 3 28 9
2  45.0 45.0 0.00
1571 6.0910 168.3978 4 20 9
2  45.0 45.0 0.00
1572 47.6465 46.2184 2 28 8
2  45.0 45.0 0.00
1573 24.0528 146.3217 8 16 9
2  45.0 45.0 0.00
1574 29.1945 -111.3841 6 18 8
2  45.0 45.0 0.00
1575 -20.1386 62.2419 3 17 8
2  45.0 45.0 0.00
1576 -21.3676 54.4142 5 25 9
2  45.0 45.0 0.00
1577 29.8347 -117.0696 3 29 7
2  45.0 45.0 0.00
1578 -13.0349 -127.3381 2 21 8
2  45.0 45.0 0.00
1579 19.7268 79.3986 3 28 8
2  45.0 45.0 0.00
1580 -28.4802 52.4569 3 29 5
2  45.0 45.0 0.00
1581 -14.1959 -0.7510 5 17 7
2  45.0 45.0 0.00
1582 40.7642 108.7881 1 25 7
2  45.0 45.0 0.00
1583 -21.3754 165.2961 9 15 7
2  45.0 45.0 0.00
1584 5.5233 156.2089 10 24 9
2  45.0 45.0 0.00
1585 13.6885 98.7082 3 22 7
2  45.0 45.0 0.00
1586 9.4829 96.4798 6 22 7
2  45.0 45.0 0.00
1587 16.1867 64.0857 2 22 7
2  45.0 45.0 0.00
1588 -22.9442 -168.3294 9 21 7
2  45.0 45.0 0.00
1589 7.9331 -26.6466 3 27 9
2  45.0 45.0 0.00
1590 24.0562 74.2142 10 21 8
2  45.0 45.0 0.00
1591 -21.4751 -171.7542 7 16 9
2  45.0 45.0 0.00
1592 9.7400 179.0067 9 23 9
2  45.0 45.0 0.00
1593 -40.6437 -62.7593 5 19 7
2  45.0 45.0 0.00
1594 12.7549 -22.1205 3 23 7
2  45.0 45.0 0.00
1595 2.0869 0.6822 7 17 8
2  45.0 45.0 0.00
1596 -31.4656 157.4718 7 24 8
2  45.0 45.0 0.00
1597 40.6310 -64.6445 9 25 8
2  45.0 45.0 0.00
1598 13.7588 27.4940 9 23 8
2  45.0 45.0 0.00
1599 -22.6517 -16.7281 3 22 9
2  45.0 45.0 0.00
