s1
0
 2013 04 20 22 21 58.827     2013 04 20 22 25 13.827     195.0
1
2
 2013 04 20 14 03 41.359     2013 04 20 14 06 45.963     184.6
 2013 04 20 18 58 54.932     2013 04 20 19 01 41.259     166.3
3
 2013 04 20 14 01 42.983     2013 04 20 14 04 34.591     171.6
 2013 04 20 20 34 54.118     2013 04 20 20 37 38.867     164.7
4
 2013 04 20 10 45 52.896     2013 04 20 10 48 27.097     154.2
5
 2013 04 20 12 25 17.027     2013 04 20 12 28  1.909     164.9
6
 2013 04 20 14 02   .135     2013 04 20 14 05 13.448     193.3
 2013 04 20 20 36 13.390     2013 04 20 20 39 14.301     180.9
7
 2013 04 20 19 02 23.896     2013 04 20 19 06  3.838     219.9
8
 2013 04 20 13 55 17.117     2013 04 20 13 57 58.276     161.2
9
 2013 04 20 09 04 15.163     2013 04 20 09 06 50.113     154.9
 2013 04 20 20 49 24.041     2013 04 20 20 53   .276     216.2
10
 2013 04 20 15 37 11.773     2013 04 20 15 39 47.699     155.9
 2013 04 20 20 31 41.237     2013 04 20 20 35 23.407     222.2
 2013 04 20 22 09 28.381     2013 04 20 22 13 14.547     226.2
11
 2013 04 20 12 18 29.883     2013 04 20 12 19  1.310      31.4
12
 2013 04 20 00 21 55.783     2013 04 20 00 24 28.408     152.6
 2013 04 20 12 11 48.416     2013 04 20 12 14 58.526     190.1
13
 2013 04 20 12 18 50.871     2013 04 20 12 22 20.686     209.8
 2013 04 20 22 17  6.735     2013 04 20 22 19 45.027     158.3
14
 2013 04 20 00 20  5.892     2013 04 20 00 22 43.156     157.3
15
16
 2013 04 20 19 02 57.815     2013 04 20 19 05 31.175     153.4
17
 2013 04 20 10 53  6.521     2013 04 20 10 53 24.276      17.8
 2013 04 20 19 02 40.515     2013 04 20 19 05 42.425     181.9
18
 2013 04 20 10 46  1.598     2013 04 20 10 48 36.715     155.1
19
 2013 04 20 10 43 46.398     2013 04 20 10 46 26.400     160.0
 2013 04 20 20 43 48.710     2013 04 20 20 46 22.879     154.2
20
 2013 04 20 20 36 48.601     2013 04 20 20 37  8.076      19.5
21
 2013 04 20 15 36 28.118     2013 04 20 15 36 44.410      16.3
 2013 04 20 22 11  4.175     2013 04 20 22 14 35.823     211.6
22
 2013 04 20 13 58 11.715     2013 04 20 14 00 51.266     159.6
 2013 04 20 22 13  7.667     2013 04 20 22 15 43.412     155.7
23
 2013 04 20 00 20 10.830     2013 04 20 00 23 29.853     199.0
24
 2013 04 20 13 55 55.493     2013 04 20 13 58 32.394     156.9
25
 2013 04 20 10 45  5.813     2013 04 20 10 45  5.185       -.6
26
 2013 04 20 10 48 48.488     2013 04 20 10 51 25.660     157.2
 2013 04 20 19 04 22.153     2013 04 20 19 06 57.539     155.4
27
 2013 04 20 10 46  5.634     2013 04 20 10 46 15.007       9.4
28
 2013 04 20 13 57  5.050     2013 04 20 14 00 10.911     185.9
 2013 04 20 22 12 35.493     2013 04 20 22 15 35.393     179.9
29
 2013 04 20 12 18 20.428     2013 04 20 12 18 36.958      16.5
 2013 04 20 22 19  7.741     2013 04 20 22 22 48.417     220.7
30
 2013 04 20 10 41  7.171     2013 04 20 10 44 17.308     190.1
31
 2013 04 20 12 22  6.403     2013 04 20 12 24 44.369     158.0
 2013 04 20 20 41 19.586     2013 04 20 20 42 15.085      55.5
32
 2013 04 20 12 16 42.065     2013 04 20 12 19 39.720     177.7
 2013 04 20 22 19 25.587     2013 04 20 22 22 47.347     201.8
33
 2013 04 20 13 59 15.720     2013 04 20 14 01 54.770     159.1
 2013 04 20 22 12 23.138     2013 04 20 22 16  8.588     225.4
34
35
 2013 04 20 22 16 31.802     2013 04 20 22 19 20.392     168.6
36
 2013 04 20 12 24 34.882     2013 04 20 12 28   .513     205.6
 2013 04 20 20 37  5.930     2013 04 20 20 38 41.609      95.7
37
 2013 04 20 12 13 28.945     2013 04 20 12 16  2.146     153.2
38
 2013 04 20 14 00 45.032     2013 04 20 14 03 35.757     170.7
 2013 04 20 20 34 45.228     2013 04 20 20 37 34.488     169.3
39
 2013 04 20 00 16 46.653     2013 04 20 00 17 49.601      62.9
 2013 04 20 13 52 36.282     2013 04 20 13 52 42.081       5.8
40
 2013 04 20 12 14   .244     2013 04 20 12 17  6.431     186.2
41
 2013 04 20 10 39 43.431     2013 04 20 10 42 53.229     189.8
42
 2013 04 20 10 42 18.685     2013 04 20 10 45 58.357     219.7
 2013 04 20 20 46 13.320     2013 04 20 20 46 39.861      26.5
43
44
 2013 04 20 13 56 12.473     2013 04 20 13 59 10.221     177.7
 2013 04 20 22 16 58.110     2013 04 20 22 17 41.400      43.3
45
 2013 04 20 20 47 17.646     2013 04 20 20 50 20.746     183.1
46
 2013 04 20 10 43  5.018     2013 04 20 10 46 46.688     221.7
 2013 04 20 20 42 49.713     2013 04 20 20 45 49.379     179.7
47
48
 2013 04 20 12 18 33.317     2013 04 20 12 21 53.149     199.8
 2013 04 20 22 18 59.353     2013 04 20 22 22  7.164     187.8
49
 2013 04 20 20 46 37.986     2013 04 20 20 49 12.280     154.3
50
 2013 04 20 13 55 58.925     2013 04 20 13 58 33.572     154.6
51
 2013 04 20 00 21  9.283     2013 04 20 00 23 56.623     167.3
52
 2013 04 20 00 19 21.151     2013 04 20 00 22 47.726     206.6
53
 2013 04 20 13 56 47.668     2013 04 20 13 59 50.376     182.7
 2013 04 20 22 12 29.681     2013 04 20 22 15 53.157     203.5
54
 2013 04 20 20 45 38.761     2013 04 20 20 48 20.698     161.9
55
 2013 04 20 22 23 42.616     2013 04 20 22 24 35.721      53.1
56
 2013 04 20 12 17 57.785     2013 04 20 12 21 42.418     224.6
 2013 04 20 22 19 32.337     2013 04 20 22 22 24.103     171.8
57
 2013 04 20 12 18  3.374     2013 04 20 12 20 13.311     129.9
 2013 04 20 22 19 27.397     2013 04 20 22 22 26.888     179.5
58
 2013 04 20 13 55 43.512     2013 04 20 13 58 18.445     154.9
59
 2013 04 20 20 46 15.529     2013 04 20 20 47 13.184      57.7
60
 2013 04 20 12 13 47.714     2013 04 20 12 17 10.621     202.9
61
 2013 04 20 10 51 43.725     2013 04 20 10 51 59.283      15.6
 2013 04 20 19 02 59.102     2013 04 20 19 05 53.013     173.9
62
 2013 04 20 12 22 54.494     2013 04 20 12 23 34.565      40.1
 2013 04 20 20 40 19.858     2013 04 20 20 43   .932     161.1
63
 2013 04 20 22 11 22.532     2013 04 20 22 14 36.614     194.1
64
65
 2013 04 20 20 46 35.562     2013 04 20 20 50  8.120     212.6
66
 2013 04 20 20 46  8.751     2013 04 20 20 48 52.719     164.0
67
 2013 04 20 09 07 16.297     2013 04 20 09 08 20.970      64.7
 2013 04 20 20 47 48.230     2013 04 20 20 49 10.596      82.4
68
 2013 04 20 10 44  3.637     2013 04 20 10 44 18.395      14.8
 2013 04 20 20 42 32.321     2013 04 20 20 45  4.850     152.5
69
 2013 04 20 15 36 42.089     2013 04 20 15 39 18.899     156.8
 2013 04 20 22 09 56.842     2013 04 20 22 12 59.507     182.7
70
 2013 04 20 10 41 46.763     2013 04 20 10 44 22.278     155.5
71
 2013 04 20 10 41 21.805     2013 04 20 10 44  6.092     164.3
72
 2013 04 20 14 00 38.859     2013 04 20 14 03 22.702     163.8
 2013 04 20 20 35 29.778     2013 04 20 20 38 37.150     187.4
73
 2013 04 20 19 02 31.822     2013 04 20 19 05 16.452     164.6
74
 2013 04 20 13 58 13.950     2013 04 20 14 01 40.927     207.0
 2013 04 20 22 12 12.111     2013 04 20 22 14 59.408     167.3
75
 2013 04 20 10 46 25.996     2013 04 20 10 49 10.858     164.9
76
 2013 04 20 10 40  1.876     2013 04 20 10 43 38.607     216.7
77
 2013 04 20 10 45 59.933     2013 04 20 10 48 34.679     154.7
78
 2013 04 20 10 44 14.907     2013 04 20 10 47 14.310     179.4
 2013 04 20 20 43 12.850     2013 04 20 20 45 45.706     152.9
79
 2013 04 20 20 47 50.622     2013 04 20 20 50 34.270     163.6
80
81
 2013 04 20 00 20 36.252     2013 04 20 00 23 29.225     173.0
82
 2013 04 20 00 17 11.292     2013 04 20 00 19 55.191     163.9
 2013 04 20 13 52 14.515     2013 04 20 13 55 41.725     207.2
83
 2013 04 20 20 46  3.690     2013 04 20 20 48 43.113     159.4
84
 2013 04 20 00 21 55.637     2013 04 20 00 24 26.754     151.1
 2013 04 20 12 11 42.924     2013 04 20 12 14 56.844     193.9
85
86
 2013 04 20 20 40 37.564     2013 04 20 20 41 38.575      61.0
87
 2013 04 20 12 25 28.702     2013 04 20 12 28 11.611     162.9
 2013 04 20 19 03 26.016     2013 04 20 19 03 46.974      21.0
88
 2013 04 20 20 45 16.758     2013 04 20 20 46  9.208      52.4
89
 2013 04 20 10 46 33.379     2013 04 20 10 47  5.703      32.3
 2013 04 20 20 42 35.186     2013 04 20 20 45 32.479     177.3
90
91
 2013 04 20 14 02 21.868     2013 04 20 14 05 18.932     177.1
 2013 04 20 20 35 51.876     2013 04 20 20 39 12.615     200.7
92
 2013 04 20 10 43  6.930     2013 04 20 10 45 52.477     165.5
 2013 04 20 20 44 46.615     2013 04 20 20 47 27.864     161.2
93
 2013 04 20 10 47 27.311     2013 04 20 10 50 14.488     167.2
 2013 04 20 19 04 39.362     2013 04 20 19 04 43.730       4.4
94
 2013 04 20 20 41 11.277     2013 04 20 20 44 13.383     182.1
95
96
97
 2013 04 20 20 41 52.097     2013 04 20 20 45  4.059     192.0
98
 2013 04 20 00 16 37.265     2013 04 20 00 20 11.240     214.0
 2013 04 20 13 52 50.024     2013 04 20 13 56 30.451     220.4
99
 2013 04 20 22 14 55.969     2013 04 20 22 18 16.932     201.0
100
 2013 04 20 12 20 47.308     2013 04 20 12 24 11.283     204.0
101
 2013 04 20 12 21 29.795     2013 04 20 12 24 44.054     194.3
102
 2013 04 20 13 58 18.654     2013 04 20 14 01  4.296     165.6
 2013 04 20 22 13 44.224     2013 04 20 22 16 31.299     167.1
103
 2013 04 20 22 22  6.248     2013 04 20 22 25 22.830     196.6
104
 2013 04 20 12 27 38.221     2013 04 20 12 30 18.278     160.1
 2013 04 20 19 00 37.196     2013 04 20 19 03 36.368     179.2
105
 2013 04 20 10 46 51.547     2013 04 20 10 48 38.417     106.9
 2013 04 20 19 05 33.041     2013 04 20 19 09 15.744     222.7
106
 2013 04 20 00 21 13.923     2013 04 20 00 23 46.776     152.9
 2013 04 20 12 15  9.350     2013 04 20 12 15 45.466      36.1
107
 2013 04 20 12 26 41.835     2013 04 20 12 29 28.877     167.0
 2013 04 20 19 01 24.682     2013 04 20 19 04  2.782     158.1
108
 2013 04 20 20 48 11.466     2013 04 20 20 51 51.995     220.5
109
 2013 04 20 00 19 49.866     2013 04 20 00 22 42.830     173.0
110
 2013 04 20 00 19  3.567     2013 04 20 00 21 47.370     163.8
111
 2013 04 20 22 11 29.272     2013 04 20 22 15  4.801     215.5
112
113
 2013 04 20 13 56 22.284     2013 04 20 13 59  6.756     164.5
 2013 04 20 22 16 39.985     2013 04 20 22 17 26.113      46.1
114
 2013 04 20 10 43  8.625     2013 04 20 10 46 18.871     190.2
 2013 04 20 20 45  8.032     2013 04 20 20 47 39.085     151.1
115
116
117
 2013 04 20 15 38 41.249     2013 04 20 15 41 36.713     175.5
 2013 04 20 20 33 33.785     2013 04 20 20 36  8.486     154.7
118
 2013 04 20 12 25 24.384     2013 04 20 12 28  7.756     163.4
119
 2013 04 20 20 46  8.724     2013 04 20 20 49 15.835     187.1
120
121
 2013 04 20 10 44 40.495     2013 04 20 10 47 43.493     183.0
 2013 04 20 20 43 55.330     2013 04 20 20 47 29.100     213.8
122
 2013 04 20 12 17 34.673     2013 04 20 12 20 11.565     156.9
 2013 04 20 22 18 24.366     2013 04 20 22 21 27.549     183.2
123
 2013 04 20 12 23 33.828     2013 04 20 12 26 34.974     181.1
 2013 04 20 20 38 14.683     2013 04 20 20 40 49.260     154.6
124
125
 2013 04 20 10 47 44.416     2013 04 20 10 50 47.065     182.6
 2013 04 20 19 03 29.779     2013 04 20 19 07  4.071     214.3
126
 2013 04 20 00 18 44.569     2013 04 20 00 22  8.664     204.1
127
 2013 04 20 12 22 35.182     2013 04 20 12 25 49.002     193.8
 2013 04 20 20 38  1.469     2013 04 20 20 41   .332     178.9
128
 2013 04 20 22 22 23.895     2013 04 20 22 25 42.353     198.5
129
 2013 04 20 10 45 16.462     2013 04 20 10 48 11.910     175.4
 2013 04 20 20 42 26.262     2013 04 20 20 45 51.466     205.2
130
 2013 04 20 20 37  6.707     2013 04 20 20 40 26.138     199.4
131
 2013 04 20 12 26 24.183     2013 04 20 12 29 59.992     215.8
 2013 04 20 19 02  5.403     2013 04 20 19 04 42.424     157.0
132
 2013 04 20 13 55 15.022     2013 04 20 13 57 50.486     155.5
133
 2013 04 20 10 40 35.658     2013 04 20 10 44  7.363     211.7
134
 2013 04 20 00 18  2.802     2013 04 20 00 20 46.118     163.3
135
 2013 04 20 12 27   .791     2013 04 20 12 27 46.609      45.8
 2013 04 20 20 37 13.714     2013 04 20 20 40 14.436     180.7
136
 2013 04 20 12 27 43.236     2013 04 20 12 30 49.600     186.4
 2013 04 20 19 01 36.040     2013 04 20 19 04 47.162     191.1
137
 2013 04 20 12 24 18.820     2013 04 20 12 27 19.192     180.4
 2013 04 20 20 37 48.745     2013 04 20 20 41  1.041     192.3
138
 2013 04 20 14 00 16.971     2013 04 20 14 03 27.365     190.4
 2013 04 20 20 34 16.703     2013 04 20 20 37 23.042     186.3
139
140
 2013 04 20 12 26 38.057     2013 04 20 12 29 19.489     161.4
 2013 04 20 19 00 37.026     2013 04 20 19 03 15.657     158.6
141
 2013 04 20 12 22 28.159     2013 04 20 12 25 37.982     189.8
 2013 04 20 20 38  1.149     2013 04 20 20 41  9.983     188.8
142
 2013 04 20 12 17  8.667     2013 04 20 12 19 43.472     154.8
 2013 04 20 22 18 48.514     2013 04 20 22 22 10.473     202.0
143
 2013 04 20 12 23 17.458     2013 04 20 12 26  2.715     165.3
 2013 04 20 20 39 29.109     2013 04 20 20 42  1.687     152.6
144
 2013 04 20 13 56 53.599     2013 04 20 13 59 46.021     172.4
 2013 04 20 22 12 40.952     2013 04 20 22 16   .866     199.9
145
146
147
 2013 04 20 00 19 12.012     2013 04 20 00 21 42.965     151.0
148
 2013 04 20 20 45 25.509     2013 04 20 20 48 22.772     177.3
149
 2013 04 20 22 15 10.285     2013 04 20 22 18   .075     169.8
150
 2013 04 20 12 20 22.523     2013 04 20 12 23  2.588     160.1
151
 2013 04 20 14 00 31.682     2013 04 20 14 04  2.423     210.7
 2013 04 20 20 36 18.587     2013 04 20 20 39 12.813     174.2
152
 2013 04 20 10 42 30.070     2013 04 20 10 45  6.606     156.5
 2013 04 20 20 46 33.470     2013 04 20 20 47 38.692      65.2
153
 2013 04 20 14 02 24.976     2013 04 20 14 05 38.847     193.9
 2013 04 20 20 36   .227     2013 04 20 20 39 35.284     215.1
154
 2013 04 20 13 56 26.947     2013 04 20 13 59 10.810     163.9
 2013 04 20 22 16 23.891     2013 04 20 22 16 39.027      15.1
155
 2013 04 20 22 11 36.425     2013 04 20 22 14 20.923     164.5
156
 2013 04 20 13 59 39.662     2013 04 20 14 02 16.017     156.4
157
 2013 04 20 10 47 42.312     2013 04 20 10 50 18.302     156.0
 2013 04 20 19 04   .551     2013 04 20 19 04 34.420      33.9
158
 2013 04 20 20 37  8.274     2013 04 20 20 39 48.633     160.4
159
 2013 04 20 12 22 15.732     2013 04 20 12 24 58.032     162.3
 2013 04 20 20 39 10.216     2013 04 20 20 42 35.939     205.7
160
 2013 04 20 10 38 43.829     2013 04 20 10 41 24.723     160.9
 2013 04 20 22 23 41.372     2013 04 20 22 27 13.044     211.7
161
162
 2013 04 20 12 23 26.612     2013 04 20 12 26  4.419     157.8
 2013 04 20 20 38 47.962     2013 04 20 20 41 20.925     153.0
163
 2013 04 20 10 39 12.510     2013 04 20 10 42 35.498     203.0
164
165
 2013 04 20 00 19  6.120     2013 04 20 00 21 36.276     150.2
166
167
168
 2013 04 20 10 44 51.961     2013 04 20 10 47 27.091     155.1
 2013 04 20 20 43 33.361     2013 04 20 20 46 42.746     189.4
169
 2013 04 20 22 21  5.877     2013 04 20 22 24  4.640     178.8
170
 2013 04 20 12 28 23.433     2013 04 20 12 31 18.745     175.3
 2013 04 20 17 23 25.693     2013 04 20 17 27 10.963     225.3
 2013 04 20 19 01  3.398     2013 04 20 19 01 13.466      10.1
171
 2013 04 20 13 58 41.592     2013 04 20 14 02 27.968     226.4
172
 2013 04 20 10 44 37.878     2013 04 20 10 44 53.278      15.4
173
 2013 04 20 13 55 12.631     2013 04 20 13 58 23.008     190.4
174
 2013 04 20 15 37 35.030     2013 04 20 15 41 11.356     216.3
 2013 04 20 20 33 19.422     2013 04 20 20 36 35.866     196.4
175
 2013 04 20 12 15 21.348     2013 04 20 12 18  3.292     161.9
176
 2013 04 20 12 23 35.517     2013 04 20 12 26 11.170     155.7
 2013 04 20 20 39  6.627     2013 04 20 20 41 40.345     153.7
177
178
 2013 04 20 14 02 19.707     2013 04 20 14 05  2.071     162.4
 2013 04 20 20 35 38.311     2013 04 20 20 38 49.228     190.9
179
 2013 04 20 22 15 20.290     2013 04 20 22 18 13.879     173.6
180
 2013 04 20 22 21  9.141     2013 04 20 22 23 43.758     154.6
181
 2013 04 20 10 48 42.054     2013 04 20 10 52   .952     198.9
 2013 04 20 19 03 35.746     2013 04 20 19 06  9.545     153.8
182
 2013 04 20 13 54 23.611     2013 04 20 13 58  3.405     219.8
183
 2013 04 20 22 11 30.092     2013 04 20 22 14 27.321     177.2
184
 2013 04 20 22 19 34.137     2013 04 20 22 20 12.512      38.4
185
 2013 04 20 10 44 48.779     2013 04 20 10 47 41.161     172.4
 2013 04 20 20 42 56.581     2013 04 20 20 45 50.347     173.8
186
 2013 04 20 00 22 16.021     2013 04 20 00 25  8.904     172.9
 2013 04 20 12 12 14.915     2013 04 20 12 14 50.994     156.1
187
 2013 04 20 20 46 23.607     2013 04 20 20 48 55.427     151.8
188
 2013 04 20 10 44  8.775     2013 04 20 10 47 45.489     216.7
 2013 04 20 20 42 41.438     2013 04 20 20 45 14.424     153.0
189
 2013 04 20 13 59 54.662     2013 04 20 14 02 30.709     156.0
190
 2013 04 20 12 18  1.304     2013 04 20 12 21 29.615     208.3
 2013 04 20 22 17 27.724     2013 04 20 22 20  6.475     158.8
191
 2013 04 20 10 38  9.127     2013 04 20 10 38 48.222      39.1
192
 2013 04 20 14 04 29.429     2013 04 20 14 07 38.424     189.0
 2013 04 20 18 59 24.776     2013 04 20 19 02  3.400     158.6
193
 2013 04 20 00 17 44.673     2013 04 20 00 20 44.726     180.1
194
 2013 04 20 10 38 11.003     2013 04 20 10 39  5.621      54.6
195
 2013 04 20 13 57 33.027     2013 04 20 14 00 17.292     164.3
 2013 04 20 22 13  3.913     2013 04 20 22 15 44.692     160.8
196
 2013 04 20 12 15 18.584     2013 04 20 12 18 10.194     171.6
197
 2013 04 20 13 56  9.329     2013 04 20 13 59 54.040     224.7
 2013 04 20 22 15  4.580     2013 04 20 22 15 43.830      39.2
198
 2013 04 20 10 49  1.151     2013 04 20 10 49  3.071       1.9
 2013 04 20 20 41 37.922     2013 04 20 20 44 47.876     190.0
199
 2013 04 20 12 25 40.732     2013 04 20 12 28 16.527     155.8
 2013 04 20 19 00 15.476     2013 04 20 19 00 28.533      13.1
200
 2013 04 20 13 59 29.682     2013 04 20 14 02 14.949     165.3
201
 2013 04 20 13 58 33.677     2013 04 20 14 01 15.473     161.8
 2013 04 20 22 12 52.058     2013 04 20 22 15 43.299     171.2
202
 2013 04 20 12 26 13.521     2013 04 20 12 28 53.275     159.8
 2013 04 20 19 00 25.777     2013 04 20 19 03 26.341     180.6
203
 2013 04 20 22 11 21.137     2013 04 20 22 14 42.743     201.6
204
 2013 04 20 10 43 12.513     2013 04 20 10 44 19.901      67.4
205
 2013 04 20 12 16 45.210     2013 04 20 12 19 40.903     175.7
 2013 04 20 22 19 23.768     2013 04 20 22 22 43.904     200.1
206
 2013 04 20 00 21 50.862     2013 04 20 00 24 34.904     164.0
 2013 04 20 12 12  9.870     2013 04 20 12 15  8.699     178.8
207
 2013 04 20 12 26  5.524     2013 04 20 12 29 52.720     227.2
 2013 04 20 14 03 54.609     2013 04 20 14 07 44.445     229.8
 2013 04 20 18 59 43.748     2013 04 20 19 02 19.509     155.8
208
 2013 04 20 12 20 44.577     2013 04 20 12 24 25.885     221.3
209
 2013 04 20 12 25 13.735     2013 04 20 12 28 29.141     195.4
 2013 04 20 18 59 16.931     2013 04 20 18 59 44.237      27.3
210
 2013 04 20 12 26   .395     2013 04 20 12 29 45.592     225.2
 2013 04 20 19 02  1.680     2013 04 20 19 04 53.012     171.3
211
 2013 04 20 10 39 58.596     2013 04 20 10 42 55.948     177.4
212
 2013 04 20 12 18 59.286     2013 04 20 12 21 46.128     166.8
 2013 04 20 22 18 30.047     2013 04 20 22 21 33.707     183.7
213
 2013 04 20 13 59 51.375     2013 04 20 14 00 31.150      39.8
 2013 04 20 22 11 50.858     2013 04 20 22 15  8.232     197.4
214
 2013 04 20 00 20 29.647     2013 04 20 00 23  2.370     152.7
215
 2013 04 20 12 24 29.800     2013 04 20 12 26 22.417     112.6
216
 2013 04 20 20 40 17.411     2013 04 20 20 43 51.526     214.1
217
 2013 04 20 12 14 55.673     2013 04 20 12 18  9.020     193.3
218
 2013 04 20 00 16 59.295     2013 04 20 00 17  5.384       6.1
219
220
 2013 04 20 13 58 35.253     2013 04 20 14 02  7.677     212.4
 2013 04 20 22 11 51.589     2013 04 20 22 15  4.169     192.6
221
 2013 04 20 19 02 44.112     2013 04 20 19 06  1.808     197.7
222
 2013 04 20 13 54 11.176     2013 04 20 13 54 19.251       8.1
223
 2013 04 20 10 47 21.479     2013 04 20 10 47 53.384      31.9
 2013 04 20 19 02 52.018     2013 04 20 19 06 33.365     221.3
224
 2013 04 20 19 09 55.508     2013 04 20 19 09 57.186       1.7
225
 2013 04 20 10 40  6.487     2013 04 20 10 40 32.099      25.6
 2013 04 20 22 23 47.388     2013 04 20 22 26 40.368     173.0
226
227
 2013 04 20 13 54 56.758     2013 04 20 13 58 32.658     215.9
228
 2013 04 20 00 16 19.963     2013 04 20 00 19 32.351     192.4
 2013 04 20 13 53  8.242     2013 04 20 13 56  6.833     178.6
229
 2013 04 20 22 21  6.699     2013 04 20 22 23 37.427     150.7
230
 2013 04 20 20 46 14.815     2013 04 20 20 49 37.702     202.9
231
 2013 04 20 14 00 19.708     2013 04 20 14 02 59.360     159.7
 2013 04 20 20 34 36.260     2013 04 20 20 38  6.233     210.0
232
 2013 04 20 20 46  5.461     2013 04 20 20 48 40.134     154.7
233
 2013 04 20 10 41 41.044     2013 04 20 10 44 30.218     169.2
234
 2013 04 20 22 15 14.322     2013 04 20 22 17 49.388     155.1
235
 2013 04 20 22 15 52.805     2013 04 20 22 19  8.692     195.9
236
 2013 04 20 10 46 21.867     2013 04 20 10 49  7.843     166.0
237
 2013 04 20 20 44 26.002     2013 04 20 20 44 40.968      15.0
238
 2013 04 20 00 18 45.244     2013 04 20 00 19  2.555      17.3
239
 2013 04 20 20 40 59.665     2013 04 20 20 43 32.843     153.2
240
 2013 04 20 12 20 22.310     2013 04 20 12 23 18.529     176.2
241
242
 2013 04 20 20 40 33.534     2013 04 20 20 43 14.826     161.3
243
 2013 04 20 12 19  9.587     2013 04 20 12 21 57.588     168.0
 2013 04 20 22 18 20.286     2013 04 20 22 21 37.263     197.0
244
245
 2013 04 20 10 43 44.201     2013 04 20 10 47 19.103     214.9
 2013 04 20 20 42 52.589     2013 04 20 20 45 26.030     153.4
246
 2013 04 20 12 26  3.089     2013 04 20 12 28 38.856     155.8
 2013 04 20 19 00 27.422     2013 04 20 19 03 45.920     198.5
247
 2013 04 20 22 21 50.954     2013 04 20 22 24 22.579     151.6
248
 2013 04 20 13 59 19.278     2013 04 20 14 02 14.322     175.0
249
 2013 04 20 10 48 27.281     2013 04 20 10 49  3.118      35.8
 2013 04 20 20 41 36.610     2013 04 20 20 44 57.082     200.5
