0 8.4901 98.7327 6 24 5
2  45.0 45.0 0.00
1 38.1321 73.3182 6 26 7
2  45.0 45.0 0.00
2 51.5160 108.2345 10 18 7
2  45.0 45.0 0.00
3 50.7794 94.2834 6 26 8
2  45.0 45.0 0.00
4 29.0254 122.7131 2 18 8
2  45.0 45.0 0.00
5 42.7953 114.0284 5 28 7
2  45.0 45.0 0.00
6 47.7429 101.0928 8 18 8
2  45.0 45.0 0.00
7 39.9275 121.7145 10 18 9
2  45.0 45.0 0.00
8 29.8247 77.2656 10 19 5
2  45.0 45.0 0.00
9 6.1279 132.7096 1 27 9
2  45.0 45.0 0.00
10 51.4374 76.0490 3 23 5
2  45.0 45.0 0.00
11 17.0625 85.1966 1 29 8
2  45.0 45.0 0.00
12 3.9418 80.9697 8 19 8
2  45.0 45.0 0.00
13 28.1054 92.9896 1 23 7
2  45.0 45.0 0.00
14 10.1840 78.3886 9 28 8
2  45.0 45.0 0.00
15 25.4707 105.3345 6 15 8
2  45.0 45.0 0.00
16 43.0373 125.6332 4 29 6
2  45.0 45.0 0.00
17 45.2021 128.3002 9 18 8
2  45.0 45.0 0.00
18 29.7637 122.6771 7 22 5
2  45.0 45.0 0.00
19 23.1833 117.3554 10 23 5
2  45.0 45.0 0.00
20 39.4700 97.5531 6 18 5
2  45.0 45.0 0.00
21 46.9470 80.8618 1 27 7
2  45.0 45.0 0.00
22 40.1172 82.5856 6 20 7
2  45.0 45.0 0.00
23 10.0808 81.0906 10 16 9
2  45.0 45.0 0.00
24 32.0218 78.2271 3 28 9
2  45.0 45.0 0.00
25 18.7864 109.5747 4 26 9
2  45.0 45.0 0.00
26 38.5078 129.3951 2 29 5
2  45.0 45.0 0.00
27 22.5764 111.7619 7 29 5
2  45.0 45.0 0.00
28 38.6506 78.3330 10 27 5
2  45.0 45.0 0.00
29 21.7757 100.8767 10 15 5
2  45.0 45.0 0.00
30 16.4411 111.2622 8 25 9
2  45.0 45.0 0.00
31 35.1141 102.2385 10 20 8
2  45.0 45.0 0.00
32 16.4681 93.9886 8 15 6
2  45.0 45.0 0.00
33 43.1213 85.9211 9 19 9
2  45.0 45.0 0.00
34 27.7792 82.8485 6 29 9
2  45.0 45.0 0.00
35 27.5776 88.8906 6 27 9
2  45.0 45.0 0.00
36 45.5558 107.5881 10 23 5
2  45.0 45.0 0.00
37 6.6227 85.9757 10 16 5
2  45.0 45.0 0.00
38 48.2110 90.4511 10 18 6
2  45.0 45.0 0.00
39 21.1601 76.7033 7 23 6
2  45.0 45.0 0.00
40 11.0081 84.7223 2 17 8
2  45.0 45.0 0.00
41 8.2341 114.1354 3 26 6
2  45.0 45.0 0.00
42 21.8719 112.7450 5 21 8
2  45.0 45.0 0.00
43 37.6446 119.0655 10 29 6
2  45.0 45.0 0.00
44 32.3082 80.8668 8 16 9
2  45.0 45.0 0.00
45 13.2366 127.5273 7 23 6
2  45.0 45.0 0.00
46 24.4915 114.1437 2 23 8
2  45.0 45.0 0.00
47 35.7873 95.9394 8 28 8
2  45.0 45.0 0.00
48 22.3432 98.8935 9 26 8
2  45.0 45.0 0.00
49 15.0901 124.2778 6 22 7
2  45.0 45.0 0.00
50 32.7722 77.4202 10 18 7
2  45.0 45.0 0.00
51 4.4524 77.4488 6 19 5
2  45.0 45.0 0.00
52 12.7947 80.0678 1 22 5
2  45.0 45.0 0.00
53 37.5855 77.6611 1 25 5
2  45.0 45.0 0.00
54 18.5285 123.2204 3 18 7
2  45.0 45.0 0.00
55 10.7303 95.8672 4 21 6
2  45.0 45.0 0.00
56 20.5051 98.9417 5 16 6
2  45.0 45.0 0.00
57 20.8080 99.2792 6 16 5
2  45.0 45.0 0.00
58 32.0800 76.6757 8 28 8
2  45.0 45.0 0.00
59 16.4534 128.1272 7 23 8
2  45.0 45.0 0.00
60 11.2059 83.9645 9 22 6
2  45.0 45.0 0.00
61 40.9218 124.2278 7 25 5
2  45.0 45.0 0.00
62 35.3965 111.7844 5 15 8
2  45.0 45.0 0.00
63 41.1766 74.2195 8 18 8
2  45.0 45.0 0.00
64 15.6862 129.9225 7 22 6
2  45.0 45.0 0.00
65 15.4654 127.8343 7 22 9
2  45.0 45.0 0.00
66 14.7910 121.1590 2 26 6
2  45.0 45.0 0.00
67 11.3680 130.5161 3 28 8
2  45.0 45.0 0.00
68 28.1182 115.8710 9 16 8
2  45.0 45.0 0.00
69 49.7596 74.4907 1 19 9
2  45.0 45.0 0.00
70 15.4371 115.2291 9 29 5
2  45.0 45.0 0.00
71 13.7705 115.4037 7 18 7
2  45.0 45.0 0.00
72 45.2266 93.1540 5 27 9
2  45.0 45.0 0.00
73 45.2640 126.2473 2 24 6
2  45.0 45.0 0.00
74 43.2466 81.0953 6 23 8
2  45.0 45.0 0.00
75 29.9603 125.6767 2 25 5
2  45.0 45.0 0.00
76 14.2232 108.7962 8 22 5
2  45.0 45.0 0.00
77 29.6001 122.7055 9 26 8
2  45.0 45.0 0.00
78 26.0317 117.4178 1 20 6
2  45.0 45.0 0.00
79 11.3232 127.2463 10 17 8
2  45.0 45.0 0.00
80 5.3868 95.5807 3 29 7
2  45.0 45.0 0.00
81 8.6910 80.3860 1 17 9
2  45.0 45.0 0.00
82 19.8732 73.7640 2 15 8
2  45.0 45.0 0.00
83 15.3965 121.2332 2 26 5
2  45.0 45.0 0.00
84 3.8428 80.7252 7 28 6
2  45.0 45.0 0.00
85 6.2317 120.0959 1 20 9
2  45.0 45.0 0.00
86 34.7551 117.2153 10 16 9
2  45.0 45.0 0.00
87 45.4059 111.8423 7 16 5
2  45.0 45.0 0.00
88 23.4451 111.9761 8 28 8
2  45.0 45.0 0.00
89 25.3950 113.6901 7 23 5
2  45.0 45.0 0.00
90 21.1289 82.5444 8 16 9
2  45.0 45.0 0.00
91 48.9492 101.3654 3 24 6
2  45.0 45.0 0.00
92 19.4444 118.7427 10 20 9
2  45.0 45.0 0.00
93 33.0271 128.3636 5 17 5
2  45.0 45.0 0.00
94 33.0279 115.5410 4 25 6
2  45.0 45.0 0.00
95 21.3627 85.2475 3 18 8
2  45.0 45.0 0.00
96 22.3233 86.7334 7 19 5
2  45.0 45.0 0.00
97 26.8014 111.7545 7 16 8
2  45.0 45.0 0.00
98 21.7681 75.6335 8 26 5
2  45.0 45.0 0.00
99 35.3262 91.1123 5 16 5
2  45.0 45.0 0.00
100 29.2587 104.0927 1 21 8
2  45.0 45.0 0.00
101 35.6781 99.2006 2 27 8
2  45.0 45.0 0.00
102 38.7429 85.6168 9 29 8
2  45.0 45.0 0.00
103 7.9999 98.9123 6 18 5
2  45.0 45.0 0.00
104 50.7317 120.4404 10 22 6
2  45.0 45.0 0.00
105 30.8333 130.7914 10 25 9
2  45.0 45.0 0.00
106 6.2691 79.8318 6 16 7
2  45.0 45.0 0.00
107 46.4127 119.3845 2 24 9
2  45.0 45.0 0.00
108 4.9676 123.3394 10 21 8
2  45.0 45.0 0.00
109 11.2541 79.0784 1 15 7
2  45.0 45.0 0.00
110 13.7326 77.1312 4 28 5
2  45.0 45.0 0.00
111 39.7250 74.3969 2 16 8
2  45.0 45.0 0.00
112 37.5185 118.5280 6 29 5
2  45.0 45.0 0.00
113 33.0498 80.2132 9 20 7
2  45.0 45.0 0.00
114 19.3461 120.3946 8 18 6
2  45.0 45.0 0.00
115 8.7822 95.7666 10 25 6
2  45.0 45.0 0.00
116 25.7679 128.5722 9 18 7
2  45.0 45.0 0.00
117 52.8264 86.2502 4 28 7
2  45.0 45.0 0.00
118 45.2487 111.5646 4 28 7
2  45.0 45.0 0.00
119 17.0276 125.7487 3 19 9
2  45.0 45.0 0.00
120 5.2431 117.1182 5 21 8
2  45.0 45.0 0.00
121 24.2371 123.0835 1 25 6
2  45.0 45.0 0.00
122 20.7529 92.4091 1 27 9
2  45.0 45.0 0.00
123 41.2084 105.0276 2 21 8
2  45.0 45.0 0.00
124 22.0080 85.5944 9 28 6
2  45.0 45.0 0.00
125 37.2090 125.2115 9 26 9
2  45.0 45.0 0.00
126 14.8250 78.9057 7 25 9
2  45.0 45.0 0.00
127 39.0028 101.9814 8 22 7
2  45.0 45.0 0.00
128 11.0902 105.4885 10 25 7
2  45.0 45.0 0.00
129 29.0744 119.6807 1 29 6
2  45.0 45.0 0.00
130 40.3379 98.7609 6 22 5
2  45.0 45.0 0.00
131 44.7477 121.9721 1 18 9
2  45.0 45.0 0.00
132 30.7275 75.4195 4 26 7
2  45.0 45.0 0.00
133 15.8315 109.8586 8 15 5
2  45.0 45.0 0.00
134 17.0572 75.2960 4 29 9
2  45.0 45.0 0.00
135 44.9342 104.5614 7 22 5
2  45.0 45.0 0.00
136 48.3084 125.2894 4 21 6
2  45.0 45.0 0.00
137 43.3575 107.3005 10 22 8
2  45.0 45.0 0.00
138 48.1926 88.1874 10 24 5
2  45.0 45.0 0.00
139 9.0739 119.9548 4 16 8
2  45.0 45.0 0.00
140 48.3589 116.1996 8 27 9
2  45.0 45.0 0.00
141 38.4246 101.7698 3 25 7
2  45.0 45.0 0.00
142 18.4465 92.7982 3 15 7
2  45.0 45.0 0.00
143 37.1531 107.9114 5 20 8
2  45.0 45.0 0.00
144 37.2477 78.2666 10 19 6
2  45.0 45.0 0.00
145 4.4011 96.6278 5 26 7
2  45.0 45.0 0.00
146 5.8053 96.7484 6 27 7
2  45.0 45.0 0.00
147 12.3088 75.2465 5 22 5
2  45.0 45.0 0.00
148 19.3826 123.8782 3 29 7
2  45.0 45.0 0.00
149 31.6941 85.6618 7 17 8
2  45.0 45.0 0.00
150 29.9810 97.9073 8 22 8
2  45.0 45.0 0.00
151 43.9701 96.3977 1 23 7
2  45.0 45.0 0.00
152 18.7348 115.2201 3 19 5
2  45.0 45.0 0.00
153 48.6562 102.9443 2 24 5
2  45.0 45.0 0.00
154 35.2810 77.5346 3 18 7
2  45.0 45.0 0.00
155 44.8492 78.8623 7 27 8
2  45.0 45.0 0.00
156 43.8496 87.6071 10 15 8
2  45.0 45.0 0.00
157 35.0492 126.5948 10 17 6
2  45.0 45.0 0.00
158 42.8107 99.7984 7 15 9
2  45.0 45.0 0.00
159 34.1992 104.8391 10 29 6
2  45.0 45.0 0.00
160 6.7406 108.2739 7 16 7
2  45.0 45.0 0.00
161 26.2022 84.4728 1 16 5
2  45.0 45.0 0.00
162 39.0848 105.8724 3 29 7
2  45.0 45.0 0.00
163 6.5622 113.9265 5 24 5
2  45.0 45.0 0.00
164 3.9940 94.1872 6 19 7
2  45.0 45.0 0.00
165 12.9490 75.4955 5 19 7
2  45.0 45.0 0.00
166 18.3166 80.1635 1 23 9
2  45.0 45.0 0.00
167 14.4547 81.2487 9 22 8
2  45.0 45.0 0.00
168 25.4885 121.0497 6 16 5
2  45.0 45.0 0.00
169 15.4170 102.1964 10 22 7
2  45.0 45.0 0.00
170 50.0938 127.3670 9 29 8
2  45.0 45.0 0.00
171 39.0846 90.9905 7 25 5
2  45.0 45.0 0.00
172 24.1226 126.4596 9 23 5
2  45.0 45.0 0.00
173 33.1152 73.5876 10 15 8
2  45.0 45.0 0.00
174 49.6882 83.8743 2 29 7
2  45.0 45.0 0.00
175 13.9525 87.9632 1 17 7
2  45.0 45.0 0.00
176 38.6186 107.4336 2 26 8
2  45.0 45.0 0.00
177 23.0108 83.0656 1 26 6
2  45.0 45.0 0.00
178 49.4626 99.7316 2 21 8
2  45.0 45.0 0.00
179 30.9388 85.9440 1 16 5
2  45.0 45.0 0.00
180 14.9273 100.4794 4 25 6
2  45.0 45.0 0.00
181 41.0319 127.3831 9 21 8
2  45.0 45.0 0.00
182 26.6153 78.9972 5 17 9
2  45.0 45.0 0.00
183 45.4279 79.6954 2 28 9
2  45.0 45.0 0.00
184 24.7272 86.9660 6 26 8
2  45.0 45.0 0.00
185 27.4119 118.8217 3 18 7
2  45.0 45.0 0.00
186 3.1659 83.1472 6 15 5
2  45.0 45.0 0.00
187 15.7191 123.4771 10 21 8
2  45.0 45.0 0.00
188 27.6915 116.3063 4 16 8
2  45.0 45.0 0.00
189 44.4650 88.5364 7 22 7
2  45.0 45.0 0.00
190 25.3594 91.3832 3 17 8
2  45.0 45.0 0.00
191 3.2890 113.8789 9 16 5
2  45.0 45.0 0.00
192 52.8472 112.7470 5 15 5
2  45.0 45.0 0.00
193 18.1593 75.8595 5 29 9
2  45.0 45.0 0.00
194 3.3637 113.7535 10 16 8
2  45.0 45.0 0.00
195 38.6386 80.4166 1 29 9
2  45.0 45.0 0.00
196 14.4649 87.4273 5 24 5
2  45.0 45.0 0.00
197 37.8466 75.1271 1 21 6
2  45.0 45.0 0.00
198 31.6533 117.0556 10 19 6
2  45.0 45.0 0.00
199 44.5690 113.9705 4 29 6
2  45.0 45.0 0.00
200 42.0821 89.2820 4 23 8
2  45.0 45.0 0.00
201 41.3982 83.4984 3 22 7
2  45.0 45.0 0.00
202 47.1085 114.7697 2 16 8
2  45.0 45.0 0.00
203 40.8244 74.0611 2 28 5
2  45.0 45.0 0.00
204 16.3867 109.1559 8 24 9
2  45.0 45.0 0.00
205 16.6507 93.9625 4 26 6
2  45.0 45.0 0.00
206 4.4965 81.8751 3 24 8
2  45.0 45.0 0.00
207 50.8966 112.6626 7 29 9
2  45.0 45.0 0.00
208 29.0979 104.9289 4 28 5
2  45.0 45.0 0.00
209 46.8452 109.9372 1 24 5
2  45.0 45.0 0.00
210 43.6848 121.0569 6 28 7
2  45.0 45.0 0.00
211 11.9521 109.6601 1 23 6
2  45.0 45.0 0.00
212 23.9294 97.7155 10 17 6
2  45.0 45.0 0.00
213 39.7126 75.7253 2 21 5
2  45.0 45.0 0.00
214 7.7722 77.1902 3 29 8
2  45.0 45.0 0.00
215 39.7792 116.0949 3 22 9
2  45.0 45.0 0.00
216 35.8697 115.4089 5 23 8
2  45.0 45.0 0.00
217 14.4491 86.1083 5 16 7
2  45.0 45.0 0.00
218 20.3465 77.8457 5 23 9
2  45.0 45.0 0.00
219 8.5016 93.3954 10 23 5
2  45.0 45.0 0.00
220 44.5742 82.0808 4 23 9
2  45.0 45.0 0.00
221 40.1930 123.0003 5 18 6
2  45.0 45.0 0.00
222 26.0397 80.1285 4 24 9
2  45.0 45.0 0.00
223 38.5887 123.2178 4 21 9
2  45.0 45.0 0.00
224 28.7890 131.1353 10 28 7
2  45.0 45.0 0.00
225 3.7341 102.3833 9 15 9
2  45.0 45.0 0.00
226 22.7831 83.7675 2 21 8
2  45.0 45.0 0.00
227 28.3023 80.0777 7 24 6
2  45.0 45.0 0.00
228 22.7822 73.9610 7 26 6
2  45.0 45.0 0.00
229 14.4061 99.2251 10 24 8
2  45.0 45.0 0.00
230 16.6535 126.7584 2 23 5
2  45.0 45.0 0.00
231 46.1281 89.5096 9 29 5
2  45.0 45.0 0.00
232 15.7069 121.6164 5 20 6
2  45.0 45.0 0.00
233 17.0668 112.9411 10 15 6
2  45.0 45.0 0.00
234 32.6906 86.6646 9 17 6
2  45.0 45.0 0.00
235 27.9882 86.7066 6 24 8
2  45.0 45.0 0.00
236 31.8799 122.5038 7 20 8
2  45.0 45.0 0.00
237 27.9844 108.0866 9 19 8
2  45.0 45.0 0.00
238 14.5443 80.6966 8 22 9
2  45.0 45.0 0.00
239 32.2686 111.3931 5 22 6
2  45.0 45.0 0.00
240 31.1218 97.1043 8 20 9
2  45.0 45.0 0.00
241 5.2663 116.9768 6 19 8
2  45.0 45.0 0.00
242 34.7059 112.3817 4 20 7
2  45.0 45.0 0.00
243 24.4537 98.1646 9 26 6
2  45.0 45.0 0.00
244 37.8280 94.0907 5 18 7
2  45.0 45.0 0.00
245 26.2767 115.5312 6 20 9
2  45.0 45.0 0.00
246 45.9940 114.7482 10 19 9
2  45.0 45.0 0.00
247 11.7930 100.3038 1 23 5
2  45.0 45.0 0.00
248 41.3370 89.5968 9 25 7
2  45.0 45.0 0.00
249 31.7262 117.6408 2 16 9
2  45.0 45.0 0.00
