s1
0
 2013 04 20 12 23 22.369     2013 04 20 12 26 19.468     177.1
 2013 04 20 20 38 21.482     2013 04 20 20 40 54.550     153.1
1
2
 2013 04 20 14 00 58.322     2013 04 20 14 03 45.035     166.7
 2013 04 20 20 35 46.866     2013 04 20 20 38 32.718     165.9
3
 2013 04 20 12 14 42.173     2013 04 20 12 18  7.865     205.7
4
 2013 04 20 12 25 28.249     2013 04 20 12 28  5.724     157.5
5
 2013 04 20 19 02 35.634     2013 04 20 19 05 21.326     165.7
6
 2013 04 20 10 41  2.565     2013 04 20 10 44 46.904     224.3
7
 2013 04 20 22 21 58.281     2013 04 20 22 24 59.835     181.6
8
 2013 04 20 12 24 32.613     2013 04 20 12 27 56.577     204.0
 2013 04 20 20 37  9.911     2013 04 20 20 40 54.184     224.3
9
 2013 04 20 22 14 29.837     2013 04 20 22 17 54.044     204.2
10
 2013 04 20 22 21 27.046     2013 04 20 22 24 15.506     168.5
11
 2013 04 20 00 21 13.914     2013 04 20 00 24 52.499     218.6
 2013 04 20 12 13   .525     2013 04 20 12 15 46.422     165.9
12
13
 2013 04 20 22 21  4.542     2013 04 20 22 23 34.960     150.4
14
 2013 04 20 22 15 16.958     2013 04 20 22 18 28.638     191.7
15
 2013 04 20 00 18 41.590     2013 04 20 00 21 31.379     169.8
16
 2013 04 20 13 54 53.844     2013 04 20 13 58  7.560     193.7
17
 2013 04 20 14 00  6.099     2013 04 20 14 02 54.087     168.0
 2013 04 20 20 35  7.883     2013 04 20 20 35 23.079      15.2
18
19
 2013 04 20 10 47 32.427     2013 04 20 10 50 15.800     163.4
 2013 04 20 19 07 20.947     2013 04 20 19 07 42.613      21.7
20
 2013 04 20 20 46 50.537     2013 04 20 20 49 31.279     160.7
21
 2013 04 20 14 02 37.020     2013 04 20 14 06   .402     203.4
 2013 04 20 19 01 44.045     2013 04 20 19 02  7.457      23.4
 2013 04 20 20 35 56.499     2013 04 20 20 36 25.663      29.2
22
 2013 04 20 10 38  9.645     2013 04 20 10 40 52.833     163.2
 2013 04 20 22 24 45.128     2013 04 20 22 28 12.751     207.6
23
 2013 04 20 00 17 20.917     2013 04 20 00 19 26.992     126.1
24
 2013 04 20 15 36 33.103     2013 04 20 15 39 10.865     157.8
 2013 04 20 22 10  3.734     2013 04 20 22 12 56.680     172.9
25
 2013 04 20 12 17  9.932     2013 04 20 12 20 43.381     213.4
 2013 04 20 22 19 56.966     2013 04 20 22 22 29.476     152.5
26
 2013 04 20 12 17 58.500     2013 04 20 12 20 32.609     154.1
 2013 04 20 22 18 46.973     2013 04 20 22 21 24.131     157.2
27
 2013 04 20 10 47 19.229     2013 04 20 10 50  2.534     163.3
28
 2013 04 20 20 45 59.174     2013 04 20 20 46 46.856      47.7
29
 2013 04 20 10 44 13.849     2013 04 20 10 47 11.336     177.5
 2013 04 20 20 44 21.287     2013 04 20 20 47 17.533     176.2
30
 2013 04 20 22 16  4.736     2013 04 20 22 19  8.642     183.9
31
 2013 04 20 10 40 52.749     2013 04 20 10 43 32.032     159.3
32
 2013 04 20 22 16 39.379     2013 04 20 22 19 11.169     151.8
33
 2013 04 20 12 22 56.945     2013 04 20 12 26 31.675     214.7
 2013 04 20 20 40  8.794     2013 04 20 20 42 42.762     154.0
34
 2013 04 20 20 42 12.193     2013 04 20 20 45 18.933     186.7
35
 2013 04 20 00 22  7.529     2013 04 20 00 25 24.839     197.3
 2013 04 20 12 12 32.517     2013 04 20 12 15  5.641     153.1
36
 2013 04 20 12 18 15.720     2013 04 20 12 18 28.949      13.2
 2013 04 20 22 17  6.916     2013 04 20 22 19 38.801     151.9
37
 2013 04 20 10 38 35.811     2013 04 20 10 41 12.946     157.1
 2013 04 20 22 24 13.489     2013 04 20 22 25 13.692      60.2
38
 2013 04 20 14 03 39.655     2013 04 20 14 06 27.048     167.4
 2013 04 20 18 58 34.580     2013 04 20 19 01 22.385     167.8
39
 2013 04 20 14 04 11.602     2013 04 20 14 07 17.538     185.9
 2013 04 20 18 59 15.770     2013 04 20 19 01 50.377     154.6
40
 2013 04 20 20 37 25.637     2013 04 20 20 40  9.195     163.6
41
 2013 04 20 14 02 24.416     2013 04 20 14 05 36.013     191.6
 2013 04 20 20 35 59.401     2013 04 20 20 39 32.202     212.8
42
 2013 04 20 00 21 54.871     2013 04 20 00 25  7.194     192.3
 2013 04 20 12 12 34.896     2013 04 20 12 15 11.655     156.8
43
 2013 04 20 22 21 36.247     2013 04 20 22 24 56.988     200.7
44
45
 2013 04 20 12 27 31.759     2013 04 20 12 30 28.802     177.0
 2013 04 20 19 01 34.547     2013 04 20 19 04 28.131     173.6
46
 2013 04 20 10 42 55.838     2013 04 20 10 45 59.640     183.8
 2013 04 20 20 43 17.787     2013 04 20 20 46 35.297     197.5
47
 2013 04 20 09 03 46.873     2013 04 20 09 06 20.219     153.3
 2013 04 20 20 49 59.521     2013 04 20 20 53  6.445     186.9
48
 2013 04 20 10 46 17.242     2013 04 20 10 48 51.971     154.7
49
 2013 04 20 12 24 32.880     2013 04 20 12 27 21.256     168.4
 2013 04 20 20 37 52.555     2013 04 20 20 41 18.787     206.2
50
51
 2013 04 20 12 26 14.858     2013 04 20 12 29 59.695     224.8
 2013 04 20 14 04  3.722     2013 04 20 14 07 51.319     227.6
 2013 04 20 18 59 46.869     2013 04 20 19 02 21.335     154.5
52
 2013 04 20 12 13 33.914     2013 04 20 12 16 13.254     159.3
53
 2013 04 20 12 17 37.658     2013 04 20 12 20 24.497     166.8
 2013 04 20 22 19 15.913     2013 04 20 22 21 54.514     158.6
54
 2013 04 20 22 21 20.821     2013 04 20 22 21 48.579      27.8
55
 2013 04 20 00 19 27.102     2013 04 20 00 22  3.263     156.2
56
 2013 04 20 20 45 36.715     2013 04 20 20 46 11.310      34.6
57
 2013 04 20 10 44  1.370     2013 04 20 10 44 50.151      48.8
 2013 04 20 20 44 31.840     2013 04 20 20 46 35.944     124.1
58
59
60
 2013 04 20 00 15 37.562     2013 04 20 00 16 20.125      42.6
 2013 04 20 13 53 47.013     2013 04 20 13 56 38.388     171.4
61
 2013 04 20 10 54 35.467     2013 04 20 10 54 46.835      11.4
 2013 04 20 12 28 34.211     2013 04 20 12 29 45.612      71.4
 2013 04 20 17 24 35.879     2013 04 20 17 27 53.414     197.5
62
 2013 04 20 12 27 32.253     2013 04 20 12 30 46.620     194.4
 2013 04 20 19 01 46.080     2013 04 20 19 04 47.574     181.5
63
 2013 04 20 20 47 49.927     2013 04 20 20 50 25.652     155.7
64
65
 2013 04 20 20 40 50.396     2013 04 20 20 43 54.548     184.2
66
 2013 04 20 22 15 19.301     2013 04 20 22 18  6.730     167.4
67
 2013 04 20 20 46  7.989     2013 04 20 20 49 29.956     202.0
68
69
 2013 04 20 12 19   .251     2013 04 20 12 22  5.051     184.8
 2013 04 20 22 17 24.000     2013 04 20 22 20  5.432     161.4
70
71
72
 2013 04 20 22 21 25.137     2013 04 20 22 24 49.359     204.2
73
 2013 04 20 10 46 59.737     2013 04 20 10 49 44.906     165.2
74
 2013 04 20 20 46  8.645     2013 04 20 20 48 41.410     152.8
75
 2013 04 20 13 55 35.635     2013 04 20 13 58 20.421     164.8
76
77
 2013 04 20 20 50 32.587     2013 04 20 20 50 41.232       8.6
78
 2013 04 20 10 42 41.338     2013 04 20 10 42 57.237      15.9
 2013 04 20 20 45 42.365     2013 04 20 20 48 15.295     152.9
79
 2013 04 20 13 58 55.249     2013 04 20 13 59 39.335      44.1
 2013 04 20 22 11 13.804     2013 04 20 22 12 19.307      65.5
80
 2013 04 20 20 40 36.986     2013 04 20 20 41  2.883      25.9
81
 2013 04 20 12 21 40.343     2013 04 20 12 21 46.745       6.4
 2013 04 20 20 40 30.827     2013 04 20 20 43 27.238     176.4
82
 2013 04 20 10 40 48.937     2013 04 20 10 44 11.993     203.1
83
84
 2013 04 20 12 26 15.528     2013 04 20 12 29 46.734     211.2
 2013 04 20 19 01 57.888     2013 04 20 19 04 41.307     163.4
85
 2013 04 20 10 44 46.715     2013 04 20 10 47 20.711     154.0
 2013 04 20 20 43 33.880     2013 04 20 20 46 33.370     179.5
86
87
 2013 04 20 12 19 53.440     2013 04 20 12 22 47.752     174.3
 2013 04 20 22 16 45.818     2013 04 20 22 20 23.152     217.3
88
 2013 04 20 10 46  7.923     2013 04 20 10 48 51.107     163.2
89
 2013 04 20 20 40 43.087     2013 04 20 20 43 33.723     170.6
90
 2013 04 20 00 20 25.064     2013 04 20 00 22 57.629     152.6
91
 2013 04 20 12 26 15.806     2013 04 20 12 29 32.534     196.7
 2013 04 20 19 01 44.767     2013 04 20 19 04 32.939     168.2
92
 2013 04 20 20 37 11.439     2013 04 20 20 39 56.074     164.6
93
94
 2013 04 20 13 58 29.256     2013 04 20 14 01 23.135     173.9
 2013 04 20 22 13 42.455     2013 04 20 22 16 46.398     183.9
95
 2013 04 20 14 01  1.142     2013 04 20 14 04 31.369     210.2
 2013 04 20 15 38 40.380     2013 04 20 15 39 47.192      66.8
 2013 04 20 20 34 24.933     2013 04 20 20 37   .403     155.5
96
 2013 04 20 10 49 56.146     2013 04 20 10 53 20.073     203.9
 2013 04 20 19 02 50.006     2013 04 20 19 06 21.254     211.2
97
 2013 04 20 20 45 31.369     2013 04 20 20 48 49.124     197.8
98
 2013 04 20 13 59  7.961     2013 04 20 14 00 20.649      72.7
99
 2013 04 20 00 19 34.226     2013 04 20 00 20 10.774      36.5
100
 2013 04 20 10 43 57.567     2013 04 20 10 46 36.054     158.5
 2013 04 20 20 44 21.572     2013 04 20 20 46 54.099     152.5
101
 2013 04 20 14 01  7.807     2013 04 20 14 03 51.265     163.5
 2013 04 20 20 35 46.426     2013 04 20 20 38 26.337     159.9
102
 2013 04 20 13 54 51.838     2013 04 20 13 57 30.161     158.3
103
 2013 04 20 19 02 52.674     2013 04 20 19 05 30.266     157.6
104
 2013 04 20 12 18 25.565     2013 04 20 12 21  2.081     156.5
 2013 04 20 22 18 46.114     2013 04 20 22 21 17.962     151.8
105
 2013 04 20 10 42 49.748     2013 04 20 10 46  6.350     196.6
 2013 04 20 20 43  5.409     2013 04 20 20 46 28.325     202.9
106
 2013 04 20 12 27 29.423     2013 04 20 12 30 14.409     165.0
 2013 04 20 19 00 31.218     2013 04 20 19 03 24.822     173.6
107
 2013 04 20 12 13 14.968     2013 04 20 12 15 48.192     153.2
108
 2013 04 20 12 27  5.470     2013 04 20 12 30  2.936     177.5
 2013 04 20 19 00 21.550     2013 04 20 19 03  2.289     160.7
109
 2013 04 20 10 49 18.797     2013 04 20 10 51 54.149     155.4
 2013 04 20 19 04 32.943     2013 04 20 19 07 10.870     157.9
110
 2013 04 20 20 46 54.009     2013 04 20 20 49 40.728     166.7
111
 2013 04 20 10 38 14.117     2013 04 20 10 38 45.223      31.1
112
 2013 04 20 12 14 56.232     2013 04 20 12 17 33.330     157.1
113
 2013 04 20 20 36 19.422     2013 04 20 20 40  3.674     224.3
114
 2013 04 20 22 15 27.143     2013 04 20 22 18 47.068     199.9
115
 2013 04 20 10 47 13.491     2013 04 20 10 50 13.682     180.2
116
117
 2013 04 20 20 49 56.002     2013 04 20 20 50 27.423      31.4
118
119
 2013 04 20 13 57 16.690     2013 04 20 14 00 12.350     175.7
 2013 04 20 22 12 47.654     2013 04 20 22 15 39.016     171.4
120
121
 2013 04 20 12 25 23.659     2013 04 20 12 28 18.533     174.9
 2013 04 20 19 02 49.603     2013 04 20 19 03 30.539      40.9
122
 2013 04 20 10 40 20.741     2013 04 20 10 42 53.981     153.2
123
124
 2013 04 20 15 37 53.354     2013 04 20 15 40 36.190     162.8
 2013 04 20 20 32 43.398     2013 04 20 20 35 43.443     180.0
125
 2013 04 20 10 44 43.120     2013 04 20 10 48  7.618     204.5
 2013 04 20 20 43 50.557     2013 04 20 20 44  5.157      14.6
126
 2013 04 20 22 15 39.764     2013 04 20 22 18 27.333     167.6
127
 2013 04 20 14 00 17.860     2013 04 20 14 04   .896     223.0
 2013 04 20 20 36 20.548     2013 04 20 20 39 24.470     183.9
128
 2013 04 20 10 44 31.925     2013 04 20 10 47 50.746     198.8
 2013 04 20 20 42 42.527     2013 04 20 20 45 25.097     162.6
129
 2013 04 20 13 57 39.966     2013 04 20 14 00 26.979     167.0
 2013 04 20 22 13  1.033     2013 04 20 22 15 37.579     156.5
130
 2013 04 20 14 01 50.042     2013 04 20 14 05  1.414     191.4
 2013 04 20 15 39 21.792     2013 04 20 15 40 35.755      74.0
 2013 04 20 18 56  6.563     2013 04 20 18 56 22.822      16.3
 2013 04 20 20 34 29.223     2013 04 20 20 37 33.099     183.9
131
 2013 04 20 20 47  5.589     2013 04 20 20 49 38.479     152.9
132
 2013 04 20 00 22 12.316     2013 04 20 00 24 51.484     159.2
 2013 04 20 12 12  1.051     2013 04 20 12 14 47.450     166.4
133
 2013 04 20 12 28 27.800     2013 04 20 12 31 55.135     207.3
 2013 04 20 17 24  2.758     2013 04 20 17 27 36.456     213.7
134
 2013 04 20 20 45 45.754     2013 04 20 20 47 28.642     102.9
135
 2013 04 20 22 21 16.179     2013 04 20 22 24  4.902     168.7
136
 2013 04 20 12 17  8.023     2013 04 20 12 19 54.216     166.2
 2013 04 20 22 19 14.545     2013 04 20 22 22 19.088     184.5
137
 2013 04 20 12 15 30.027     2013 04 20 12 18 45.201     195.2
138
 2013 04 20 15 37 26.212     2013 04 20 15 40 32.884     186.7
 2013 04 20 20 32 41.425     2013 04 20 20 36 15.724     214.3
139
 2013 04 20 12 18 53.848     2013 04 20 12 20  1.662      67.8
140
 2013 04 20 22 11  2.892     2013 04 20 22 14 26.676     203.8
141
 2013 04 20 22 23 21.124     2013 04 20 22 25 51.636     150.5
142
 2013 04 20 13 57  5.768     2013 04 20 14 00 25.446     199.7
 2013 04 20 22 12 26.607     2013 04 20 22 15 20.444     173.8
143
 2013 04 20 12 22 19.271     2013 04 20 12 24 56.931     157.7
 2013 04 20 20 38 29.225     2013 04 20 20 42  3.432     214.2
144
 2013 04 20 13 55  7.588     2013 04 20 13 58 20.481     192.9
145
 2013 04 20 12 14 31.825     2013 04 20 12 17 17.191     165.4
146
 2013 04 20 14 01 50.842     2013 04 20 14 05 10.517     199.7
 2013 04 20 15 39 30.679     2013 04 20 15 43 13.462     222.8
 2013 04 20 18 56  9.646     2013 04 20 18 59 56.733     227.1
 2013 04 20 20 34 20.127     2013 04 20 20 37 31.184     191.1
147
148
 2013 04 20 10 49 41.635     2013 04 20 10 50 42.333      60.7
149
 2013 04 20 12 25 27.002     2013 04 20 12 28 15.993     169.0
 2013 04 20 19 02 59.779     2013 04 20 19 03 37.179      37.4
150
 2013 04 20 12 24 29.108     2013 04 20 12 28   .588     211.5
 2013 04 20 20 37  5.250     2013 04 20 20 40 48.478     223.2
151
 2013 04 20 12 25  5.158     2013 04 20 12 25 39.257      34.1
 2013 04 20 19 04 45.930     2013 04 20 19 05 31.302      45.4
152
 2013 04 20 15 35 44.138     2013 04 20 15 38 45.598     181.5
 2013 04 20 22 10 38.691     2013 04 20 22 13 12.859     154.2
153
154
 2013 04 20 12 23  1.755     2013 04 20 12 26  6.776     185.0
 2013 04 20 20 39 49.945     2013 04 20 20 42 22.532     152.6
155
 2013 04 20 12 25 20.706     2013 04 20 12 28 28.477     187.8
156
 2013 04 20 10 46 18.443     2013 04 20 10 49  8.810     170.4
157
 2013 04 20 10 46 18.295     2013 04 20 10 46 46.628      28.3
 2013 04 20 20 42 31.106     2013 04 20 20 45 50.938     199.8
158
 2013 04 20 22 15  1.834     2013 04 20 22 18 32.710     210.9
159
160
161
 2013 04 20 12 16 26.425     2013 04 20 12 19  8.943     162.5
 2013 04 20 22 22 52.674     2013 04 20 22 23  2.965      10.3
162
 2013 04 20 10 38 38.852     2013 04 20 10 41 12.500     153.6
 2013 04 20 22 24  6.572     2013 04 20 22 25 48.312     101.7
163
 2013 04 20 14 03 46.453     2013 04 20 14 06 35.846     169.4
 2013 04 20 18 58 42.534     2013 04 20 19 01 25.646     163.1
164
 2013 04 20 13 59 27.017     2013 04 20 14 00  4.093      37.1
 2013 04 20 22 14 56.538     2013 04 20 22 15 33.474      36.9
165
 2013 04 20 12 18 16.649     2013 04 20 12 21 51.106     214.5
 2013 04 20 22 17 19.659     2013 04 20 22 19 51.941     152.3
166
 2013 04 20 12 18 45.315     2013 04 20 12 21 26.453     161.1
 2013 04 20 22 18  2.586     2013 04 20 22 20 36.192     153.6
167
 2013 04 20 19 02 33.547     2013 04 20 19 05 34.738     181.2
168
 2013 04 20 22 21 46.068     2013 04 20 22 25 21.134     215.1
169
 2013 04 20 15 36 55.892     2013 04 20 15 39 47.000     171.1
 2013 04 20 22 10 11.427     2013 04 20 22 13 37.807     206.4
170
 2013 04 20 12 14 10.537     2013 04 20 12 17  6.911     176.4
171
 2013 04 20 10 48 40.373     2013 04 20 10 51 21.490     161.1
 2013 04 20 19 04 13.286     2013 04 20 19 06 52.449     159.2
172
 2013 04 20 14 00 32.528     2013 04 20 14 04  6.419     213.9
 2013 04 20 15 38  8.976     2013 04 20 15 38 21.683      12.7
 2013 04 20 20 34 17.172     2013 04 20 20 36 56.552     159.4
173
174
 2013 04 20 12 14 45.022     2013 04 20 12 17 18.295     153.3
175
176
 2013 04 20 12 18 29.197     2013 04 20 12 21  3.523     154.3
 2013 04 20 22 18 37.899     2013 04 20 22 21  9.589     151.7
177
 2013 04 20 00 19 18.436     2013 04 20 00 21 55.973     157.5
178
 2013 04 20 12 26 25.982     2013 04 20 12 29 31.577     185.6
 2013 04 20 19 01 39.136     2013 04 20 19 04 22.695     163.6
179
 2013 04 20 14 01  6.943     2013 04 20 14 01 24.586      17.6
 2013 04 20 20 36 56.535     2013 04 20 20 39 32.838     156.3
180
181
 2013 04 20 12 24 30.593     2013 04 20 12 28  1.823     211.2
 2013 04 20 20 37  4.095     2013 04 20 20 40 49.496     225.4
182
 2013 04 20 22 20 42.381     2013 04 20 22 24 13.200     210.8
183
 2013 04 20 20 41 27.359     2013 04 20 20 44  1.974     154.6
184
 2013 04 20 20 40 14.552     2013 04 20 20 41 45.513      91.0
185
186
 2013 04 20 22 11 26.955     2013 04 20 22 14   .806     153.9
187
 2013 04 20 12 15 15.474     2013 04 20 12 18 31.406     195.9
188
 2013 04 20 13 56 13.181     2013 04 20 13 58 54.244     161.1
189
 2013 04 20 12 19 41.700     2013 04 20 12 20 12.952      31.3
190
 2013 04 20 10 40 28.475     2013 04 20 10 43  6.278     157.8
191
 2013 04 20 20 41 17.568     2013 04 20 20 44 51.664     214.1
192
 2013 04 20 10 41 37.464     2013 04 20 10 44 13.570     156.1
193
 2013 04 20 20 46 59.659     2013 04 20 20 50 33.043     213.4
194
 2013 04 20 10 44 37.920     2013 04 20 10 45 31.875      54.0
195
 2013 04 20 22 16 22.606     2013 04 20 22 19  7.061     164.5
196
 2013 04 20 13 58 51.872     2013 04 20 14 02 40.075     228.2
 2013 04 20 22 11 20.933     2013 04 20 22 15  6.122     225.2
197
 2013 04 20 00 20   .068     2013 04 20 00 22 41.559     161.5
198
 2013 04 20 13 56  3.565     2013 04 20 13 58 57.434     173.9
199
 2013 04 20 12 27 40.666     2013 04 20 12 31 17.133     216.5
 2013 04 20 19 01 52.321     2013 04 20 19 05 16.777     204.5
200
 2013 04 20 12 21 54.036     2013 04 20 12 24 45.973     171.9
 2013 04 20 20 42  1.827     2013 04 20 20 42  3.973       2.1
201
 2013 04 20 13 54 52.529     2013 04 20 13 57 26.806     154.3
202
 2013 04 20 09 05 11.498     2013 04 20 09 08 21.717     190.2
203
 2013 04 20 10 40 41.708     2013 04 20 10 41 26.606      44.9
 2013 04 20 22 23 33.229     2013 04 20 22 26  4.262     151.0
204
 2013 04 20 00 20 13.312     2013 04 20 00 20 40.494      27.2
205
 2013 04 20 00 17 51.573     2013 04 20 00 20 40.239     168.7
206
 2013 04 20 13 56 25.339     2013 04 20 13 59 10.965     165.6
 2013 04 20 22 16 28.502     2013 04 20 22 16 37.803       9.3
207
208
 2013 04 20 00 19 34.080     2013 04 20 00 22 33.256     179.2
209
 2013 04 20 13 57 11.005     2013 04 20 14 00 23.854     192.8
 2013 04 20 22 14 24.823     2013 04 20 22 17  1.308     156.5
210
 2013 04 20 12 17 29.886     2013 04 20 12 20 23.245     173.4
 2013 04 20 22 17 57.637     2013 04 20 22 21  8.713     191.1
211
212
 2013 04 20 10 45 40.588     2013 04 20 10 45 52.566      12.0
213
 2013 04 20 10 39  6.847     2013 04 20 10 41 47.360     160.5
 2013 04 20 22 23 15.114     2013 04 20 22 23 30.898      15.8
214
215
 2013 04 20 22 23 36.518     2013 04 20 22 26 44.861     188.3
216
 2013 04 20 12 14  7.850     2013 04 20 12 16 52.263     164.4
217
 2013 04 20 10 42 47.841     2013 04 20 10 45 28.264     160.4
 2013 04 20 20 43 44.663     2013 04 20 20 47 12.374     207.7
218
 2013 04 20 13 56 49.681     2013 04 20 13 59 24.739     155.1
 2013 04 20 22 13 19.584     2013 04 20 22 16 46.730     207.1
219
 2013 04 20 22 21 36.199     2013 04 20 22 24  9.479     153.3
220
 2013 04 20 00 21 31.657     2013 04 20 00 24  2.182     150.5
 2013 04 20 12 11 36.886     2013 04 20 12 15 22.212     225.3
221
 2013 04 20 22 21  7.716     2013 04 20 22 21 16.199       8.5
222
 2013 04 20 00 19 48.667     2013 04 20 00 22 19.003     150.3
223
 2013 04 20 10 40 23.669     2013 04 20 10 43 39.908     196.2
224
225
 2013 04 20 12 17 12.382     2013 04 20 12 20  9.627     177.2
 2013 04 20 22 17 49.354     2013 04 20 22 21 22.366     213.0
226
 2013 04 20 12 21 15.841     2013 04 20 12 23 55.928     160.1
227
 2013 04 20 14 01 18.193     2013 04 20 14 04 56.315     218.1
 2013 04 20 15 39  8.047     2013 04 20 15 42 44.655     216.6
 2013 04 20 20 34 16.415     2013 04 20 20 37  4.067     167.7
228
 2013 04 20 20 37 18.046     2013 04 20 20 39 53.259     155.2
229
 2013 04 20 13 55 56.635     2013 04 20 13 58 32.737     156.1
230
 2013 04 20 13 55 23.435     2013 04 20 13 58  3.442     160.0
231
 2013 04 20 12 14 37.456     2013 04 20 12 16 54.962     137.5
232
 2013 04 20 15 37 34.040     2013 04 20 15 40 39.894     185.9
 2013 04 20 20 32 49.492     2013 04 20 20 36 13.127     203.6
233
 2013 04 20 20 40 11.606     2013 04 20 20 43 16.776     185.2
234
 2013 04 20 12 26 41.805     2013 04 20 12 29 25.033     163.2
 2013 04 20 19 00 35.902     2013 04 20 19 03 12.317     156.4
235
 2013 04 20 14 02 42.642     2013 04 20 14 05 49.992     187.3
 2013 04 20 18 57 55.534     2013 04 20 18 58 11.338      15.8
 2013 04 20 20 35 45.018     2013 04 20 20 36 19.819      34.8
236
 2013 04 20 12 16 47.714     2013 04 20 12 20 18.936     211.2
 2013 04 20 22 19 58.601     2013 04 20 22 22 44.263     165.7
237
 2013 04 20 10 44 51.563     2013 04 20 10 48 16.457     204.9
 2013 04 20 20 42 20.253     2013 04 20 20 45 20.927     180.7
238
 2013 04 20 10 47 16.624     2013 04 20 10 50 22.553     185.9
239
 2013 04 20 13 56 28.024     2013 04 20 13 59 18.749     170.7
 2013 04 20 22 15 55.229     2013 04 20 22 16 27.404      32.2
240
 2013 04 20 12 28 13.706     2013 04 20 12 29 19.360      65.7
 2013 04 20 17 24 13.147     2013 04 20 17 27 59.010     225.9
241
 2013 04 20 10 49 51.605     2013 04 20 10 53 32.100     220.5
 2013 04 20 19 02 37.010     2013 04 20 19 06 10.883     213.9
242
 2013 04 20 22 15 17.390     2013 04 20 22 16 27.414      70.0
243
 2013 04 20 10 48 24.005     2013 04 20 10 48 52.500      28.5
 2013 04 20 20 41 47.358     2013 04 20 20 44 53.419     186.1
244
 2013 04 20 14 00 22.164     2013 04 20 14 03 36.165     194.0
 2013 04 20 20 34 19.149     2013 04 20 20 37 16.898     177.7
245
 2013 04 20 10 37 48.379     2013 04 20 10 41 12.813     204.4
 2013 04 20 22 23 48.630     2013 04 20 22 26 25.920     157.3
246
 2013 04 20 13 59 24.802     2013 04 20 14 02 37.657     192.9
247
 2013 04 20 20 45 40.871     2013 04 20 20 48 17.800     156.9
248
 2013 04 20 22 15 12.520     2013 04 20 22 18  3.524     171.0
249
 2013 04 20 10 41 49.768     2013 04 20 10 45   .004     190.2
250
 2013 04 20 14 02 27.820     2013 04 20 14 05 29.828     182.0
 2013 04 20 20 35 51.741     2013 04 20 20 39 23.979     212.2
251
 2013 04 20 12 22 58.301     2013 04 20 12 26 34.838     216.5
 2013 04 20 20 40  9.126     2013 04 20 20 42 43.936     154.8
252
 2013 04 20 10 42 40.748     2013 04 20 10 45 14.427     153.7
 2013 04 20 20 44 12.628     2013 04 20 20 47 39.142     206.5
253
 2013 04 20 22 19 58.972     2013 04 20 22 20 25.788      26.8
254
 2013 04 20 10 49   .917     2013 04 20 10 51 42.837     161.9
 2013 04 20 19 04 11.524     2013 04 20 19 06 44.369     152.8
255
 2013 04 20 13 58 16.784     2013 04 20 14 01 48.113     211.3
 2013 04 20 22 14  3.333     2013 04 20 22 17 22.005     198.7
256
257
 2013 04 20 12 17 48.765     2013 04 20 12 20 26.054     157.3
 2013 04 20 22 18 24.597     2013 04 20 22 21 14.215     169.6
258
 2013 04 20 13 57 47.763     2013 04 20 14 00 43.910     176.1
 2013 04 20 22 14  7.051     2013 04 20 22 16 40.670     153.6
259
 2013 04 20 12 26 19.986     2013 04 20 12 29 11.416     171.4
 2013 04 20 19 01 19.413     2013 04 20 19 04 13.232     173.8
260
 2013 04 20 12 13 20.636     2013 04 20 12 15 57.370     156.7
261
 2013 04 20 14 03 46.433     2013 04 20 14 06 43.679     177.2
 2013 04 20 18 58 51.419     2013 04 20 19 01 34.580     163.2
262
 2013 04 20 10 44  8.221     2013 04 20 10 47 39.624     211.4
 2013 04 20 20 44 28.197     2013 04 20 20 47 50.739     202.5
263
264
 2013 04 20 10 39 14.481     2013 04 20 10 41 47.747     153.3
265
 2013 04 20 13 55  1.155     2013 04 20 13 57 35.410     154.3
266
 2013 04 20 12 27 38.672     2013 04 20 12 30 15.166     156.5
 2013 04 20 19 00 48.217     2013 04 20 19 03 44.506     176.3
267
 2013 04 20 10 41  4.582     2013 04 20 10 43 38.064     153.5
268
 2013 04 20 13 57 44.835     2013 04 20 14 01 22.585     217.7
 2013 04 20 22 12 15.867     2013 04 20 22 14 49.760     153.9
269
 2013 04 20 12 25 42.578     2013 04 20 12 28 17.999     155.4
 2013 04 20 19 00 11.905     2013 04 20 19 00 54.904      43.0
270
 2013 04 20 10 50 41.828     2013 04 20 10 51 22.425      40.6
 2013 04 20 19 02 48.274     2013 04 20 19 06 23.855     215.6
271
 2013 04 20 10 45 11.427     2013 04 20 10 48   .679     169.3
 2013 04 20 20 43 20.171     2013 04 20 20 43 47.747      27.6
272
 2013 04 20 14 00 58.346     2013 04 20 14 04  6.378     188.0
 2013 04 20 20 34 39.239     2013 04 20 20 37 14.492     155.3
273
 2013 04 20 22 15 35.974     2013 04 20 22 18  9.389     153.4
274
 2013 04 20 13 58 22.442     2013 04 20 14 01 49.457     207.0
 2013 04 20 22 13 57.784     2013 04 20 22 17 20.586     202.8
275
 2013 04 20 14 04 15.275     2013 04 20 14 07 35.783     200.5
 2013 04 20 18 59 30.334     2013 04 20 19 02  5.219     154.9
276
 2013 04 20 12 25 13.196     2013 04 20 12 28  9.364     176.2
277
 2013 04 20 20 48 29.904     2013 04 20 20 50 59.956     150.1
278
279
 2013 04 20 13 54 35.688     2013 04 20 13 57 24.840     169.2
280
 2013 04 20 10 46 50.536     2013 04 20 10 49 25.848     155.3
281
 2013 04 20 20 41 34.596     2013 04 20 20 41 51.091      16.5
282
 2013 04 20 12 25  6.273     2013 04 20 12 27 41.565     155.3
283
284
 2013 04 20 10 48 19.500     2013 04 20 10 51  5.173     165.7
 2013 04 20 19 04  1.741     2013 04 20 19 06 57.359     175.6
285
 2013 04 20 10 46   .600     2013 04 20 10 49 36.081     215.5
286
 2013 04 20 14 01 46.322     2013 04 20 14 04 22.454     156.1
 2013 04 20 20 35 23.454     2013 04 20 20 38  2.766     159.3
287
 2013 04 20 14 01 53.451     2013 04 20 14 04 56.713     183.3
 2013 04 20 15 39 17.680     2013 04 20 15 39 32.830      15.2
 2013 04 20 19 00  3.418     2013 04 20 19 00 14.914      11.5
 2013 04 20 20 34 36.605     2013 04 20 20 37 38.663     182.1
288
289
 2013 04 20 13 58 47.271     2013 04 20 13 58 59.632      12.4
290
 2013 04 20 13 55  5.604     2013 04 20 13 57 58.228     172.6
291
 2013 04 20 12 22 15.838     2013 04 20 12 25  2.875     167.0
 2013 04 20 20 38 12.944     2013 04 20 20 41 49.454     216.5
292
 2013 04 20 10 46 15.411     2013 04 20 10 48 49.717     154.3
293
 2013 04 20 20 45 14.632     2013 04 20 20 45 52.629      38.0
294
 2013 04 20 15 37 42.630     2013 04 20 15 40 46.848     184.2
 2013 04 20 20 32 57.157     2013 04 20 20 36 10.042     192.9
295
 2013 04 20 10 39  1.599     2013 04 20 10 42 22.947     201.3
 2013 04 20 22 22 38.012     2013 04 20 22 23 32.777      54.8
296
 2013 04 20 10 40 48.888     2013 04 20 10 43 38.692     169.8
297
 2013 04 20 12 27 36.263     2013 04 20 12 27 53.739      17.5
 2013 04 20 20 37  7.239     2013 04 20 20 40 10.848     183.6
298
 2013 04 20 12 19 41.140     2013 04 20 12 22 21.229     160.1
 2013 04 20 22 17 17.875     2013 04 20 22 20 40.104     202.2
299
 2013 04 20 20 40 34.223     2013 04 20 20 42 23.953     109.7
300
 2013 04 20 22 22 49.155     2013 04 20 22 25 34.973     165.8
301
 2013 04 20 10 43 44.651     2013 04 20 10 46 34.331     169.7
 2013 04 20 20 44 39.270     2013 04 20 20 47 11.672     152.4
302
 2013 04 20 00 20 48.218     2013 04 20 00 20 49.589       1.4
 2013 04 20 12 13 22.153     2013 04 20 12 16  8.208     166.1
303
 2013 04 20 15 35 38.096     2013 04 20 15 36 58.609      80.5
 2013 04 20 22 11 16.981     2013 04 20 22 13 52.445     155.5
304
 2013 04 20 12 27 56.674     2013 04 20 12 31 41.333     224.7
 2013 04 20 19 01 45.068     2013 04 20 19 02 40.014      54.9
305
 2013 04 20 10 45 16.233     2013 04 20 10 48 49.927     213.7
 2013 04 20 20 41 47.053     2013 04 20 20 45 19.385     212.3
306
307
308
 2013 04 20 12 13 25.538     2013 04 20 12 15  1.508      96.0
309
 2013 04 20 10 41 25.712     2013 04 20 10 44 52.829     207.1
310
 2013 04 20 20 41 20.851     2013 04 20 20 43 55.898     155.0
311
 2013 04 20 10 40 27.851     2013 04 20 10 43 59.811     212.0
312
 2013 04 20 22 15 32.512     2013 04 20 22 18 27.008     174.5
313
 2013 04 20 20 40 42.216     2013 04 20 20 44  4.801     202.6
314
315
 2013 04 20 13 56 31.838     2013 04 20 13 59 29.347     177.5
 2013 04 20 22 13 55.593     2013 04 20 22 17 22.587     207.0
316
 2013 04 20 14 02 15.000     2013 04 20 14 04 59.903     164.9
 2013 04 20 20 35 44.069     2013 04 20 20 38 50.016     185.9
317
 2013 04 20 12 24 24.688     2013 04 20 12 27 35.503     190.8
 2013 04 20 20 38 59.173     2013 04 20 20 39 58.122      58.9
318
 2013 04 20 15 37 36.644     2013 04 20 15 40 12.532     155.9
 2013 04 20 20 32  9.999     2013 04 20 20 35 20.313     190.3
319
 2013 04 20 20 37 12.698     2013 04 20 20 40 15.322     182.6
320
 2013 04 20 12 22 24.060     2013 04 20 12 25 38.701     194.6
 2013 04 20 20 37 56.251     2013 04 20 20 41  8.079     191.8
321
 2013 04 20 12 24 26.926     2013 04 20 12 27  2.090     155.2
 2013 04 20 20 38 30.574     2013 04 20 20 41 47.146     196.6
322
323
 2013 04 20 20 47 53.859     2013 04 20 20 50 33.469     159.6
324
 2013 04 20 13 58 50.025     2013 04 20 13 59 41.809      51.8
 2013 04 20 22 11 19.581     2013 04 20 22 15  3.778     224.2
325
 2013 04 20 15 37 48.598     2013 04 20 15 40 49.382     180.8
 2013 04 20 20 32 59.813     2013 04 20 20 36  6.002     186.2
326
 2013 04 20 22 22 19.490     2013 04 20 22 25 11.744     172.3
327
328
 2013 04 20 00 20 20.663     2013 04 20 00 22 56.291     155.6
329
 2013 04 20 12 22  8.223     2013 04 20 12 24 42.847     154.6
 2013 04 20 20 38 37.804     2013 04 20 20 38 58.123      20.3
330
 2013 04 20 12 27 46.944     2013 04 20 12 28  8.609      21.7
 2013 04 20 20 36 55.191     2013 04 20 20 40 18.937     203.7
331
 2013 04 20 13 55 40.648     2013 04 20 13 59 26.560     225.9
 2013 04 20 22 17 41.219     2013 04 20 22 18 18.302      37.1
332
 2013 04 20 22 15 29.082     2013 04 20 22 18 37.221     188.1
333
 2013 04 20 13 54 25.365     2013 04 20 13 56 59.507     154.1
334
 2013 04 20 10 40 11.699     2013 04 20 10 43 41.213     209.5
335
 2013 04 20 20 36 22.443     2013 04 20 20 39 56.273     213.8
336
 2013 04 20 12 19 35.249     2013 04 20 12 22 20.101     164.9
 2013 04 20 22 17 51.968     2013 04 20 22 19 17.876      85.9
337
 2013 04 20 10 47 22.647     2013 04 20 10 50  1.735     159.1
338
339
 2013 04 20 12 24 53.170     2013 04 20 12 27 36.728     163.6
 2013 04 20 20 37 41.181     2013 04 20 20 38 31.206      50.0
340
 2013 04 20 12 22  8.589     2013 04 20 12 25   .069     171.5
 2013 04 20 20 39 21.783     2013 04 20 20 42 48.005     206.2
341
 2013 04 20 12 15 16.609     2013 04 20 12 18 34.268     197.7
342
 2013 04 20 10 41 59.615     2013 04 20 10 42 46.336      46.7
 2013 04 20 22 22 20.231     2013 04 20 22 25 58.258     218.0
343
 2013 04 20 22 21 57.492     2013 04 20 22 24 28.765     151.3
344
 2013 04 20 13 56 36.725     2013 04 20 13 59 14.660     157.9
 2013 04 20 22 13 24.049     2013 04 20 22 17  5.793     221.7
345
 2013 04 20 22 24 33.590     2013 04 20 22 25 13.569      40.0
346
 2013 04 20 10 42 25.158     2013 04 20 10 42 41.650      16.5
 2013 04 20 22 22 27.739     2013 04 20 22 25 49.993     202.3
347
 2013 04 20 12 26 28.506     2013 04 20 12 29 21.886     173.4
 2013 04 20 19 00 21.071     2013 04 20 19 03   .620     159.5
348
 2013 04 20 10 44 17.407     2013 04 20 10 47 11.114     173.7
 2013 04 20 20 44 17.168     2013 04 20 20 47 13.432     176.3
349
 2013 04 20 10 48 13.305     2013 04 20 10 51 36.457     203.2
 2013 04 20 19 03 29.656     2013 04 20 19 06 18.972     169.3
350
351
352
 2013 04 20 15 36   .138     2013 04 20 15 36 24.114      24.0
 2013 04 20 22 11 17.593     2013 04 20 22 14 11.901     174.3
353
 2013 04 20 20 40 55.610     2013 04 20 20 44  5.175     189.6
354
 2013 04 20 22 16 20.352     2013 04 20 22 19 27.541     187.2
355
 2013 04 20 13 58 54.446     2013 04 20 14 01 51.053     176.6
 2013 04 20 22 12 14.871     2013 04 20 22 15 35.715     200.8
356
 2013 04 20 20 46 53.876     2013 04 20 20 50  2.696     188.8
357
 2013 04 20 12 27 32.198     2013 04 20 12 30 31.058     178.9
 2013 04 20 14 04 53.297     2013 04 20 14 04 55.525       2.2
 2013 04 20 17 21 48.349     2013 04 20 17 21 52.413       4.1
 2013 04 20 19 00 10.838     2013 04 20 19 03 17.650     186.8
358
359
360
 2013 04 20 10 38 33.018     2013 04 20 10 41 20.270     167.3
 2013 04 20 22 24 18.279     2013 04 20 22 24 26.187       7.9
361
 2013 04 20 09 04  1.386     2013 04 20 09 07 10.535     189.1
 2013 04 20 20 48 57.780     2013 04 20 20 52  8.589     190.8
362
 2013 04 20 10 41 52.481     2013 04 20 10 44 57.551     185.1
363
 2013 04 20 15 37 59.129     2013 04 20 15 41 17.720     198.6
 2013 04 20 20 33 27.320     2013 04 20 20 36 20.682     173.4
364
 2013 04 20 14 00 12.888     2013 04 20 14 02 49.124     156.2
 2013 04 20 20 34 36.679     2013 04 20 20 38 22.027     225.3
365
 2013 04 20 15 36 39.567     2013 04 20 15 39 47.316     187.7
 2013 04 20 22 10 32.457     2013 04 20 22 13 44.884     192.4
366
367
 2013 04 20 12 23 47.771     2013 04 20 12 23 56.841       9.1
 2013 04 20 22 15 38.226     2013 04 20 22 17 18.839     100.6
368
 2013 04 20 22 22 55.803     2013 04 20 22 22 58.647       2.8
369
 2013 04 20 10 47 10.119     2013 04 20 10 47 11.402       1.3
 2013 04 20 19 05 53.743     2013 04 20 19 06 40.114      46.4
370
 2013 04 20 22 21 57.642     2013 04 20 22 25 10.024     192.4
371
 2013 04 20 20 40  3.958     2013 04 20 20 40 11.378       7.4
372
 2013 04 20 12 12 51.896     2013 04 20 12 16 13.187     201.3
373
 2013 04 20 13 58 14.776     2013 04 20 14 01  3.075     168.3
 2013 04 20 22 12 52.463     2013 04 20 22 15 30.719     158.3
374
 2013 04 20 12 21 42.098     2013 04 20 12 24 16.628     154.5
375
 2013 04 20 12 18  3.135     2013 04 20 12 20 48.407     165.3
 2013 04 20 22 18  9.862     2013 04 20 22 20 50.132     160.3
376
 2013 04 20 00 21  7.938     2013 04 20 00 23 54.289     166.4
 2013 04 20 12 12 10.074     2013 04 20 12 15 54.620     224.5
377
 2013 04 20 10 53 20.529     2013 04 20 10 53 26.371       5.8
 2013 04 20 19 02 38.380     2013 04 20 19 05 39.938     181.6
378
 2013 04 20 22 21 16.725     2013 04 20 22 24   .902     164.2
379
 2013 04 20 19 02 28.750     2013 04 20 19 05 46.054     197.3
380
 2013 04 20 10 46 23.673     2013 04 20 10 48 58.002     154.3
381
382
383
 2013 04 20 12 24 52.450     2013 04 20 12 28 36.745     224.3
 2013 04 20 19 02 22.566     2013 04 20 19 02 54.390      31.8
384
 2013 04 20 14 00 14.774     2013 04 20 14 02 50.187     155.4
 2013 04 20 20 34 44.898     2013 04 20 20 38 29.456     224.6
385
 2013 04 20 12 14 32.121     2013 04 20 12 17 48.873     196.8
386
 2013 04 20 22 15 28.856     2013 04 20 22 18  3.239     154.4
387
 2013 04 20 10 40 28.311     2013 04 20 10 43 40.209     191.9
388
 2013 04 20 13 54 31.224     2013 04 20 13 57 26.427     175.2
389
 2013 04 20 12 17  6.822     2013 04 20 12 19 42.061     155.2
 2013 04 20 22 18 23.436     2013 04 20 22 21 59.719     216.3
390
 2013 04 20 00 19 44.504     2013 04 20 00 22 31.075     166.6
391
 2013 04 20 20 46 22.026     2013 04 20 20 49 21.751     179.7
392
393
 2013 04 20 12 15 21.029     2013 04 20 12 15 35.040      14.0
 2013 04 20 22 23  7.708     2013 04 20 22 24  7.220      59.5
394
 2013 04 20 00 18 15.944     2013 04 20 00 21 24.731     188.8
395
 2013 04 20 13 59 43.330     2013 04 20 14 03  9.727     206.4
 2013 04 20 20 39 31.477     2013 04 20 20 39 40.524       9.0
396
 2013 04 20 12 25 31.826     2013 04 20 12 28 10.889     159.1
 2013 04 20 19 04 27.157     2013 04 20 19 04 27.765        .6
397
 2013 04 20 12 20 11.337     2013 04 20 12 23 32.525     201.2
398
 2013 04 20 22 19 28.052     2013 04 20 22 19 29.566       1.5
399
 2013 04 20 10 43 48.368     2013 04 20 10 46 29.528     161.2
 2013 04 20 20 44 29.750     2013 04 20 20 47  1.048     151.3
400
 2013 04 20 12 26  5.692     2013 04 20 12 29 47.995     222.3
 2013 04 20 14 03 50.361     2013 04 20 14 05  1.188      70.8
 2013 04 20 18 59 46.033     2013 04 20 19 02 22.651     156.6
401
 2013 04 20 00 20 27.894     2013 04 20 00 23   .016     152.1
402
 2013 04 20 14 02 54.697     2013 04 20 14 06 20.729     206.0
 2013 04 20 18 58 28.179     2013 04 20 19 02  3.763     215.6
403
 2013 04 20 12 22 22.144     2013 04 20 12 24 57.140     155.0
 2013 04 20 20 38 51.251     2013 04 20 20 42 17.977     206.7
404
 2013 04 20 12 23 42.278     2013 04 20 12 27 28.830     226.6
 2013 04 20 20 39 42.947     2013 04 20 20 43  5.481     202.5
405
 2013 04 20 14 00 53.662     2013 04 20 14 01  8.736      15.1
 2013 04 20 22 11 58.214     2013 04 20 22 14 40.638     162.4
406
407
 2013 04 20 12 14 22.368     2013 04 20 12 17  3.717     161.3
408
409
 2013 04 20 13 58 23.904     2013 04 20 14 01 35.154     191.2
 2013 04 20 22 12 21.338     2013 04 20 22 15 12.275     170.9
410
 2013 04 20 12 26 29.265     2013 04 20 12 29 14.017     164.8
 2013 04 20 19 01 15.455     2013 04 20 19 04  2.745     167.3
411
412
 2013 04 20 10 38 34.667     2013 04 20 10 39 42.318      67.7
413
 2013 04 20 13 55 58.920     2013 04 20 13 58 35.017     156.1
414
 2013 04 20 10 46  2.298     2013 04 20 10 46 39.497      37.2
 2013 04 20 20 42 31.628     2013 04 20 20 45 57.996     206.4
415
 2013 04 20 22 16 19.428     2013 04 20 22 19 21.779     182.4
416
 2013 04 20 22 15  6.885     2013 04 20 22 17 42.213     155.3
417
 2013 04 20 22 21  7.443     2013 04 20 22 24 36.299     208.9
418
 2013 04 20 12 27 28.424     2013 04 20 12 30 35.206     186.8
 2013 04 20 14 04 57.035     2013 04 20 14 05 46.596      49.6
 2013 04 20 17 21 45.378     2013 04 20 17 22 20.109      34.7
 2013 04 20 19 00  3.357     2013 04 20 19 03 11.559     188.2
419
 2013 04 20 19 02 36.461     2013 04 20 19 06 13.481     217.0
420
 2013 04 20 13 57 44.387     2013 04 20 14 00 21.771     157.4
 2013 04 20 22 13 17.445     2013 04 20 22 15 52.848     155.4
421
 2013 04 20 20 47 24.208     2013 04 20 20 48 43.346      79.1
422
 2013 04 20 12 13  4.511     2013 04 20 12 16  5.806     181.3
423
 2013 04 20 12 25 10.397     2013 04 20 12 28  6.779     176.4
424
 2013 04 20 00 21 10.066     2013 04 20 00 21 42.820      32.8
 2013 04 20 12 13 11.633     2013 04 20 12 15 50.574     158.9
425
 2013 04 20 10 48 27.832     2013 04 20 10 51 29.400     181.6
 2013 04 20 19 05 19.679     2013 04 20 19 07 54.030     154.4
426
 2013 04 20 10 48  2.050     2013 04 20 10 50 39.105     157.1
 2013 04 20 19 04  8.688     2013 04 20 19 07 27.466     198.8
427
 2013 04 20 22 16 23.727     2013 04 20 22 19 27.023     183.3
428
429
 2013 04 20 13 57 20.082     2013 04 20 14 00 35.697     195.6
 2013 04 20 22 12 32.968     2013 04 20 22 15 15.693     162.7
430
 2013 04 20 22 25 50.545     2013 04 20 22 26 25.451      34.9
431
 2013 04 20 10 44 34.769     2013 04 20 10 48  9.220     214.5
 2013 04 20 20 42 25.855     2013 04 20 20 45 12.766     166.9
432
 2013 04 20 00 19 10.845     2013 04 20 00 22  3.303     172.5
433
 2013 04 20 12 14 29.117     2013 04 20 12 16 33.163     124.0
434
 2013 04 20 19 06 12.186     2013 04 20 19 09 41.687     209.5
435
 2013 04 20 10 54 33.040     2013 04 20 10 54 42.170       9.1
 2013 04 20 12 28 28.360     2013 04 20 12 29 26.044      57.7
 2013 04 20 17 24 31.276     2013 04 20 17 27 55.856     204.6
436
 2013 04 20 20 41 45.190     2013 04 20 20 44 25.441     160.3
437
 2013 04 20 12 15 59.658     2013 04 20 12 18 34.726     155.1
438
 2013 04 20 10 49 35.023     2013 04 20 10 52 10.051     155.0
 2013 04 20 19 04 19.049     2013 04 20 19 07  7.933     168.9
439
 2013 04 20 10 39 57.822     2013 04 20 10 43 29.808     212.0
440
441
 2013 04 20 10 37 31.031     2013 04 20 10 40 52.360     201.3
 2013 04 20 22 24  3.187     2013 04 20 22 26 34.051     150.9
442
 2013 04 20 20 41 58.387     2013 04 20 20 44 30.158     151.8
443
 2013 04 20 12 20 28.380     2013 04 20 12 23 55.966     207.6
444
 2013 04 20 22 11 30.222     2013 04 20 22 14  4.616     154.4
445
 2013 04 20 12 20 54.549     2013 04 20 12 23 34.458     159.9
446
 2013 04 20 12 17 21.998     2013 04 20 12 19 56.874     154.9
 2013 04 20 22 18 51.192     2013 04 20 22 21 57.122     185.9
447
 2013 04 20 12 27 17.430     2013 04 20 12 30 20.479     183.0
 2013 04 20 19 00 12.255     2013 04 20 19 03  5.489     173.2
448
 2013 04 20 13 58 18.540     2013 04 20 14 02  3.804     225.3
 2013 04 20 22 14  3.351     2013 04 20 22 17 36.780     213.4
449
