0 40.3921 104.6072 6 24 5
2  45.0 45.0 0.00
1 15.9374 83.5947 6 28 5
2  45.0 45.0 0.00
2 45.9406 94.6792 6 19 5
2  45.0 45.0 0.00
3 9.9462 91.9032 4 22 5
2  45.0 45.0 0.00
4 43.7426 113.6852 8 20 7
2  45.0 45.0 0.00
5 42.5771 123.2014 10 29 6
2  45.0 45.0 0.00
6 17.9351 110.3933 2 28 9
2  45.0 45.0 0.00
7 12.5346 103.8693 7 15 7
2  45.0 45.0 0.00
8 45.3583 107.4951 3 24 8
2  45.0 45.0 0.00
9 36.6831 90.2523 8 26 9
2  45.0 45.0 0.00
10 14.2062 102.1668 1 19 7
2  45.0 45.0 0.00
11 6.4878 83.7615 7 17 5
2  45.0 45.0 0.00
12 24.1028 85.0537 8 25 9
2  45.0 45.0 0.00
13 14.7796 99.5191 3 21 7
2  45.0 45.0 0.00
14 34.2218 91.3648 2 29 9
2  45.0 45.0 0.00
15 14.9967 76.9079 10 23 8
2  45.0 45.0 0.00
16 28.2002 78.7245 3 16 5
2  45.0 45.0 0.00
17 43.6294 91.6192 10 21 5
2  45.0 45.0 0.00
18 3.5667 92.5386 6 28 8
2  45.0 45.0 0.00
19 35.3135 125.4867 8 25 7
2  45.0 45.0 0.00
20 14.5839 125.2784 6 18 8
2  45.0 45.0 0.00
21 48.9023 104.5504 5 20 7
2  45.0 45.0 0.00
22 3.2313 109.8348 5 22 9
2  45.0 45.0 0.00
23 19.3324 77.3425 3 23 9
2  45.0 45.0 0.00
24 49.2636 74.0618 4 18 9
2  45.0 45.0 0.00
25 17.9396 96.8107 2 18 5
2  45.0 45.0 0.00
26 21.2577 94.1643 3 29 5
2  45.0 45.0 0.00
27 34.6348 124.9403 1 21 8
2  45.0 45.0 0.00
28 17.3374 127.7666 1 27 8
2  45.0 45.0 0.00
29 22.8710 121.8072 6 16 7
2  45.0 45.0 0.00
30 31.6948 92.6952 5 26 5
2  45.0 45.0 0.00
31 13.6991 112.0494 6 19 7
2  45.0 45.0 0.00
32 29.0600 90.9028 2 19 6
2  45.0 45.0 0.00
33 35.5943 110.3643 1 20 8
2  45.0 45.0 0.00
34 26.0488 112.6137 7 27 9
2  45.0 45.0 0.00
35 3.6248 84.2294 2 22 6
2  45.0 45.0 0.00
36 27.2670 91.4160 8 26 8
2  45.0 45.0 0.00
37 4.8451 109.9848 7 27 7
2  45.0 45.0 0.00
38 52.0936 106.5339 9 27 7
2  45.0 45.0 0.00
39 52.4184 110.9253 5 22 8
2  45.0 45.0 0.00
40 41.7341 100.5839 10 19 8
2  45.0 45.0 0.00
41 48.6834 102.7301 1 26 5
2  45.0 45.0 0.00
42 4.3412 83.6317 6 29 9
2  45.0 45.0 0.00
43 13.7134 104.2570 7 24 8
2  45.0 45.0 0.00
44 4.7737 121.6424 1 26 9
2  45.0 45.0 0.00
45 48.1039 123.7002 7 18 7
2  45.0 45.0 0.00
46 22.0203 114.7204 2 27 7
2  45.0 45.0 0.00
47 4.2804 132.2566 10 29 8
2  45.0 45.0 0.00
48 30.0700 123.9824 8 26 9
2  45.0 45.0 0.00
49 43.2339 108.4678 9 29 9
2  45.0 45.0 0.00
50 26.3709 132.7838 3 27 8
2  45.0 45.0 0.00
51 51.1987 113.2939 9 20 5
2  45.0 45.0 0.00
52 6.4332 87.1283 2 19 9
2  45.0 45.0 0.00
53 19.5742 95.0009 3 23 9
2  45.0 45.0 0.00
54 14.3329 105.6079 7 15 9
2  45.0 45.0 0.00
55 12.2883 77.1664 6 27 5
2  45.0 45.0 0.00
56 18.5474 127.2802 9 20 6
2  45.0 45.0 0.00
57 22.2005 124.6668 7 17 7
2  45.0 45.0 0.00
58 20.7022 109.2470 10 27 7
2  45.0 45.0 0.00
59 18.2964 107.0422 7 26 8
2  45.0 45.0 0.00
60 24.8998 74.8178 5 15 6
2  45.0 45.0 0.00
61 49.1977 132.6893 1 29 5
2  45.0 45.0 0.00
62 47.7267 125.1120 8 18 6
2  45.0 45.0 0.00
63 11.1997 126.5474 8 16 6
2  45.0 45.0 0.00
64 26.5185 83.3466 9 15 9
2  45.0 45.0 0.00
65 34.1271 114.8628 3 22 5
2  45.0 45.0 0.00
66 33.9198 89.7359 2 15 8
2  45.0 45.0 0.00
67 17.0325 126.5126 5 15 5
2  45.0 45.0 0.00
68 22.4594 128.0209 8 16 8
2  45.0 45.0 0.00
69 27.2756 93.9113 1 23 8
2  45.0 45.0 0.00
70 23.6735 102.9053 6 22 9
2  45.0 45.0 0.00
71 16.2777 131.7879 1 16 5
2  45.0 45.0 0.00
72 14.3120 104.1135 5 26 9
2  45.0 45.0 0.00
73 33.7802 124.0375 1 24 9
2  45.0 45.0 0.00
74 16.6058 123.1814 6 28 7
2  45.0 45.0 0.00
75 30.6678 78.3426 5 18 9
2  45.0 45.0 0.00
76 16.7010 80.2096 8 26 8
2  45.0 45.0 0.00
77 8.9988 120.1951 8 15 8
2  45.0 45.0 0.00
78 18.0426 122.3949 2 15 8
2  45.0 45.0 0.00
79 46.5315 82.8545 6 17 8
2  45.0 45.0 0.00
80 34.7443 117.6627 5 26 6
2  45.0 45.0 0.00
81 31.8558 108.9122 3 28 7
2  45.0 45.0 0.00
82 11.8255 116.7284 5 18 6
2  45.0 45.0 0.00
83 8.3040 119.1852 2 16 5
2  45.0 45.0 0.00
84 44.4509 121.1104 10 29 8
2  45.0 45.0 0.00
85 25.4434 120.4667 3 17 5
2  45.0 45.0 0.00
86 22.4558 128.0182 6 23 6
2  45.0 45.0 0.00
87 29.4821 96.1161 2 23 6
2  45.0 45.0 0.00
88 29.0719 124.8260 3 22 5
2  45.0 45.0 0.00
89 31.6023 109.5967 10 27 7
2  45.0 45.0 0.00
90 8.0438 77.0791 4 15 8
2  45.0 45.0 0.00
91 44.6523 120.1365 7 15 9
2  45.0 45.0 0.00
92 42.3002 99.7559 9 27 9
2  45.0 45.0 0.00
93 15.9770 84.0930 1 27 5
2  45.0 45.0 0.00
94 39.0406 86.8718 7 25 9
2  45.0 45.0 0.00
95 51.2626 90.7216 5 26 8
2  45.0 45.0 0.00
96 44.9462 130.9706 7 23 8
2  45.0 45.0 0.00
97 19.0565 125.2113 5 27 8
2  45.0 45.0 0.00
98 40.2017 92.9830 4 23 7
2  45.0 45.0 0.00
99 6.7753 73.4845 5 22 5
2  45.0 45.0 0.00
100 22.3582 119.7236 8 26 9
2  45.0 45.0 0.00
101 46.4840 94.9334 7 16 6
2  45.0 45.0 0.00
102 29.8843 74.1696 7 20 6
2  45.0 45.0 0.00
103 43.9913 126.5708 10 17 7
2  45.0 45.0 0.00
104 22.4676 95.5342 8 16 8
2  45.0 45.0 0.00
105 22.3881 114.1924 9 16 7
2  45.0 45.0 0.00
106 50.8588 119.5003 4 24 9
2  45.0 45.0 0.00
107 6.0098 85.3537 3 23 9
2  45.0 45.0 0.00
108 50.7787 117.3864 6 22 5
2  45.0 45.0 0.00
109 39.2270 131.8021 8 17 8
2  45.0 45.0 0.00
110 12.1330 122.3916 7 29 6
2  45.0 45.0 0.00
111 3.5796 114.1226 4 15 5
2  45.0 45.0 0.00
112 12.1570 87.5881 3 24 9
2  45.0 45.0 0.00
113 41.1341 95.9457 8 20 5
2  45.0 45.0 0.00
114 33.6966 92.2696 10 17 9
2  45.0 45.0 0.00
115 35.4789 123.9908 8 15 9
2  45.0 45.0 0.00
116 23.3863 102.4884 2 22 9
2  45.0 45.0 0.00
117 9.6991 120.1278 2 18 8
2  45.0 45.0 0.00
118 21.7410 84.2589 3 21 8
2  45.0 45.0 0.00
119 38.6219 79.1682 5 24 6
2  45.0 45.0 0.00
120 20.1056 109.1372 1 16 8
2  45.0 45.0 0.00
121 46.0750 111.0167 10 15 7
2  45.0 45.0 0.00
122 11.0873 112.0554 7 15 9
2  45.0 45.0 0.00
123 37.5833 116.5492 9 26 8
2  45.0 45.0 0.00
124 51.8609 80.9163 6 26 9
2  45.0 45.0 0.00
125 24.3142 124.4071 6 22 7
2  45.0 45.0 0.00
126 30.3387 86.9318 1 25 9
2  45.0 45.0 0.00
127 43.2719 96.3312 9 27 9
2  45.0 45.0 0.00
128 28.0185 117.4665 4 24 9
2  45.0 45.0 0.00
129 39.1948 80.5908 1 22 9
2  45.0 45.0 0.00
130 52.3310 94.3713 8 28 8
2  45.0 45.0 0.00
131 13.5086 124.9135 1 18 5
2  45.0 45.0 0.00
132 3.2357 82.0952 6 22 7
2  45.0 45.0 0.00
133 49.4775 130.2145 2 16 5
2  45.0 45.0 0.00
134 18.1406 126.9346 1 27 6
2  45.0 45.0 0.00
135 14.8054 101.8673 1 26 8
2  45.0 45.0 0.00
136 17.9885 94.0104 9 24 9
2  45.0 45.0 0.00
137 12.5293 92.7859 1 29 9
2  45.0 45.0 0.00
138 50.0107 80.9879 6 25 6
2  45.0 45.0 0.00
139 20.4392 87.3671 4 16 9
2  45.0 45.0 0.00
140 41.5161 73.0143 2 20 8
2  45.0 45.0 0.00
141 7.3855 103.6461 5 22 8
2  45.0 45.0 0.00
142 39.4526 78.0307 9 22 6
2  45.0 45.0 0.00
143 35.7271 102.8258 3 25 7
2  45.0 45.0 0.00
144 32.9892 73.3311 10 18 7
2  45.0 45.0 0.00
145 11.4841 86.3515 2 22 5
2  45.0 45.0 0.00
146 52.8329 94.3309 8 29 8
2  45.0 45.0 0.00
147 17.9766 132.6336 1 28 7
2  45.0 45.0 0.00
148 36.9909 121.6717 1 19 5
2  45.0 45.0 0.00
149 45.8185 111.4300 9 20 5
2  45.0 45.0 0.00
150 45.5843 107.1800 7 25 9
2  45.0 45.0 0.00
151 41.2402 118.8279 6 27 8
2  45.0 45.0 0.00
152 46.2592 73.2199 3 21 9
2  45.0 45.0 0.00
153 21.6768 80.1950 9 28 6
2  45.0 45.0 0.00
154 36.0324 108.7337 10 18 7
2  45.0 45.0 0.00
155 42.4295 116.1591 3 17 8
2  45.0 45.0 0.00
156 29.4591 125.8408 3 21 6
2  45.0 45.0 0.00
157 24.3495 113.0365 9 16 5
2  45.0 45.0 0.00
158 29.7867 84.4408 3 19 5
2  45.0 45.0 0.00
159 36.8076 93.9909 2 20 6
2  45.0 45.0 0.00
160 39.8226 118.4022 5 15 5
2  45.0 45.0 0.00
161 15.8062 92.4249 1 18 8
2  45.0 45.0 0.00
162 5.2743 109.4963 8 16 6
2  45.0 45.0 0.00
163 52.2252 107.3064 8 16 5
2  45.0 45.0 0.00
164 38.3130 74.5479 4 27 5
2  45.0 45.0 0.00
165 26.4984 91.7567 5 15 6
2  45.0 45.0 0.00
166 24.9371 94.3788 6 28 5
2  45.0 45.0 0.00
167 41.6239 122.6626 6 19 6
2  45.0 45.0 0.00
168 8.1621 97.9762 7 22 6
2  45.0 45.0 0.00
169 49.3732 77.3395 3 29 7
2  45.0 45.0 0.00
170 8.2189 89.4172 2 19 9
2  45.0 45.0 0.00
171 38.5327 128.6364 8 15 8
2  45.0 45.0 0.00
172 50.1757 88.8019 6 29 5
2  45.0 45.0 0.00
173 37.4586 116.2837 4 28 8
2  45.0 45.0 0.00
174 10.8397 88.0912 10 25 7
2  45.0 45.0 0.00
175 17.4996 105.0198 3 23 8
2  45.0 45.0 0.00
176 22.8822 95.2149 6 23 5
2  45.0 45.0 0.00
177 11.2560 74.7722 5 15 7
2  45.0 45.0 0.00
178 45.2603 119.9655 9 24 9
2  45.0 45.0 0.00
179 44.9939 101.0528 7 22 9
2  45.0 45.0 0.00
180 13.3034 81.6492 6 17 7
2  45.0 45.0 0.00
181 45.6429 107.2638 10 28 8
2  45.0 45.0 0.00
182 11.8495 96.1795 5 19 5
2  45.0 45.0 0.00
183 31.6632 113.7623 2 26 7
2  45.0 45.0 0.00
184 35.9818 116.0740 2 22 9
2  45.0 45.0 0.00
185 21.7018 109.9040 1 28 8
2  45.0 45.0 0.00
186 44.1222 76.1101 5 23 6
2  45.0 45.0 0.00
187 15.6745 86.6156 3 15 5
2  45.0 45.0 0.00
188 32.7029 79.4884 7 21 9
2  45.0 45.0 0.00
189 25.9440 103.6269 7 21 8
2  45.0 45.0 0.00
190 11.0253 113.2395 2 29 8
2  45.0 45.0 0.00
191 27.4084 110.0651 9 17 7
2  45.0 45.0 0.00
192 14.8896 115.0416 7 18 5
2  45.0 45.0 0.00
193 9.2578 121.4033 7 15 9
2  45.0 45.0 0.00
194 20.3169 111.1060 9 24 9
2  45.0 45.0 0.00
195 30.5748 91.9453 6 24 6
2  45.0 45.0 0.00
196 46.1794 82.7222 7 17 8
2  45.0 45.0 0.00
197 10.5893 78.5812 3 26 6
2  45.0 45.0 0.00
198 34.7869 76.1051 9 23 7
2  45.0 45.0 0.00
199 47.6682 127.2875 4 18 6
2  45.0 45.0 0.00
200 35.6079 100.8750 6 23 8
2  45.0 45.0 0.00
201 29.2703 74.9173 8 16 6
2  45.0 45.0 0.00
202 11.6207 132.6819 4 27 9
2  45.0 45.0 0.00
203 6.7878 104.1200 8 23 9
2  45.0 45.0 0.00
204 4.6068 74.5867 6 25 5
2  45.0 45.0 0.00
205 17.7293 75.3455 3 16 7
2  45.0 45.0 0.00
206 35.3352 77.3687 7 20 8
2  45.0 45.0 0.00
207 22.9502 108.8873 10 20 9
2  45.0 45.0 0.00
208 8.9916 74.3667 8 23 5
2  45.0 45.0 0.00
209 35.0520 84.4494 7 26 8
2  45.0 45.0 0.00
210 21.7349 91.3254 4 20 8
2  45.0 45.0 0.00
211 34.2857 118.5157 5 22 7
2  45.0 45.0 0.00
212 27.3157 128.9090 5 23 7
2  45.0 45.0 0.00
213 7.9800 108.9410 7 16 9
2  45.0 45.0 0.00
214 26.8817 81.0782 4 26 5
2  45.0 45.0 0.00
215 3.4679 101.6518 5 25 7
2  45.0 45.0 0.00
216 8.1881 88.5257 7 19 5
2  45.0 45.0 0.00
217 20.0640 115.4456 3 25 6
2  45.0 45.0 0.00
218 35.0205 80.0312 4 27 6
2  45.0 45.0 0.00
219 12.4008 99.6679 3 29 6
2  45.0 45.0 0.00
220 5.1011 79.9236 6 29 7
2  45.0 45.0 0.00
221 15.0031 105.5383 9 18 6
2  45.0 45.0 0.00
222 10.4092 76.4449 5 15 9
2  45.0 45.0 0.00
223 14.3777 109.8529 4 21 6
2  45.0 45.0 0.00
224 22.6087 127.3909 4 26 7
2  45.0 45.0 0.00
225 21.0223 90.6392 8 21 9
2  45.0 45.0 0.00
226 31.2447 102.1230 3 20 9
2  45.0 45.0 0.00
227 52.4184 91.8213 6 28 6
2  45.0 45.0 0.00
228 42.9488 100.8016 1 20 9
2  45.0 45.0 0.00
229 32.1498 78.1302 3 28 9
2  45.0 45.0 0.00
230 31.6900 75.2314 1 26 9
2  45.0 45.0 0.00
231 9.7754 92.7311 2 21 8
2  45.0 45.0 0.00
232 50.3037 81.5374 5 20 5
2  45.0 45.0 0.00
233 36.1400 113.3606 10 16 6
2  45.0 45.0 0.00
234 48.6932 116.3276 4 16 5
2  45.0 45.0 0.00
235 49.4407 103.7700 6 29 6
2  45.0 45.0 0.00
236 16.7472 95.9888 2 21 9
2  45.0 45.0 0.00
237 29.3852 118.0063 7 21 8
2  45.0 45.0 0.00
238 35.9758 123.9498 5 17 9
2  45.0 45.0 0.00
239 35.8343 77.2416 2 19 9
2  45.0 45.0 0.00
240 48.5159 131.1368 6 23 8
2  45.0 45.0 0.00
241 45.5837 130.4617 2 23 7
2  45.0 45.0 0.00
242 34.1337 93.6367 3 17 7
2  45.0 45.0 0.00
243 31.1464 117.1597 3 23 7
2  45.0 45.0 0.00
244 48.6347 88.4377 4 20 9
2  45.0 45.0 0.00
245 6.2351 105.3361 8 18 5
2  45.0 45.0 0.00
246 45.9061 85.0978 9 16 8
2  45.0 45.0 0.00
247 18.2998 122.8340 3 26 8
2  45.0 45.0 0.00
248 31.5004 85.7114 8 29 7
2  45.0 45.0 0.00
249 18.7786 112.5195 9 24 8
2  45.0 45.0 0.00
250 49.0345 102.2232 6 28 7
2  45.0 45.0 0.00
251 35.6511 110.5341 7 24 9
2  45.0 45.0 0.00
252 18.6369 116.3904 1 21 7
2  45.0 45.0 0.00
253 24.0522 87.2989 4 21 6
2  45.0 45.0 0.00
254 39.6181 129.5446 10 28 8
2  45.0 45.0 0.00
255 38.0419 88.7895 9 26 5
2  45.0 45.0 0.00
256 23.3022 128.8612 5 23 7
2  45.0 45.0 0.00
257 21.5534 92.8215 10 24 5
2  45.0 45.0 0.00
258 37.0214 85.0121 6 28 8
2  45.0 45.0 0.00
259 45.3418 118.4125 5 21 6
2  45.0 45.0 0.00
260 6.8629 84.9068 4 18 8
2  45.0 45.0 0.00
261 51.9140 108.0362 9 18 8
2  45.0 45.0 0.00
262 22.4932 123.5340 10 22 7
2  45.0 45.0 0.00
263 22.0859 80.5454 7 28 7
2  45.0 45.0 0.00
264 7.5343 110.0383 10 20 8
2  45.0 45.0 0.00
265 29.6080 75.4020 3 19 5
2  45.0 45.0 0.00
266 50.1982 120.9304 10 23 8
2  45.0 45.0 0.00
267 13.3799 113.5048 4 27 8
2  45.0 45.0 0.00
268 42.3566 79.4891 10 29 5
2  45.0 45.0 0.00
269 44.9098 113.7210 2 21 9
2  45.0 45.0 0.00
270 39.0539 123.0594 1 28 6
2  45.0 45.0 0.00
271 25.9976 123.2499 4 22 7
2  45.0 45.0 0.00
272 49.9124 90.8524 3 15 8
2  45.0 45.0 0.00
273 32.5512 88.8354 10 27 5
2  45.0 45.0 0.00
274 38.3319 88.8145 5 18 7
2  45.0 45.0 0.00
275 52.1267 112.3763 2 17 8
2  45.0 45.0 0.00
276 45.6738 110.3764 4 19 5
2  45.0 45.0 0.00
277 8.4820 126.6163 3 20 7
2  45.0 45.0 0.00
278 21.5050 85.0502 9 20 7
2  45.0 45.0 0.00
279 27.4796 76.4127 1 19 5
2  45.0 45.0 0.00
280 31.7136 125.4214 6 18 7
2  45.0 45.0 0.00
281 25.8751 110.5437 4 20 5
2  45.0 45.0 0.00
282 43.1840 111.7370 4 28 5
2  45.0 45.0 0.00
283 18.7654 131.2062 5 29 7
2  45.0 45.0 0.00
284 37.8710 127.4015 9 20 6
2  45.0 45.0 0.00
285 28.2901 127.9113 1 26 7
2  45.0 45.0 0.00
286 49.2828 95.6441 8 15 5
2  45.0 45.0 0.00
287 51.9893 94.7477 9 27 8
2  45.0 45.0 0.00
288 27.1956 106.3000 8 19 5
2  45.0 45.0 0.00
289 39.2241 92.6723 1 18 9
2  45.0 45.0 0.00
290 28.9744 77.8074 8 27 6
2  45.0 45.0 0.00
291 36.3790 102.0151 9 29 7
2  45.0 45.0 0.00
292 30.1157 123.6864 9 27 6
2  45.0 45.0 0.00
293 24.3139 111.1944 4 27 6
2  45.0 45.0 0.00
294 50.6423 82.0880 5 19 8
2  45.0 45.0 0.00
295 10.1210 107.4236 4 19 6
2  45.0 45.0 0.00
296 11.8965 114.8409 4 26 8
2  45.0 45.0 0.00
297 45.2766 104.4378 2 25 5
2  45.0 45.0 0.00
298 27.8101 96.3929 2 20 9
2  45.0 45.0 0.00
299 34.9570 116.7291 3 15 8
2  45.0 45.0 0.00
300 7.3954 101.0078 7 28 7
2  45.0 45.0 0.00
301 21.4010 120.2867 8 18 9
2  45.0 45.0 0.00
302 7.6927 84.3557 8 26 5
2  45.0 45.0 0.00
303 45.2482 76.5172 8 15 5
2  45.0 45.0 0.00
304 48.1158 129.0267 6 26 5
2  45.0 45.0 0.00
305 31.1482 118.6940 10 22 6
2  45.0 45.0 0.00
306 23.6801 106.4681 8 23 7
2  45.0 45.0 0.00
307 38.5567 121.0649 3 18 9
2  45.0 45.0 0.00
308 5.8710 90.8034 9 26 6
2  45.0 45.0 0.00
309 18.3470 111.4098 1 19 5
2  45.0 45.0 0.00
310 32.0260 113.5697 5 28 5
2  45.0 45.0 0.00
311 10.7065 116.5383 8 25 7
2  45.0 45.0 0.00
312 33.3227 90.8122 3 27 5
2  45.0 45.0 0.00
313 29.8026 108.8364 4 17 9
2  45.0 45.0 0.00
314 5.1941 121.8529 10 15 6
2  45.0 45.0 0.00
315 33.2796 81.6731 5 20 5
2  45.0 45.0 0.00
316 49.1401 99.6895 7 20 9
2  45.0 45.0 0.00
317 39.8719 113.2710 2 21 9
2  45.0 45.0 0.00
318 52.2748 78.0997 2 24 8
2  45.0 45.0 0.00
319 41.0276 99.3262 3 24 5
2  45.0 45.0 0.00
320 38.4834 101.4727 6 22 5
2  45.0 45.0 0.00
321 41.3152 109.6589 4 23 8
2  45.0 45.0 0.00
322 3.4790 94.2907 2 23 9
2  45.0 45.0 0.00
323 11.0815 127.0211 4 28 9
2  45.0 45.0 0.00
324 46.2434 82.5823 6 19 8
2  45.0 45.0 0.00
325 50.9444 82.2827 1 19 5
2  45.0 45.0 0.00
326 11.3411 103.9212 8 20 8
2  45.0 45.0 0.00
327 25.4128 129.0142 10 19 7
2  45.0 45.0 0.00
328 9.3228 78.6494 5 26 8
2  45.0 45.0 0.00
329 34.5325 103.0929 2 25 7
2  45.0 45.0 0.00
330 46.0100 105.2889 1 24 7
2  45.0 45.0 0.00
331 30.4981 82.3950 7 27 5
2  45.0 45.0 0.00
332 33.5797 91.6115 5 22 9
2  45.0 45.0 0.00
333 27.7113 74.1079 10 29 9
2  45.0 45.0 0.00
334 14.4030 109.2186 9 19 7
2  45.0 45.0 0.00
335 41.5356 96.1639 5 24 7
2  45.0 45.0 0.00
336 25.8670 98.8118 4 27 5
2  45.0 45.0 0.00
337 34.4336 125.3899 9 28 9
2  45.0 45.0 0.00
338 17.5837 79.8557 4 18 5
2  45.0 45.0 0.00
339 43.8133 109.8076 8 27 8
2  45.0 45.0 0.00
340 33.6093 105.3551 7 25 8
2  45.0 45.0 0.00
341 15.8278 86.6075 9 15 9
2  45.0 45.0 0.00
342 11.1949 106.3254 9 18 8
2  45.0 45.0 0.00
343 12.0699 101.4103 10 21 5
2  45.0 45.0 0.00
344 34.0531 80.0792 4 29 8
2  45.0 45.0 0.00
345 8.6898 96.8398 6 16 8
2  45.0 45.0 0.00
346 10.8627 105.7844 7 27 9
2  45.0 45.0 0.00
347 48.9044 115.0257 8 18 6
2  45.0 45.0 0.00
348 23.0941 121.6762 7 29 5
2  45.0 45.0 0.00
349 39.8126 125.9764 3 22 6
2  45.0 45.0 0.00
350 20.1380 83.6476 7 26 7
2  45.0 45.0 0.00
351 27.7099 106.0895 10 16 5
2  45.0 45.0 0.00
352 45.9613 78.7311 8 19 6
2  45.0 45.0 0.00
353 33.8745 115.4220 8 18 9
2  45.0 45.0 0.00
354 27.0484 87.9338 1 18 7
2  45.0 45.0 0.00
355 43.4896 83.8812 10 28 6
2  45.0 45.0 0.00
356 14.5428 127.1587 9 28 5
2  45.0 45.0 0.00
357 51.9896 119.2595 4 21 9
2  45.0 45.0 0.00
358 21.3298 107.5077 3 17 7
2  45.0 45.0 0.00
359 18.3182 105.0729 8 24 6
2  45.0 45.0 0.00
360 4.4609 110.7922 7 23 5
2  45.0 45.0 0.00
361 7.6932 130.7553 2 19 7
2  45.0 45.0 0.00
362 18.6423 112.7414 2 26 6
2  45.0 45.0 0.00
363 50.8291 84.5491 5 16 9
2  45.0 45.0 0.00
364 45.3249 89.5633 8 18 8
2  45.0 45.0 0.00
365 48.2921 77.5605 7 25 8
2  45.0 45.0 0.00
366 16.7622 106.1666 7 22 8
2  45.0 45.0 0.00
367 33.0493 94.1804 8 25 5
2  45.0 45.0 0.00
368 3.8602 99.7979 3 29 9
2  45.0 45.0 0.00
369 38.2120 122.6747 10 29 5
2  45.0 45.0 0.00
370 8.6939 98.7564 8 24 8
2  45.0 45.0 0.00
371 40.6581 94.9828 8 28 7
2  45.0 45.0 0.00
372 3.8928 88.5439 3 24 9
2  45.0 45.0 0.00
373 41.0034 82.1920 10 29 7
2  45.0 45.0 0.00
374 33.1787 102.0365 9 15 8
2  45.0 45.0 0.00
375 22.9933 92.7406 8 21 8
2  45.0 45.0 0.00
376 6.8964 80.8444 10 25 9
2  45.0 45.0 0.00
377 45.2986 128.1535 6 28 5
2  45.0 45.0 0.00
378 14.7303 101.5619 1 17 9
2  45.0 45.0 0.00
379 40.9070 122.1621 3 16 9
2  45.0 45.0 0.00
380 30.5520 123.9934 2 22 5
2  45.0 45.0 0.00
381 34.4968 94.7614 2 27 9
2  45.0 45.0 0.00
382 24.2076 127.8152 4 17 7
2  45.0 45.0 0.00
383 47.3558 108.2783 2 25 6
2  45.0 45.0 0.00
384 45.0422 90.1095 1 29 6
2  45.0 45.0 0.00
385 9.3772 91.1639 7 18 7
2  45.0 45.0 0.00
386 32.0250 87.3270 10 23 7
2  45.0 45.0 0.00
387 14.4020 110.0923 5 22 8
2  45.0 45.0 0.00
388 27.1641 76.6920 9 29 8
2  45.0 45.0 0.00
389 19.0509 91.7311 7 24 8
2  45.0 45.0 0.00
390 11.5084 78.5093 4 26 9
2  45.0 45.0 0.00
391 16.2941 125.7199 4 16 7
2  45.0 45.0 0.00
392 19.3602 79.4729 1 19 9
2  45.0 45.0 0.00
393 12.2684 95.0714 8 24 5
2  45.0 45.0 0.00
394 16.4455 77.2825 10 15 7
2  45.0 45.0 0.00
395 41.9655 93.1947 6 19 8
2  45.0 45.0 0.00
396 43.7679 114.1561 4 23 6
2  45.0 45.0 0.00
397 27.4339 102.5284 8 25 5
2  45.0 45.0 0.00
398 20.4687 102.8007 2 15 8
2  45.0 45.0 0.00
399 21.7700 119.7034 6 29 9
2  45.0 45.0 0.00
400 50.6581 112.7198 5 21 8
2  45.0 45.0 0.00
401 7.9396 77.2113 1 19 6
2  45.0 45.0 0.00
402 49.4652 106.1028 6 20 5
2  45.0 45.0 0.00
403 35.0635 103.9518 3 15 5
2  45.0 45.0 0.00
404 37.6614 113.2915 3 22 5
2  45.0 45.0 0.00
405 41.6116 76.9568 6 20 9
2  45.0 45.0 0.00
406 3.0460 93.6366 2 21 6
2  45.0 45.0 0.00
407 10.6681 86.3005 4 27 6
2  45.0 45.0 0.00
408 23.9245 85.3469 7 21 7
2  45.0 45.0 0.00
409 42.8830 81.9154 3 27 6
2  45.0 45.0 0.00
410 45.9768 118.3361 10 27 7
2  45.0 45.0 0.00
411 17.0818 83.0105 8 21 5
2  45.0 45.0 0.00
412 4.6423 114.2926 3 20 5
2  45.0 45.0 0.00
413 32.2681 78.2202 6 15 9
2  45.0 45.0 0.00
414 23.9797 112.9413 1 27 7
2  45.0 45.0 0.00
415 27.3724 88.0124 9 28 8
2  45.0 45.0 0.00
416 34.1821 87.9625 8 29 9
2  45.0 45.0 0.00
417 15.2660 103.8344 4 28 8
2  45.0 45.0 0.00
418 52.3260 118.8375 1 25 9
2  45.0 45.0 0.00
419 39.5140 122.4165 7 20 9
2  45.0 45.0 0.00
420 38.5329 81.5044 7 29 6
2  45.0 45.0 0.00
421 12.6923 129.8728 5 20 8
2  45.0 45.0 0.00
422 4.5715 87.8444 3 25 6
2  45.0 45.0 0.00
423 42.1735 114.6989 7 20 8
2  45.0 45.0 0.00
424 6.5727 84.4712 4 21 8
2  45.0 45.0 0.00
425 35.7818 132.1470 2 27 9
2  45.0 45.0 0.00
426 36.1919 127.2952 2 28 5
2  45.0 45.0 0.00
427 27.0951 88.1509 1 25 7
2  45.0 45.0 0.00
428 17.8720 82.1148 2 18 6
2  45.0 45.0 0.00
429 39.9557 78.7656 1 19 6
2  45.0 45.0 0.00
430 4.7649 98.8479 9 24 8
2  45.0 45.0 0.00
431 28.9736 117.2291 6 18 5
2  45.0 45.0 0.00
432 13.4032 77.9305 9 23 7
2  45.0 45.0 0.00
433 9.3255 92.5178 6 22 6
2  45.0 45.0 0.00
434 29.5477 132.5780 2 28 7
2  45.0 45.0 0.00
435 48.9771 132.3641 1 15 8
2  45.0 45.0 0.00
436 30.9771 115.1340 4 23 9
2  45.0 45.0 0.00
437 14.6520 90.7731 2 18 7
2  45.0 45.0 0.00
438 40.2376 132.2713 6 22 8
2  45.0 45.0 0.00
439 13.7632 108.7749 10 24 8
2  45.0 45.0 0.00
440 23.6909 108.2051 10 29 5
2  45.0 45.0 0.00
441 5.1165 104.9272 4 15 8
2  45.0 45.0 0.00
442 29.5035 113.9979 7 23 9
2  45.0 45.0 0.00
443 28.2916 103.5445 3 24 7
2  45.0 45.0 0.00
444 44.5145 77.0462 4 28 8
2  45.0 45.0 0.00
445 30.1550 101.2687 5 18 8
2  45.0 45.0 0.00
446 19.1646 93.2240 9 19 8
2  45.0 45.0 0.00
447 51.6395 118.1070 10 21 7
2  45.0 45.0 0.00
448 38.0460 89.7101 1 24 9
2  45.0 45.0 0.00
449 6.0727 96.9589 1 25 6
2  45.0 45.0 0.00
