s1
0
 2013 04 20 10 39 17.230     2013 04 20 10 42 22.712     185.5
1
2
 2013 04 20 00 21 48.829     2013 04 20 00 24 18.882     150.1
 2013 04 20 12 11 25.308     2013 04 20 12 14 57.215     211.9
3
 2013 04 20 15 37   .985     2013 04 20 15 40 18.761     197.8
 2013 04 20 22 10 24.720     2013 04 20 22 11 50.010      85.3
4
 2013 04 20 10 37 58.895     2013 04 20 10 41 41.639     222.7
 2013 04 20 22 23 23.875     2013 04 20 22 26  9.040     165.2
5
 2013 04 20 10 40 54.661     2013 04 20 10 43 29.136     154.5
6
 2013 04 20 12 20 16.826     2013 04 20 12 23 38.152     201.3
7
 2013 04 20 20 41 24.789     2013 04 20 20 44 50.219     205.4
8
 2013 04 20 12 14 55.167     2013 04 20 12 17 30.379     155.2
9
 2013 04 20 12 16 33.947     2013 04 20 12 19 33.522     179.6
 2013 04 20 22 19 26.087     2013 04 20 22 22 56.055     210.0
10
 2013 04 20 20 47 32.237     2013 04 20 20 50  6.219     154.0
11
 2013 04 20 13 56 36.854     2013 04 20 13 58 38.195     121.3
 2013 04 20 22 14 48.960     2013 04 20 22 17 32.101     163.1
12
 2013 04 20 12 24  3.974     2013 04 20 12 27 32.859     208.9
 2013 04 20 20 39 21.516     2013 04 20 20 42 59.974     218.5
13
 2013 04 20 20 42 13.067     2013 04 20 20 44 44.965     151.9
14
 2013 04 20 12 17  4.754     2013 04 20 12 20 23.075     198.3
 2013 04 20 22 19 48.073     2013 04 20 22 22 29.143     161.1
15
 2013 04 20 12 26  5.704     2013 04 20 12 28 43.180     157.5
 2013 04 20 19 00 44.380     2013 04 20 19 04   .798     196.4
16
 2013 04 20 12 26 36.225     2013 04 20 12 29 32.026     175.8
 2013 04 20 19 01 33.303     2013 04 20 19 04 12.654     159.4
17
 2013 04 20 12 20 46.636     2013 04 20 12 24  5.552     198.9
18
 2013 04 20 12 17   .440     2013 04 20 12 20   .594     180.2
 2013 04 20 22 19 31.436     2013 04 20 22 22 29.558     178.1
19
 2013 04 20 20 41 43.289     2013 04 20 20 44 37.989     174.7
20
 2013 04 20 22 15   .396     2013 04 20 22 18  8.898     188.5
21
 2013 04 20 20 37 24.602     2013 04 20 20 39 58.067     153.5
22
 2013 04 20 10 53 58.234     2013 04 20 10 54 11.597      13.4
 2013 04 20 19 01 57.689     2013 04 20 19 01 59.236       1.5
23
 2013 04 20 15 37 37.390     2013 04 20 15 41 15.728     218.3
 2013 04 20 20 33 23.751     2013 04 20 20 36 36.800     193.0
24
25
 2013 04 20 14 00 18.802     2013 04 20 14 03 52.540     213.7
 2013 04 20 20 34 10.514     2013 04 20 20 36 59.898     169.4
26
 2013 04 20 20 46 39.804     2013 04 20 20 49 24.326     164.5
27
 2013 04 20 13 55 37.451     2013 04 20 13 59 20.427     223.0
28
 2013 04 20 00 19 58.556     2013 04 20 00 22 28.885     150.3
29
 2013 04 20 10 42 55.801     2013 04 20 10 45 29.970     154.2
 2013 04 20 20 44 19.787     2013 04 20 20 47 25.823     186.0
30
 2013 04 20 20 45 33.920     2013 04 20 20 48 30.457     176.5
31
 2013 04 20 10 48 59.320     2013 04 20 10 52 35.477     216.2
 2013 04 20 19 03 17.735     2013 04 20 19 05 54.880     157.1
32
 2013 04 20 20 40 24.608     2013 04 20 20 43 48.960     204.4
33
 2013 04 20 00 20 36.454     2013 04 20 00 23 18.366     161.9
34
 2013 04 20 14 00 23.677     2013 04 20 14 03 43.171     199.5
 2013 04 20 20 34 18.187     2013 04 20 20 37 10.944     172.8
35
36
 2013 04 20 10 40 11.536     2013 04 20 10 43 11.931     180.4
37
 2013 04 20 00 17  2.267     2013 04 20 00 20  7.338     185.1
 2013 04 20 13 52 25.490     2013 04 20 13 56  7.344     221.9
38
 2013 04 20 10 48 39.977     2013 04 20 10 51 48.811     188.8
 2013 04 20 19 03 43.811     2013 04 20 19 06 19.208     155.4
39
 2013 04 20 13 54 58.891     2013 04 20 13 57 41.301     162.4
40
 2013 04 20 12 16 37.157     2013 04 20 12 19 33.238     176.1
 2013 04 20 22 19 22.407     2013 04 20 22 22 52.455     210.0
41
 2013 04 20 00 20 37.392     2013 04 20 00 23 27.270     169.9
42
 2013 04 20 12 13 49.816     2013 04 20 12 17 14.125     204.3
43
 2013 04 20 15 37 20.423     2013 04 20 15 40 26.620     186.2
 2013 04 20 20 32 34.151     2013 04 20 20 36 16.926     222.8
44
45
46
 2013 04 20 22 22 57.456     2013 04 20 22 26 24.512     207.1
47
 2013 04 20 10 49 34.940     2013 04 20 10 49 44.243       9.3
 2013 04 20 19 02 36.180     2013 04 20 19 05 55.206     199.0
48
 2013 04 20 12 16 59.209     2013 04 20 12 19 41.188     162.0
 2013 04 20 22 19  5.793     2013 04 20 22 22 26.285     200.5
49
 2013 04 20 10 45 14.059     2013 04 20 10 46 34.264      80.2
50
 2013 04 20 10 44 19.650     2013 04 20 10 46 54.446     154.8
 2013 04 20 20 43 47.485     2013 04 20 20 46 23.280     155.8
51
 2013 04 20 12 28 37.281     2013 04 20 12 31 26.888     169.6
 2013 04 20 17 23 35.279     2013 04 20 17 27   .633     205.4
52
 2013 04 20 12 16 19.995     2013 04 20 12 16 42.340      22.3
 2013 04 20 22 20 23.575     2013 04 20 22 23  8.877     165.3
53
 2013 04 20 22 15 12.608     2013 04 20 22 18 25.362     192.8
54
 2013 04 20 12 30 27.765     2013 04 20 12 30 34.091       6.3
 2013 04 20 14 04 35.199     2013 04 20 14 07 49.818     194.6
 2013 04 20 18 59 30.847     2013 04 20 19 02 12.796     161.9
55
 2013 04 20 12 23 46.739     2013 04 20 12 26 59.959     193.2
 2013 04 20 20 39 33.063     2013 04 20 20 42 34.781     181.7
56
 2013 04 20 00 20 36.597     2013 04 20 00 23 16.845     160.2
57
 2013 04 20 12 14 54.825     2013 04 20 12 14 59.244       4.4
58
 2013 04 20 14 02 35.713     2013 04 20 14 05 23.393     167.7
 2013 04 20 19 01 33.268     2013 04 20 19 01 34.997       1.7
 2013 04 20 20 35 35.485     2013 04 20 20 39 11.736     216.3
59
 2013 04 20 14 00 35.319     2013 04 20 14 03 26.201     170.9
 2013 04 20 20 34 38.946     2013 04 20 20 37 37.948     179.0
60
 2013 04 20 22 22 27.133     2013 04 20 22 25  3.753     156.6
61
 2013 04 20 12 24 43.370     2013 04 20 12 28 23.241     219.9
62
 2013 04 20 12 19 23.667     2013 04 20 12 19 32.968       9.3
63
 2013 04 20 12 13 49.338     2013 04 20 12 16 48.046     178.7
64
 2013 04 20 12 17 42.309     2013 04 20 12 21  7.675     205.4
 2013 04 20 22 17 30.439     2013 04 20 22 20 24.030     173.6
65
 2013 04 20 20 43 48.537     2013 04 20 20 44 18.847      30.3
66
67
 2013 04 20 20 40 53.481     2013 04 20 20 43 31.516     158.0
68
 2013 04 20 22 16   .937     2013 04 20 22 18 35.743     154.8
69
 2013 04 20 12 23 34.117     2013 04 20 12 26 10.037     155.9
 2013 04 20 20 38 52.528     2013 04 20 20 41 25.598     153.1
70
71
 2013 04 20 14 00  5.814     2013 04 20 14 02 49.033     163.2
 2013 04 20 20 34 19.702     2013 04 20 20 38  7.627     227.9
72
 2013 04 20 12 15 14.270     2013 04 20 12 18  3.823     169.6
73
 2013 04 20 22 11 42.332     2013 04 20 22 14 45.493     183.2
74
 2013 04 20 20 41 33.979     2013 04 20 20 45  4.103     210.1
75
 2013 04 20 20 47 50.049     2013 04 20 20 50 27.454     157.4
76
 2013 04 20 14 03 39.089     2013 04 20 14 06 54.781     195.7
 2013 04 20 18 59  3.663     2013 04 20 19 01 50.718     167.1
77
 2013 04 20 09 04 16.378     2013 04 20 09 07 11.213     174.8
 2013 04 20 20 48 56.309     2013 04 20 20 52 25.007     208.7
78
79
80
 2013 04 20 13 57 34.578     2013 04 20 14 00 10.777     156.2
 2013 04 20 22 13 40.137     2013 04 20 22 16 18.351     158.2
81
 2013 04 20 09 03 37.038     2013 04 20 09 06 51.474     194.4
 2013 04 20 20 49 16.278     2013 04 20 20 52  4.146     167.9
82
 2013 04 20 14 02 28.252     2013 04 20 14 05  4.905     156.7
 2013 04 20 18 56 52.537     2013 04 20 18 56 55.170       2.6
 2013 04 20 20 35  4.763     2013 04 20 20 38 28.530     203.8
83
 2013 04 20 13 55 22.398     2013 04 20 13 58  4.625     162.2
84
 2013 04 20 12 26 43.190     2013 04 20 12 26 50.266       7.1
 2013 04 20 20 37 29.619     2013 04 20 20 40  7.366     157.7
85
 2013 04 20 10 45 45.439     2013 04 20 10 48 21.029     155.6
86
 2013 04 20 10 38 21.963     2013 04 20 10 41  6.867     164.9
 2013 04 20 22 24 31.341     2013 04 20 22 25 50.743      79.4
87
 2013 04 20 12 25 29.749     2013 04 20 12 28 14.004     164.3
88
 2013 04 20 10 39  1.563     2013 04 20 10 42 25.376     203.8
 2013 04 20 22 22 35.729     2013 04 20 22 23 29.724      54.0
89
 2013 04 20 12 27 17.525     2013 04 20 12 29 54.427     156.9
 2013 04 20 19 00 52.071     2013 04 20 19 03 31.386     159.3
90
 2013 04 20 22 21 31.820     2013 04 20 22 22 18.053      46.2
91
 2013 04 20 10 40 53.806     2013 04 20 10 43 31.794     158.0
92
93
 2013 04 20 10 42 22.762     2013 04 20 10 45 22.596     179.8
 2013 04 20 20 47  1.343     2013 04 20 20 47 15.963      14.6
94
 2013 04 20 15 36 17.751     2013 04 20 15 39 46.310     208.6
 2013 04 20 22 10 53.897     2013 04 20 22 13 50.251     176.4
95
 2013 04 20 00 19  9.463     2013 04 20 00 22 34.906     205.4
96
 2013 04 20 12 24  6.618     2013 04 20 12 26 41.690     155.1
 2013 04 20 20 38 45.121     2013 04 20 20 41 37.624     172.5
97
 2013 04 20 10 43 39.616     2013 04 20 10 44 33.047      53.4
 2013 04 20 20 42 43.996     2013 04 20 20 45 18.120     154.1
98
 2013 04 20 10 40 20.697     2013 04 20 10 42 55.830     155.1
99
 2013 04 20 00 22 13.354     2013 04 20 00 25 33.030     199.7
 2013 04 20 12 12 30.401     2013 04 20 12 15  3.879     153.5
100
 2013 04 20 10 41 22.516     2013 04 20 10 44  2.887     160.4
101
 2013 04 20 10 39 29.563     2013 04 20 10 42 21.058     171.5
102
 2013 04 20 10 39 13.465     2013 04 20 10 41 50.860     157.4
103
 2013 04 20 10 47 20.275     2013 04 20 10 50 26.585     186.3
104
 2013 04 20 10 46  9.088     2013 04 20 10 46 24.099      15.0
105
 2013 04 20 20 47  1.995     2013 04 20 20 50 27.878     205.9
106
 2013 04 20 20 52  8.292     2013 04 20 20 52 15.316       7.0
107
 2013 04 20 22 23  1.770     2013 04 20 22 25 40.718     158.9
108
 2013 04 20 14 01 31.044     2013 04 20 14 04 44.853     193.8
 2013 04 20 20 36 21.838     2013 04 20 20 38 58.931     157.1
109
 2013 04 20 22 15 58.871     2013 04 20 22 18 33.429     154.6
110
 2013 04 20 12 14 45.886     2013 04 20 12 17 19.803     153.9
111
112
 2013 04 20 09 05 19.049     2013 04 20 09 05 44.744      25.7
113
114
 2013 04 20 20 47 14.003     2013 04 20 20 49 45.747     151.7
115
 2013 04 20 10 40 54.639     2013 04 20 10 43 28.313     153.7
116
 2013 04 20 12 29 11.643     2013 04 20 12 32 28.247     196.6
 2013 04 20 17 24 37.040     2013 04 20 17 27 23.582     166.5
117
 2013 04 20 12 24 52.690     2013 04 20 12 28 13.625     200.9
118
 2013 04 20 12 13 51.575     2013 04 20 12 16 34.846     163.3
119
 2013 04 20 14 01 23.032     2013 04 20 14 04  2.721     159.7
 2013 04 20 20 35 44.436     2013 04 20 20 38 18.884     154.4
120
 2013 04 20 14 03 35.550     2013 04 20 14 06 45.288     189.7
 2013 04 20 18 58 55.017     2013 04 20 19 01 45.542     170.5
121
 2013 04 20 00 17 41.880     2013 04 20 00 21 11.350     209.5
122
 2013 04 20 13 59  5.187     2013 04 20 14 01 46.257     161.1
 2013 04 20 22 12 28.682     2013 04 20 22 15 58.573     209.9
123
 2013 04 20 00 18 58.911     2013 04 20 00 22 35.247     216.3
124
 2013 04 20 20 41  7.941     2013 04 20 20 43 47.878     159.9
125
 2013 04 20 15 37 16.208     2013 04 20 15 39 53.592     157.4
 2013 04 20 20 31 43.383     2013 04 20 20 35 12.851     209.5
 2013 04 20 22 09 16.631     2013 04 20 22 10  7.084      50.5
126
 2013 04 20 13 59 32.568     2013 04 20 14 02 17.038     164.5
127
128
 2013 04 20 10 48 45.977     2013 04 20 10 51 22.797     156.8
 2013 04 20 19 04 46.649     2013 04 20 19 07 21.273     154.6
129
 2013 04 20 12 25 15.425     2013 04 20 12 25 41.087      25.7
 2013 04 20 14 03   .975     2013 04 20 14 03 13.554      12.6
 2013 04 20 18 59 13.388     2013 04 20 19 02 28.966     195.6
130
 2013 04 20 12 25  8.605     2013 04 20 12 28 42.984     214.4
131
 2013 04 20 12 17 38.031     2013 04 20 12 20 39.583     181.6
 2013 04 20 22 19 29.759     2013 04 20 22 22  2.054     152.3
132
133
 2013 04 20 10 47  6.413     2013 04 20 10 50 27.112     200.7
 2013 04 20 19 05 10.667     2013 04 20 19 05 28.903      18.2
134
 2013 04 20 22 21 20.392     2013 04 20 22 24 17.156     176.8
135
 2013 04 20 20 41  3.125     2013 04 20 20 43 41.164     158.0
136
137
 2013 04 20 10 38  5.357     2013 04 20 10 41 37.225     211.9
 2013 04 20 22 23 27.780     2013 04 20 22 26 17.010     169.2
138
 2013 04 20 15 37  2.702     2013 04 20 15 39 51.421     168.7
 2013 04 20 17 14 20.270     2013 04 20 17 14 23.103       2.8
 2013 04 20 20 31 24.262     2013 04 20 20 34 50.990     206.7
 2013 04 20 22 09   .652     2013 04 20 22 12 48.174     227.5
139
 2013 04 20 13 54 48.064     2013 04 20 13 57 22.595     154.5
140
 2013 04 20 12 27 43.743     2013 04 20 12 30 31.295     167.6
 2013 04 20 17 22  1.189     2013 04 20 17 22  2.473       1.3
 2013 04 20 19 00 20.682     2013 04 20 19 03 32.950     192.3
141
142
 2013 04 20 12 22 58.779     2013 04 20 12 26  1.354     182.6
 2013 04 20 20 39 48.284     2013 04 20 20 42 21.622     153.3
143
 2013 04 20 00 17 15.775     2013 04 20 00 20  6.605     170.8
 2013 04 20 13 52 10.623     2013 04 20 13 55 53.235     222.6
144
 2013 04 20 10 36 55.416     2013 04 20 10 37 25.713      30.3
 2013 04 20 22 23 56.849     2013 04 20 22 26 32.269     155.4
145
 2013 04 20 10 41 21.259     2013 04 20 10 44 36.410     195.2
146
 2013 04 20 12 21 27.138     2013 04 20 12 24  9.458     162.3
147
 2013 04 20 10 47  2.818     2013 04 20 10 49 41.343     158.5
148
 2013 04 20 00 18 53.221     2013 04 20 00 21 54.905     181.7
149
 2013 04 20 00 16 11.513     2013 04 20 00 19 49.925     218.4
 2013 04 20 13 53 16.439     2013 04 20 13 56 28.596     192.2
150
151
 2013 04 20 12 19 38.113     2013 04 20 12 22 15.638     157.5
 2013 04 20 22 17 45.333     2013 04 20 22 21 23.363     218.0
152
 2013 04 20 12 21 55.636     2013 04 20 12 23   .004      64.4
 2013 04 20 22 16 33.568     2013 04 20 22 19 25.983     172.4
153
 2013 04 20 09 04 45.558     2013 04 20 09 08 12.594     207.0
 2013 04 20 20 47 50.521     2013 04 20 20 47 51.636       1.1
154
155
 2013 04 20 09 05 53.181     2013 04 20 09 06 15.120      21.9
 2013 04 20 20 49 17.695     2013 04 20 20 52  2.721     165.0
156
 2013 04 20 22 20 55.642     2013 04 20 22 24 12.425     196.8
157
 2013 04 20 10 38 12.541     2013 04 20 10 38 27.869      15.3
158
 2013 04 20 10 40 36.153     2013 04 20 10 43 56.754     200.6
159
 2013 04 20 13 59 36.844     2013 04 20 14 02 19.222     162.4
160
161
 2013 04 20 14 02 57.711     2013 04 20 14 05 34.991     157.3
 2013 04 20 18 57 26.189     2013 04 20 19 00 43.575     197.4
162
 2013 04 20 10 45 20.030     2013 04 20 10 48 59.495     219.5
 2013 04 20 20 41 37.401     2013 04 20 20 45 16.509     219.1
163
 2013 04 20 10 40 19.978     2013 04 20 10 43 31.430     191.5
164
 2013 04 20 12 19 34.601     2013 04 20 12 22  8.723     154.1
 2013 04 20 22 17 39.604     2013 04 20 22 21   .170     200.6
165
 2013 04 20 12 22 44.036     2013 04 20 12 25 52.063     188.0
 2013 04 20 20 38  8.434     2013 04 20 20 41   .280     171.8
166
 2013 04 20 12 24 53.487     2013 04 20 12 27 29.042     155.6
 2013 04 20 20 38  1.088     2013 04 20 20 38 52.273      51.2
167
 2013 04 20 10 48 16.952     2013 04 20 10 51 25.229     188.3
 2013 04 20 19 05 25.269     2013 04 20 19 08  2.310     157.0
168
 2013 04 20 13 55 34.635     2013 04 20 13 58 28.875     174.2
169
 2013 04 20 10 44 17.924     2013 04 20 10 47 26.022     188.1
 2013 04 20 20 44 18.842     2013 04 20 20 47 29.649     190.8
170
 2013 04 20 12 13 44.405     2013 04 20 12 16 34.853     170.4
171
 2013 04 20 00 20 47.404     2013 04 20 00 23 58.137     190.7
172
 2013 04 20 10 45 32.246     2013 04 20 10 48  6.698     154.5
 2013 04 20 20 42 47.831     2013 04 20 20 43 12.163      24.3
173
 2013 04 20 12 26  4.221     2013 04 20 12 29 38.546     214.3
 2013 04 20 14 03 41.061     2013 04 20 14 03 55.330      14.3
 2013 04 20 18 59 49.001     2013 04 20 19 02 28.389     159.4
174
 2013 04 20 22 23 14.766     2013 04 20 22 24 30.647      75.9
175
 2013 04 20 20 44 39.702     2013 04 20 20 44 41.550       1.8
176
 2013 04 20 13 59 51.400     2013 04 20 14 03 15.886     204.5
 2013 04 20 20 33 52.322     2013 04 20 20 37 22.220     209.9
177
 2013 04 20 20 41 12.029     2013 04 20 20 44 48.818     216.8
178
 2013 04 20 12 21 33.240     2013 04 20 12 24  8.167     154.9
179
 2013 04 20 13 57 46.020     2013 04 20 14 00 31.662     165.6
 2013 04 20 22 13  2.882     2013 04 20 22 15 37.293     154.4
180
 2013 04 20 19 05 30.055     2013 04 20 19 06  1.031      31.0
181
 2013 04 20 13 59  3.256     2013 04 20 14 02 40.861     217.6
182
 2013 04 20 00 20  9.082     2013 04 20 00 21 53.197     104.1
 2013 04 20 12 13  2.224     2013 04 20 12 13  4.396       2.2
183
 2013 04 20 20 46 13.123     2013 04 20 20 47  1.240      48.1
184
 2013 04 20 09 07 43.631     2013 04 20 09 08 49.857      66.2
185
 2013 04 20 10 47 37.480     2013 04 20 10 50 40.199     182.7
 2013 04 20 19 03 25.568     2013 04 20 19 07 10.576     225.0
186
 2013 04 20 12 15 56.515     2013 04 20 12 18 30.222     153.7
187
 2013 04 20 22 25  1.917     2013 04 20 22 25 20.554      18.6
188
 2013 04 20 12 15 58.851     2013 04 20 12 19  3.855     185.0
189
 2013 04 20 12 19 21.168     2013 04 20 12 22 24.328     183.2
 2013 04 20 22 18  9.102     2013 04 20 22 19  5.334      56.2
190
 2013 04 20 14 00  7.008     2013 04 20 14 03  4.288     177.3
 2013 04 20 20 35 21.836     2013 04 20 20 39  9.007     227.2
191
 2013 04 20 12 24 46.331     2013 04 20 12 27 33.088     166.8
 2013 04 20 20 38 30.222     2013 04 20 20 38 52.910      22.7
192
 2013 04 20 12 26 16.683     2013 04 20 12 28 53.531     156.8
 2013 04 20 19 00 33.718     2013 04 20 19 03 33.404     179.7
193
 2013 04 20 13 59 17.119     2013 04 20 14 02 37.878     200.8
 2013 04 20 22 11 24.965     2013 04 20 22 11 27.280       2.3
194
 2013 04 20 12 25 59.720     2013 04 20 12 28 42.222     162.5
 2013 04 20 19 00 11.969     2013 04 20 19 03 27.402     195.4
195
 2013 04 20 15 37 18.152     2013 04 20 15 40  6.217     168.1
 2013 04 20 20 32 11.716     2013 04 20 20 35 58.474     226.8
 2013 04 20 22 09 53.980     2013 04 20 22 10 26.638      32.7
196
 2013 04 20 00 18 45.214     2013 04 20 00 21 25.236     160.0
197
 2013 04 20 14 02 44.097     2013 04 20 14 06 32.224     228.1
 2013 04 20 18 58 36.003     2013 04 20 19 02 21.055     225.1
198
 2013 04 20 10 43 54.255     2013 04 20 10 47  2.269     188.0
 2013 04 20 20 43 12.948     2013 04 20 20 45 44.945     152.0
199
 2013 04 20 20 41 13.351     2013 04 20 20 43 46.036     152.7
200
 2013 04 20 12 16 21.026     2013 04 20 12 19 48.635     207.6
 2013 04 20 22 19 53.111     2013 04 20 22 23  8.729     195.6
201
202
 2013 04 20 10 47 30.983     2013 04 20 10 50 34.289     183.3
 2013 04 20 19 06 23.166     2013 04 20 19 07 16.259      53.1
203
 2013 04 20 14 00 37.890     2013 04 20 14 04 20.190     222.3
 2013 04 20 20 36 32.403     2013 04 20 20 39 16.528     164.1
204
205
 2013 04 20 10 39 44.741     2013 04 20 10 42 31.775     167.0
206
207
 2013 04 20 12 24 50.581     2013 04 20 12 28 17.440     206.9
208
 2013 04 20 12 20 39.180     2013 04 20 12 23 14.189     155.0
209
 2013 04 20 13 55 49.923     2013 04 20 13 58 24.813     154.9
210
 2013 04 20 10 40 44.115     2013 04 20 10 41 18.373      34.3
211
 2013 04 20 09 03 53.752     2013 04 20 09 07 35.847     222.1
 2013 04 20 20 48 35.035     2013 04 20 20 51 40.471     185.4
212
 2013 04 20 20 42  1.795     2013 04 20 20 44 35.403     153.6
213
 2013 04 20 13 54 52.155     2013 04 20 13 57 34.179     162.0
214
215
 2013 04 20 13 59 24.131     2013 04 20 14 02 28.466     184.3
216
 2013 04 20 10 39 25.254     2013 04 20 10 42 24.905     179.7
217
 2013 04 20 13 55 15.057     2013 04 20 13 58 28.030     193.0
218
 2013 04 20 12 27 56.743     2013 04 20 12 30 55.604     178.9
 2013 04 20 19 01 23.634     2013 04 20 19 04 49.438     205.8
219
 2013 04 20 12 27 55.037     2013 04 20 12 28  4.501       9.5
 2013 04 20 20 36 58.384     2013 04 20 20 40 13.357     195.0
220
 2013 04 20 13 55 21.628     2013 04 20 13 58 58.457     216.8
221
 2013 04 20 13 56 48.769     2013 04 20 14 00 17.170     208.4
 2013 04 20 22 14 34.611     2013 04 20 22 17 18.911     164.3
222
 2013 04 20 12 27 36.480     2013 04 20 12 30 21.007     164.5
 2013 04 20 19 01 20.259     2013 04 20 19 04 14.171     173.9
223
 2013 04 20 12 26 43.154     2013 04 20 12 30 13.523     210.4
 2013 04 20 19 02  5.639     2013 04 20 19 04 39.316     153.7
224
 2013 04 20 10 44 18.730     2013 04 20 10 47 25.391     186.7
 2013 04 20 20 44 17.962     2013 04 20 20 47 28.258     190.3
225
 2013 04 20 10 43 13.374     2013 04 20 10 45 47.421     154.0
 2013 04 20 20 44  8.312     2013 04 20 20 47  1.769     173.5
226
 2013 04 20 12 16 12.534     2013 04 20 12 19 29.604     197.1
227
 2013 04 20 15 36 59.344     2013 04 20 15 39 35.950     156.6
 2013 04 20 20 35 35.335     2013 04 20 20 35 39.740       4.4
 2013 04 20 22 09 46.710     2013 04 20 22 13 12.272     205.6
228
 2013 04 20 00 17 11.012     2013 04 20 00 19 49.998     159.0
 2013 04 20 13 52 13.190     2013 04 20 13 55 33.167     200.0
229
 2013 04 20 09 04 30.001     2013 04 20 09 07 10.464     160.5
 2013 04 20 20 48 57.841     2013 04 20 20 49 56.350      58.5
230
 2013 04 20 12 12 56.423     2013 04 20 12 15 40.666     164.2
231
 2013 04 20 10 48 49.081     2013 04 20 10 51 24.635     155.6
 2013 04 20 19 04 27.918     2013 04 20 19 07  2.966     155.0
232
 2013 04 20 12 26 51.177     2013 04 20 12 29 30.681     159.5
 2013 04 20 19 01 15.227     2013 04 20 19 03 50.572     155.3
233
 2013 04 20 10 48 19.191     2013 04 20 10 50 56.495     157.3
 2013 04 20 19 04 44.121     2013 04 20 19 07 36.558     172.4
234
 2013 04 20 14 00  3.819     2013 04 20 14 02 59.132     175.3
 2013 04 20 20 35 16.168     2013 04 20 20 35 34.799      18.6
235
 2013 04 20 12 17 11.502     2013 04 20 12 20 42.370     210.9
 2013 04 20 22 17 21.148     2013 04 20 22 20 48.666     207.5
236
237
 2013 04 20 12 13 59.840     2013 04 20 12 17 11.042     191.2
238
 2013 04 20 00 21  4.011     2013 04 20 00 24 18.120     194.1
239
 2013 04 20 12 20 55.206     2013 04 20 12 23 32.442     157.2
240
 2013 04 20 22 22 36.830     2013 04 20 22 25 31.412     174.6
241
 2013 04 20 13 58  1.563     2013 04 20 14 00 39.103     157.5
 2013 04 20 22 13 41.028     2013 04 20 22 16 14.758     153.7
242
 2013 04 20 12 18 37.279     2013 04 20 12 21 16.138     158.9
 2013 04 20 22 18 10.877     2013 04 20 22 20 42.567     151.7
243
 2013 04 20 13 59 45.585     2013 04 20 13 59 54.975       9.4
 2013 04 20 20 36 20.497     2013 04 20 20 39 52.438     211.9
244
 2013 04 20 10 43 27.993     2013 04 20 10 46  4.953     157.0
 2013 04 20 20 43 57.441     2013 04 20 20 46 41.241     163.8
245
 2013 04 20 12 23 34.643     2013 04 20 12 26 22.515     167.9
 2013 04 20 20 38 29.522     2013 04 20 20 41  3.157     153.6
246
 2013 04 20 14 02  2.574     2013 04 20 14 04 44.371     161.8
 2013 04 20 20 35  2.814     2013 04 20 20 37 59.470     176.7
247
 2013 04 20 14 00 45.146     2013 04 20 14 04  2.209     197.1
 2013 04 20 20 36 13.726     2013 04 20 20 39   .619     166.9
248
 2013 04 20 12 27 59.642     2013 04 20 12 31 21.658     202.0
 2013 04 20 19 01 34.477     2013 04 20 19 05 18.893     224.4
249
 2013 04 20 10 48 11.164     2013 04 20 10 50 50.558     159.4
 2013 04 20 19 04 46.790     2013 04 20 19 07 45.620     178.8
250
 2013 04 20 20 47 16.492     2013 04 20 20 49 48.002     151.5
251
 2013 04 20 12 18 59.358     2013 04 20 12 22 37.253     217.9
 2013 04 20 22 18 29.678     2013 04 20 22 18 48.147      18.5
252
 2013 04 20 22 21   .215     2013 04 20 22 24 25.212     205.0
253
 2013 04 20 10 37 40.153     2013 04 20 10 40 50.575     190.4
 2013 04 20 22 24  7.597     2013 04 20 22 26 40.826     153.2
254
255
256
 2013 04 20 10 50  6.971     2013 04 20 10 52 55.312     168.3
 2013 04 20 19 03 22.884     2013 04 20 19 06 51.967     209.1
257
 2013 04 20 00 20 45.189     2013 04 20 00 23 48.289     183.1
 2013 04 20 12 14 56.445     2013 04 20 12 16 19.279      82.8
258
259
 2013 04 20 20 41 39.747     2013 04 20 20 44 29.636     169.9
260
 2013 04 20 10 38 56.038     2013 04 20 10 41 52.739     176.7
 2013 04 20 22 23  8.932     2013 04 20 22 24 49.553     100.6
261
 2013 04 20 22 20 15.020     2013 04 20 22 23 38.281     203.3
262
263
 2013 04 20 12 14 44.706     2013 04 20 12 17 22.446     157.7
264
 2013 04 20 12 27  4.889     2013 04 20 12 29 41.065     156.2
 2013 04 20 19 01  7.326     2013 04 20 19 03 41.522     154.2
265
266
 2013 04 20 22 11 42.171     2013 04 20 22 14 16.406     154.2
267
 2013 04 20 12 15 56.090     2013 04 20 12 18 35.867     159.8
268
 2013 04 20 13 56 53.601     2013 04 20 13 57   .739       7.1
 2013 04 20 22 15  2.260     2013 04 20 22 17 34.503     152.2
269
 2013 04 20 10 40 55.219     2013 04 20 10 43 56.645     181.4
270
 2013 04 20 10 42 23.281     2013 04 20 10 45 41.962     198.7
 2013 04 20 20 45 20.696     2013 04 20 20 48 12.200     171.5
271
 2013 04 20 12 16 17.945     2013 04 20 12 19 48.948     211.0
272
 2013 04 20 12 15 40.996     2013 04 20 12 18 51.637     190.6
273
 2013 04 20 00 17  8.977     2013 04 20 00 20 22.655     193.7
 2013 04 20 13 52 17.049     2013 04 20 13 52 54.188      37.1
274
 2013 04 20 12 27 12.812     2013 04 20 12 28 14.551      61.7
 2013 04 20 19 02 14.961     2013 04 20 19 05 14.715     179.8
275
 2013 04 20 13 57 43.229     2013 04 20 14 01  8.437     205.2
 2013 04 20 22 14 25.000     2013 04 20 22 17  4.916     159.9
276
 2013 04 20 12 23  9.507     2013 04 20 12 25 44.558     155.1
 2013 04 20 20 38 58.776     2013 04 20 20 41 37.119     158.3
277
 2013 04 20 10 37 25.469     2013 04 20 10 40 56.197     210.7
 2013 04 20 22 23 58.030     2013 04 20 22 26 28.209     150.2
278
 2013 04 20 14 03 22.965     2013 04 20 14 06  8.323     165.4
 2013 04 20 18 58 16.632     2013 04 20 19 01 19.816     183.2
279
280
 2013 04 20 22 22 20.713     2013 04 20 22 24 53.132     152.4
281
282
 2013 04 20 10 39 46.852     2013 04 20 10 42 56.456     189.6
283
 2013 04 20 13 57 27.693     2013 04 20 14 00 30.885     183.2
 2013 04 20 22 14 16.660     2013 04 20 22 16 49.714     153.1
284
 2013 04 20 20 37 12.680     2013 04 20 20 39 46.134     153.5
285
286
 2013 04 20 10 39 32.233     2013 04 20 10 42 15.766     163.5
287
 2013 04 20 20 46 21.486     2013 04 20 20 49  1.419     159.9
288
 2013 04 20 00 20 52.967     2013 04 20 00 21 38.724      45.8
 2013 04 20 12 13 12.597     2013 04 20 12 16  4.506     171.9
289
290
 2013 04 20 00 20 38.575     2013 04 20 00 23  8.489     149.9
291
 2013 04 20 13 55 47.323     2013 04 20 13 59 29.021     221.7
292
 2013 04 20 22 16 51.711     2013 04 20 22 20  1.171     189.5
293
 2013 04 20 12 20 12.631     2013 04 20 12 22 51.444     158.8
294
 2013 04 20 22 11 27.403     2013 04 20 22 14 14.246     166.8
295
 2013 04 20 12 22 25.456     2013 04 20 12 25  6.047     160.6
 2013 04 20 20 39 11.562     2013 04 20 20 42 25.777     194.2
296
 2013 04 20 00 19 30.271     2013 04 20 00 22 49.941     199.7
297
 2013 04 20 20 48 57.339     2013 04 20 20 51 43.463     166.1
298
 2013 04 20 20 47  1.414     2013 04 20 20 49 31.710     150.3
299
 2013 04 20 22 11 42.759     2013 04 20 22 14 19.302     156.5
300
 2013 04 20 10 49 58.336     2013 04 20 10 53 23.968     205.6
 2013 04 20 19 02 46.189     2013 04 20 19 06 21.639     215.4
301
302
 2013 04 20 20 47 15.447     2013 04 20 20 50 21.286     185.8
303
 2013 04 20 22 19 50.479     2013 04 20 22 23 24.705     214.2
304
 2013 04 20 13 56 35.212     2013 04 20 13 59 14.468     159.3
 2013 04 20 22 13 26.678     2013 04 20 22 17  8.934     222.3
305
 2013 04 20 15 37  8.190     2013 04 20 15 39 56.001     167.8
 2013 04 20 17 14 25.954     2013 04 20 17 14 32.816       6.9
 2013 04 20 20 31 30.433     2013 04 20 20 34 51.273     200.8
 2013 04 20 22 08 58.404     2013 04 20 22 09 52.928      54.5
306
 2013 04 20 20 40 31.755     2013 04 20 20 43 52.805     201.0
307
 2013 04 20 12 15 54.916     2013 04 20 12 18 48.520     173.6
308
 2013 04 20 12 16 42.485     2013 04 20 12 16 57.582      15.1
 2013 04 20 22 20 21.717     2013 04 20 22 22 53.921     152.2
309
 2013 04 20 10 43  9.915     2013 04 20 10 46  2.610     172.7
 2013 04 20 20 43 31.673     2013 04 20 20 46 33.934     182.3
310
311
 2013 04 20 12 24   .273     2013 04 20 12 26 47.743     167.5
 2013 04 20 20 39 11.367     2013 04 20 20 42  9.070     177.7
312
 2013 04 20 12 28 17.350     2013 04 20 12 30 53.941     156.6
 2013 04 20 17 22 45.428     2013 04 20 17 26 21.714     216.3
 2013 04 20 19 00 26.611     2013 04 20 19 02   .947      94.3
313
 2013 04 20 12 20 50.864     2013 04 20 12 23 26.013     155.1
314
 2013 04 20 10 38  4.922     2013 04 20 10 40 38.582     153.7
 2013 04 20 22 24 43.498     2013 04 20 22 27 46.686     183.2
315
 2013 04 20 22 20 56.971     2013 04 20 22 23 45.242     168.3
316
 2013 04 20 12 16 24.589     2013 04 20 12 19  6.059     161.5
317
 2013 04 20 13 56  8.751     2013 04 20 13 58 43.586     154.8
318
 2013 04 20 13 56 19.130     2013 04 20 13 59  1.995     162.9
 2013 04 20 22 17  8.988     2013 04 20 22 17 28.304      19.3
319
320
 2013 04 20 12 28 20.495     2013 04 20 12 31 43.741     203.2
 2013 04 20 17 23 50.297     2013 04 20 17 27 35.644     225.3
321
 2013 04 20 13 59 12.029     2013 04 20 14 02 49.240     217.2
322
 2013 04 20 12 17 21.726     2013 04 20 12 20 20.212     178.5
 2013 04 20 22 19 29.965     2013 04 20 22 22 11.360     161.4
323
324
325
 2013 04 20 12 27 11.766     2013 04 20 12 29 59.349     167.6
 2013 04 20 19 01 29.861     2013 04 20 19 04  6.482     156.6
326
 2013 04 20 20 46 44.467     2013 04 20 20 49 17.964     153.5
327
328
 2013 04 20 22 20 36.372     2013 04 20 22 23 43.301     186.9
329
 2013 04 20 12 14 29.842     2013 04 20 12 18  9.379     219.5
330
331
 2013 04 20 10 43  9.701     2013 04 20 10 45 59.154     169.5
 2013 04 20 20 43 35.522     2013 04 20 20 46 38.054     182.5
332
 2013 04 20 12 27  3.989     2013 04 20 12 29 53.237     169.2
 2013 04 20 19 00 31.030     2013 04 20 19 03  8.231     157.2
333
 2013 04 20 13 54 22.882     2013 04 20 13 57  3.257     160.4
334
 2013 04 20 13 56 25.176     2013 04 20 14 00 13.925     228.7
 2013 04 20 22 11 53.456     2013 04 20 22 15 24.479     211.0
335
 2013 04 20 15 36 45.923     2013 04 20 15 39 33.398     167.5
 2013 04 20 20 31  4.622     2013 04 20 20 32  4.284      59.7
 2013 04 20 22 09 13.132     2013 04 20 22 12 33.891     200.8
336
 2013 04 20 20 39 38.721     2013 04 20 20 39 50.858      12.1
337
 2013 04 20 22 16 20.636     2013 04 20 22 20   .580     219.9
338
 2013 04 20 10 48  6.969     2013 04 20 10 51  1.385     174.4
 2013 04 20 19 05  9.057     2013 04 20 19 08   .545     171.5
339
 2013 04 20 22 15  4.743     2013 04 20 22 18 30.045     205.3
340
 2013 04 20 20 46 37.678     2013 04 20 20 49 31.804     174.1
341
 2013 04 20 10 47 34.619     2013 04 20 10 50 24.042     169.4
 2013 04 20 19 06 44.927     2013 04 20 19 07 30.928      46.0
342
 2013 04 20 12 18 22.778     2013 04 20 12 21 18.312     175.5
 2013 04 20 22 19  3.941     2013 04 20 22 21 43.429     159.5
343
 2013 04 20 00 18 46.510     2013 04 20 00 21 26.497     160.0
344
 2013 04 20 00 18 29.803     2013 04 20 00 21   .338     150.5
345
 2013 04 20 14 00 33.407     2013 04 20 14 00 52.796      19.4
 2013 04 20 22 11 55.097     2013 04 20 22 14 50.698     175.6
346
 2013 04 20 13 58 13.407     2013 04 20 14 01 21.788     188.4
 2013 04 20 22 12 30.370     2013 04 20 22 15 11.943     161.6
347
 2013 04 20 12 27  8.578     2013 04 20 12 30  3.829     175.3
 2013 04 20 19 01 38.284     2013 04 20 19 04 14.692     156.4
348
 2013 04 20 22 15 35.401     2013 04 20 22 18  9.305     153.9
349
 2013 04 20 22 20 29.856     2013 04 20 22 23 19.678     169.8
350
 2013 04 20 12 19  1.801     2013 04 20 12 22  3.062     181.3
 2013 04 20 22 17 26.569     2013 04 20 22 20  8.768     162.2
351
 2013 04 20 10 40 27.500     2013 04 20 10 43  1.434     153.9
352
 2013 04 20 22 15 38.252     2013 04 20 22 19  7.997     209.7
353
 2013 04 20 10 40 13.936     2013 04 20 10 43 49.498     215.6
354
 2013 04 20 12 19  1.432     2013 04 20 12 22 13.955     192.5
 2013 04 20 22 18 30.548     2013 04 20 22 22  6.083     215.5
355
 2013 04 20 15 37 13.680     2013 04 20 15 39 59.163     165.5
 2013 04 20 20 31 36.778     2013 04 20 20 34 54.058     197.3
 2013 04 20 22 08 58.650     2013 04 20 22 09 23.803      25.2
356
357
358
 2013 04 20 00 18 31.761     2013 04 20 00 21  4.889     153.1
359
 2013 04 20 12 16  8.818     2013 04 20 12 16 10.915       2.1
 2013 04 20 22 20 28.605     2013 04 20 22 23 18.207     169.6
360
 2013 04 20 10 47 51.807     2013 04 20 10 50 29.215     157.4
 2013 04 20 19 04 32.836     2013 04 20 19 07 58.835     206.0
361
362
 2013 04 20 22 21 48.287     2013 04 20 22 24 57.444     189.2
363
364
 2013 04 20 12 16 12.491     2013 04 20 12 19 27.869     195.4
 2013 04 20 22 19 38.719     2013 04 20 22 23 18.835     220.1
365
 2013 04 20 10 43 29.753     2013 04 20 10 46 22.450     172.7
 2013 04 20 20 43 32.741     2013 04 20 20 46 16.923     164.2
366
 2013 04 20 22 15 37.993     2013 04 20 22 18 32.490     174.5
367
368
 2013 04 20 22 14 55.623     2013 04 20 22 17 44.691     169.1
369
 2013 04 20 12 24 14.971     2013 04 20 12 27 11.502     176.5
 2013 04 20 20 37 56.492     2013 04 20 20 41  2.385     185.9
370
 2013 04 20 22 19 39.699     2013 04 20 22 23 17.585     217.9
371
 2013 04 20 22 20 21.889     2013 04 20 22 22 52.417     150.5
372
373
 2013 04 20 12 24 26.215     2013 04 20 12 27 37.531     191.3
 2013 04 20 20 37 29.744     2013 04 20 20 40 57.395     207.7
374
 2013 04 20 12 16 52.432     2013 04 20 12 17 27.766      35.3
375
 2013 04 20 14 03 54.395     2013 04 20 14 04 34.498      40.1
 2013 04 20 15 38 34.484     2013 04 20 15 42  7.794     213.3
 2013 04 20 20 34  4.896     2013 04 20 20 36 39.442     154.5
376
 2013 04 20 10 49 37.321     2013 04 20 10 53 13.673     216.4
 2013 04 20 19 02 53.550     2013 04 20 19 06  5.397     191.8
377
 2013 04 20 10 41 53.225     2013 04 20 10 42 10.009      16.8
 2013 04 20 22 22 59.572     2013 04 20 22 25 49.745     170.2
378
379
 2013 04 20 22 15 36.931     2013 04 20 22 18 32.339     175.4
380
 2013 04 20 09 05 31.588     2013 04 20 09 09 11.645     220.1
381
 2013 04 20 10 40 49.917     2013 04 20 10 43 34.623     164.7
382
383
 2013 04 20 12 19 46.615     2013 04 20 12 20 27.516      40.9
384
 2013 04 20 00 17 39.570     2013 04 20 00 20 10.200     150.6
 2013 04 20 13 51 34.198     2013 04 20 13 55 13.349     219.2
385
386
 2013 04 20 13 58 25.137     2013 04 20 14 01  1.071     155.9
 2013 04 20 22 13 11.391     2013 04 20 22 15 54.863     163.5
387
 2013 04 20 12 26 27.980     2013 04 20 12 29 54.843     206.9
 2013 04 20 19 01 59.502     2013 04 20 19 04 36.534     157.0
388
 2013 04 20 12 19 14.407     2013 04 20 12 20  2.911      48.5
389
 2013 04 20 00 18 26.573     2013 04 20 00 21   .558     154.0
390
391
 2013 04 20 00 18 38.773     2013 04 20 00 21  9.363     150.6
392
 2013 04 20 10 40 42.202     2013 04 20 10 43 27.991     165.8
393
 2013 04 20 14 01  4.870     2013 04 20 14 04 51.498     226.6
 2013 04 20 20 36 43.923     2013 04 20 20 39 17.600     153.7
394
 2013 04 20 20 40 47.134     2013 04 20 20 43 39.366     172.2
395
 2013 04 20 13 59 36.417     2013 04 20 14 02 11.703     155.3
396
397
 2013 04 20 12 15 28.710     2013 04 20 12 18 12.989     164.3
398
 2013 04 20 13 59 58.813     2013 04 20 14 02 36.346     157.5
399
 2013 04 20 13 59 29.679     2013 04 20 14 02  6.687     157.0
