0 10.1363 108.2504 2 27 9
2  45.0 45.0 0.00
1 21.7673 77.5308 2 22 9
2  45.0 45.0 0.00
2 3.7973 79.8554 4 16 5
2  45.0 45.0 0.00
3 48.8690 79.9056 9 27 9
2  45.0 45.0 0.00
4 7.7325 105.2672 8 20 7
2  45.0 45.0 0.00
5 13.2823 112.6128 4 21 9
2  45.0 45.0 0.00
6 27.7146 102.7470 10 21 9
2  45.0 45.0 0.00
7 27.4867 110.4736 1 26 7
2  45.0 45.0 0.00
8 11.8868 87.7670 2 27 5
2  45.0 45.0 0.00
9 16.0191 93.8551 10 28 9
2  45.0 45.0 0.00
10 12.1049 125.8397 1 16 7
2  45.0 45.0 0.00
11 33.2470 85.0499 1 18 8
2  45.0 45.0 0.00
12 38.7566 113.3567 10 23 9
2  45.0 45.0 0.00
13 29.0081 114.9495 9 17 5
2  45.0 45.0 0.00
14 17.6410 95.8741 4 21 8
2  45.0 45.0 0.00
15 45.4267 115.8802 6 18 8
2  45.0 45.0 0.00
16 45.9030 119.8332 2 22 9
2  45.0 45.0 0.00
17 33.6816 97.3898 9 29 9
2  45.0 45.0 0.00
18 17.4451 94.7168 5 16 7
2  45.0 45.0 0.00
19 28.2562 111.8442 5 28 6
2  45.0 45.0 0.00
20 31.0612 84.7571 4 26 7
2  45.0 45.0 0.00
21 43.0432 101.5856 9 20 9
2  45.0 45.0 0.00
22 47.5135 130.7189 3 24 7
2  45.0 45.0 0.00
23 49.7289 84.2025 1 26 5
2  45.0 45.0 0.00
24 8.6833 118.9197 2 19 8
2  45.0 45.0 0.00
25 49.5437 87.9370 1 28 6
2  45.0 45.0 0.00
26 13.0565 122.0630 1 28 6
2  45.0 45.0 0.00
27 36.1054 73.8645 6 28 5
2  45.0 45.0 0.00
28 9.8602 76.7219 1 15 8
2  45.0 45.0 0.00
29 19.3461 117.0426 6 24 7
2  45.0 45.0 0.00
30 18.9208 124.0895 6 26 5
2  45.0 45.0 0.00
31 42.7948 127.8800 3 16 7
2  45.0 45.0 0.00
32 30.5957 108.0875 9 15 8
2  45.0 45.0 0.00
33 6.6276 76.7598 1 20 9
2  45.0 45.0 0.00
34 49.0085 88.4387 5 26 5
2  45.0 45.0 0.00
35 5.5817 115.8561 1 24 5
2  45.0 45.0 0.00
36 12.8415 109.9316 8 21 8
2  45.0 45.0 0.00
37 20.4820 74.8640 8 26 9
2  45.0 45.0 0.00
38 40.3720 127.5196 8 21 5
2  45.0 45.0 0.00
39 30.6206 74.1231 5 18 8
2  45.0 45.0 0.00
40 16.2129 93.7377 5 25 5
2  45.0 45.0 0.00
41 6.0552 76.4611 6 25 5
2  45.0 45.0 0.00
42 7.0814 90.3252 3 15 8
2  45.0 45.0 0.00
43 49.8193 80.4999 7 18 5
2  45.0 45.0 0.00
44 5.0743 91.4931 7 21 6
2  45.0 45.0 0.00
45 3.5755 121.7701 7 24 8
2  45.0 45.0 0.00
46 4.6458 100.1566 6 29 8
2  45.0 45.0 0.00
47 45.5601 129.3684 5 21 6
2  45.0 45.0 0.00
48 17.5977 93.3835 8 25 8
2  45.0 45.0 0.00
49 25.9343 127.0276 7 25 7
2  45.0 45.0 0.00
50 24.3707 119.0477 6 18 9
2  45.0 45.0 0.00
51 50.8020 127.9091 5 21 6
2  45.0 45.0 0.00
52 15.4135 96.7699 6 15 7
2  45.0 45.0 0.00
53 34.4509 91.2618 2 21 6
2  45.0 45.0 0.00
54 52.8456 113.7039 9 15 6
2  45.0 45.0 0.00
55 38.0881 111.4712 4 25 7
2  45.0 45.0 0.00
56 8.5525 79.5166 3 18 5
2  45.0 45.0 0.00
57 16.2728 85.3239 1 15 5
2  45.0 45.0 0.00
58 49.8025 101.5118 6 16 8
2  45.0 45.0 0.00
59 47.7895 89.8367 5 16 7
2  45.0 45.0 0.00
60 10.7161 102.9706 1 21 8
2  45.0 45.0 0.00
61 40.4508 116.1602 6 29 8
2  45.0 45.0 0.00
62 18.7426 85.7617 8 28 5
2  45.0 45.0 0.00
63 9.9830 84.6362 5 29 7
2  45.0 45.0 0.00
64 24.1810 90.8373 10 18 8
2  45.0 45.0 0.00
65 29.0858 107.4273 9 21 9
2  45.0 45.0 0.00
66 24.0575 106.3916 5 17 7
2  45.0 45.0 0.00
67 33.5770 112.8536 1 23 7
2  45.0 45.0 0.00
68 30.3059 88.5270 4 21 7
2  45.0 45.0 0.00
69 39.1677 106.5235 3 29 5
2  45.0 45.0 0.00
70 38.0926 92.6219 4 23 7
2  45.0 45.0 0.00
71 45.8517 88.4201 7 25 8
2  45.0 45.0 0.00
72 11.7614 90.8159 1 16 5
2  45.0 45.0 0.00
73 40.9163 75.4754 4 21 5
2  45.0 45.0 0.00
74 26.7716 110.7528 9 20 5
2  45.0 45.0 0.00
75 11.2419 126.7164 4 27 7
2  45.0 45.0 0.00
76 51.1495 108.9186 2 18 7
2  45.0 45.0 0.00
77 7.7059 131.5963 8 23 9
2  45.0 45.0 0.00
78 20.7269 130.3189 3 27 7
2  45.0 45.0 0.00
79 15.4593 81.8311 2 19 5
2  45.0 45.0 0.00
80 37.1049 82.3068 5 28 6
2  45.0 45.0 0.00
81 6.6319 129.9519 9 21 6
2  45.0 45.0 0.00
82 51.0880 98.5533 5 17 7
2  45.0 45.0 0.00
83 31.8293 75.0330 1 24 6
2  45.0 45.0 0.00
84 42.0860 101.1573 3 22 9
2  45.0 45.0 0.00
85 29.0058 121.9753 6 27 5
2  45.0 45.0 0.00
86 3.8827 110.3113 2 26 5
2  45.0 45.0 0.00
87 43.3939 114.6860 5 29 8
2  45.0 45.0 0.00
88 10.2460 107.3687 8 20 7
2  45.0 45.0 0.00
89 49.4325 119.3414 3 18 7
2  45.0 45.0 0.00
90 13.7652 105.6809 6 28 9
2  45.0 45.0 0.00
91 13.6405 112.1818 7 15 9
2  45.0 45.0 0.00
92 15.8192 81.3429 4 20 5
2  45.0 45.0 0.00
93 19.9953 113.8161 5 16 5
2  45.0 45.0 0.00
94 47.0909 77.5219 3 29 8
2  45.0 45.0 0.00
95 13.4455 79.6819 1 15 8
2  45.0 45.0 0.00
96 40.3880 108.5605 6 19 7
2  45.0 45.0 0.00
97 26.6486 115.1451 10 28 7
2  45.0 45.0 0.00
98 10.7424 112.6598 3 17 6
2  45.0 45.0 0.00
99 3.2935 84.5055 5 19 5
2  45.0 45.0 0.00
100 15.4191 112.8494 9 16 6
2  45.0 45.0 0.00
101 9.9969 109.0472 7 19 8
2  45.0 45.0 0.00
102 8.0723 109.3590 5 21 6
2  45.0 45.0 0.00
103 36.1854 124.0902 6 29 5
2  45.0 45.0 0.00
104 34.8744 120.3018 10 25 9
2  45.0 45.0 0.00
105 14.0411 128.2657 1 24 6
2  45.0 45.0 0.00
106 3.8575 122.8745 1 15 8
2  45.0 45.0 0.00
107 7.1802 101.6914 4 15 8
2  45.0 45.0 0.00
108 46.6093 99.0994 8 16 9
2  45.0 45.0 0.00
109 30.4432 88.4757 2 28 8
2  45.0 45.0 0.00
110 10.7184 88.3989 8 16 5
2  45.0 45.0 0.00
111 26.0009 130.6745 3 19 6
2  45.0 45.0 0.00
112 13.9421 132.1076 5 15 8
2  45.0 45.0 0.00
113 16.5102 108.1082 5 25 9
2  45.0 45.0 0.00
114 12.2760 123.9617 5 17 6
2  45.0 45.0 0.00
115 13.1249 112.7986 1 26 8
2  45.0 45.0 0.00
116 51.1446 132.9660 6 28 7
2  45.0 45.0 0.00
117 41.0251 115.4787 10 29 7
2  45.0 45.0 0.00
118 9.1181 85.3192 9 26 6
2  45.0 45.0 0.00
119 47.3530 95.4389 6 21 7
2  45.0 45.0 0.00
120 51.1864 108.1639 9 15 6
2  45.0 45.0 0.00
121 18.2503 77.3501 6 26 9
2  45.0 45.0 0.00
122 42.8354 85.1830 1 23 8
2  45.0 45.0 0.00
123 13.9705 79.9054 6 24 8
2  45.0 45.0 0.00
124 31.1112 111.0775 7 18 5
2  45.0 45.0 0.00
125 52.0099 76.0163 4 28 9
2  45.0 45.0 0.00
126 44.4258 86.4472 2 18 8
2  45.0 45.0 0.00
127 21.8413 132.2275 6 24 9
2  45.0 45.0 0.00
128 37.4000 130.6346 7 29 7
2  45.0 45.0 0.00
129 48.9656 109.4822 1 16 8
2  45.0 45.0 0.00
130 41.5984 117.2507 4 25 9
2  45.0 45.0 0.00
131 19.4551 96.0039 4 29 9
2  45.0 45.0 0.00
132 15.7367 82.9093 7 29 8
2  45.0 45.0 0.00
133 31.6294 129.7700 3 27 5
2  45.0 45.0 0.00
134 14.6142 102.5003 2 27 5
2  45.0 45.0 0.00
135 33.0824 113.2460 10 26 9
2  45.0 45.0 0.00
136 21.6081 128.2447 5 17 7
2  45.0 45.0 0.00
137 7.5502 105.6500 5 21 7
2  45.0 45.0 0.00
138 52.6714 74.2562 3 26 6
2  45.0 45.0 0.00
139 29.1422 74.6125 4 17 5
2  45.0 45.0 0.00
140 51.6572 120.4307 5 15 8
2  45.0 45.0 0.00
141 17.0148 128.7530 2 23 9
2  45.0 45.0 0.00
142 35.9167 108.4249 8 29 7
2  45.0 45.0 0.00
143 19.6995 74.4008 3 21 6
2  45.0 45.0 0.00
144 4.4211 103.4610 2 20 9
2  45.0 45.0 0.00
145 13.5674 117.2934 2 23 8
2  45.0 45.0 0.00
146 31.7387 102.8166 5 24 7
2  45.0 45.0 0.00
147 32.0824 126.4613 5 22 6
2  45.0 45.0 0.00
148 11.0894 73.1100 2 24 8
2  45.0 45.0 0.00
149 23.1507 75.0602 6 20 9
2  45.0 45.0 0.00
150 27.9749 106.8475 1 27 5
2  45.0 45.0 0.00
151 26.2731 98.1486 5 17 7
2  45.0 45.0 0.00
152 30.1036 92.9760 9 26 6
2  45.0 45.0 0.00
153 11.0696 131.5671 2 22 9
2  45.0 45.0 0.00
154 25.1484 103.7580 7 16 6
2  45.0 45.0 0.00
155 4.3295 126.5611 10 24 6
2  45.0 45.0 0.00
156 11.8505 96.8449 8 24 8
2  45.0 45.0 0.00
157 3.5325 114.3099 10 23 5
2  45.0 45.0 0.00
158 11.1253 116.2265 1 15 7
2  45.0 45.0 0.00
159 44.4428 86.8142 7 18 7
2  45.0 45.0 0.00
160 24.3448 105.0032 5 21 6
2  45.0 45.0 0.00
161 52.3433 100.7117 6 23 5
2  45.0 45.0 0.00
162 31.6389 118.7187 5 28 8
2  45.0 45.0 0.00
163 10.2329 115.2796 8 15 6
2  45.0 45.0 0.00
164 26.6446 97.0309 2 22 9
2  45.0 45.0 0.00
165 39.1264 102.5202 5 24 8
2  45.0 45.0 0.00
166 42.8176 110.7465 2 16 9
2  45.0 45.0 0.00
167 35.1812 132.1033 4 19 5
2  45.0 45.0 0.00
168 30.4394 79.0648 10 22 7
2  45.0 45.0 0.00
169 23.0264 122.6008 5 19 8
2  45.0 45.0 0.00
170 9.2098 84.7892 5 28 7
2  45.0 45.0 0.00
171 4.3190 76.1542 10 22 9
2  45.0 45.0 0.00
172 27.7431 122.2582 9 29 9
2  45.0 45.0 0.00
173 50.1834 112.7101 7 15 7
2  45.0 45.0 0.00
174 10.9801 95.9225 1 28 6
2  45.0 45.0 0.00
175 21.5907 126.1242 6 28 7
2  45.0 45.0 0.00
176 47.7923 86.4078 1 28 5
2  45.0 45.0 0.00
177 32.9933 117.6632 1 25 9
2  45.0 45.0 0.00
178 32.5527 101.9452 3 22 6
2  45.0 45.0 0.00
179 39.3909 80.9441 5 24 9
2  45.0 45.0 0.00
180 39.9346 120.3284 6 27 8
2  45.0 45.0 0.00
181 40.1077 91.6395 3 22 9
2  45.0 45.0 0.00
182 10.0488 82.1774 6 15 8
2  45.0 45.0 0.00
183 16.5700 128.1607 10 27 9
2  45.0 45.0 0.00
184 12.9641 131.3310 1 16 5
2  45.0 45.0 0.00
185 36.8591 124.9140 5 24 9
2  45.0 45.0 0.00
186 14.9706 89.8861 9 29 9
2  45.0 45.0 0.00
187 8.3520 96.7544 4 18 9
2  45.0 45.0 0.00
188 17.4603 88.1692 3 28 6
2  45.0 45.0 0.00
189 24.9049 99.6136 2 27 6
2  45.0 45.0 0.00
190 43.4236 92.4903 3 25 9
2  45.0 45.0 0.00
191 41.3254 112.5268 4 25 5
2  45.0 45.0 0.00
192 46.8460 115.3214 7 23 9
2  45.0 45.0 0.00
193 45.9771 84.5184 4 16 6
2  45.0 45.0 0.00
194 46.7746 113.7100 9 29 8
2  45.0 45.0 0.00
195 50.3231 78.7171 8 26 5
2  45.0 45.0 0.00
196 14.6811 76.2947 1 19 8
2  45.0 45.0 0.00
197 48.7287 106.8073 1 15 8
2  45.0 45.0 0.00
198 25.4130 116.4770 6 16 6
2  45.0 45.0 0.00
199 32.1925 112.8140 5 29 9
2  45.0 45.0 0.00
200 15.3062 94.9717 3 21 7
2  45.0 45.0 0.00
201 9.4986 95.8220 4 16 5
2  45.0 45.0 0.00
202 36.5612 124.6224 4 24 5
2  45.0 45.0 0.00
203 44.1004 97.5418 4 28 9
2  45.0 45.0 0.00
204 17.8044 80.6148 5 21 8
2  45.0 45.0 0.00
205 10.5437 109.6605 5 25 5
2  45.0 45.0 0.00
206 17.1448 82.6728 2 27 8
2  45.0 45.0 0.00
207 46.3714 108.4270 9 27 6
2  45.0 45.0 0.00
208 29.7103 99.9079 10 28 6
2  45.0 45.0 0.00
209 32.3943 76.9509 10 29 9
2  45.0 45.0 0.00
210 11.7410 118.4313 6 15 7
2  45.0 45.0 0.00
211 8.9605 129.8395 10 25 5
2  45.0 45.0 0.00
212 28.9482 113.6887 2 28 9
2  45.0 45.0 0.00
213 28.5005 76.4063 1 28 6
2  45.0 45.0 0.00
214 14.5779 106.4304 6 23 9
2  45.0 45.0 0.00
215 45.3812 85.2563 9 16 9
2  45.0 45.0 0.00
216 7.2513 113.0521 9 27 8
2  45.0 45.0 0.00
217 29.2853 79.5111 10 18 8
2  45.0 45.0 0.00
218 49.0051 125.6636 7 27 5
2  45.0 45.0 0.00
219 45.8031 104.8231 5 29 6
2  45.0 45.0 0.00
220 29.5556 81.1240 5 24 6
2  45.0 45.0 0.00
221 33.8824 84.3844 4 16 8
2  45.0 45.0 0.00
222 48.7469 122.8249 2 28 5
2  45.0 45.0 0.00
223 45.5714 122.8572 2 19 9
2  45.0 45.0 0.00
224 23.0745 122.5440 6 17 8
2  45.0 45.0 0.00
225 20.6916 117.0119 6 21 7
2  45.0 45.0 0.00
226 18.8620 88.2639 1 28 7
2  45.0 45.0 0.00
227 50.4814 75.6925 3 22 6
2  45.0 45.0 0.00
228 19.7983 73.3432 4 23 7
2  45.0 45.0 0.00
229 7.4843 132.6308 8 24 5
2  45.0 45.0 0.00
230 4.2554 86.5085 6 29 8
2  45.0 45.0 0.00
231 38.2690 129.7093 1 29 8
2  45.0 45.0 0.00
232 47.2058 119.0887 10 23 8
2  45.0 45.0 0.00
233 36.0269 129.5094 9 22 9
2  45.0 45.0 0.00
234 43.3277 92.1402 2 15 8
2  45.0 45.0 0.00
235 22.7886 89.7534 3 23 9
2  45.0 45.0 0.00
236 20.9993 79.5846 6 20 9
2  45.0 45.0 0.00
237 7.6048 89.9477 1 18 7
2  45.0 45.0 0.00
238 3.2236 76.5416 6 26 6
2  45.0 45.0 0.00
239 31.3911 99.4182 5 28 8
2  45.0 45.0 0.00
240 10.3932 104.5554 2 25 9
2  45.0 45.0 0.00
241 38.3053 83.8136 8 20 7
2  45.0 45.0 0.00
242 24.3078 94.2776 7 16 6
2  45.0 45.0 0.00
243 41.7186 96.0616 7 23 8
2  45.0 45.0 0.00
244 21.9038 117.0166 8 15 6
2  45.0 45.0 0.00
245 40.3763 105.5562 2 26 5
2  45.0 45.0 0.00
246 50.7734 96.1160 7 27 8
2  45.0 45.0 0.00
247 44.7031 96.3133 4 22 6
2  45.0 45.0 0.00
248 48.5935 127.6766 4 26 8
2  45.0 45.0 0.00
249 35.4923 129.4559 2 23 8
2  45.0 45.0 0.00
250 12.1731 124.0710 8 18 5
2  45.0 45.0 0.00
251 23.7127 100.7537 8 21 8
2  45.0 45.0 0.00
252 11.1751 96.8173 1 18 9
2  45.0 45.0 0.00
253 5.0445 105.4335 7 20 9
2  45.0 45.0 0.00
254 22.2909 125.7979 9 20 6
2  45.0 45.0 0.00
255 26.3400 132.6286 9 19 5
2  45.0 45.0 0.00
256 43.3298 132.5053 6 17 6
2  45.0 45.0 0.00
257 8.2142 81.2201 5 26 5
2  45.0 45.0 0.00
258 21.5750 131.6856 10 26 6
2  45.0 45.0 0.00
259 28.7458 111.8663 2 28 5
2  45.0 45.0 0.00
260 8.4644 107.9240 2 25 9
2  45.0 45.0 0.00
261 18.1748 102.0296 4 28 6
2  45.0 45.0 0.00
262 24.0222 84.2882 3 18 6
2  45.0 45.0 0.00
263 11.5874 87.1980 3 28 6
2  45.0 45.0 0.00
264 48.1944 119.3079 6 19 9
2  45.0 45.0 0.00
265 23.3863 79.0609 5 17 6
2  45.0 45.0 0.00
266 43.9514 77.6965 4 17 5
2  45.0 45.0 0.00
267 14.2265 91.2592 4 20 5
2  45.0 45.0 0.00
268 34.0229 87.0202 2 23 8
2  45.0 45.0 0.00
269 12.1682 115.7586 6 23 5
2  45.0 45.0 0.00
270 16.9141 119.3952 10 23 7
2  45.0 45.0 0.00
271 19.8745 88.1193 3 26 6
2  45.0 45.0 0.00
272 13.1241 92.8737 10 25 9
2  45.0 45.0 0.00
273 20.1084 75.5494 5 18 9
2  45.0 45.0 0.00
274 46.3714 126.6779 10 27 6
2  45.0 45.0 0.00
275 36.5109 86.7435 10 23 6
2  45.0 45.0 0.00
276 37.7541 105.6044 3 17 6
2  45.0 45.0 0.00
277 5.2887 104.5791 1 23 8
2  45.0 45.0 0.00
278 51.6271 104.9449 1 29 5
2  45.0 45.0 0.00
279 17.4615 105.2811 10 24 6
2  45.0 45.0 0.00
280 10.0436 101.0426 2 25 5
2  45.0 45.0 0.00
281 22.1825 130.2905 1 20 8
2  45.0 45.0 0.00
282 8.4215 114.2231 6 20 5
2  45.0 45.0 0.00
283 35.9537 84.5787 3 21 9
2  45.0 45.0 0.00
284 43.7925 101.1851 4 21 8
2  45.0 45.0 0.00
285 19.7507 129.2690 1 25 6
2  45.0 45.0 0.00
286 9.6099 109.4783 7 18 6
2  45.0 45.0 0.00
287 14.3853 121.7397 2 16 5
2  45.0 45.0 0.00
288 7.5466 83.8451 7 29 6
2  45.0 45.0 0.00
289 17.2745 81.9160 10 27 9
2  45.0 45.0 0.00
290 7.8126 78.0723 3 25 9
2  45.0 45.0 0.00
291 36.5561 74.2815 4 29 5
2  45.0 45.0 0.00
292 25.2917 89.0430 8 16 9
2  45.0 45.0 0.00
293 28.0229 99.5585 5 17 5
2  45.0 45.0 0.00
294 45.3373 78.5918 1 19 6
2  45.0 45.0 0.00
295 34.7549 105.0703 4 17 9
2  45.0 45.0 0.00
296 12.3207 79.9851 8 26 9
2  45.0 45.0 0.00
297 5.3830 125.9470 6 19 9
2  45.0 45.0 0.00
298 13.3174 124.0272 5 15 6
2  45.0 45.0 0.00
299 44.1775 78.2120 2 29 9
2  45.0 45.0 0.00
300 45.1424 131.0564 5 26 9
2  45.0 45.0 0.00
301 3.1527 119.5092 5 22 8
2  45.0 45.0 0.00
302 9.8308 122.4319 8 17 6
2  45.0 45.0 0.00
303 19.4708 101.8485 6 17 7
2  45.0 45.0 0.00
304 33.9004 80.1949 4 20 7
2  45.0 45.0 0.00
305 52.8146 74.7127 8 28 5
2  45.0 45.0 0.00
306 30.4116 108.4340 5 20 6
2  45.0 45.0 0.00
307 13.9404 92.2924 9 28 7
2  45.0 45.0 0.00
308 16.6254 97.6033 6 25 5
2  45.0 45.0 0.00
309 22.1241 115.5333 4 26 9
2  45.0 45.0 0.00
310 20.1371 129.9418 9 22 7
2  45.0 45.0 0.00
311 39.1467 110.2008 9 18 5
2  45.0 45.0 0.00
312 51.7255 123.8079 5 21 5
2  45.0 45.0 0.00
313 30.3025 100.3824 2 26 7
2  45.0 45.0 0.00
314 3.3938 108.5651 4 24 9
2  45.0 45.0 0.00
315 13.3977 97.6580 1 18 6
2  45.0 45.0 0.00
316 17.3703 89.8703 5 16 5
2  45.0 45.0 0.00
317 32.9601 78.2802 2 28 7
2  45.0 45.0 0.00
318 32.9397 79.9246 2 26 5
2  45.0 45.0 0.00
319 24.2855 132.6510 6 23 9
2  45.0 45.0 0.00
320 49.3055 129.3518 8 19 7
2  45.0 45.0 0.00
321 40.4995 92.1012 9 24 6
2  45.0 45.0 0.00
322 18.5984 95.2899 7 28 8
2  45.0 45.0 0.00
323 37.6669 116.3697 2 18 9
2  45.0 45.0 0.00
324 25.9023 105.8814 6 18 6
2  45.0 45.0 0.00
325 47.6233 121.4317 8 23 6
2  45.0 45.0 0.00
326 13.6885 122.8861 7 20 7
2  45.0 45.0 0.00
327 20.4104 131.5648 5 25 6
2  45.0 45.0 0.00
328 17.0424 101.7963 4 23 9
2  45.0 45.0 0.00
329 14.3648 84.8121 9 16 9
2  45.0 45.0 0.00
330 38.1440 119.0587 9 23 6
2  45.0 45.0 0.00
331 21.9043 115.6572 3 15 8
2  45.0 45.0 0.00
332 50.1398 117.5344 10 19 8
2  45.0 45.0 0.00
333 27.0266 75.1583 5 20 6
2  45.0 45.0 0.00
334 38.8629 75.7240 9 28 7
2  45.0 45.0 0.00
335 51.9054 73.0277 4 19 7
2  45.0 45.0 0.00
336 37.7799 115.6364 6 25 7
2  45.0 45.0 0.00
337 25.3063 87.3822 10 15 6
2  45.0 45.0 0.00
338 34.8627 130.6721 2 29 6
2  45.0 45.0 0.00
339 29.9305 84.6402 5 27 7
2  45.0 45.0 0.00
340 12.5662 121.6485 4 28 5
2  45.0 45.0 0.00
341 35.8740 125.2677 2 29 5
2  45.0 45.0 0.00
342 21.8812 97.1011 4 23 5
2  45.0 45.0 0.00
343 14.6094 76.3300 3 27 8
2  45.0 45.0 0.00
344 15.0415 74.5928 10 17 5
2  45.0 45.0 0.00
345 40.8028 76.3280 2 23 5
2  45.0 45.0 0.00
346 42.2052 81.4624 8 26 5
2  45.0 45.0 0.00
347 47.2394 121.9335 4 24 6
2  45.0 45.0 0.00
348 31.7498 87.6488 4 29 9
2  45.0 45.0 0.00
349 14.7785 96.7862 8 27 5
2  45.0 45.0 0.00
350 27.1554 94.0701 3 17 7
2  45.0 45.0 0.00
351 11.2389 112.6102 2 27 9
2  45.0 45.0 0.00
352 33.1007 93.2672 5 27 6
2  45.0 45.0 0.00
353 14.8292 109.1611 6 22 9
2  45.0 45.0 0.00
354 23.8315 99.4692 4 23 7
2  45.0 45.0 0.00
355 52.8341 75.2309 4 18 6
2  45.0 45.0 0.00
356 20.9809 86.2766 10 21 9
2  45.0 45.0 0.00
357 24.6468 132.9999 3 18 9
2  45.0 45.0 0.00
358 14.2309 73.7628 2 25 9
2  45.0 45.0 0.00
359 14.8605 96.7561 8 26 6
2  45.0 45.0 0.00
360 34.6442 128.3331 5 15 8
2  45.0 45.0 0.00
361 5.0978 120.3796 9 26 5
2  45.0 45.0 0.00
362 9.3798 98.5600 2 21 9
2  45.0 45.0 0.00
363 22.0369 126.7822 1 28 9
2  45.0 45.0 0.00
364 14.8292 94.0826 2 22 8
2  45.0 45.0 0.00
365 23.1958 116.1681 2 25 8
2  45.0 45.0 0.00
366 33.0374 91.0269 2 27 9
2  45.0 45.0 0.00
367 24.8700 85.1442 4 26 5
2  45.0 45.0 0.00
368 35.1637 88.9032 3 16 9
2  45.0 45.0 0.00
369 42.9309 107.2213 1 26 9
2  45.0 45.0 0.00
370 20.0420 101.7056 4 26 6
2  45.0 45.0 0.00
371 17.0754 98.1886 3 20 7
2  45.0 45.0 0.00
372 19.1244 79.2259 4 15 5
2  45.0 45.0 0.00
373 44.3574 107.4069 6 23 8
2  45.0 45.0 0.00
374 11.9167 82.6248 7 26 8
2  45.0 45.0 0.00
375 51.5766 88.6108 5 24 7
2  45.0 45.0 0.00
376 44.6781 129.7774 4 27 6
2  45.0 45.0 0.00
377 9.1161 104.9214 9 23 8
2  45.0 45.0 0.00
378 3.8795 122.3920 1 17 8
2  45.0 45.0 0.00
379 29.9755 86.5560 10 16 6
2  45.0 45.0 0.00
380 14.2585 132.6011 3 17 6
2  45.0 45.0 0.00
381 12.0213 114.4965 2 15 9
2  45.0 45.0 0.00
382 4.0664 119.0293 3 26 5
2  45.0 45.0 0.00
383 21.8099 87.8429 6 25 6
2  45.0 45.0 0.00
384 17.7563 73.0359 4 29 8
2  45.0 45.0 0.00
385 20.7567 131.0845 6 15 9
2  45.0 45.0 0.00
386 40.2799 83.7232 10 19 6
2  45.0 45.0 0.00
387 45.0105 121.6206 2 24 6
2  45.0 45.0 0.00
388 24.5356 102.3725 7 26 6
2  45.0 45.0 0.00
389 15.5218 75.1368 1 15 5
2  45.0 45.0 0.00
390 17.6064 106.1867 6 28 9
2  45.0 45.0 0.00
391 14.2285 74.3896 10 22 8
2  45.0 45.0 0.00
392 13.6175 111.3631 8 18 9
2  45.0 45.0 0.00
393 45.1303 99.5769 6 21 5
2  45.0 45.0 0.00
394 31.2927 109.7090 8 21 7
2  45.0 45.0 0.00
395 43.2792 87.9288 10 24 7
2  45.0 45.0 0.00
396 18.9761 130.3676 4 28 6
2  45.0 45.0 0.00
397 12.6244 90.8480 7 20 7
2  45.0 45.0 0.00
398 43.8525 89.9118 10 15 7
2  45.0 45.0 0.00
399 42.5664 88.1877 5 27 8
2  45.0 45.0 0.00
